-20.40880012512207 6.688148498535156 2.7544498443603516 0.2
-20.212400436401367 6.68695068359375 2.8825511932373047 0.2
-20.0939998626709 6.849250793457031 3.013650894165039 0.2
-20.163400650024414 7.054050445556641 3.124950408935547 0.2
-20.24690055847168 7.184150695800781 3.301351547241211 0.2
-20.192800521850586 7.168647766113281 3.535449981689453 0.2
-19.99180030822754 7.120250701904297 3.6448516845703125 0.2
-19.827199935913086 7.077648162841797 3.4891510009765625 0.2
-19.850799560546875 7.0090484619140625 3.256650924682617 0.2
-19.90049934387207 6.850151062011719 3.081451416015625 0.2
-19.763599395751953 6.6761474609375 3.0174503326416016 0.2
-19.543498992919922 6.7507476806640625 3.0316505432128906 0.2
-19.479400634765625 7.000850677490234 3.05364990234375 0.2
-19.553699493408203 7.2113494873046875 3.1690502166748047 0.2
-19.725299835205078 7.251949310302734 3.355649948120117 0.2
-19.72800064086914 7.237148284912109 3.6163501739501953 0.2
-19.558700561523438 7.170249938964844 3.785951614379883 0.2
-19.332199096679688 7.159648895263672 3.6765499114990234 0.2
-19.25969886779785 7.2167510986328125 3.435251235961914 0.2
-19.273500442504883 7.1618499755859375 3.1879501342773438 0.2
-19.329299926757812 6.926349639892578 3.132251739501953 0.2
-19.340900421142578 6.779148101806641 3.339550018310547 0.2
-19.3174991607666 6.828948974609375 3.6100502014160156 0.2
-19.476499557495117 6.966850280761719 3.7886505126953125 0.2
-19.680599212646484 6.928249359130859 3.969951629638672 0.2
-19.619699478149414 6.823047637939453 4.193550109863281 0.2
-19.35409927368164 6.76824951171875 4.167751312255859 0.2
-19.165699005126953 6.779048919677734 3.967550277709961 0.2
-19.121000289916992 6.746448516845703 3.700651168823242 0.2
-19.203699111938477 6.602848052978516 3.484050750732422 0.2
-19.322399139404297 6.383548736572266 3.5550498962402344 0.2
-19.33449935913086 6.359348297119141 3.826751708984375 0.2
-19.382999420166016 6.482448577880859 4.068050384521484 0.2
-19.547500610351562 6.624248504638672 4.249250411987305 0.2
-19.569599151611328 6.649250030517578 4.506750106811523 0.2
-19.331899642944336 6.560649871826172 4.580951690673828 0.2
-19.117399215698242 6.467750549316406 4.4295501708984375 0.2
-19.077098846435547 6.448150634765625 4.159351348876953 0.2
-19.1299991607666 6.353050231933594 3.9048500061035156 0.2
-19.14889907836914 6.097648620605469 3.869251251220703 0.2
-19.125699996948242 5.986949920654297 4.09895133972168 0.2
-19.13640022277832 6.060249328613281 4.347150802612305 0.2
-19.233600616455078 6.2550506591796875 4.481950759887695 0.2
-19.372900009155273 6.342948913574219 4.669351577758789 0.2
-19.284500122070312 6.248149871826172 4.875650405883789 0.2
-19.04909896850586 6.1553497314453125 4.860151290893555 0.2
-18.885799407958984 6.085147857666016 4.676151275634766 0.2
-18.934999465942383 6.018150329589844 4.431650161743164 0.2
-18.98309898376465 5.820850372314453 4.279951095581055 0.2
-18.926599502563477 5.575347900390625 4.257350921630859 0.2
-18.764299392700195 5.475650787353516 4.391351699829102 0.2
-18.65519905090332 5.633548736572266 4.523151397705078 0.2
-18.645599365234375 5.869049072265625 4.582950592041016 0.2
-18.68869972229004 6.053550720214844 4.719551086425781 0.2
-18.795700073242188 6.0798492431640625 4.932950973510742 0.2
-18.877099990844727 5.9671478271484375 5.1206512451171875 0.2
-18.82200050354004 5.747650146484375 5.106550216674805 0.2
-18.770898818969727 5.660247802734375 4.8883514404296875 0.2
-18.75589942932129 5.540550231933594 4.685251235961914 0.2
-18.739500045776367 5.305248260498047 4.631050109863281 0.2
-18.620399475097656 5.114448547363281 4.695350646972656 0.2
-18.47049903869629 5.150051116943359 4.864551544189453 0.2
-18.505199432373047 5.34844970703125 4.989450454711914 0.2
-18.657800674438477 5.519050598144531 5.074550628662109 0.2
-18.786399841308594 5.587150573730469 5.260051727294922 0.2
-18.70479965209961 5.493549346923828 5.453451156616211 0.2
-18.492198944091797 5.385948181152344 5.472051620483398 0.2
-18.313098907470703 5.2906494140625 5.348850250244141 0.2
-18.34000015258789 5.169048309326172 5.148950576782227 0.2
-18.375999450683594 4.988250732421875 5.003049850463867 0.2
-18.268199920654297 4.775947570800781 4.9985504150390625 0.2
-18.04680061340332 4.7214508056640625 5.014650344848633 0.2
-17.91309928894043 4.894950866699219 5.004751205444336 0.2
-17.956600189208984 5.107749938964844 5.068750381469727 0.2
-18.05900001525879 5.240550994873047 5.221250534057617 0.2
-18.032499313354492 5.258548736572266 5.4396514892578125 0.2
-17.867700576782227 5.222450256347656 5.5946502685546875 0.2
-17.646699905395508 5.228450775146484 5.613750457763672 0.2
-17.54640007019043 5.2077484130859375 5.42125129699707 0.2
-17.65559959411621 5.147148132324219 5.233051300048828 0.2
-17.767000198364258 4.9826507568359375 5.128551483154297 0.2
-17.73900032043457 4.753448486328125 5.122751235961914 0.2
-17.62470054626465 4.58074951171875 5.216951370239258 0.2
-17.49690055847168 4.6058502197265625 5.395050048828125 0.2
-17.45989990234375 4.797847747802734 5.512451171875 0.2
-17.538700103759766 4.991249084472656 5.599750518798828 0.2
-17.747600555419922 5.030448913574219 5.676750183105469 0.2
-17.939300537109375 4.906749725341797 5.713651657104492 0.2
-17.993099212646484 4.68914794921875 5.724851608276367 0.2
-17.86240005493164 4.524349212646484 5.638750076293945 0.2
-17.738399505615234 4.4783477783203125 5.4537506103515625 0.2
-17.818500518798828 4.5231475830078125 5.248050689697266 0.2
-18.031400680541992 4.512847900390625 5.163351058959961 0.2
-18.222900390625 4.390850067138672 5.174051284790039 0.2
-18.261999130249023 4.2850494384765625 5.352550506591797 0.2
-18.17650032043457 4.378650665283203 5.529850006103516 0.2
-18.126399993896484 4.5715484619140625 5.618450164794922 0.2
-18.241100311279297 4.751350402832031 5.636951446533203 0.2
-18.44499969482422 4.718048095703125 5.67125129699707 0.2
-18.49679946899414 4.551548004150391 5.794950485229492 0.2
-18.402000427246094 4.389148712158203 5.905450820922852 0.2
-18.213199615478516 4.291248321533203 5.897951126098633 0.2
-18.096500396728516 4.250148773193359 5.719850540161133 0.2
-18.118200302124023 4.178050994873047 5.513851165771484 0.2
-18.188199996948242 3.9972496032714844 5.425451278686523 0.2
-18.17169952392578 3.7881507873535156 5.488950729370117 0.2
-18.04640007019043 3.6749496459960938 5.606250762939453 0.2
-17.915199279785156 3.7718505859375 5.731151580810547 0.2
-17.923900604248047 3.9634475708007812 5.80565071105957 0.2
-18.041200637817383 4.110950469970703 5.888151168823242 0.2
-18.190898895263672 4.099449157714844 6.029050827026367 0.2
-18.237499237060547 3.9407501220703125 6.153051376342773 0.2
-18.152799606323242 3.7684478759765625 6.230451583862305 0.2
-17.98110008239746 3.6772499084472656 6.165050506591797 0.2
-17.883399963378906 3.6751480102539062 5.982049942016602 0.2
-17.904600143432617 3.5904502868652344 5.795249938964844 0.2
-17.990400314331055 3.413349151611328 5.726051330566406 0.2
-18.04199981689453 3.2248497009277344 5.788751602172852 0.2
-18.042400360107422 3.1695480346679688 5.985750198364258 0.2
-18.054399490356445 3.29425048828125 6.14995002746582 0.2
-18.09980010986328 3.4746475219726562 6.245550155639648 0.2
-18.247499465942383 3.6193504333496094 6.272850036621094 0.2
-18.450899124145508 3.6086502075195312 6.2420501708984375 0.2
-18.597000122070312 3.4612503051757812 6.226650238037109 0.2
-18.589599609375 3.2587509155273438 6.253049850463867 0.2
-18.41950035095215 3.1435508728027344 6.221151351928711 0.2
-18.261699676513672 3.104949951171875 6.088251113891602 0.2
-18.20170021057129 3.0770492553710938 5.887550354003906 0.2
-18.27429962158203 2.9809494018554688 5.718450546264648 0.2
-18.376998901367188 2.8055496215820312 5.665851593017578 0.2
-18.436500549316406 2.6487503051757812 5.780851364135742 0.2
-18.43560028076172 2.678150177001953 5.987150192260742 0.2
-18.456899642944336 2.8436508178710938 6.115650177001953 0.2
-18.558700561523438 3.0126495361328125 6.189149856567383 0.2
-18.76300048828125 3.0497474670410156 6.219751358032227 0.2
-18.916399002075195 2.9092483520507812 6.249351501464844 0.2
-18.934598922729492 2.7042503356933594 6.279050827026367 0.2
-18.784799575805664 2.56195068359375 6.241849899291992 0.2
-18.629600524902344 2.5208511352539062 6.103549957275391 0.2
-18.546100616455078 2.5001487731933594 5.909650802612305 0.2
-18.603300094604492 2.4206504821777344 5.7232513427734375 0.2
-18.71579933166504 2.2507476806640625 5.665349960327148 0.2
-18.797399520874023 2.0847511291503906 5.760551452636719 0.2
-18.812299728393555 2.0845489501953125 5.970550537109375 0.2
-18.836599349975586 2.2314491271972656 6.122951507568359 0.2
-18.90410041809082 2.405048370361328 6.226751327514648 0.2
-19.085100173950195 2.512248992919922 6.25885009765625 0.2
-19.27869987487793 2.428050994873047 6.267250061035156 0.2
-19.365999221801758 2.2367477416992188 6.291950225830078 0.2
-19.26129913330078 2.0544509887695312 6.285951614379883 0.2
-19.097599029541016 1.97705078125 6.171451568603516 0.2
-18.96419906616211 1.9413490295410156 6.007251739501953 0.2
-18.936500549316406 1.9048500061035156 5.7978515625 0.2
-19.046499252319336 1.7849502563476562 5.661750793457031 0.2
-19.170900344848633 1.6109504699707031 5.665349960327148 0.2
-19.230899810791016 1.5095481872558594 5.839450836181641 0.2
-19.253799438476562 1.5990486145019531 6.03325080871582 0.2
-19.286399841308594 1.7614479064941406 6.171051025390625 0.2
-19.389299392700195 1.9260482788085938 6.263750076293945 0.2
-19.598100662231445 1.9656486511230469 6.273250579833984 0.2
-19.76490020751953 1.8299484252929688 6.274150848388672 0.2
-19.778799057006836 1.619049072265625 6.28125 0.2
-19.63450050354004 1.4768486022949219 6.207651138305664 0.2
-19.484399795532227 1.4196510314941406 6.063150405883789 0.2
-19.371299743652344 1.3812484741210938 5.882450103759766 0.2
-19.409799575805664 1.3303489685058594 5.677051544189453 0.2
-19.553199768066406 1.1946487426757812 5.590450286865234 0.2
-19.678800582885742 1.0358505249023438 5.659151077270508 0.2
-19.729598999023438 1.0190505981445312 5.867450714111328 0.2
-19.76129913330078 1.1531486511230469 6.035551071166992 0.2
-19.802000045776367 1.3139495849609375 6.175750732421875 0.2
-19.93120002746582 1.4756507873535156 6.243551254272461 0.2
-20.14430046081543 1.48175048828125 6.221851348876953 0.2
-20.298099517822266 1.3291511535644531 6.208351135253906 0.2
-20.275100708007812 1.1160507202148438 6.195751190185547 0.2
-20.126100540161133 0.9949493408203125 6.092250823974609 0.2
-19.976499557495117 0.9280509948730469 5.947551727294922 0.2
-19.868200302124023 0.8822479248046875 5.762050628662109 0.2
-19.92959976196289 0.8343505859375 5.559450149536133 0.2
-20.0935001373291 0.708648681640625 5.483449935913086 0.2
-20.233999252319336 0.5709495544433594 5.574850082397461 0.2
-20.291000366210938 0.5985488891601562 5.783651351928711 0.2
-20.32270050048828 0.740447998046875 5.950050354003906 0.2
-20.364398956298828 0.9013481140136719 6.095849990844727 0.2
-20.500699996948242 1.0654487609863281 6.148250579833984 0.2
-20.71579933166504 1.0584487915039062 6.104850769042969 0.2
-20.865699768066406 0.8995475769042969 6.0758514404296875 0.2
-20.821800231933594 0.6900482177734375 6.035650253295898 0.2
-20.673799514770508 0.5758476257324219 5.916351318359375 0.2
-20.523700714111328 0.4962501525878906 5.77495002746582 0.2
-20.422300338745117 0.4497489929199219 5.583950042724609 0.2
-20.50899887084961 0.41204833984375 5.385650634765625 0.2
-20.69019889831543 0.30474853515625 5.31395149230957 0.2
-20.841699600219727 0.19694900512695312 5.428150177001953 0.2
-20.90220069885254 0.25894927978515625 5.631950378417969 0.2
-20.93079948425293 0.38465118408203125 5.785150527954102 0.2
-20.96419906616211 0.523651123046875 5.92555046081543 0.2
-21.058500289916992 0.6899490356445312 5.990751266479492 0.2
-21.242198944091797 0.7527503967285156 5.939550399780273 0.2
-21.41699981689453 0.6684494018554688 5.883251190185547 0.2
-21.480199813842773 0.4812507629394531 5.84735107421875 0.2
-21.382200241088867 0.3254508972167969 5.765350341796875 0.2
-21.247499465942383 0.23035049438476562 5.649051666259766 0.2
-21.11359977722168 0.14804840087890625 5.522150039672852 0.2
-21.024999618530273 0.11124801635742188 5.343851089477539 0.2
-21.10300064086914 0.10414886474609375 5.1571502685546875 0.2
-21.274499893188477 0.04344940185546875 5.0657501220703125 0.2
-21.44610023498535 -0.04524993896484375 5.124549865722656 0.2
-21.530899047851562 -0.01924896240234375 5.306951522827148 0.2
-21.563899993896484 0.08675003051757812 5.464550018310547 0.2
-21.591999053955078 0.2059478759765625 5.613750457763672 0.2
-21.63719940185547 0.3534507751464844 5.733150482177734 0.2
-21.75979995727539 0.5052490234375 5.726449966430664 0.2
-21.93739891052246 0.520050048828125 5.645750045776367 0.2
-22.08880043029785 0.4159507751464844 5.579151153564453 0.2
-22.093599319458008 0.23294830322265625 5.513650894165039 0.2
-21.983699798583984 0.1069488525390625 5.413150787353516 0.2
-21.857900619506836 0.00965118408203125 5.302751541137695 0.2
-21.732799530029297 -0.0738525390625 5.180551528930664 0.2
-21.65489959716797 -0.09004974365234375 5.001951217651367 0.2
-21.739200592041016 -0.0655517578125 4.827150344848633 0.2
-21.910400390625 -0.09004974365234375 4.734149932861328 0.2
-22.09160041809082 -0.1495513916015625 4.77855110168457 0.2
-22.183700561523438 -0.12115097045898438 4.948751449584961 0.2
-22.22119903564453 -0.024250030517578125 5.113950729370117 0.2
-22.251998901367188 0.083648681640625 5.272850036621094 0.2
-22.289400100708008 0.22064971923828125 5.407550811767578 0.2
-22.383100509643555 0.3937492370605469 5.413551330566406 0.2
-22.54680061340332 0.4548492431640625 5.32185173034668 0.2
-22.709800720214844 0.387451171875 5.233850479125977 0.2
-22.735300064086914 0.21374893188476562 5.145851135253906 0.2
-22.63360023498535 0.08404922485351562 5.040550231933594 0.2
-22.512800216674805 -0.0227508544921875 4.931150436401367 0.2
-22.388500213623047 -0.11764907836914062 4.812749862670898 0.2
-22.29050064086914 -0.13434982299804688 4.642650604248047 0.2
-22.35449981689453 -0.06925201416015625 4.467151641845703 0.2
-22.521299362182617 -0.043048858642578125 4.363550186157227 0.2
-22.715999603271484 -0.06785202026367188 4.384050369262695 0.2
-22.825599670410156 -0.041351318359375 4.54585075378418 0.2
-22.869298934936523 0.0444488525390625 4.715950012207031 0.2
-22.90410041809082 0.14104843139648438 4.882350921630859 0.2
-22.936399459838867 0.2673492431640625 5.030950546264648 0.2
-22.998199462890625 0.4533500671386719 5.0572509765625 0.2
-23.139799118041992 0.5577507019042969 4.964550018310547 0.2
-23.308399200439453 0.5446510314941406 4.859750747680664 0.2
-23.36669921875 0.3889503479003906 4.753049850463867 0.2
-23.277000427246094 0.2501487731933594 4.643650054931641 0.2
-23.162099838256836 0.1347503662109375 4.534650802612305 0.2
-23.042699813842773 0.029750823974609375 4.420051574707031 0.2
-22.928199768066406 -0.0003509521484375 4.260950088500977 0.2
-22.956899642944336 0.08874893188476562 4.08595085144043 0.2
-23.10059928894043 0.15924835205078125 3.9696502685546875 0.2
-23.27589988708496 0.2037506103515625 3.886850357055664 0.2
-23.46500015258789 0.20264816284179688 3.946950912475586 0.2
-23.552099227905273 0.2530479431152344 4.117851257324219 0.2
-23.593399047851562 0.3348503112792969 4.291351318359375 0.2
-23.628000259399414 0.4252510070800781 4.461950302124023 0.2
-23.652700424194336 0.5683479309082031 4.596851348876953 0.2
-23.714399337768555 0.7562484741210938 4.579750061035156 0.2
-23.8533992767334 0.8537483215332031 4.475749969482422 0.2
-24.010299682617188 0.8241500854492188 4.356651306152344 0.2
-24.024599075317383 0.6694488525390625 4.233951568603516 0.2
-23.928298950195312 0.5389480590820312 4.120450973510742 0.2
-23.819700241088867 0.4198493957519531 4.008350372314453 0.2
-23.702899932861328 0.3191490173339844 3.8855514526367188 0.2
-23.606199264526367 0.3433494567871094 3.7139511108398438 0.2
-23.6737003326416 0.45835113525390625 3.5650501251220703 0.2
-23.809999465942383 0.5506477355957031 3.455150604248047 0.2
-23.987998962402344 0.6103477478027344 3.3875503540039062 0.2
-24.160099029541016 0.6281509399414062 3.484750747680664 0.2
-24.225900650024414 0.6847496032714844 3.6630516052246094 0.2
-24.26300048828125 0.7555503845214844 3.841951370239258 0.2
-24.291799545288086 0.8397483825683594 4.016651153564453 0.2
-24.301700592041016 1.0014495849609375 4.129251480102539 0.2
-24.362699508666992 1.1827507019042969 4.079351425170898 0.2
-24.493999481201172 1.2771492004394531 3.9650516510009766 0.2
-24.627599716186523 1.2306480407714844 3.8268508911132812 0.2
-24.61240005493164 1.0870475769042969 3.692951202392578 0.2
-24.520999908447266 0.9602508544921875 3.5740509033203125 0.2
-24.421100616455078 0.8404502868652344 3.455751419067383 0.2
-24.303699493408203 0.7564506530761719 3.3212509155273438 0.2
-24.218000411987305 0.8283500671386719 3.1579513549804688 0.2
-24.285099029541016 0.9626502990722656 3.0267505645751953 0.2
-24.412899017333984 1.0732498168945312 2.922151565551758 0.2
-24.60379981994629 1.1257476806640625 2.9213504791259766 0.2
-24.717899322509766 1.158050537109375 3.0787506103515625 0.2
-24.761199951171875 1.2058486938476562 3.2634506225585938 0.2
-24.793800354003906 1.2586479187011719 3.448150634765625 0.2
-24.806299209594727 1.3478507995605469 3.621450424194336 0.2
-24.795900344848633 1.5334510803222656 3.681550979614258 0.2
-24.855600357055664 1.6991500854492188 3.595651626586914 0.2
-24.973299026489258 1.7814483642578125 3.4625511169433594 0.2
-25.065099716186523 1.7118492126464844 3.3051509857177734 0.2
-25.024999618530273 1.5803489685058594 3.167051315307617 0.2
-24.9419002532959 1.45684814453125 3.0422515869140625 0.2
-24.8489990234375 1.3407478332519531 2.915851593017578 0.2
-24.721799850463867 1.2921485900878906 2.7749500274658203 0.2
-24.64620018005371 1.4090499877929688 2.636251449584961 0.2
-24.701200485229492 1.5620498657226562 2.524351119995117 0.2
-24.831199645996094 1.6875495910644531 2.4450511932373047 0.2
-25.00860023498535 1.7392501831054688 2.5103511810302734 0.2
-25.08799934387207 1.7655487060546875 2.686450958251953 0.2
-25.129600524902344 1.7937507629394531 2.8736515045166016 0.2
-25.15999984741211 1.8317489624023438 3.06195068359375 0.2
-25.1427001953125 1.943450927734375 3.2192516326904297 0.2
-25.11870002746582 2.136150360107422 3.218351364135742 0.2
-25.170499801635742 2.2871475219726562 3.1065502166748047 0.2
-25.27440071105957 2.3364486694335938 2.9501514434814453 0.2
-25.314699172973633 2.2425498962402344 2.7850513458251953 0.2
-25.258499145507812 2.1211509704589844 2.645650863647461 0.2
-25.181900024414062 2.0044479370117188 2.512451171875 0.2
-25.076499938964844 1.9146499633789062 2.3754501342773438 0.2
-24.940799713134766 1.9578475952148438 2.243450164794922 0.2
-24.917299270629883 2.1152496337890625 2.130350112915039 0.2
-25.001699447631836 2.267650604248047 2.041749954223633 0.2
-25.175399780273438 2.3511505126953125 2.0686511993408203 0.2
-25.28070068359375 2.3759498596191406 2.2303504943847656 0.2
-25.331600189208984 2.3934478759765625 2.4149513244628906 0.2
-25.368099212646484 2.417949676513672 2.6019515991210938 0.2
-25.347999572753906 2.5030479431152344 2.7739505767822266 0.2
-25.288000106811523 2.6824493408203125 2.807950973510742 0.2
-25.302799224853516 2.8475494384765625 2.708850860595703 0.2
-25.383800506591797 2.930248260498047 2.5546512603759766 0.2
-25.43899917602539 2.8618507385253906 2.383150100708008 0.2
-25.400800704956055 2.7419509887695312 2.237150192260742 0.2
-25.33690071105957 2.623748779296875 2.100950241088867 0.2
-25.232900619506836 2.5284500122070312 1.961050033569336 0.2
-25.080699920654297 2.5714492797851562 1.8372516632080078 0.2
-25.03820037841797 2.7385482788085938 1.7325515747070312 0.2
-25.12150001525879 2.906047821044922 1.6574516296386719 0.2
-25.29279899597168 2.9925498962402344 1.7179508209228516 0.2
-25.385799407958984 3.011749267578125 1.8947505950927734 0.2
-25.43910026550293 3.021350860595703 2.0871505737304688 0.2
-25.46179962158203 3.0509490966796875 2.2846508026123047 0.2
-25.38990020751953 3.1729507446289062 2.424551010131836 0.2
-25.333099365234375 3.360748291015625 2.3872509002685547 0.2
-25.360700607299805 3.5071487426757812 2.2531509399414062 0.2
-25.437599182128906 3.5139503479003906 2.068950653076172 0.2
-25.43589973449707 3.403949737548828 1.901651382446289 0.2
-25.388099670410156 3.2792510986328125 1.755350112915039 0.2
-25.290800094604492 3.1636505126953125 1.6035499572753906 0.2
-25.112699508666992 3.191150665283203 1.4815502166748047 0.2
-25.0447998046875 3.3774490356445312 1.387451171875 0.2
-25.134599685668945 3.5709495544433594 1.3440513610839844 0.2
-25.2992000579834 3.6540489196777344 1.4621505737304688 0.2
-25.38409996032715 3.662548065185547 1.6637516021728516 0.2
-25.436500549316406 3.6700477600097656 1.8758506774902344 0.2
-25.374799728393555 3.7418479919433594 2.071451187133789 0.2
-25.258298873901367 3.9217491149902344 2.0905513763427734 0.2
-25.23979949951172 4.098350524902344 1.96405029296875 0.2
-25.30579948425293 4.1329498291015625 1.7596511840820312 0.2
-25.311399459838867 4.019950866699219 1.5728511810302734 0.2
-25.272899627685547 3.88385009765625 1.4072513580322266 0.2
-25.142499923706055 3.7840499877929688 1.2648506164550781 0.2
-24.96299934387207 3.8629493713378906 1.1791515350341797 0.2
-24.908199310302734 4.066749572753906 1.1245498657226562 0.2
-25.01099967956543 4.254051208496094 1.148550033569336 0.2
-25.146799087524414 4.309749603271484 1.3086509704589844 0.2
-25.229799270629883 4.306850433349609 1.5095500946044922 0.2
-25.249399185180664 4.313350677490234 1.7256507873535156 0.2
-25.12220001220703 4.400150299072266 1.873250961303711 0.2
-25.004199981689453 4.578147888183594 1.840850830078125 0.2
-24.99020004272461 4.728847503662109 1.688150405883789 0.2
-25.040199279785156 4.711948394775391 1.478250503540039 0.2
-25.04669952392578 4.589847564697266 1.2992515563964844 0.2
-24.995800018310547 4.456951141357422 1.136251449584961 0.2
-24.816299438476562 4.4100494384765625 1.0319499969482422 0.2
-24.66670036315918 4.556549072265625 0.9894504547119141 0.2
-24.648500442504883 4.770050048828125 0.9912509918212891 0.2
-24.773399353027344 4.910747528076172 1.0946502685546875 0.2
-24.88170051574707 4.929649353027344 1.280050277709961 0.2
-24.947399139404297 4.917747497558594 1.4850502014160156 0.2
-24.88279914855957 4.92034912109375 1.6877498626708984 0.2
-24.71969985961914 5.0361480712890625 1.752450942993164 0.2
-24.621299743652344 5.210048675537109 1.6762504577636719 0.2
-24.643999099731445 5.312747955322266 1.4916515350341797 0.2
-24.691499710083008 5.252651214599609 1.291250228881836 0.2
-24.701200485229492 5.129650115966797 1.1160507202148438 0.2
-24.599899291992188 5.008949279785156 0.9740505218505859 0.2
-24.402299880981445 5.039649963378906 0.9173507690429688 0.2
-24.287099838256836 5.218250274658203 0.9194507598876953 0.2
-24.318099975585938 5.417350769042969 0.9773502349853516 0.2
-24.446699142456055 5.504947662353516 1.1236515045166016 0.2
-24.547500610351562 5.496349334716797 1.3109512329101562 0.2
-24.555599212646484 5.471149444580078 1.520650863647461 0.2
-24.409299850463867 5.515449523925781 1.6604499816894531 0.2
-24.258100509643555 5.661350250244141 1.646951675415039 0.2
-24.19969940185547 5.8056488037109375 1.5074501037597656 0.2
-24.240299224853516 5.821048736572266 1.2991504669189453 0.2
-24.285999298095703 5.718250274658203 1.1193504333496094 0.2
-24.232500076293945 5.584247589111328 0.9675502777099609 0.2
-24.039400100708008 5.548748016357422 0.9077510833740234 0.2
-23.889799118041992 5.691650390625 0.9329509735107422 0.2
-23.865400314331055 5.886447906494141 1.0019512176513672 0.2
-23.972200393676758 6.016548156738281 1.1312503814697266 0.2
-24.083999633789062 6.027950286865234 1.3092498779296875 0.2
-24.131999969482422 5.983150482177734 1.5083503723144531 0.2
-24.019800186157227 5.959751129150391 1.6783504486083984 0.2
-23.85759925842285 6.0805511474609375 1.7060508728027344 0.2
-23.785200119018555 6.249549865722656 1.6087512969970703 0.2
-23.813600540161133 6.34844970703125 1.4270515441894531 0.2
-23.865999221801758 6.303348541259766 1.2296504974365234 0.2
-23.872098922729492 6.181850433349609 1.0595512390136719 0.2
-23.747098922729492 6.061450958251953 0.9457511901855469 0.2
-23.550498962402344 6.102447509765625 0.9233512878417969 0.2
-23.44809913635254 6.2796478271484375 0.9585514068603516 0.2
-23.480199813842773 6.4725494384765625 1.028350830078125 0.2
-23.618999481201172 6.5639495849609375 1.1520500183105469 0.2
-23.74720001220703 6.545948028564453 1.3151512145996094 0.2
-23.733699798583984 6.502750396728516 1.5157508850097656 0.2
-23.56839942932129 6.5303497314453125 1.6319503784179688 0.2
-23.396799087524414 6.643749237060547 1.6236515045166016 0.2
-23.2997989654541 6.752250671386719 1.4767513275146484 0.2
-23.332300186157227 6.767848968505859 1.2746505737304688 0.2
-23.38249969482422 6.683650970458984 1.0931510925292969 0.2
-23.298799514770508 6.527149200439453 0.9919509887695312 0.2
-23.113100051879883 6.464649200439453 1.0384502410888672 0.2
-22.97170066833496 6.554149627685547 1.1578502655029297 0.2
-22.944398880004883 6.702247619628906 1.3017501831054688 0.2
-23.04829978942871 6.789649963378906 1.456451416015625 0.2
-23.170499801635742 6.761650085449219 1.6211509704589844 0.2
-23.142398834228516 6.667049407958984 1.7971515655517578 0.2
-22.96470069885254 6.692649841308594 1.8853511810302734 0.2
-22.825698852539062 6.830047607421875 1.8286514282226562 0.2
-22.750499725341797 6.947948455810547 1.6765499114990234 0.2
-22.74989891052246 6.945049285888672 1.4732513427734375 0.2
-22.78929901123047 6.842548370361328 1.2994499206542969 0.2
-22.752099990844727 6.658550262451172 1.2200508117675781 0.2
-22.594799041748047 6.544849395751953 1.2697505950927734 0.2
-22.407699584960938 6.599048614501953 1.3618507385253906 0.2
-22.319799423217773 6.756950378417969 1.4761505126953125 0.2
-22.431299209594727 6.889850616455078 1.5975513458251953 0.2
-22.58169937133789 6.9053497314453125 1.7521514892578125 0.2
-22.583398818969727 6.850948333740234 1.9603500366210938 0.2
-22.460399627685547 6.798851013183594 2.1290512084960938 0.2
-22.266599655151367 6.857448577880859 2.1848506927490234 0.2
-22.15679931640625 6.952850341796875 2.033750534057617 0.2
-22.204198837280273 6.935550689697266 1.8241500854492188 0.2
-22.188600540161133 6.83074951171875 1.6390514373779297 0.2
-21.995399475097656 6.824848175048828 1.5670509338378906 0.2
-21.861099243164062 6.9781494140625 1.6345500946044922 0.2
-21.851999282836914 7.168750762939453 1.7647514343261719 0.2
-21.995100021362305 7.238250732421875 1.9186515808105469 0.2
-22.13360023498535 7.143150329589844 2.07135009765625 0.2
-22.072399139404297 7.076850891113281 2.2749500274658203 0.2
-21.866600036621094 7.130950927734375 2.341451644897461 0.2
-21.692899703979492 7.259548187255859 2.267751693725586 0.2
-21.642398834228516 7.366649627685547 2.0800514221191406 0.2
-21.659799575805664 7.288349151611328 1.8657512664794922 0.2
-21.662799835205078 7.095447540283203 1.7415504455566406 0.2
-21.536800384521484 6.915748596191406 1.7434501647949219 0.2
-21.32390022277832 6.968151092529297 1.743051528930664 0.2
-21.247699737548828 7.172847747802734 1.6859512329101562 0.2
-21.307300567626953 7.3802490234375 1.6098499298095703 0.2
-21.485000610351562 7.516349792480469 1.6343517303466797 0.2
-21.648500442504883 7.524848937988281 1.7935504913330078 0.2
-21.660799026489258 7.552249908447266 2.014850616455078 0.2
-21.505399703979492 7.675647735595703 2.114450454711914 0.2
-21.357999801635742 7.833148956298828 2.0380516052246094 0.2
-21.281299591064453 7.924648284912109 1.8453502655029297 0.2
-21.33099937438965 7.855350494384766 1.6382503509521484 0.2
-21.349300384521484 7.675750732421875 1.5035514831542969 0.2
-21.19409942626953 7.520450592041016 1.5002498626708984 0.2
-20.9867000579834 7.557048797607422 1.6047515869140625 0.2
-20.85700035095215 7.730949401855469 1.7492504119873047 0.2
-20.96109962463379 7.928050994873047 1.8741512298583984 0.2
-21.143199920654297 7.954250335693359 2.0478515625 0.2
-21.176300048828125 7.747947692871094 2.1824512481689453 0.2
-20.954700469970703 7.654048919677734 2.234651565551758 0.2
-20.73029899597168 7.7438507080078125 2.1600513458251953 0.2
-20.652599334716797 7.700347900390625 1.9246501922607422 0.2
-20.765100479125977 7.528350830078125 1.7699508666992188 0.2
-20.957300186157227 7.360649108886719 1.774850845336914 0.2
-20.942699432373047 7.181247711181641 1.9480514526367188 0.2
-20.75119972229004 7.111949920654297 2.105649948120117 0.2
-20.526500701904297 7.218448638916016 2.1644515991210938 0.2
-20.40239906311035 7.395450592041016 2.034351348876953 0.2
-20.44849967956543 7.633949279785156 2.0079517364501953 0.2
-20.54640007019043 7.707347869873047 2.2254505157470703 0.2
-20.605600357055664 7.570850372314453 2.436349868774414 0.2
-20.643798828125 7.325550079345703 2.4654502868652344 0.2
-20.727100372314453 7.1134490966796875 2.335050582885742 0.2
-20.666900634765625 6.884548187255859 2.3799514770507812 0.2
-20.471599578857422 6.907550811767578 2.527050018310547 0.2
-20.357099533081055 7.100349426269531 2.6607513427734375 0.2
-20.395198822021484 7.343448638916016 2.6955509185791016 0.2
-20.574100494384766 7.526348114013672 2.6625499725341797 0.2
-20.741498947143555 7.582450866699219 2.8335514068603516 0.2
-20.683198928833008 7.493949890136719 3.061250686645508 0.2
-20.502199172973633 7.344249725341797 3.162250518798828 0.2
-20.36870002746582 7.1824493408203125 3.0346508026123047 0.2
-20.45319938659668 7.047050476074219 2.8298511505126953 0.2
-20.50659942626953 6.825248718261719 2.725250244140625 0.2
