-19.801898956298828 11.74224853515625 5.719850540161133 0.2
-19.581499099731445 11.814647674560547 5.653850555419922 0.2
-19.49959945678711 12.02874755859375 5.649351119995117 0.2
-19.607900619506836 12.214248657226562 5.754449844360352 0.2
-19.627500534057617 12.297348022460938 5.96925163269043 0.2
-19.46470069885254 12.252449035644531 6.137250900268555 0.2
-19.245698928833008 12.19205093383789 6.220149993896484 0.2
-19.052200317382812 12.125850677490234 6.116350173950195 0.2
-19.065898895263672 12.062248229980469 5.889951705932617 0.2
-19.216100692749023 11.968151092529297 5.7297515869140625 0.2
-19.343000411987305 11.777549743652344 5.754150390625 0.2
-19.322500228881836 11.620750427246094 5.936450958251953 0.2
-19.30150032043457 11.551651000976562 6.161149978637695 0.2
-19.40239906311035 11.68804931640625 6.316949844360352 0.2
-19.444900512695312 11.923049926757812 6.333551406860352 0.2
-19.290800094604492 12.081649780273438 6.399850845336914 0.2
-19.079599380493164 12.07284927368164 6.516750335693359 0.2
-18.927000045776367 11.959449768066406 6.663949966430664 0.2
-18.943599700927734 11.737449645996094 6.71135139465332 0.2
-19.068199157714844 11.582550048828125 6.578851699829102 0.2
-19.027599334716797 11.487751007080078 6.373050689697266 0.2
-18.79909896850586 11.473949432373047 6.311750411987305 0.2
-18.568199157714844 11.542449951171875 6.299551010131836 0.2
-18.504798889160156 11.755847930908203 6.243051528930664 0.2
-18.649700164794922 11.945148468017578 6.234651565551758 0.2
-18.78890037536621 12.062049865722656 6.3800506591796875 0.2
-18.733999252319336 12.057548522949219 6.60675048828125 0.2
-18.566299438476562 11.993949890136719 6.768951416015625 0.2
-18.35249900817871 11.903148651123047 6.812351226806641 0.2
-18.247098922729492 11.792350769042969 6.636751174926758 0.2
-18.30699920654297 11.655651092529297 6.451250076293945 0.2
-18.402700424194336 11.450149536132812 6.481651306152344 0.2
-18.429100036621094 11.327648162841797 6.688051223754883 0.2
-18.539100646972656 11.30044937133789 6.892551422119141 0.2
-18.70349884033203 11.455249786376953 6.950750350952148 0.2
-18.75469970703125 11.68375015258789 6.902950286865234 0.2
-18.62139892578125 11.864151000976562 6.9508514404296875 0.2
-18.432899475097656 11.860248565673828 7.099752426147461 0.2
-18.310199737548828 11.770248413085938 7.285749435424805 0.2
-18.3174991607666 11.569450378417969 7.397451400756836 0.2
-18.433500289916992 11.388851165771484 7.298650741577148 0.2
-18.44070053100586 11.269050598144531 7.096651077270508 0.2
-18.24049949645996 11.20174789428711 7.001251220703125 0.2
-18.001800537109375 11.203948974609375 7.049051284790039 0.2
-17.833200454711914 11.360248565673828 7.048551559448242 0.2
-17.890499114990234 11.584949493408203 7.005149841308594 0.2
-18.04789924621582 11.750350952148438 7.066652297973633 0.2
-18.088300704956055 11.78594970703125 7.290952682495117 0.2
-17.989099502563477 11.718650817871094 7.50214958190918 0.2
-17.821699142456055 11.609149932861328 7.631551742553711 0.2
-17.672698974609375 11.462650299072266 7.535150527954102 0.2
-17.673599243164062 11.34375 7.327051162719727 0.2
-17.807899475097656 11.172748565673828 7.250150680541992 0.2
-17.935400009155273 11.043949127197266 7.405050277709961 0.2
-18.07219886779785 11.010547637939453 7.598150253295898 0.2
-18.22909927368164 11.16925048828125 7.65715217590332 0.2
-18.245500564575195 11.401748657226562 7.60004997253418 0.2
-18.11949920654297 11.5843505859375 7.660749435424805 0.2
-17.98659896850586 11.582550048828125 7.858949661254883 0.2
-17.94379997253418 11.492950439453125 8.079252243041992 0.2
-18.016300201416016 11.313850402832031 8.209051132202148 0.2
-18.13479995727539 11.143848419189453 8.098150253295898 0.2
-18.137699127197266 11.020648956298828 7.893949508666992 0.2
-17.95680046081543 10.896049499511719 7.82695198059082 0.2
-17.7593994140625 10.829948425292969 7.950849533081055 0.2
-17.561399459838867 10.901847839355469 8.050352096557617 0.2
-17.498899459838867 11.124748229980469 8.020051956176758 0.2
-17.602100372314453 11.338348388671875 7.990350723266602 0.2
-17.732099533081055 11.44675064086914 8.14634895324707 0.2
-17.76129913330078 11.394050598144531 8.38005256652832 0.2
-17.712600708007812 11.274650573730469 8.583051681518555 0.2
-17.579898834228516 11.086849212646484 8.600652694702148 0.2
-17.497299194335938 10.948047637939453 8.423349380493164 0.2
-17.57830047607422 10.804149627685547 8.257951736450195 0.2
-17.778400421142578 10.687850952148438 8.294649124145508 0.2
-17.978500366210938 10.661750793457031 8.426752090454102 0.2
-18.144899368286133 10.818248748779297 8.458150863647461 0.2
-18.119400024414062 11.0511474609375 8.406850814819336 0.2
-17.99340057373047 11.242847442626953 8.460851669311523 0.2
-17.930299758911133 11.275550842285156 8.684751510620117 0.2
-17.98509979248047 11.198249816894531 8.90785026550293 0.2
-18.127599716186523 11.058547973632812 9.035951614379883 0.2
-18.25160026550293 10.890647888183594 8.932352066040039 0.2
-18.23740005493164 10.759750366210938 8.72974967956543 0.2
-18.093799591064453 10.589847564697266 8.661649703979492 0.2
-17.970699310302734 10.460647583007812 8.821649551391602 0.2
-17.844499588012695 10.449848175048828 9.022649765014648 0.2
-17.705900192260742 10.627548217773438 9.080251693725586 0.2
-17.69379997253418 10.85995101928711 9.014749526977539 0.2
-17.819700241088867 11.051651000976562 9.053750991821289 0.2
-17.969600677490234 11.06884765625 9.238649368286133 0.2
-18.061899185180664 10.970848083496094 9.441350936889648 0.2
-18.03299903869629 10.771350860595703 9.558549880981445 0.2
-17.910600662231445 10.5865478515625 9.468950271606445 0.2
-17.87689971923828 10.439750671386719 9.283151626586914 0.2
-18.05109977722168 10.327049255371094 9.17704963684082 0.2
-18.290199279785156 10.301250457763672 9.21565055847168 0.2
-18.47049903869629 10.449249267578125 9.201848983764648 0.2
-18.436199188232422 10.681148529052734 9.160249710083008 0.2
-18.302499771118164 10.875648498535156 9.208349227905273 0.2
-18.2716007232666 10.969650268554688 9.419450759887695 0.2
-18.394498825073242 10.932548522949219 9.624551773071289 0.2
-18.583900451660156 10.83184814453125 9.73484992980957 0.2
-18.728599548339844 10.673347473144531 9.642549514770508 0.2
-18.70549964904785 10.527347564697266 9.449850082397461 0.2
-18.58880043029785 10.33864974975586 9.366151809692383 0.2
-18.518699645996094 10.16244888305664 9.506952285766602 0.2
-18.50149917602539 10.100151062011719 9.738752365112305 0.2
-18.378799438476562 10.217750549316406 9.899450302124023 0.2
-18.28179931640625 10.438148498535156 9.874551773071289 0.2
-18.313400268554688 10.671249389648438 9.832849502563477 0.2
-18.497400283813477 10.787948608398438 9.923849105834961 0.2
-18.68090057373047 10.744247436523438 10.078649520874023 0.2
-18.776199340820312 10.579547882080078 10.222749710083008 0.2
-18.701799392700195 10.354850769042969 10.232351303100586 0.2
-18.594900131225586 10.177349090576172 10.103849411010742 0.2
-18.654199600219727 10.040451049804688 9.921350479125977 0.2
-18.88119888305664 9.993247985839844 9.851449966430664 0.2
-19.087200164794922 10.09914779663086 9.803251266479492 0.2
-19.0846004486084 10.328948974609375 9.749452590942383 0.2
-18.94260025024414 10.526748657226562 9.779050827026367 0.2
-18.87969970703125 10.679847717285156 9.947050094604492 0.2
-19.011098861694336 10.709648132324219 10.145750045776367 0.2
-19.224699020385742 10.651649475097656 10.249052047729492 0.2
-19.414199829101562 10.520149230957031 10.191251754760742 0.2
-19.419599533081055 10.35675048828125 10.013551712036133 0.2
-19.32229995727539 10.170249938964844 9.891149520874023 0.2
-19.25979995727539 9.956050872802734 9.97035026550293 0.2
-19.31559944152832 9.841949462890625 10.178251266479492 0.2
-19.268600463867188 9.892547607421875 10.404050827026367 0.2
-19.14189910888672 10.087150573730469 10.464750289916992 0.2
-19.071699142456055 10.317550659179688 10.419351577758789 0.2
-19.186399459838867 10.522850036621094 10.418149948120117 0.2
-19.409500122070312 10.55875015258789 10.509050369262695 0.2
-19.59779930114746 10.461250305175781 10.629549026489258 0.2
-19.626399993896484 10.238548278808594 10.70414924621582 0.2
-19.519699096679688 10.024848937988281 10.649351119995117 0.2
-19.469900131225586 9.847049713134766 10.49424934387207 0.2
-19.614999771118164 9.763648986816406 10.324251174926758 0.2
-19.83639907836914 9.814350128173828 10.238752365112305 0.2
-19.8976993560791 10.026348114013672 10.153249740600586 0.2
-19.773799896240234 10.236248016357422 10.173250198364258 0.2
-19.658100128173828 10.415149688720703 10.291051864624023 0.2
-19.737998962402344 10.518150329589844 10.48954963684082 0.2
-19.956600189208984 10.510749816894531 10.601049423217773 0.2
-20.18389892578125 10.429450988769531 10.578451156616211 0.2
-20.25629997253418 10.268447875976562 10.417749404907227 0.2
-20.175498962402344 10.087249755859375 10.270151138305664 0.2
-20.095800399780273 9.861248016357422 10.25975227355957 0.2
-20.151899337768555 9.693347930908203 10.423250198364258 0.2
-20.219900131225586 9.674148559570312 10.654050827026367 0.2
-20.124799728393555 9.82135009765625 10.81464958190918 0.2
-20.000699996948242 10.035148620605469 10.817350387573242 0.2
-19.989599227905273 10.273849487304688 10.786249160766602 0.2
-20.18389892578125 10.41244888305664 10.804952621459961 0.2
-20.418498992919922 10.389350891113281 10.87714958190918 0.2
-20.565000534057617 10.219551086425781 10.964052200317383 0.2
-20.516399383544922 9.981647491455078 10.966951370239258 0.2
-20.417400360107422 9.772850036621094 10.880151748657227 0.2
-20.447500228881836 9.635948181152344 10.685651779174805 0.2
-20.638999938964844 9.636848449707031 10.534849166870117 0.2
-20.750200271606445 9.80685043334961 10.410150527954102 0.2
-20.662399291992188 10.032447814941406 10.403348922729492 0.2
-20.525100708007812 10.214347839355469 10.50214958190918 0.2
-20.52519989013672 10.370250701904297 10.682550430297852 0.2
-20.7283992767334 10.421348571777344 10.807451248168945 0.2
-20.973100662231445 10.392547607421875 10.803850173950195 0.2
-21.11319923400879 10.267448425292969 10.656351089477539 0.2
-21.060298919677734 10.083648681640625 10.500650405883789 0.2
-20.972700119018555 9.866748809814453 10.425352096557617 0.2
-20.992799758911133 9.651050567626953 10.52815055847168 0.2
-21.139598846435547 9.578849792480469 10.712152481079102 0.2
-21.143999099731445 9.663249969482422 10.934751510620117 0.2
-21.01529884338379 9.855751037597656 11.014650344848633 0.2
-20.907800674438477 10.077949523925781 11.01085090637207 0.2
-20.998600006103516 10.295547485351562 10.979551315307617 0.2
-21.2372989654541 10.355350494384766 10.983449935913086 0.2
-21.462099075317383 10.267448425292969 11.025049209594727 0.2
-21.52039909362793 10.037250518798828 11.059049606323242 0.2
-21.43470001220703 9.806350708007812 11.027250289916992 0.2
-21.376800537109375 9.61614990234375 10.888151168823242 0.2
-21.475000381469727 9.569747924804688 10.672750473022461 0.2
-21.609600067138672 9.686649322509766 10.505949020385742 0.2
-21.553600311279297 9.91244888305664 10.449350357055664 0.2
-21.418899536132812 10.096549987792969 10.548349380493164 0.2
-21.357500076293945 10.26784896850586 10.71135139465332 0.2
-21.51729965209961 10.382549285888672 10.848649978637695 0.2
-21.763599395751953 10.404449462890625 10.843149185180664 0.2
-21.949499130249023 10.33905029296875 10.701650619506836 0.2
-21.935298919677734 10.16415023803711 10.533052444458008 0.2
-21.840599060058594 9.955551147460938 10.435850143432617 0.2
-21.833999633789062 9.716350555419922 10.470949172973633 0.2
-22.000999450683594 9.59415054321289 10.597650527954102 0.2
-22.130300521850586 9.628150939941406 10.797449111938477 0.2
-22.057899475097656 9.787250518798828 10.964448928833008 0.2
-21.915199279785156 9.984149932861328 11.017450332641602 0.2
-21.872798919677734 10.220951080322266 10.998350143432617 0.2
-22.05150032043457 10.372947692871094 10.936151504516602 0.2
-22.296998977661133 10.37485122680664 10.90245246887207 0.2
-22.468000411987305 10.206951141357422 10.910951614379883 0.2
-22.447099685668945 9.961650848388672 10.915651321411133 0.2
-22.36709976196289 9.734249114990234 10.85944938659668 0.2
-22.341999053955078 9.613048553466797 10.653749465942383 0.2
-22.438098907470703 9.671348571777344 10.433649063110352 0.2
-22.41160011291504 9.871349334716797 10.306150436401367 0.2
-22.28849983215332 10.067150115966797 10.386850357055664 0.2
-22.194700241088867 10.228649139404297 10.55055046081543 0.2
-22.282499313354492 10.39284896850586 10.700349807739258 0.2
-22.512800216674805 10.477848052978516 10.691450119018555 0.2
-22.710899353027344 10.480449676513672 10.546651840209961 0.2
-22.74519920349121 10.346649169921875 10.35045051574707 0.2
-22.65489959716797 10.137248992919922 10.252050399780273 0.2
-22.61240005493164 9.8968505859375 10.234151840209961 0.2
-22.75899887084961 9.722747802734375 10.309450149536133 0.2
-22.985300064086914 9.72454833984375 10.407751083374023 0.2
-23.04170036315918 9.844749450683594 10.606550216674805 0.2
-22.921499252319336 10.019550323486328 10.733949661254883 0.2
-22.795499801635742 10.225650787353516 10.784151077270508 0.2
-22.8346004486084 10.446147918701172 10.703451156616211 0.2
-23.03070068359375 10.536449432373047 10.583250045776367 0.2
-23.253000259399414 10.477649688720703 10.500452041625977 0.2
-23.342500686645508 10.253849029541016 10.498449325561523 0.2
-23.30069923400879 10.008949279785156 10.506452560424805 0.2
-23.22049903869629 9.809947967529297 10.394350051879883 0.2
-23.202699661254883 9.788848876953125 10.15464973449707 0.2
-23.179800033569336 9.935348510742188 9.964349746704102 0.2
-23.050600051879883 10.138450622558594 9.980649948120117 0.2
-22.9591007232666 10.29425048828125 10.151250839233398 0.2
-22.97410011291504 10.466751098632812 10.32225227355957 0.2
-23.160600662231445 10.619949340820312 10.330350875854492 0.2
-23.344999313354492 10.685649871826172 10.180051803588867 0.2
-23.4114990234375 10.623748779296875 9.957952499389648 0.2
-23.341800689697266 10.42354965209961 9.836050033569336 0.2
-23.273799896240234 10.187149047851562 9.80525016784668 0.2
-23.368099212646484 9.969249725341797 9.84065055847168 0.2
-23.609399795532227 9.93014907836914 9.855852127075195 0.2
-23.796600341796875 10.027851104736328 9.968950271606445 0.2
-23.767398834228516 10.18735122680664 10.148050308227539 0.2
-23.631500244140625 10.355449676513672 10.269449234008789 0.2
-23.545700073242188 10.578449249267578 10.259450912475586 0.2
-23.631999969482422 10.743850708007812 10.104349136352539 0.2
-23.811399459838867 10.782150268554688 9.93964958190918 0.2
-23.98550033569336 10.641948699951172 9.856252670288086 0.2
-24.0221004486084 10.399848937988281 9.878351211547852 0.2
-23.974899291992188 10.159748077392578 9.866949081420898 0.2
-23.872400283813477 10.036148071289062 9.690351486206055 0.2
-23.812599182128906 10.109550476074219 9.463750839233398 0.2
-23.662399291992188 10.284950256347656 9.401651382446289 0.2
-23.562299728393555 10.449951171875 9.55164909362793 0.2
-23.547698974609375 10.607250213623047 9.741849899291992 0.2
-23.670299530029297 10.80215072631836 9.799352645874023 0.2
-23.821699142456055 10.926250457763672 9.651750564575195 0.2
-23.895099639892578 10.938751220703125 9.41975212097168 0.2
-23.843299865722656 10.775447845458984 9.253049850463867 0.2
-23.770198822021484 10.54104995727539 9.222650527954102 0.2
-23.814899444580078 10.30364990234375 9.235052108764648 0.2
-24.03380012512207 10.209148406982422 9.221349716186523 0.2
-24.259899139404297 10.296249389648438 9.204549789428711 0.2
-24.357398986816406 10.453048706054688 9.35515022277832 0.2
-24.267200469970703 10.602848052978516 9.527650833129883 0.2
-24.133100509643555 10.784149169921875 9.617250442504883 0.2
-24.08639907836914 10.986949920654297 9.50214958190918 0.2
-24.168699264526367 11.090850830078125 9.295351028442383 0.2
-24.32270050048828 11.058349609375 9.113351821899414 0.2
-24.449499130249023 10.858650207519531 9.076749801635742 0.2
-24.476699829101562 10.616249084472656 9.112051010131836 0.2
-24.386699676513672 10.406047821044922 9.046152114868164 0.2
-24.254600524902344 10.38064956665039 8.846349716186523 0.2
-24.094200134277344 10.50014877319336 8.713552474975586 0.2
-23.947399139404297 10.660747528076172 8.810750961303711 0.2
-23.92460060119629 10.807048797607422 9.007749557495117 0.2
-23.99720001220703 11.00265121459961 9.125852584838867 0.2
-24.10770034790039 11.184150695800781 9.01664924621582 0.2
-24.153900146484375 11.257949829101562 8.78795051574707 0.2
-24.109600067138672 11.172748565673828 8.570249557495117 0.2
-24.035200119018555 10.94784927368164 8.516550064086914 0.2
-24.034900665283203 10.704349517822266 8.533750534057617 0.2
-24.21299934387207 10.54935073852539 8.50684928894043 0.2
-24.423099517822266 10.598148345947266 8.398351669311523 0.2
-24.597700119018555 10.758049011230469 8.419149398803711 0.2
-24.61479949951172 10.916748046875 8.598051071166992 0.2
-24.509199142456055 11.057647705078125 8.768251419067383 0.2
-24.372400283813477 11.248950958251953 8.769350051879883 0.2
-24.333999633789062 11.392749786376953 8.578550338745117 0.2
-24.382699966430664 11.437747955322266 8.344350814819336 0.2
-24.521499633789062 11.322650909423828 8.193449020385742 0.2
-24.628799438476562 11.104248046875 8.20414924621582 0.2
-24.619600296020508 10.86465072631836 8.216352462768555 0.2
-24.455799102783203 10.730751037597656 8.111249923706055 0.2
-24.26889991760254 10.781150817871094 7.964448928833008 0.2
-24.074100494384766 10.908550262451172 8.004049301147461 0.2
-24.032299041748047 11.052047729492188 8.19365119934082 0.2
-24.096799850463867 11.22454833984375 8.351049423217773 0.2
-24.179899215698242 11.43844985961914 8.301351547241211 0.2
-24.183399200439453 11.556148529052734 8.089349746704102 0.2
-24.114900588989258 11.54534912109375 7.859151840209961 0.2
-24.018699645996094 11.356948852539062 7.754949569702148 0.2
-24.002599716186523 11.114849090576172 7.783651351928711 0.2
-24.131799697875977 10.918148040771484 7.764348983764648 0.2
-24.319000244140625 10.909149169921875 7.62025260925293 0.2
-24.468299865722656 11.053550720214844 7.497251510620117 0.2
-24.585599899291992 11.235050201416016 7.589349746704102 0.2
-24.56399917602539 11.365447998046875 7.793050765991211 0.2
-24.431798934936523 11.521148681640625 7.912851333618164 0.2
-24.29279899597168 11.679450988769531 7.805051803588867 0.2
-24.232200622558594 11.76034927368164 7.583749771118164 0.2
-24.279600143432617 11.72774887084961 7.354349136352539 0.2
-24.4247989654541 11.555648803710938 7.278650283813477 0.2
-24.506399154663086 11.329750061035156 7.30775260925293 0.2
-24.390199661254883 11.127449035644531 7.289850234985352 0.2
-24.171600341796875 11.09994888305664 7.19474983215332 0.2
-23.949298858642578 11.177947998046875 7.21204948425293 0.2
-23.873699188232422 11.308048248291016 7.394350051879883 0.2
-23.951200485229492 11.46725082397461 7.55994987487793 0.2
-24.02560043334961 11.688751220703125 7.553251266479492 0.2
-23.983999252319336 11.835948944091797 7.368852615356445 0.2
-23.86829948425293 11.870250701904297 7.159452438354492 0.2
-23.73740005493164 11.723548889160156 7.035350799560547 0.2
-23.716100692749023 11.485149383544922 7.064050674438477 0.2
-23.831600189208984 11.27874755859375 7.055749893188477 0.2
-23.999000549316406 11.243148803710938 6.896551132202148 0.2
-24.080799102783203 11.374748229980469 6.709451675415039 0.2
-24.197799682617188 11.574150085449219 6.683549880981445 0.2
-24.255800247192383 11.722450256347656 6.862051010131836 0.2
-24.177900314331055 11.850349426269531 7.046552658081055 0.2
-23.986299514770508 11.983848571777344 7.034049987792969 0.2
-23.817899703979492 12.065849304199219 6.878850936889648 0.2
-23.749799728393555 12.076248168945312 6.653350830078125 0.2
-23.870100021362305 11.960147857666016 6.491350173950195 0.2
-24.021400451660156 11.772750854492188 6.482049942016602 0.2
-23.995800018310547 11.543949127197266 6.510650634765625 0.2
-23.77910041809082 11.450450897216797 6.500150680541992 0.2
-23.542499542236328 11.471050262451172 6.535650253295898 0.2
-23.447599411010742 11.565650939941406 6.725749969482422 0.2
-23.530000686645508 11.719047546386719 6.891851425170898 0.2
-23.589399337768555 11.94384765625 6.903450012207031 0.2
-23.497400283813477 12.102649688720703 6.754449844360352 0.2
-23.324399948120117 12.151748657226562 6.592250823974609 0.2
-23.152599334716797 12.038650512695312 6.4844512939453125 0.2
-23.143400192260742 11.803050994873047 6.498750686645508 0.2
-23.274700164794922 11.604148864746094 6.496450424194336 0.2
-23.423999786376953 11.555549621582031 6.327350616455078 0.2
-23.449899673461914 11.671051025390625 6.11815071105957 0.2
-23.50320053100586 11.867847442626953 6.004251480102539 0.2
-23.59239959716797 12.049850463867188 6.120950698852539 0.2
-23.575199127197266 12.158950805664062 6.332151412963867 0.2
-23.38520050048828 12.260547637939453 6.413150787353516 0.2
-23.170400619506836 12.320549011230469 6.320150375366211 0.2
-23.016399383544922 12.356647491455078 6.141550064086914 0.2
-23.065898895263672 12.292747497558594 5.926450729370117 0.2
-23.24489974975586 12.152748107910156 5.852149963378906 0.2
-23.318899154663086 11.933048248291016 5.877851486206055 0.2
-23.162599563598633 11.769950866699219 5.932950973510742 0.2
-22.9330997467041 11.72964859008789 6.000450134277344 0.2
-22.814498901367188 11.776847839355469 6.191450119018555 0.2
-22.892900466918945 11.934150695800781 6.351951599121094 0.2
-22.942699432373047 12.161750793457031 6.370550155639648 0.2
-22.804899215698242 12.316150665283203 6.257551193237305 0.2
-22.592599868774414 12.354549407958984 6.150051116943359 0.2
-22.38279914855957 12.264450073242188 6.10045051574707 0.2
-22.363800048828125 12.033649444580078 6.110950469970703 0.2
-22.517398834228516 11.84954833984375 6.112251281738281 0.2
-22.674999237060547 11.775249481201172 5.960050582885742 0.2
-22.67650032043457 11.861747741699219 5.739749908447266 0.2
-22.627599716186523 12.027149200439453 5.571950912475586 0.2
-22.67799949645996 12.249748229980469 5.597751617431641 0.2
-22.711999893188477 12.3802490234375 5.794950485229492 0.2
-22.557498931884766 12.461650848388672 5.943050384521484 0.2
-22.318300247192383 12.482650756835938 5.921051025390625 0.2
-22.10770034790039 12.502147674560547 5.805551528930664 0.2
-22.072399139404297 12.46915054321289 5.583650588989258 0.2
-22.243000030517578 12.374950408935547 5.450050354003906 0.2
-22.407299041748047 12.205047607421875 5.446050643920898 0.2
-22.36210060119629 11.996749877929688 5.5301513671875 0.2
-22.169300079345703 11.895549774169922 5.636751174926758 0.2
-22.034099578857422 11.880950927734375 5.825151443481445 0.2
-22.0762996673584 12.032150268554688 5.996850967407227 0.2
-22.110700607299805 12.263347625732422 6.021751403808594 0.2
-21.947599411010742 12.416549682617188 5.958051681518555 0.2
-21.71430015563965 12.423748016357422 5.900051116943359 0.2
-21.49329948425293 12.336849212646484 5.915349960327148 0.2
-21.471099853515625 12.109550476074219 5.945051193237305 0.2
-21.63749885559082 11.938148498535156 5.930551528930664 0.2
-21.812299728393555 11.859748840332031 5.794351577758789 0.2
-21.819700241088867 11.917949676513672 5.569751739501953 0.2
-21.693500518798828 12.037349700927734 5.398750305175781 0.2
-21.632099151611328 12.252349853515625 5.348350524902344 0.2
-21.677000045776367 12.424449920654297 5.505350112915039 0.2
-21.582799911499023 12.505550384521484 5.699850082397461 0.2
-21.35070037841797 12.4969482421875 5.756950378417969 0.2
-21.113300323486328 12.49074935913086 5.715450286865234 0.2
-21.013198852539062 12.46194839477539 5.511951446533203 0.2
-21.14739990234375 12.397148132324219 5.329151153564453 0.2
-21.320499420166016 12.245250701904297 5.277351379394531 0.2
-21.302200317382812 12.027450561523438 5.346351623535156 0.2
-21.13520050048828 11.905147552490234 5.474950790405273 0.2
-21.0531005859375 11.846649169921875 5.683450698852539 0.2
-21.14430046081543 11.963848114013672 5.861351013183594 0.2
-21.22249984741211 12.184547424316406 5.902250289916992 0.2
-21.087099075317383 12.370349884033203 5.895750045776367 0.2
-20.8489990234375 12.398147583007812 5.87605094909668 0.2
-20.623600006103516 12.324348449707031 5.913051605224609 0.2
-20.564899444580078 12.107650756835938 5.946950912475586 0.2
-20.709199905395508 11.92354965209961 5.904350280761719 0.2
-20.833999633789062 11.830848693847656 5.730251312255859 0.2
-20.749799728393555 11.853347778320312 5.517450332641602 0.2
-20.563400268554688 11.952949523925781 5.397050857543945 0.2
-20.49839973449707 12.161251068115234 5.3258514404296875 0.2
-20.617799758911133 12.349349975585938 5.402351379394531 0.2
-20.680099487304688 12.448348999023438 5.604551315307617 0.2
-20.52120018005371 12.46474838256836 5.77385139465332 0.2
-20.288799285888672 12.424949645996094 5.827051162719727 0.2
-20.072898864746094 12.36764907836914 5.751251220703125 0.2
-20.06049919128418 12.290550231933594 5.53325080871582 0.2
-20.206998825073242 12.173149108886719 5.386451721191406 0.2
-20.2677001953125 11.955947875976562 5.421751022338867 0.2
-20.178699493408203 11.811649322509766 5.593050003051758 0.2
-20.15570068359375 11.74435043334961 5.816249847412109 0.2
-20.267799377441406 11.865947723388672 5.979150772094727 0.2
-20.34309959411621 12.092147827148438 5.996950149536133 0.2
-20.211599349975586 12.279949188232422 5.999851226806641 0.2
-19.97480010986328 12.291248321533203 6.037851333618164 0.2
-19.765199661254883 12.224849700927734 6.135751724243164 0.2
-19.67129898071289 12.037849426269531 6.232049942016602 0.2
-19.786399841308594 11.8365478515625 6.198450088500977 0.2
-19.941499710083008 11.736351013183594 6.045949935913086 0.2
-19.92729949951172 11.712348937988281 5.816150665283203 0.2
