23.623001098632812 0.8259506225585938 -4.714748382568359 0.2
23.801401138305664 0.7535476684570312 -4.765449523925781 0.2
23.911800384521484 0.5976486206054688 -4.695049285888672 0.2
23.943201065063477 0.414947509765625 -4.615348815917969 0.2
23.931800842285156 0.218048095703125 -4.569648742675781 0.2
23.871999740600586 0.041149139404296875 -4.649349212646484 0.2
23.885499954223633 -0.0274505615234375 -4.835948944091797 0.2
23.98419952392578 0.02764892578125 -4.998449325561523 0.2
24.077699661254883 0.2055511474609375 -5.020448684692383 0.2
24.050701141357422 0.4000511169433594 -4.97144889831543 0.2
23.97279930114746 0.5801506042480469 -4.923248291015625 0.2
23.839200973510742 0.7350502014160156 -4.928749084472656 0.2
23.71809959411621 0.8133506774902344 -5.068349838256836 0.2
23.73870086669922 0.824951171875 -5.267950057983398 0.2
23.895999908447266 0.7704505920410156 -5.389049530029297 0.2
24.04400062561035 0.6223487854003906 -5.345249176025391 0.2
24.09760093688965 0.4335479736328125 -5.260448455810547 0.2
24.104801177978516 0.229949951171875 -5.194849014282227 0.2
24.034400939941406 0.034748077392578125 -5.24744987487793 0.2
24.019500732421875 -0.04415130615234375 -5.442850112915039 0.2
24.099700927734375 0.017547607421875 -5.626749038696289 0.2
24.179901123046875 0.2131500244140625 -5.656049728393555 0.2
24.145200729370117 0.41864776611328125 -5.606349945068359 0.2
24.06450080871582 0.6104507446289062 -5.555948257446289 0.2
23.907499313354492 0.7567481994628906 -5.572050094604492 0.2
23.79290008544922 0.8048477172851562 -5.741449356079102 0.2
23.834199905395508 0.7855491638183594 -5.948249816894531 0.2
24.006900787353516 0.6899490356445312 -6.023948669433594 0.2
24.122100830078125 0.5192489624023438 -5.962949752807617 0.2
24.175899505615234 0.3298492431640625 -5.880048751831055 0.2
24.162700653076172 0.12204742431640625 -5.8280487060546875 0.2
24.07539939880371 -0.046451568603515625 -5.921049118041992 0.2
24.058900833129883 -0.08864974975585938 -6.127948760986328 0.2
24.137300491333008 0.022251129150390625 -6.286249160766602 0.2
24.178199768066406 0.23384857177734375 -6.289848327636719 0.2
24.131999969482422 0.4357490539550781 -6.238349914550781 0.2
24.041500091552734 0.62445068359375 -6.193048477172852 0.2
23.86530113220215 0.7395477294921875 -6.236249923706055 0.2
23.771100997924805 0.7530479431152344 -6.42344856262207 0.2
23.839500427246094 0.7033500671386719 -6.614849090576172 0.2
24.007999420166016 0.5757484436035156 -6.652349472045898 0.2
24.101200103759766 0.3954505920410156 -6.584348678588867 0.2
24.154199600219727 0.20425033569335938 -6.504848480224609 0.2
24.11050033569336 -0.004150390625 -6.467048645019531 0.2
24.013500213623047 -0.14345169067382812 -6.59014892578125 0.2
23.998701095581055 -0.15214920043945312 -6.801048278808594 0.2
24.070499420166016 -0.001949310302734375 -6.93134880065918 0.2
24.07940101623535 0.21215057373046875 -6.916448593139648 0.2
24.03219985961914 0.4144477844238281 -6.864248275756836 0.2
23.923200607299805 0.5957489013671875 -6.82135009765625 0.2
23.738901138305664 0.6785507202148438 -6.887548446655273 0.2
23.661500930786133 0.6625480651855469 -7.085149765014648 0.2
23.751300811767578 0.5830497741699219 -7.258150100708008 0.2
23.90380096435547 0.4310493469238281 -7.264749526977539 0.2
23.99020004272461 0.24734878540039062 -7.1936492919921875 0.2
24.037700653076172 0.05265045166015625 -7.115049362182617 0.2
23.964900970458984 -0.14844894409179688 -7.088949203491211 0.2
23.85810089111328 -0.2601509094238281 -7.234149932861328 0.2
23.839200973510742 -0.23834991455078125 -7.444049835205078 0.2
23.897300720214844 -0.058750152587890625 -7.545749664306641 0.2
23.89069938659668 0.15514755249023438 -7.520149230957031 0.2
23.84819984436035 0.359649658203125 -7.469648361206055 0.2
23.720699310302734 0.5286483764648438 -7.427648544311523 0.2
23.533599853515625 0.5772476196289062 -7.512849807739258 0.2
23.462900161743164 0.5334510803222656 -7.709249496459961 0.2
23.567800521850586 0.4246482849121094 -7.857248306274414 0.2
23.70330047607422 0.2564506530761719 -7.845149993896484 0.2
23.7903995513916 0.07324981689453125 -7.775749206542969 0.2
23.826099395751953 -0.12364959716796875 -7.69635009765625 0.2
23.722200393676758 -0.31024932861328125 -7.685449600219727 0.2
23.603700637817383 -0.395751953125 -7.838949203491211 0.2
23.5841007232666 -0.3387489318847656 -8.039749145507812 0.2
23.624000549316406 -0.14065170288085938 -8.116849899291992 0.2
23.6112003326416 0.07114791870117188 -8.085948944091797 0.2
23.569000244140625 0.27574920654296875 -8.03704833984375 0.2
23.416900634765625 0.42424774169921875 -7.995149612426758 0.2
23.23080062866211 0.438751220703125 -8.091650009155273 0.2
23.170801162719727 0.3687477111816406 -8.2823486328125 0.2
23.284299850463867 0.2337493896484375 -8.403749465942383 0.2
23.404300689697266 0.056949615478515625 -8.37594985961914 0.2
23.493200302124023 -0.126251220703125 -8.308248519897461 0.2
23.50659942626953 -0.3246498107910156 -8.222249984741211 0.2
23.37540054321289 -0.4906501770019531 -8.227548599243164 0.2
23.24810028076172 -0.5492515563964844 -8.388648986816406 0.2
23.228300094604492 -0.4558525085449219 -8.5771484375 0.2
23.251399993896484 -0.24695205688476562 -8.626049041748047 0.2
23.239601135253906 -0.034450531005859375 -8.59324836730957 0.2
23.189599990844727 0.16894912719726562 -8.539848327636719 0.2
23.016599655151367 0.28964996337890625 -8.49734878540039 0.2
22.833200454711914 0.2714500427246094 -8.604448318481445 0.2
22.785900115966797 0.175750732421875 -8.788148880004883 0.2
22.905200958251953 0.020450592041015625 -8.87864875793457 0.2
23.020401000976562 -0.15875244140625 -8.84214973449707 0.2
23.111900329589844 -0.34275054931640625 -8.776350021362305 0.2
23.098800659179688 -0.537750244140625 -8.683849334716797 0.2
22.94300079345703 -0.6790504455566406 -8.707649230957031 0.2
22.806400299072266 -0.7106513977050781 -8.86884880065918 0.2
22.788700103759766 -0.5800514221191406 -9.036449432373047 0.2
22.800399780273438 -0.3656501770019531 -9.063348770141602 0.2
22.792699813842773 -0.15285110473632812 -9.033148765563965 0.2
22.7278995513916 0.0433502197265625 -8.970349311828613 0.2
22.535200119018555 0.126251220703125 -8.935049057006836 0.2
22.358800888061523 0.07975006103515625 -9.045549392700195 0.2
22.337200164794922 -0.0397491455078125 -9.21774959564209 0.2
22.457300186157227 -0.2093505859375 -9.279349327087402 0.2
22.56960105895996 -0.3881492614746094 -9.23954963684082 0.2
22.65570068359375 -0.573150634765625 -9.171249389648438 0.2
22.607099533081055 -0.7590522766113281 -9.073348999023438 0.2
22.433900833129883 -0.8741493225097656 -9.108949661254883 0.2
22.298099517822266 -0.87554931640625 -9.270648956298828 0.2
22.283599853515625 -0.7172508239746094 -9.415849685668945 0.2
22.29010009765625 -0.502349853515625 -9.427148818969727 0.2
22.28339958190918 -0.28955078125 -9.39854907989502 0.2
22.198200225830078 -0.10565185546875 -9.32094955444336 0.2
21.994300842285156 -0.057849884033203125 -9.296149253845215 0.2
21.82859992980957 -0.12765121459960938 -9.41154956817627 0.2
21.831600189208984 -0.2687492370605469 -9.570149421691895 0.2
21.950000762939453 -0.4461517333984375 -9.603349685668945 0.2
22.063100814819336 -0.6245498657226562 -9.562349319458008 0.2
22.138099670410156 -0.8105506896972656 -9.48124885559082 0.2
22.055400848388672 -0.9808502197265625 -9.38244915008545 0.2
21.86750030517578 -1.0708503723144531 -9.430349349975586 0.2
21.73470115661621 -1.0402488708496094 -9.5923490524292 0.2
21.72450065612793 -0.8592491149902344 -9.709749221801758 0.2
21.732500076293945 -0.6434516906738281 -9.71454906463623 0.2
21.724899291992188 -0.42964935302734375 -9.684549331665039 0.2
21.61989974975586 -0.265350341796875 -9.591649055480957 0.2
21.408599853515625 -0.25405120849609375 -9.577949523925781 0.2
21.25279998779297 -0.3470497131347656 -9.690949440002441 0.2
21.280900955200195 -0.5084495544433594 -9.828749656677246 0.2
21.398900985717773 -0.6889495849609375 -9.842248916625977 0.2
21.513999938964844 -0.8667488098144531 -9.803949356079102 0.2
21.571800231933594 -1.0498504638671875 -9.705649375915527 0.2
21.45319938659668 -1.1979522705078125 -9.612049102783203 0.2
21.256200790405273 -1.262451171875 -9.663848876953125 0.2
21.135099411010742 -1.1956520080566406 -9.823049545288086 0.2
21.127201080322266 -1.0002517700195312 -9.916049003601074 0.2
21.138200759887695 -0.78594970703125 -9.920848846435547 0.2
21.124401092529297 -0.5745506286621094 -9.883049011230469 0.2
20.994300842285156 -0.4407501220703125 -9.77764892578125 0.2
20.783899307250977 -0.4617500305175781 -9.771749496459961 0.2
20.649499893188477 -0.5784492492675781 -9.884649276733398 0.2
20.698400497436523 -0.7555503845214844 -9.997149467468262 0.2
20.816299438476562 -0.9350509643554688 -9.995649337768555 0.2
20.930099487304688 -1.112152099609375 -9.954249382019043 0.2
20.960399627685547 -1.2868499755859375 -9.831149101257324 0.2
20.81100082397461 -1.4083518981933594 -9.747249603271484 0.2
20.61009979248047 -1.44525146484375 -9.806549072265625 0.2
20.504100799560547 -1.3427505493164062 -9.959548950195312 0.2
20.501501083374023 -1.1389503479003906 -10.028449058532715 0.2
20.515501022338867 -0.9249496459960938 -10.035849571228027 0.2
20.4906005859375 -0.71875 -9.976849555969238 0.2
20.33839988708496 -0.6229515075683594 -9.865348815917969 0.2
20.131099700927734 -0.6742515563964844 -9.865649223327637 0.2
20.0221004486084 -0.817352294921875 -9.976149559020996 0.2
20.092599868774414 -1.0039520263671875 -10.056949615478516 0.2
20.213899612426758 -1.1814498901367188 -10.048849105834961 0.2
20.324600219726562 -1.3579521179199219 -9.993948936462402 0.2
20.32229995727539 -1.5147514343261719 -9.848548889160156 0.2
20.14550018310547 -1.6081504821777344 -9.776749610900879 0.2
19.94390106201172 -1.6151504516601562 -9.84274959564209 0.2
19.858400344848633 -1.4791488647460938 -9.984549522399902 0.2
19.863300323486328 -1.2714500427246094 -10.040749549865723 0.2
19.877599716186523 -1.0571517944335938 -10.051149368286133 0.2
19.83930015563965 -0.8638496398925781 -9.965449333190918 0.2
19.66860008239746 -0.8102493286132812 -9.854848861694336 0.2
19.469600677490234 -0.8871498107910156 -9.855049133300781 0.2
19.394899368286133 -1.0542488098144531 -9.960749626159668 0.2
19.480899810791016 -1.2437515258789062 -10.015849113464355 0.2
19.60420036315918 -1.4187507629394531 -10.007349014282227 0.2
19.70709991455078 -1.5900497436523438 -9.929549217224121 0.2
19.664499282836914 -1.7225494384765625 -9.770949363708496 0.2
19.472999572753906 -1.7885513305664062 -9.707348823547363 0.2
19.280799865722656 -1.7612495422363281 -9.785849571228027 0.2
19.213300704956055 -1.6006507873535156 -9.911949157714844 0.2
19.22410011291504 -1.3933525085449219 -9.9629487991333 0.2
19.23590087890625 -1.1797523498535156 -9.96614933013916 0.2
19.178699493408203 -1.0103492736816406 -9.84904956817627 0.2
18.99970054626465 -0.9950523376464844 -9.740549087524414 0.2
18.815898895263672 -1.0978507995605469 -9.744149208068848 0.2
18.776500701904297 -1.2839508056640625 -9.839849472045898 0.2
18.87580108642578 -1.4700508117675781 -9.874849319458008 0.2
19.000499725341797 -1.6430511474609375 -9.864048957824707 0.2
19.09079933166504 -1.8022499084472656 -9.751749038696289 0.2
19.010700225830078 -1.90625 -9.589149475097656 0.2
18.80950164794922 -1.9453506469726562 -9.533449172973633 0.2
18.63050079345703 -1.8818511962890625 -9.623249053955078 0.2
18.583900451660156 -1.7031517028808594 -9.730749130249023 0.2
18.598400115966797 -1.496551513671875 -9.783649444580078 0.2
18.608501434326172 -1.2834510803222656 -9.76414966583252 0.2
18.53369903564453 -1.1480522155761719 -9.620749473571777 0.2
18.35179901123047 -1.16815185546875 -9.51314926147461 0.2
18.188800811767578 -1.3004493713378906 -9.520049095153809 0.2
18.188199996948242 -1.4984512329101562 -9.599649429321289 0.2
18.29800033569336 -1.6801490783691406 -9.626849174499512 0.2
18.42490005493164 -1.8509521484375 -9.60534954071045 0.2
18.497400283813477 -1.9865493774414062 -9.458349227905273 0.2
18.384300231933594 -2.0582504272460938 -9.29594898223877 0.2
18.17919921875 -2.0669517517089844 -9.245049476623535 0.2
18.02130126953125 -1.9656524658203125 -9.343648910522461 0.2
17.99180030822754 -1.7774505615234375 -9.440349578857422 0.2
18.005699157714844 -1.5719490051269531 -9.496748924255371 0.2
18.01609992980957 -1.36614990234375 -9.442949295043945 0.2
17.92530059814453 -1.2744522094726562 -9.278948783874512 0.2
17.753398895263672 -1.3229522705078125 -9.164548873901367 0.2
17.622900009155273 -1.4861488342285156 -9.177349090576172 0.2
17.654701232910156 -1.6878509521484375 -9.23954963684082 0.2
17.768798828125 -1.8653488159179688 -9.268049240112305 0.2
17.899200439453125 -2.027050018310547 -9.22304916381836 0.2
17.94420051574707 -2.1277503967285156 -9.044949531555176 0.2
17.815601348876953 -2.1646499633789062 -8.881948471069336 0.2
17.612600326538086 -2.136749267578125 -8.845048904418945 0.2
17.47920036315918 -2.0030517578125 -8.943649291992188 0.2
17.461200714111328 -1.8132514953613281 -9.037149429321289 0.2
17.475799560546875 -1.6069488525390625 -9.085549354553223 0.2
17.490699768066406 -1.4201507568359375 -8.986848831176758 0.2
17.399200439453125 -1.3695487976074219 -8.80634880065918 0.2
17.245201110839844 -1.44635009765625 -8.686748504638672 0.2
17.151500701904297 -1.6344490051269531 -8.703048706054688 0.2
17.20909881591797 -1.8313522338867188 -8.756549835205078 0.2
17.324100494384766 -2.007251739501953 -8.786548614501953 0.2
17.462200164794922 -2.148052215576172 -8.706548690795898 0.2
17.47909927368164 -2.2108497619628906 -8.509649276733398 0.2
17.34320068359375 -2.215850830078125 -8.348148345947266 0.2
17.145999908447266 -2.150951385498047 -8.330648422241211 0.2
17.042400360107422 -1.9942512512207031 -8.428348541259766 0.2
17.027999877929688 -1.8049507141113281 -8.523849487304688 0.2
17.055999755859375 -1.5958518981933594 -8.547449111938477 0.2
17.075000762939453 -1.4401512145996094 -8.409648895263672 0.2
16.988100051879883 -1.4236488342285156 -8.218149185180664 0.2
16.851600646972656 -1.5308494567871094 -8.102849960327148 0.2
16.795900344848633 -1.7333488464355469 -8.127849578857422 0.2
16.866300582885742 -1.9251518249511719 -8.185348510742188 0.2
16.987600326538086 -2.0976524353027344 -8.207649230957031 0.2
17.126800537109375 -2.2089500427246094 -8.095348358154297 0.2
17.11680030822754 -2.2381515502929688 -7.888648986816406 0.2
16.977100372314453 -2.2136497497558594 -7.733549118041992 0.2
16.792301177978516 -2.113849639892578 -7.741249084472656 0.2
16.712501525878906 -1.9446525573730469 -7.840349197387695 0.2
16.70170021057129 -1.7540512084960938 -7.932748794555664 0.2
16.752899169921875 -1.549652099609375 -7.922548294067383 0.2
16.770299911499023 -1.4337501525878906 -7.751850128173828 0.2
16.694801330566406 -1.4443511962890625 -7.555349349975586 0.2
16.57509994506836 -1.5838508605957031 -7.459449768066406 0.2
16.54990005493164 -1.7910499572753906 -7.494348526000977 0.2
16.62380027770996 -1.9786491394042969 -7.558750152587891 0.2
16.75870132446289 -2.1402511596679688 -7.5639495849609375 0.2
16.885799407958984 -2.2176513671875 -7.419549942016602 0.2
16.859600067138672 -2.2180519104003906 -7.211648941040039 0.2
16.712799072265625 -2.165050506591797 -7.075748443603516 0.2
16.547000885009766 -2.037250518798828 -7.104448318481445 0.2
16.485599517822266 -1.8630523681640625 -7.206348419189453 0.2
16.488500595092773 -1.66815185546875 -7.286348342895508 0.2
16.563600540161133 -1.4798507690429688 -7.233549118041992 0.2
16.578899383544922 -1.40264892578125 -7.041849136352539 0.2
16.50909996032715 -1.4421501159667969 -6.849248886108398 0.2
16.4060001373291 -1.6092491149902344 -6.779850006103516 0.2
16.4060001373291 -1.8134498596191406 -6.829248428344727 0.2
16.482799530029297 -1.9980506896972656 -6.89634895324707 0.2
16.637800216674805 -2.1399497985839844 -6.876850128173828 0.2
16.744800567626953 -2.1850509643554688 -6.707248687744141 0.2
16.705799102783203 -2.16094970703125 -6.502449035644531 0.2
16.550800323486328 -2.0800514221191406 -6.392250061035156 0.2
16.410400390625 -1.9314498901367188 -6.441450119018555 0.2
16.360000610351562 -1.7549514770507812 -6.54534912109375 0.2
16.390701293945312 -1.555450439453125 -6.605049133300781 0.2
16.479999542236328 -1.3944511413574219 -6.511049270629883 0.2
16.492700576782227 -1.3517494201660156 -6.306549072265625 0.2
16.425100326538086 -1.4242515563964844 -6.1246490478515625 0.2
16.341800689697266 -1.6128501892089844 -6.086849212646484 0.2
16.355899810791016 -1.8122520446777344 -6.151849746704102 0.2
16.443500518798828 -1.9924507141113281 -6.215349197387695 0.2
16.61240005493164 -2.107452392578125 -6.171848297119141 0.2
16.697500228881836 -2.1212501525878906 -5.984249114990234 0.2
16.649700164794922 -2.0733489990234375 -5.786348342895508 0.2
16.489500045776367 -1.9667510986328125 -5.706850051879883 0.2
16.37030029296875 -1.8058509826660156 -5.7702484130859375 0.2
16.330501556396484 -1.6257514953613281 -5.871250152587891 0.2
16.39350128173828 -1.4297523498535156 -5.9064483642578125 0.2
16.48659896850586 -1.3033523559570312 -5.774848937988281 0.2
16.50149917602539 -1.2900505065917969 -5.566549301147461 0.2
16.432498931884766 -1.3991508483886719 -5.406848907470703 0.2
16.370201110839844 -1.5994491577148438 -5.396148681640625 0.2
16.390300750732422 -1.7935523986816406 -5.473548889160156 0.2
16.495899200439453 -1.96405029296875 -5.53074836730957 0.2
16.672000885009766 -2.045452117919922 -5.46204948425293 0.2
16.745100021362305 -2.0280494689941406 -5.269248962402344 0.2
16.687400817871094 -1.9552497863769531 -5.085149765014648 0.2
16.531200408935547 -1.8268508911132812 -5.029748916625977 0.2
16.42660140991211 -1.6612510681152344 -5.103048324584961 0.2
16.400699615478516 -1.4764518737792969 -5.197050094604492 0.2
16.49690055847168 -1.292449951171875 -5.202949523925781 0.2
16.594900131225586 -1.2025489807128906 -5.047048568725586 0.2
16.616199493408203 -1.2221488952636719 -4.841348648071289 0.2
16.552900314331055 -1.3681488037109375 -4.709949493408203 0.2
16.512699127197266 -1.5717506408691406 -4.728048324584961 0.2
16.536701202392578 -1.7622489929199219 -4.811849594116211 0.2
16.672698974609375 -1.9122505187988281 -4.863849639892578 0.2
16.850601196289062 -1.9515495300292969 -4.773349761962891 0.2
16.913299560546875 -1.9009513854980469 -4.581449508666992 0.2
16.84130096435547 -1.8032493591308594 -4.414848327636719 0.2
16.69179916381836 -1.65985107421875 -4.384550094604492 0.2
16.590801239013672 -1.4937515258789062 -4.461549758911133 0.2
16.58810043334961 -1.30364990234375 -4.547248840332031 0.2
16.71030044555664 -1.1407508850097656 -4.52454948425293 0.2
16.814701080322266 -1.0855522155761719 -4.354448318481445 0.2
16.842599868774414 -1.1415519714355469 -4.157749176025391 0.2
16.789199829101562 -1.319549560546875 -4.061849594116211 0.2
16.761899948120117 -1.5217514038085938 -4.10474967956543 0.2
16.79759979248047 -1.7080497741699219 -4.191949844360352 0.2
16.959800720214844 -1.8268508911132812 -4.241649627685547 0.2
17.130800247192383 -1.8212509155273438 -4.132450103759766 0.2
17.182498931884766 -1.7410507202148438 -3.9473495483398438 0.2
17.0935001373291 -1.6229515075683594 -3.801349639892578 0.2
16.951400756835938 -1.4700508117675781 -3.7890491485595703 0.2
16.854598999023438 -1.3008499145507812 -3.8641490936279297 0.2
16.882699966430664 -1.1114501953125 -3.943449020385742 0.2
17.02680015563965 -0.9801521301269531 -3.8882484436035156 0.2
17.13840103149414 -0.9645500183105469 -3.713949203491211 0.2
17.163000106811523 -1.0664520263671875 -3.537649154663086 0.2
17.120800018310547 -1.2638511657714844 -3.4796485900878906 0.2
17.09819984436035 -1.4621505737304688 -3.5414485931396484 0.2
17.156200408935547 -1.6368522644042969 -3.6368484497070312 0.2
17.342500686645508 -1.7123489379882812 -3.672849655151367 0.2
17.495601654052734 -1.6665496826171875 -3.546548843383789 0.2
17.520999908447266 -1.5668525695800781 -3.367349624633789 0.2
17.41510009765625 -1.43585205078125 -3.24224853515625 0.2
17.277700424194336 -1.2793502807617188 -3.247049331665039 0.2
17.19369888305664 -1.103851318359375 -3.3208484649658203 0.2
17.26300048828125 -0.9214515686035156 -3.3866500854492188 0.2
17.422000885009766 -0.8315505981445312 -3.299549102783203 0.2
17.527099609375 -0.8657493591308594 -3.124248504638672 0.2
17.537601470947266 -1.0108489990234375 -2.9766483306884766 0.2
17.49850082397461 -1.214752197265625 -2.9600486755371094 0.2
17.48080062866211 -1.408050537109375 -3.036548614501953 0.2
17.575199127197266 -1.559051513671875 -3.143148422241211 0.2
17.774200439453125 -1.5891494750976562 -3.143749237060547 0.2
17.892601013183594 -1.5152511596679688 -2.9931488037109375 0.2
17.88140106201172 -1.4050521850585938 -2.8175487518310547 0.2
17.7593994140625 -1.2628517150878906 -2.722949981689453 0.2
17.627899169921875 -1.1030502319335938 -2.7460498809814453 0.2
17.578800201416016 -0.9191513061523438 -2.8287487030029297 0.2
17.697999954223633 -0.7592506408691406 -2.8657493591308594 0.2
17.86130142211914 -0.7209510803222656 -2.748748779296875 0.2
17.955699920654297 -0.7968521118164062 -2.580648422241211 0.2
17.947399139404297 -0.975250244140625 -2.470548629760742 0.2
17.902000427246094 -1.1771507263183594 -2.491649627685547 0.2
17.900699615478516 -1.3633499145507812 -2.584148406982422 0.2
18.039199829101562 -1.4743499755859375 -2.6864490509033203 0.2
18.231700897216797 -1.4504508972167969 -2.634349822998047 0.2
18.315200805664062 -1.3519515991210938 -2.472349166870117 0.2
18.269100189208984 -1.2247505187988281 -2.3128490447998047 0.2
18.140701293945312 -1.0698509216308594 -2.259248733520508 0.2
18.02429962158203 -0.9028511047363281 -2.30364990234375 0.2
18.03849983215332 -0.7204513549804688 -2.396648406982422 0.2
18.207698822021484 -0.6134490966796875 -2.3805484771728516 0.2
18.354000091552734 -0.6437492370605469 -2.2389488220214844 0.2
18.40920066833496 -0.7759513854980469 -2.088348388671875 0.2
18.384601593017578 -0.9760513305664062 -2.033048629760742 0.2
18.34119987487793 -1.1724510192871094 -2.0891494750976562 0.2
18.386001586914062 -1.3328514099121094 -2.209949493408203 0.2
18.57110023498535 -1.3721504211425781 -2.2792491912841797 0.2
18.736900329589844 -1.2988510131835938 -2.184049606323242 0.2
18.78700065612793 -1.188751220703125 -2.0168495178222656 0.2
18.70240020751953 -1.0441513061523438 -1.8905487060546875 0.2
18.568599700927734 -0.8846511840820312 -1.8811492919921875 0.2
18.50640106201172 -0.7036514282226562 -1.9583492279052734 0.2
18.610300064086914 -0.5516510009765625 -2.0496482849121094 0.2
18.79960060119629 -0.4672508239746094 -2.0485496520996094 0.2
18.95949935913086 -0.4996490478515625 -1.931650161743164 0.2
18.975000381469727 -0.6667518615722656 -1.8061485290527344 0.2
18.92409896850586 -0.8678512573242188 -1.790048599243164 0.2
18.905899047851562 -1.0639495849609375 -1.8538494110107422 0.2
19.01609992980957 -1.1894493103027344 -1.975149154663086 0.2
19.214399337768555 -1.1669502258300781 -1.9732494354248047 0.2
19.328899383544922 -1.0563507080078125 -1.8422489166259766 0.2
19.317399978637695 -0.9186515808105469 -1.6856498718261719 0.2
19.201000213623047 -0.7613525390625 -1.616048812866211 0.2
19.071701049804688 -0.6010513305664062 -1.6457500457763672 0.2
19.056400299072266 -0.4251518249511719 -1.7521495819091797 0.2
19.21660041809082 -0.30915069580078125 -1.7873497009277344 0.2
19.391700744628906 -0.3216514587402344 -1.6805496215820312 0.2
19.48400115966797 -0.4373512268066406 -1.534149169921875 0.2
19.480100631713867 -0.6303520202636719 -1.455148696899414 0.2
19.431699752807617 -0.8318519592285156 -1.4770488739013672 0.2
19.440401077270508 -1.0083503723144531 -1.5843486785888672 0.2
19.59130096435547 -1.0691490173339844 -1.704549789428711 0.2
19.776100158691406 -0.9937515258789062 -1.6672496795654297 0.2
19.86680030822754 -0.8687515258789062 -1.5285491943359375 0.2
19.824399948120117 -0.7201499938964844 -1.3853492736816406 0.2
19.701099395751953 -0.5597496032714844 -1.3369483947753906 0.2
19.58570098876953 -0.39134979248046875 -1.3774490356445312 0.2
19.606700897216797 -0.22665023803710938 -1.4963493347167969 0.2
19.791601181030273 -0.14905166625976562 -1.5104484558105469 0.2
19.959699630737305 -0.19605255126953125 -1.399648666381836 0.2
20.03569984436035 -0.3357505798339844 -1.2624492645263672 0.2
20.01650047302246 -0.5351524353027344 -1.2064495086669922 0.2
19.966899871826172 -0.7347488403320312 -1.2424488067626953 0.2
20.005001068115234 -0.8909492492675781 -1.3698501586914062 0.2
20.184999465942383 -0.90875244140625 -1.4571495056152344 0.2
20.352100372314453 -0.810150146484375 -1.3889484405517578 0.2
20.413400650024414 -0.6697502136230469 -1.2471485137939453 0.2
20.347200393676758 -0.5036506652832031 -1.1388492584228516 0.2
20.21380043029785 -0.3441505432128906 -1.1179485321044922 0.2
20.12980079650879 -0.1755523681640625 -1.2017498016357422 0.2
20.22249984741211 -0.051052093505859375 -1.3323497772216797 0.2
20.425399780273438 -0.02465057373046875 -1.3597488403320312 0.2
20.602800369262695 -0.09955215454101562 -1.2836494445800781 0.2
20.66119956970215 -0.2732505798339844 -1.1818485260009766 0.2
20.616500854492188 -0.47344970703125 -1.141550064086914 0.2
20.582799911499023 -0.6680488586425781 -1.2023487091064453 0.2
20.659799575805664 -0.7584495544433594 -1.3674488067626953 0.2
20.833900451660156 -0.6872520446777344 -1.445749282836914 0.2
20.971399307250977 -0.5383491516113281 -1.4020500183105469 0.2
20.994800567626953 -0.35465240478515625 -1.3015499114990234 0.2
20.898300170898438 -0.18384933471679688 -1.2302494049072266 0.2
20.768199920654297 -0.022552490234375 -1.2409496307373047 0.2
20.719600677490234 0.09894943237304688 -1.3981494903564453 0.2
20.853200912475586 0.13774871826171875 -1.5474491119384766 0.2
21.05109977722168 0.09444808959960938 -1.5867500305175781 0.2
21.19849967956543 -0.03945159912109375 -1.5166492462158203 0.2
21.218599319458008 -0.22735214233398438 -1.4288482666015625 0.2
21.17959976196289 -0.4290504455566406 -1.3955497741699219 0.2
21.144001007080078 -0.5923500061035156 -1.5172500610351562 0.2
21.23270034790039 -0.5977516174316406 -1.6977500915527344 0.2
21.379301071166992 -0.47344970703125 -1.774148941040039 0.2
21.4783992767334 -0.29215240478515625 -1.7343482971191406 0.2
21.45240020751953 -0.10174942016601562 -1.6511497497558594 0.2
21.345199584960938 0.0686492919921875 -1.5946483612060547 0.2
21.20560073852539 0.20745086669921875 -1.6623497009277344 0.2
21.215200424194336 0.2826499938964844 -1.848348617553711 0.2
21.39150047302246 0.27124786376953125 -1.954549789428711 0.2
21.582300186157227 0.1871490478515625 -1.93804931640625 0.2
21.68480110168457 0.0240478515625 -1.8509483337402344 0.2
21.686599731445312 -0.17155075073242188 -1.775848388671875 0.2
21.635700225830078 -0.3741493225097656 -1.7784500122070312 0.2
21.623600006103516 -0.5021514892578125 -1.9365501403808594 0.2
21.75029945373535 -0.46125030517578125 -2.090848922729492 0.2
21.89900016784668 -0.31925201416015625 -2.1263484954833984 0.2
21.966100692749023 -0.13164901733398438 -2.0527496337890625 0.2
21.90730094909668 0.0545501708984375 -1.9757499694824219 0.2
21.785200119018555 0.22304916381835938 -1.9473495483398438 0.2
21.672100067138672 0.35704803466796875 -2.0580501556396484 0.2
21.75710105895996 0.4293479919433594 -2.226449966430664 0.2
21.95870018005371 0.41555023193359375 -2.2767486572265625 0.2
22.133899688720703 0.3163490295410156 -2.2148494720458984 0.2
22.192800521850586 0.13454818725585938 -2.128049850463867 0.2
22.172500610351562 -0.0664520263671875 -2.0685501098632812 0.2
22.122800827026367 -0.26525115966796875 -2.1057491302490234 0.2
22.143800735473633 -0.3638496398925781 -2.283449172973633 0.2
22.277999877929688 -0.3123512268066406 -2.433349609375 0.2
22.418399810791016 -0.16485214233398438 -2.465648651123047 0.2
22.44540023803711 0.03244781494140625 -2.388948440551758 0.2
22.34830093383789 0.21054840087890625 -2.334749221801758 0.2
22.20870018005371 0.36614990234375 -2.3647499084472656 0.2
22.1658992767334 0.487548828125 -2.524250030517578 0.2
22.319700241088867 0.5466499328613281 -2.6482486724853516 0.2
22.52680015563965 0.5295486450195312 -2.652750015258789 0.2
22.66320037841797 0.4051475524902344 -2.5545482635498047 0.2
22.676599502563477 0.21355056762695312 -2.469348907470703 0.2
22.649200439453125 0.010250091552734375 -2.4235496520996094 0.2
22.60810089111328 -0.1795501708984375 -2.5015487670898438 0.2
22.642099380493164 -0.26725006103515625 -2.6866493225097656 0.2
22.767601013183594 -0.2380523681640625 -2.8494491577148438 0.2
22.89780044555664 -0.08105087280273438 -2.8534488677978516 0.2
22.88159942626953 0.11014938354492188 -2.7626495361328125 0.2
22.77680015563965 0.28704833984375 -2.7173500061035156 0.2
22.65760040283203 0.45005035400390625 -2.786548614501953 0.2
22.65369987487793 0.5725479125976562 -2.9543495178222656 0.2
22.79319953918457 0.6460494995117188 -3.090749740600586 0.2
22.9955997467041 0.6177482604980469 -3.078248977661133 0.2
23.08880043029785 0.46125030517578125 -2.9755496978759766 0.2
23.09040069580078 0.2633476257324219 -2.9016494750976562 0.2
23.07040023803711 0.055049896240234375 -2.878049850463867 0.2
23.047500610351562 -0.12205123901367188 -2.990449905395508 0.2
23.103099822998047 -0.19195175170898438 -3.1800498962402344 0.2
23.243200302124023 -0.1289520263671875 -3.3158493041992188 0.2
23.336000442504883 0.0545501708984375 -3.2851486206054688 0.2
23.284099578857422 0.24755096435546875 -3.2167491912841797 0.2
23.181100845336914 0.427947998046875 -3.1781482696533203 0.2
23.047300338745117 0.5798492431640625 -3.2443485260009766 0.2
22.986299514770508 0.6697502136230469 -3.424549102783203 0.2
23.073299407958984 0.7014503479003906 -3.6098499298095703 0.2
23.26289939880371 0.6239509582519531 -3.632049560546875 0.2
23.350500106811523 0.44934844970703125 -3.5454483032226562 0.2
23.35140037536621 0.2507476806640625 -3.47344970703125 0.2
23.30970001220703 0.041950225830078125 -3.4698486328125 0.2
23.298200607299805 -0.10065078735351562 -3.6192493438720703 0.2
23.42099952697754 -0.08214950561523438 -3.7857494354248047 0.2
23.573699951171875 0.046550750732421875 -3.844348907470703 0.2
23.625900268554688 0.2447509765625 -3.7898483276367188 0.2
23.555299758911133 0.4367485046386719 -3.7361488342285156 0.2
23.441999435424805 0.6144485473632812 -3.7166500091552734 0.2
23.3085994720459 0.7432479858398438 -3.819549560546875 0.2
23.301700592041016 0.8092498779296875 -4.017250061035156 0.2
23.444499969482422 0.8163490295410156 -4.170549392700195 0.2
23.635299682617188 0.7106475830078125 -4.138750076293945 0.2
23.69230079650879 0.5162506103515625 -4.044248580932617 0.2
23.691299438476562 0.3034477233886719 -3.975849151611328 0.2
23.643301010131836 0.08934783935546875 -4.029449462890625 0.2
23.66390037536621 -0.01615142822265625 -4.220348358154297 0.2
23.7903995513916 0.02864837646484375 -4.391948699951172 0.2
23.895299911499023 0.22385025024414062 -4.396949768066406 0.2
23.846200942993164 0.4340476989746094 -4.336948394775391 0.2
23.740400314331055 0.6271476745605469 -4.295848846435547 0.2
23.586200714111328 0.7730484008789062 -4.374149322509766 0.2
23.55120086669922 0.8281478881835938 -4.583250045776367 0.2
