24.249900817871094 -1.5148506164550781 -4.496250152587891 0.2
24.42770004272461 -1.5979499816894531 -4.523748397827148 0.2
24.52359962463379 -1.7522506713867188 -4.434148788452148 0.2
24.539899826049805 -1.9294509887695312 -4.34014892578125 0.2
24.510700225830078 -2.122852325439453 -4.289949417114258 0.2
24.450700759887695 -2.296649932861328 -4.372749328613281 0.2
24.476600646972656 -2.37445068359375 -4.554248809814453 0.2
24.588899612426758 -2.3310508728027344 -4.710048675537109 0.2
24.688499450683594 -2.1572494506835938 -4.731649398803711 0.2
24.663999557495117 -1.9608497619628906 -4.693349838256836 0.2
24.58679962158203 -1.7778511047363281 -4.659448623657227 0.2
24.455101013183594 -1.6251487731933594 -4.691648483276367 0.2
24.356399536132812 -1.5567512512207031 -4.850849151611328 0.2
24.396900177001953 -1.5584487915039062 -5.047048568725586 0.2
24.561800003051758 -1.6266517639160156 -5.147649765014648 0.2
24.697599411010742 -1.7769508361816406 -5.082149505615234 0.2
24.734800338745117 -1.9607505798339844 -4.980949401855469 0.2
24.72279930114746 -2.15985107421875 -4.905550003051758 0.2
24.645599365234375 -2.3510513305664062 -4.959348678588867 0.2
24.642499923706055 -2.437549591064453 -5.151449203491211 0.2
24.736801147460938 -2.389850616455078 -5.331748962402344 0.2
24.827600479125977 -2.2007522583007812 -5.366548538208008 0.2
24.799800872802734 -1.9925498962402344 -5.328548431396484 0.2
24.722000122070312 -1.7970504760742188 -5.292949676513672 0.2
24.570199966430664 -1.6510505676269531 -5.3327484130859375 0.2
24.47260093688965 -1.6122512817382812 -5.514249801635742 0.2
24.525400161743164 -1.6469497680664062 -5.715549468994141 0.2
24.69700050354004 -1.7537498474121094 -5.774648666381836 0.2
24.801300048828125 -1.9230499267578125 -5.695650100708008 0.2
24.840099334716797 -2.1070518493652344 -5.595348358154297 0.2
24.80820083618164 -2.3097496032714844 -5.5350494384765625 0.2
24.720399856567383 -2.475250244140625 -5.630350112915039 0.2
24.716699600219727 -2.5258522033691406 -5.835548400878906 0.2
24.8080997467041 -2.427349090576172 -5.99424934387207 0.2
24.85849952697754 -2.2190513610839844 -6.007549285888672 0.2
24.818099975585938 -2.013751983642578 -5.9678497314453125 0.2
24.72800064086914 -1.8224525451660156 -5.938348770141602 0.2
24.5580997467041 -1.7105522155761719 -6.003549575805664 0.2
24.4773006439209 -1.7079505920410156 -6.197149276733398 0.2
24.552499771118164 -1.7724494934082031 -6.380649566650391 0.2
24.71700096130371 -1.9072494506835938 -6.402349472045898 0.2
24.80150032043457 -2.083148956298828 -6.315948486328125 0.2
24.84160041809082 -2.2686500549316406 -6.2189483642578125 0.2
24.781200408935547 -2.47125244140625 -6.1777496337890625 0.2
24.687700271606445 -2.6077499389648438 -6.305549621582031 0.2
24.683700561523438 -2.623249053955078 -6.516048431396484 0.2
24.764699935913086 -2.480449676513672 -6.648448944091797 0.2
24.77869987487793 -2.2669525146484375 -6.643848419189453 0.2
24.735200881958008 -2.06195068359375 -6.602649688720703 0.2
24.620399475097656 -1.8815498352050781 -6.577548980712891 0.2
24.44379997253418 -1.8087501525878906 -6.667549133300781 0.2
24.37969970703125 -1.8381500244140625 -6.867948532104492 0.2
24.477500915527344 -1.9334487915039062 -7.026948928833008 0.2
24.623001098632812 -2.0905494689941406 -7.0135498046875 0.2
24.701200485229492 -2.268749237060547 -6.923648834228516 0.2
24.732799530029297 -2.458751678466797 -6.82874870300293 0.2
24.641599655151367 -2.651050567626953 -6.805448532104492 0.2
24.539600372314453 -2.7578506469726562 -6.95734977722168 0.2
24.53219985961914 -2.7391510009765625 -7.167549133300781 0.2
24.597999572753906 -2.5638504028320312 -7.270849227905273 0.2
24.595699310302734 -2.349651336669922 -7.255048751831055 0.2
24.554000854492188 -2.142749786376953 -7.215749740600586 0.2
24.417301177978516 -1.9781494140625 -7.192249298095703 0.2
24.240100860595703 -1.9414520263671875 -7.299848556518555 0.2
24.182701110839844 -1.9974517822265625 -7.496950149536133 0.2
24.295299530029297 -2.1199493408203125 -7.627248764038086 0.2
24.42340087890625 -2.2898521423339844 -7.5939483642578125 0.2
24.503400802612305 -2.4677505493164062 -7.505748748779297 0.2
24.519500732421875 -2.65985107421875 -7.411249160766602 0.2
24.400300979614258 -2.83544921875 -7.408149719238281 0.2
24.288400650024414 -2.916351318359375 -7.569149017333984 0.2
24.283100128173828 -2.8613510131835938 -7.77094841003418 0.2
24.330400466918945 -2.666950225830078 -7.85114860534668 0.2
24.322500228881836 -2.454151153564453 -7.830549240112305 0.2
24.277999877929688 -2.248149871826172 -7.792348861694336 0.2
24.11709976196289 -2.1064491271972656 -7.770750045776367 0.2
23.941299438476562 -2.1019515991210938 -7.885648727416992 0.2
23.894800186157227 -2.1829490661621094 -8.074748992919922 0.2
24.0137996673584 -2.3286514282226562 -8.176349639892578 0.2
24.127399444580078 -2.5044517517089844 -8.128448486328125 0.2
24.208499908447266 -2.682849884033203 -8.04224967956543 0.2
24.199800491333008 -2.8747520446777344 -7.943248748779297 0.2
24.057300567626953 -3.0290489196777344 -7.9577484130859375 0.2
23.938100814819336 -3.084949493408203 -8.125349044799805 0.2
23.933700561523438 -2.995250701904297 -8.31614875793457 0.2
23.964099884033203 -2.7898521423339844 -8.371950149536133 0.2
23.957599639892578 -2.576251983642578 -8.350749969482422 0.2
23.903499603271484 -2.3719520568847656 -8.307849884033203 0.2
23.72450065612793 -2.2569503784179688 -8.286048889160156 0.2
23.55000114440918 -2.2816505432128906 -8.40574836730957 0.2
23.514299392700195 -2.3881492614746094 -8.585149765014648 0.2
23.63450050354004 -2.552349090576172 -8.655248641967773 0.2
23.743600845336914 -2.7296524047851562 -8.599849700927734 0.2
23.82550048828125 -2.9097518920898438 -8.5146484375 0.2
23.791200637817383 -3.0947494506835938 -8.409549713134766 0.2
23.627099990844727 -3.224651336669922 -8.438749313354492 0.2
23.496999740600586 -3.255451202392578 -8.60474967956543 0.2
23.491899490356445 -3.132152557373047 -8.778450012207031 0.2
23.512001037597656 -2.921051025390625 -8.817850112915039 0.2
23.510700225830078 -2.707050323486328 -8.80164909362793 0.2
23.444299697875977 -2.50885009765625 -8.750249862670898 0.2
23.25040054321289 -2.4259490966796875 -8.72854995727539 0.2
23.075599670410156 -2.474651336669922 -8.840349197387695 0.2
23.055500030517578 -2.6053504943847656 -9.003849029541016 0.2
23.171899795532227 -2.7820510864257812 -9.048648834228516 0.2
23.280000686645508 -2.9584503173828125 -8.992548942565918 0.2
23.357099533081055 -3.1391525268554688 -8.905649185180664 0.2
23.291799545288086 -3.3122520446777344 -8.796348571777344 0.2
23.112600326538086 -3.4170494079589844 -8.832748413085938 0.2
22.981399536132812 -3.419849395751953 -8.997549057006836 0.2
22.975900650024414 -3.270751953125 -9.152149200439453 0.2
22.990100860595703 -3.0580520629882812 -9.179049491882324 0.2
22.989299774169922 -2.8441505432128906 -9.164949417114258 0.2
22.904600143432617 -2.6565513610839844 -9.098249435424805 0.2
22.701601028442383 -2.604450225830078 -9.080549240112305 0.2
22.53380012512207 -2.6747512817382812 -9.191749572753906 0.2
22.53339958190918 -2.8257522583007812 -9.340249061584473 0.2
22.647300720214844 -3.0073509216308594 -9.359649658203125 0.2
22.756999969482422 -3.1834487915039062 -9.303949356079102 0.2
22.823699951171875 -3.3639488220214844 -9.206149101257324 0.2
22.729299545288086 -3.5214500427246094 -9.098249435424805 0.2
22.538299560546875 -3.6035499572753906 -9.146049499511719 0.2
22.40959930419922 -3.5769500732421875 -9.311649322509766 0.2
22.40679931640625 -3.404949188232422 -9.441449165344238 0.2
22.421199798583984 -3.1908493041992188 -9.461548805236816 0.2
22.41830062866211 -2.975849151611328 -9.444748878479004 0.2
22.31599998474121 -2.805450439453125 -9.361848831176758 0.2
22.105501174926758 -2.78594970703125 -9.350648880004883 0.2
21.94569969177246 -2.8779525756835938 -9.457649230957031 0.2
21.96820068359375 -3.0474510192871094 -9.585848808288574 0.2
22.082399368286133 -3.230449676513672 -9.5879487991333 0.2
22.194499969482422 -3.406452178955078 -9.536849021911621 0.2
22.245500564575195 -3.583251953125 -9.425148963928223 0.2
22.119699478149414 -3.719348907470703 -9.324249267578125 0.2
21.920700073242188 -3.777252197265625 -9.374649047851562 0.2
21.802600860595703 -3.7160491943359375 -9.537949562072754 0.2
21.800199508666992 -3.5279502868652344 -9.644349098205566 0.2
21.816600799560547 -3.3151512145996094 -9.663349151611328 0.2
21.807600021362305 -3.10205078125 -9.637449264526367 0.2
21.681800842285156 -2.9594497680664062 -9.539949417114258 0.2
21.47100067138672 -2.9709510803222656 -9.532149314880371 0.2
21.33139991760254 -3.0880508422851562 -9.637049674987793 0.2
21.374000549316406 -3.2726516723632812 -9.739349365234375 0.2
21.488100051879883 -3.4537506103515625 -9.727648735046387 0.2
21.598499298095703 -3.6295509338378906 -9.675148963928223 0.2
21.62380027770996 -3.7957496643066406 -9.54024887084961 0.2
21.470199584960938 -3.904552459716797 -9.447949409484863 0.2
21.267799377441406 -3.9354515075683594 -9.503949165344238 0.2
21.16390037536621 -3.84014892578125 -9.662649154663086 0.2
21.165800094604492 -3.6424522399902344 -9.746349334716797 0.2
21.184499740600586 -3.4301490783691406 -9.76824951171875 0.2
21.166601181030273 -3.2204513549804688 -9.721949577331543 0.2
21.02120018005371 -3.1110496520996094 -9.61454963684082 0.2
20.812000274658203 -3.150951385498047 -9.607349395751953 0.2
20.69460105895996 -3.2946510314941406 -9.706949234008789 0.2
20.756900787353516 -3.4874496459960938 -9.779048919677734 0.2
20.873701095581055 -3.666950225830078 -9.762449264526367 0.2
20.981300354003906 -3.842052459716797 -9.699149131774902 0.2
20.979999542236328 -3.9886512756347656 -9.543649673461914 0.2
20.802499771118164 -4.069450378417969 -9.461349487304688 0.2
20.59939956665039 -4.073150634765625 -9.52234935760498 0.2
20.51340103149414 -3.947650909423828 -9.672849655151367 0.2
20.52079963684082 -3.7454490661621094 -9.745348930358887 0.2
20.53969955444336 -3.5332489013671875 -9.771049499511719 0.2
20.513599395751953 -3.3322525024414062 -9.701048851013184 0.2
20.353300094604492 -3.2574501037597656 -9.5879487991333 0.2
20.15019989013672 -3.3198509216308594 -9.574748992919922 0.2
20.05980110168457 -3.4860496520996094 -9.66784954071045 0.2
20.134201049804688 -3.6814498901367188 -9.718449592590332 0.2
20.252300262451172 -3.859050750732422 -9.7035493850708 0.2
20.354700088500977 -4.029151916503906 -9.623649597167969 0.2
20.323400497436523 -4.152252197265625 -9.455049514770508 0.2
20.1343994140625 -4.207851409912109 -9.378349304199219 0.2
19.93869972229004 -4.183650970458984 -9.448549270629883 0.2
19.86590003967285 -4.036651611328125 -9.587248802185059 0.2
19.877201080322266 -3.8343505859375 -9.654449462890625 0.2
19.894899368286133 -3.6227493286132812 -9.676749229431152 0.2
19.85740089416504 -3.4368515014648438 -9.577749252319336 0.2
19.689899444580078 -3.3940505981445312 -9.460349082946777 0.2
19.497900009155273 -3.4796524047851562 -9.444748878479004 0.2
19.43480110168457 -3.6646499633789062 -9.527749061584473 0.2
19.520700454711914 -3.857452392578125 -9.560449600219727 0.2
19.640100479125977 -4.033649444580078 -9.54634952545166 0.2
19.73699951171875 -4.192352294921875 -9.439449310302734 0.2
19.677101135253906 -4.287750244140625 -9.263548851013184 0.2
19.479999542236328 -4.317352294921875 -9.191049575805664 0.2
19.293100357055664 -4.262351989746094 -9.269049644470215 0.2
19.2367000579834 -4.096851348876953 -9.391849517822266 0.2
19.25080108642578 -3.8954505920410156 -9.461548805236816 0.2
19.269500732421875 -3.6826515197753906 -9.469149589538574 0.2
19.221799850463867 -3.5209503173828125 -9.341649055480957 0.2
19.050701141357422 -3.510650634765625 -9.217848777770996 0.2
18.87459945678711 -3.6235504150390625 -9.196748733520508 0.2
18.845500946044922 -3.823650360107422 -9.265149116516113 0.2
18.942001342773438 -4.0126495361328125 -9.29004955291748 0.2
19.063100814819336 -4.1878509521484375 -9.27234935760498 0.2
19.152400970458984 -4.324150085449219 -9.135249137878418 0.2
19.063199996948242 -4.385951995849609 -8.956850051879883 0.2
18.86389923095703 -4.386951446533203 -8.885648727416992 0.2
18.693199157714844 -4.2987518310546875 -8.973548889160156 0.2
18.652000427246094 -4.1217498779296875 -9.085549354553223 0.2
18.664899826049805 -3.9224510192871094 -9.160149574279785 0.2
18.686500549316406 -3.7118492126464844 -9.14064884185791 0.2
18.624000549316406 -3.585948944091797 -8.986749649047852 0.2
18.45949935913086 -3.6047515869140625 -8.855249404907227 0.2
18.31060028076172 -3.7496490478515625 -8.838348388671875 0.2
18.31420135498047 -3.9567489624023438 -8.891550064086914 0.2
18.417200088500977 -4.140949249267578 -8.91604995727539 0.2
18.542400360107422 -4.309150695800781 -8.882549285888672 0.2
18.613201141357422 -4.412151336669922 -8.713048934936523 0.2
18.503398895263672 -4.439350128173828 -8.537349700927734 0.2
18.305200576782227 -4.409049987792969 -8.480249404907227 0.2
18.156600952148438 -4.2897491455078125 -8.575048446655273 0.2
18.12929916381836 -4.1076507568359375 -8.680448532104492 0.2
18.142200469970703 -3.908050537109375 -8.75094985961914 0.2
18.171001434326172 -3.7068519592285156 -8.689149856567383 0.2
18.100399017333984 -3.621051788330078 -8.514148712158203 0.2
17.94900131225586 -3.6695518493652344 -8.376949310302734 0.2
17.83370018005371 -3.8445510864257812 -8.367149353027344 0.2
17.869400024414062 -4.0487518310546875 -8.411449432373047 0.2
17.97450065612793 -4.231052398681641 -8.438749313354492 0.2
18.110401153564453 -4.382049560546875 -8.375249862670898 0.2
18.153301239013672 -4.446449279785156 -8.183050155639648 0.2
18.028400421142578 -4.4414520263671875 -8.013448715209961 0.2
17.833099365234375 -4.377552032470703 -7.980049133300781 0.2
17.715700149536133 -4.231651306152344 -8.079948425292969 0.2
17.696399688720703 -4.048351287841797 -8.185049057006836 0.2
17.720500946044922 -3.8436508178710938 -8.235349655151367 0.2
17.752300262451172 -3.666851043701172 -8.127948760986328 0.2
17.67329978942871 -3.622852325439453 -7.938549041748047 0.2
17.534900665283203 -3.708049774169922 -7.807649612426758 0.2
17.460899353027344 -3.9065513610839844 -7.813749313354492 0.2
17.518600463867188 -4.105350494384766 -7.859249114990234 0.2
17.62860107421875 -4.285152435302734 -7.8811492919921875 0.2
17.772600173950195 -4.406551361083984 -7.785848617553711 0.2
17.78369903564453 -4.4313507080078125 -7.580848693847656 0.2
17.652000427246094 -4.396549224853516 -7.420848846435547 0.2
17.464900970458984 -4.301448822021484 -7.41834831237793 0.2
17.372600555419922 -4.140750885009766 -7.521049499511719 0.2
17.355300903320312 -3.9573516845703125 -7.625249862670898 0.2
17.399499893188477 -3.7521514892578125 -7.6452484130859375 0.2
17.42609977722168 -3.611652374267578 -7.496648788452148 0.2
17.351299285888672 -3.6031494140625 -7.300649642944336 0.2
17.229999542236328 -3.728851318359375 -7.189748764038086 0.2
17.194801330566406 -3.9376487731933594 -7.206048965454102 0.2
17.262901306152344 -4.1311492919921875 -7.255548477172852 0.2
17.388198852539062 -4.300251007080078 -7.263050079345703 0.2
17.530601501464844 -4.380451202392578 -7.134149551391602 0.2
17.520000457763672 -4.36865234375 -6.927249908447266 0.2
17.38050079345703 -4.306850433349609 -6.787448883056641 0.2
17.207000732421875 -4.187450408935547 -6.81104850769043 0.2
17.132099151611328 -4.022449493408203 -6.91834831237793 0.2
17.12030029296875 -3.835948944091797 -7.015249252319336 0.2
17.188199996948242 -3.637950897216797 -6.993949890136719 0.2
17.207401275634766 -3.5392494201660156 -6.814949035644531 0.2
17.137001037597656 -3.569549560546875 -6.620948791503906 0.2
17.038000106811523 -3.7327499389648438 -6.536449432373047 0.2
17.038799285888672 -3.9412498474121094 -6.564548492431641 0.2
17.112701416015625 -4.131752014160156 -6.615848541259766 0.2
17.26449966430664 -4.277851104736328 -6.604648590087891 0.2
17.394100189208984 -4.313449859619141 -6.449850082397461 0.2
17.366199493408203 -4.268951416015625 -6.247549057006836 0.2
17.21660041809082 -4.181449890136719 -6.1340484619140625 0.2
17.062700271606445 -4.04425048828125 -6.180448532104492 0.2
16.99359893798828 -3.8792495727539062 -6.291648864746094 0.2
17.002300262451172 -3.6859512329101562 -6.374149322509766 0.2
17.087100982666016 -3.508350372314453 -6.30994987487793 0.2
17.10110092163086 -3.45355224609375 -6.110048294067383 0.2
17.038000106811523 -3.524951934814453 -5.925348281860352 0.2
16.967599868774414 -3.7161521911621094 -5.870550155639648 0.2
16.989398956298828 -3.9209518432617188 -5.912849426269531 0.2
17.076099395751953 -4.105949401855469 -5.962749481201172 0.2
17.251300811767578 -4.214649200439453 -5.929948806762695 0.2
17.35580062866211 -4.204750061035156 -5.753849029541016 0.2
17.316200256347656 -4.132152557373047 -5.562049865722656 0.2
17.156400680541992 -4.021751403808594 -5.483648300170898 0.2
17.021400451660156 -3.8742523193359375 -5.549549102783203 0.2
16.957698822021484 -3.7076492309570312 -5.660648345947266 0.2
17.00080108642578 -3.511951446533203 -5.720348358154297 0.2
17.090900421142578 -3.373249053955078 -5.602548599243164 0.2
17.09870147705078 -3.371349334716797 -5.394449234008789 0.2
17.037799835205078 -3.492950439453125 -5.237848281860352 0.2
16.999000549316406 -3.698749542236328 -5.211948394775391 0.2
17.0314998626709 -3.8988494873046875 -5.266448974609375 0.2
17.1416015625 -4.069252014160156 -5.314949035644531 0.2
17.32859992980957 -4.129550933837891 -5.255849838256836 0.2
17.40169906616211 -4.0776519775390625 -5.07135009765625 0.2
17.332698822021484 -3.980152130126953 -4.902448654174805 0.2
17.17259979248047 -3.850849151611328 -4.853748321533203 0.2
17.052101135253906 -3.6978492736816406 -4.930549621582031 0.2
17.002500534057617 -3.5245513916015625 -5.036348342895508 0.2
17.086898803710938 -3.3375511169433594 -5.068550109863281 0.2
17.188800811767578 -3.2437515258789062 -4.92034912109375 0.2
17.207000732421875 -3.2803497314453125 -4.716848373413086 0.2
17.15890121459961 -3.434051513671875 -4.582849502563477 0.2
17.13759994506836 -3.6417503356933594 -4.583148956298828 0.2
17.16950035095215 -3.8389511108398438 -4.645849227905273 0.2
17.31399917602539 -3.9819488525390625 -4.691648483276367 0.2
17.49610137939453 -3.990550994873047 -4.603649139404297 0.2
17.547300338745117 -3.9024505615234375 -4.423149108886719 0.2
17.463600158691406 -3.7800521850585938 -4.277448654174805 0.2
17.313499450683594 -3.6341514587402344 -4.262248992919922 0.2
17.200000762939453 -3.480548858642578 -4.347848892211914 0.2
17.188899993896484 -3.300251007080078 -4.452348709106445 0.2
17.31599998474121 -3.1422500610351562 -4.4427490234375 0.2
17.420900344848633 -3.109649658203125 -4.269548416137695 0.2
17.44070053100586 -3.1933517456054688 -4.080148696899414 0.2
17.40369987487793 -3.3769493103027344 -3.983549118041992 0.2
17.389699935913086 -3.5836524963378906 -4.009248733520508 0.2
17.438899993896484 -3.7735519409179688 -4.08074951171875 0.2
17.614999771118164 -3.8714523315429688 -4.11924934387207 0.2
17.771099090576172 -3.8266525268554688 -3.999349594116211 0.2
17.783100128173828 -3.7126502990722656 -3.825948715209961 0.2
17.673099517822266 -3.5763511657714844 -3.709949493408203 0.2
17.531600952148438 -3.4229507446289062 -3.7224483489990234 0.2
17.433101654052734 -3.2621498107910156 -3.8129501342773438 0.2
17.468101501464844 -3.0852508544921875 -3.913249969482422 0.2
17.62030029296875 -2.96514892578125 -3.859649658203125 0.2
17.721599578857422 -2.9733505249023438 -3.6795482635498047 0.2
17.73200035095215 -3.0864524841308594 -3.5054492950439453 0.2
17.692399978637695 -3.281452178955078 -3.438749313354492 0.2
17.67150115966797 -3.4850502014160156 -3.4818496704101562 0.2
17.746000289916992 -3.6610488891601562 -3.5604496002197266 0.2
17.94070053100586 -3.7157516479492188 -3.5629501342773438 0.2
18.06610107421875 -3.6366500854492188 -3.422748565673828 0.2
18.054800033569336 -3.507251739501953 -3.2616500854492188 0.2
17.936901092529297 -3.3534507751464844 -3.1781482696533203 0.2
17.805500030517578 -3.1971511840820312 -3.220449447631836 0.2
17.737701416015625 -3.03125 -3.324850082397461 0.2
17.83570098876953 -2.8700523376464844 -3.4028491973876953 0.2
17.99880027770996 -2.8045501708984375 -3.3039493560791016 0.2
18.07849884033203 -2.8604507446289062 -3.121448516845703 0.2
18.067399978637695 -3.007251739501953 -2.9720497131347656 0.2
18.0260009765625 -3.2091522216796875 -2.9427490234375 0.2
18.016300201416016 -3.4100494384765625 -2.9971485137939453 0.2
18.13050079345703 -3.5597496032714844 -3.0821495056152344 0.2
18.327199935913086 -3.5724525451660156 -3.0463485717773438 0.2
18.412200927734375 -3.4737510681152344 -2.887948989868164 0.2
18.36590003967285 -3.339252471923828 -2.735849380493164 0.2
18.237998962402344 -3.1807518005371094 -2.6847496032714844 0.2
18.117300033569336 -3.0215492248535156 -2.7439498901367188 0.2
18.085899353027344 -2.851451873779297 -2.8580493927001953 0.2
18.220300674438477 -2.708251953125 -2.905550003051758 0.2
18.373600006103516 -2.6789512634277344 -2.775949478149414 0.2
18.434101104736328 -2.7560501098632812 -2.5929489135742188 0.2
18.408000946044922 -2.9194488525390625 -2.4632492065429688 0.2
18.35650062561035 -3.1204490661621094 -2.4576492309570312 0.2
18.3572998046875 -3.3174514770507812 -2.5230484008789062 0.2
18.505199432373047 -3.43804931640625 -2.594449996948242 0.2
18.692001342773438 -3.4035491943359375 -2.5280494689941406 0.2
18.764999389648438 -3.278850555419922 -2.3798484802246094 0.2
18.71419906616211 -3.1196517944335938 -2.2524490356445312 0.2
18.588001251220703 -2.955852508544922 -2.240049362182617 0.2
18.477699279785156 -2.797149658203125 -2.317150115966797 0.2
18.508800506591797 -2.6388511657714844 -2.4426498413085938 0.2
18.69070053100586 -2.5547523498535156 -2.447050094604492 0.2
18.841999053955078 -2.58544921875 -2.310649871826172 0.2
18.897499084472656 -2.703449249267578 -2.1481494903564453 0.2
18.87200164794922 -2.8930511474609375 -2.064350128173828 0.2
18.827800750732422 -3.096050262451172 -2.080148696899414 0.2
18.86680030822754 -3.2720489501953125 -2.1788482666015625 0.2
19.04840087890625 -3.3211517333984375 -2.248849868774414 0.2
19.212800979614258 -3.2327499389648438 -2.1669483184814453 0.2
19.258100509643555 -3.094249725341797 -2.020648956298828 0.2
19.180601119995117 -2.9302520751953125 -1.9134483337402344 0.2
19.048900604248047 -2.7692489624023438 -1.9172496795654297 0.2
18.958499908447266 -2.6064491271972656 -2.007049560546875 0.2
19.037599563598633 -2.4615516662597656 -2.1252498626708984 0.2
19.228500366210938 -2.4070510864257812 -2.09014892578125 0.2
19.360700607299805 -2.4602508544921875 -1.9412498474121094 0.2
19.396800994873047 -2.5998497009277344 -1.7884483337402344 0.2
19.351499557495117 -2.7944488525390625 -1.7336483001708984 0.2
19.309600830078125 -2.994548797607422 -1.7688484191894531 0.2
19.396900177001953 -3.1436500549316406 -1.8787498474121094 0.2
19.595199584960938 -3.1393508911132812 -1.909149169921875 0.2
19.731399536132812 -3.018451690673828 -1.8139495849609375 0.2
19.751699447631836 -2.855152130126953 -1.6838493347167969 0.2
19.654300689697266 -2.6825523376464844 -1.6233501434326172 0.2
19.52320098876953 -2.5244522094726562 -1.6558494567871094 0.2
19.491300582885742 -2.369049072265625 -1.7869491577148438 0.2
19.645000457763672 -2.2739524841308594 -1.873748779296875 0.2
19.836599349975586 -2.288249969482422 -1.8023490905761719 0.2
19.949800491333008 -2.389850616455078 -1.6611499786376953 0.2
19.95800018310547 -2.5709495544433594 -1.5556488037109375 0.2
19.91320037841797 -2.773651123046875 -1.5434494018554688 0.2
19.906600952148438 -2.9601516723632812 -1.6335487365722656 0.2
20.040300369262695 -3.040851593017578 -1.7608489990234375 0.2
20.23110008239746 -2.9792518615722656 -1.7369499206542969 0.2
20.330699920654297 -2.8539505004882812 -1.604949951171875 0.2
20.295801162719727 -2.701549530029297 -1.4660491943359375 0.2
20.17500114440918 -2.5368499755859375 -1.4226493835449219 0.2
20.05780029296875 -2.372150421142578 -1.4718494415283203 0.2
20.060400009155273 -2.2112503051757812 -1.5988483428955078 0.2
20.23310089111328 -2.1129493713378906 -1.6221485137939453 0.2
20.393301010131836 -2.1347503662109375 -1.4954490661621094 0.2
20.459800720214844 -2.2461509704589844 -1.3317489624023438 0.2
20.43630027770996 -2.431652069091797 -1.2402496337890625 0.2
20.37619972229004 -2.6306495666503906 -1.2565498352050781 0.2
20.4060001373291 -2.809551239013672 -1.3520488739013672 0.2
20.58570098876953 -2.8635520935058594 -1.4247493743896484 0.2
20.756900787353516 -2.7748489379882812 -1.3569488525390625 0.2
20.82069969177246 -2.626251220703125 -1.2252483367919922 0.2
20.7632999420166 -2.4489517211914062 -1.1311492919921875 0.2
20.63089942932129 -2.287750244140625 -1.1315498352050781 0.2
20.547300338745117 -2.1266517639160156 -1.2282485961914062 0.2
20.642000198364258 -2.012451171875 -1.3659496307373047 0.2
20.845800399780273 -2.000751495361328 -1.374349594116211 0.2
21.011301040649414 -2.0775489807128906 -1.2761497497558594 0.2
21.070100784301758 -2.2380523681640625 -1.1541500091552734 0.2
21.024600982666016 -2.4332504272460938 -1.097249984741211 0.2
20.981201171875 -2.6316490173339844 -1.1352500915527344 0.2
21.047700881958008 -2.748748779296875 -1.2878494262695312 0.2
21.2273006439209 -2.7027511596679688 -1.367849349975586 0.2
21.372499465942383 -2.5638504028320312 -1.3200492858886719 0.2
21.410200119018555 -2.3834495544433594 -1.2177486419677734 0.2
21.3262996673584 -2.202850341796875 -1.1569499969482422 0.2
21.200599670410156 -2.0378494262695312 -1.1706485748291016 0.2
21.14470100402832 -1.90985107421875 -1.3210487365722656 0.2
21.274499893188477 -1.8605499267578125 -1.4679489135742188 0.2
21.4773006439209 -1.8922500610351562 -1.4889488220214844 0.2
21.6343994140625 -1.9977493286132812 -1.3977489471435547 0.2
21.65880012512207 -2.167949676513672 -1.2818489074707031 0.2
21.60919952392578 -2.359851837158203 -1.2176494598388672 0.2
21.583900451660156 -2.5475502014160156 -1.300649642944336 0.2
21.685800552368164 -2.5993499755859375 -1.465749740600586 0.2
21.846500396728516 -2.4950523376464844 -1.5408496856689453 0.2
21.95599937438965 -2.316150665283203 -1.5219497680664062 0.2
21.936399459838867 -2.116748809814453 -1.4665489196777344 0.2
21.82710075378418 -1.9424514770507812 -1.4305496215820312 0.2
21.691801071166992 -1.8089523315429688 -1.5128498077392578 0.2
21.690900802612305 -1.7620506286621094 -1.7088489532470703 0.2
21.85379981994629 -1.7967491149902344 -1.8297500610351562 0.2
22.041799545288086 -1.8859519958496094 -1.8237495422363281 0.2
22.148300170898438 -2.0381507873535156 -1.7240486145019531 0.2
22.14940071105957 -2.2219505310058594 -1.624948501586914 0.2
22.087299346923828 -2.4202499389648438 -1.6059494018554688 0.2
22.059600830078125 -2.561248779296875 -1.7492485046386719 0.2
22.183000564575195 -2.5428504943847656 -1.9092483520507812 0.2
22.338600158691406 -2.4143524169921875 -1.9608497619628906 0.2
22.418800354003906 -2.2268524169921875 -1.9075489044189453 0.2
22.374099731445312 -2.031951904296875 -1.8434486389160156 0.2
22.259599685668945 -1.8577499389648438 -1.8237495422363281 0.2
22.140100479125977 -1.7308502197265625 -1.9347496032714844 0.2
22.2052001953125 -1.6769523620605469 -2.1170482635498047 0.2
22.40060043334961 -1.70355224609375 -2.17974853515625 0.2
22.57979965209961 -1.7910499572753906 -2.11614990234375 0.2
22.65290069580078 -1.9496498107910156 -1.9982490539550781 0.2
22.626501083374023 -2.1383514404296875 -1.9104499816894531 0.2
22.578399658203125 -2.339550018310547 -1.928049087524414 0.2
22.62860107421875 -2.4591522216796875 -2.084148406982422 0.2
22.792699813842773 -2.4195518493652344 -2.202848434448242 0.2
22.942899703979492 -2.2762489318847656 -2.218648910522461 0.2
22.97170066833496 -2.074748992919922 -2.1665496826171875 0.2
22.881999969482422 -1.89105224609375 -2.1192493438720703 0.2
22.75320053100586 -1.7271499633789062 -2.1333484649658203 0.2
22.668701171875 -1.6293525695800781 -2.294248580932617 0.2
22.76140022277832 -1.6159515380859375 -2.476848602294922 0.2
22.94420051574707 -1.6687507629394531 -2.557149887084961 0.2
23.094900131225586 -1.8013496398925781 -2.4919490814208984 0.2
23.11750030517578 -1.9860496520996094 -2.395549774169922 0.2
23.067501068115234 -2.1843490600585938 -2.3485488891601562 0.2
23.014999389648438 -2.364349365234375 -2.4411487579345703 0.2
23.121700286865234 -2.414051055908203 -2.6035499572753906 0.2
23.299301147460938 -2.3216514587402344 -2.6576499938964844 0.2
23.417600631713867 -2.1540489196777344 -2.611448287963867 0.2
23.401100158691406 -1.9540519714355469 -2.5490493774414062 0.2
23.300600051879883 -1.7714500427246094 -2.5220489501953125 0.2
23.170700073242188 -1.6198501586914062 -2.5868492126464844 0.2
23.156700134277344 -1.5382499694824219 -2.7732486724853516 0.2
23.317699432373047 -1.5328521728515625 -2.9040489196777344 0.2
23.51810073852539 -1.59014892578125 -2.9105491638183594 0.2
23.631200790405273 -1.7331504821777344 -2.8092498779296875 0.2
23.62860107421875 -1.9186515808105469 -2.709749221801758 0.2
23.586299896240234 -2.1206512451171875 -2.6734485626220703 0.2
23.5447998046875 -2.298351287841797 -2.7779483795166016 0.2
23.588600158691406 -2.3940505981445312 -2.9585494995117188 0.2
23.729900360107422 -2.351551055908203 -3.0980491638183594 0.2
23.827800750732422 -2.1706504821777344 -3.078449249267578 0.2
23.77989959716797 -1.9738502502441406 -3.021148681640625 0.2
23.673601150512695 -1.7933502197265625 -3.0020484924316406 0.2
23.53890037536621 -1.656951904296875 -3.094449996948242 0.2
23.488800048828125 -1.5840492248535156 -3.2845497131347656 0.2
23.58489990234375 -1.5669517517089844 -3.46514892578125 0.2
23.77250099182129 -1.6465492248535156 -3.464550018310547 0.2
23.84939956665039 -1.8113517761230469 -3.3529491424560547 0.2
23.834400177001953 -2.0044517517089844 -3.2702484130859375 0.2
23.78350067138672 -2.2110519409179688 -3.2708492279052734 0.2
23.806800842285156 -2.354351043701172 -3.4152488708496094 0.2
23.965999603271484 -2.3417510986328125 -3.547649383544922 0.2
24.13159942626953 -2.2191505432128906 -3.575550079345703 0.2
24.179201126098633 -2.0219497680664062 -3.5183486938476562 0.2
24.10059928894043 -1.8306503295898438 -3.4782485961914062 0.2
23.984500885009766 -1.6548500061035156 -3.4824485778808594 0.2
23.877500534057617 -1.5305519104003906 -3.6146488189697266 0.2
23.904300689697266 -1.474151611328125 -3.8133487701416016 0.2
24.0664005279541 -1.4798507690429688 -3.9447498321533203 0.2
24.246400833129883 -1.5921516418457031 -3.887849807739258 0.2
24.28339958190918 -1.7817497253417969 -3.777149200439453 0.2
24.26259994506836 -1.99005126953125 -3.700948715209961 0.2
24.210899353027344 -2.1996498107910156 -3.763448715209961 0.2
24.242000579833984 -2.311450958251953 -3.949748992919922 0.2
24.380300521850586 -2.2743492126464844 -4.111148834228516 0.2
24.483600616455078 -2.0787506103515625 -4.112949371337891 0.2
24.432701110839844 -1.8667488098144531 -4.065248489379883 0.2
24.324600219726562 -1.6723518371582031 -4.045648574829102 0.2
24.181100845336914 -1.538848876953125 -4.155948638916016 0.2
24.168899536132812 -1.5011520385742188 -4.371549606323242 0.2
