-6.053319931030273 -12.831851959228516 6.45625114440918 0.2
-6.016619682312012 -12.906150817871094 6.635751724243164 0.2
-6.0920000076293945 -13.072750091552734 6.716350555419922 0.2
-6.153729438781738 -13.253650665283203 6.655450820922852 0.2
-6.16663932800293 -13.424449920654297 6.550350189208984 0.2
-6.059229850769043 -13.573650360107422 6.468351364135742 0.2
-5.887290000915527 -13.650352478027344 6.527050018310547 0.2
-5.775609970092773 -13.659351348876953 6.69365119934082 0.2
-5.784440040588379 -13.595352172851562 6.880250930786133 0.2
-5.888619422912598 -13.442150115966797 6.95665168762207 0.2
-5.963719367980957 -13.25775146484375 6.9248504638671875 0.2
-5.971909523010254 -13.064849853515625 6.86815071105957 0.2
-5.848369598388672 -12.908050537109375 6.856550216674805 0.2
-5.696359634399414 -12.857952117919922 6.97504997253418 0.2
-5.607369422912598 -12.898052215576172 7.158651351928711 0.2
-5.652890205383301 -13.048851013183594 7.295049667358398 0.2
-5.730159759521484 -13.243450164794922 7.264749526977539 0.2
-5.760549545288086 -13.4239501953125 7.156549453735352 0.2
-5.674659729003906 -13.587650299072266 7.055349349975586 0.2
-5.491469383239746 -13.677051544189453 7.094549179077148 0.2
-5.362639427185059 -13.693351745605469 7.26194953918457 0.2
-5.3646697998046875 -13.63125228881836 7.45985221862793 0.2
-5.472489356994629 -13.469951629638672 7.542852401733398 0.2
-5.550939559936523 -13.27585220336914 7.507051467895508 0.2
-5.548139572143555 -13.072750091552734 7.44904899597168 0.2
-5.401029586791992 -12.925251007080078 7.457448959350586 0.2
-5.247550010681152 -12.896251678466797 7.59895133972168 0.2
-5.179140090942383 -12.961250305175781 7.786149978637695 0.2
-5.242189407348633 -13.131549835205078 7.890050888061523 0.2
-5.3104095458984375 -13.323051452636719 7.831552505493164 0.2
-5.3284196853637695 -13.501850128173828 7.718648910522461 0.2
-5.210789680480957 -13.65365219116211 7.631750106811523 0.2
-5.028539657592773 -13.726051330566406 7.701650619506836 0.2
-4.913269996643066 -13.732650756835938 7.879449844360352 0.2
-4.935919761657715 -13.653850555419922 8.070352554321289 0.2
-5.040959358215332 -13.480751037597656 8.127752304077148 0.2
-5.114890098571777 -13.28554916381836 8.085451126098633 0.2
-5.093059539794922 -13.083148956298828 8.027650833129883 0.2
-4.932199954986572 -12.952449798583984 8.049951553344727 0.2
-4.7769999504089355 -12.938652038574219 8.199151992797852 0.2
-4.71597957611084 -13.028350830078125 8.391752243041992 0.2
-4.7866997718811035 -13.224349975585938 8.463552474975586 0.2
-4.853259563446045 -13.422248840332031 8.38005256652832 0.2
-4.844899654388428 -13.609748840332031 8.258749008178711 0.2
-4.6755499839782715 -13.739151000976562 8.20515251159668 0.2
-4.490449905395508 -13.774551391601562 8.324850082397461 0.2
-4.386789798736572 -13.71335220336914 8.514249801635742 0.2
-4.438149929046631 -13.539352416992188 8.637350082397461 0.2
-4.5531697273254395 -13.345451354980469 8.643251419067383 0.2
-4.595709800720215 -13.135051727294922 8.586050033569336 0.2
-4.451719760894775 -12.990951538085938 8.503351211547852 0.2
-4.240829944610596 -13.005550384521484 8.445051193237305 0.2
-4.157479763031006 -13.148551940917969 8.316549301147461 0.2
-4.218719959259033 -13.335948944091797 8.236852645874023 0.2
-4.2961297035217285 -13.532951354980469 8.217950820922852 0.2
-4.272169589996338 -13.711750030517578 8.323949813842773 0.2
-4.132659912109375 -13.774452209472656 8.472848892211914 0.2
-3.945580005645752 -13.733150482177734 8.560552597045898 0.2
-3.821499824523926 -13.569049835205078 8.522649765014648 0.2
-3.860599994659424 -13.368350982666016 8.465250015258789 0.2
-3.9572696685791016 -13.178852081298828 8.44835090637207 0.2
-4.034339904785156 -13.021049499511719 8.565450668334961 0.2
-3.96774959564209 -12.961849212646484 8.75465202331543 0.2
-3.7948198318481445 -12.97344970703125 8.878751754760742 0.2
-3.6035895347595215 -13.0572509765625 8.870050430297852 0.2
-3.546139717102051 -13.22494888305664 8.755552291870117 0.2
-3.602329730987549 -13.41244888305664 8.668249130249023 0.2
-3.6741795539855957 -13.612651824951172 8.661249160766602 0.2
-3.664219856262207 -13.769248962402344 8.799951553344727 0.2
-3.5147995948791504 -13.816452026367188 8.943349838256836 0.2
-3.319239616394043 -13.774650573730469 9.013051986694336 0.2
-3.1983399391174316 -13.611549377441406 8.960649490356445 0.2
-3.2430896759033203 -13.41025161743164 8.905950546264648 0.2
-3.342489719390869 -13.220451354980469 8.896749496459961 0.2
-3.413259983062744 -13.0572509765625 9.010251998901367 0.2
-3.3292598724365234 -12.99005126953125 9.189950942993164 0.2
-3.142979621887207 -12.994548797607422 9.29475212097168 0.2
-2.94819974899292 -13.06875228881836 9.271451950073242 0.2
-2.888209819793701 -13.233150482177734 9.152650833129883 0.2
-2.949199676513672 -13.421951293945312 9.072149276733398 0.2
-3.019979953765869 -13.622550964355469 9.061151504516602 0.2
-3.0039095878601074 -13.787750244140625 9.189550399780273 0.2
-2.8452696800231934 -13.84225082397461 9.31934928894043 0.2
-2.642519950866699 -13.811351776123047 9.375951766967773 0.2
-2.508119583129883 -13.66094970703125 9.31974983215332 0.2
-2.546909809112549 -13.4593505859375 9.264551162719727 0.2
-2.648739814758301 -13.270751953125 9.255552291870117 0.2
-2.7201600074768066 -13.096851348876953 9.353952407836914 0.2
-2.643739700317383 -13.01034927368164 9.528852462768555 0.2
-2.4465599060058594 -13.003250122070312 9.630552291870117 0.2
-2.2253799438476562 -13.077449798583984 9.60255241394043 0.2
-2.177699565887451 -13.26675033569336 9.473150253295898 0.2
-2.2592196464538574 -13.480152130126953 9.396852493286133 0.2
-2.321619987487793 -13.705551147460938 9.43174934387207 0.2
-2.2230896949768066 -13.845050811767578 9.589849472045898 0.2
-2.009769916534424 -13.866748809814453 9.698251724243164 0.2
-1.7895798683166504 -13.786449432373047 9.717050552368164 0.2
-1.7394599914550781 -13.573650360107422 9.638051986694336 0.2
-1.8500995635986328 -13.363849639892578 9.594049453735352 0.2
-1.9680099487304688 -13.159751892089844 9.629049301147461 0.2
-1.957209587097168 -13.03055191040039 9.821352005004883 0.2
-1.8224496841430664 -13.048049926757812 10.00214958190918 0.2
-1.7920598983764648 -13.21335220336914 10.147649765014648 0.2
-1.8174996376037598 -13.43735122680664 10.148252487182617 0.2
-1.8262596130371094 -13.655448913574219 10.08955192565918 0.2
-1.7164497375488281 -13.821250915527344 9.990652084350586 0.2
-1.4972095489501953 -13.855049133300781 9.97865104675293 0.2
-1.3106598854064941 -13.81304931640625 10.099649429321289 0.2
-1.2767095565795898 -13.695751190185547 10.283349990844727 0.2
-1.401059627532959 -13.519050598144531 10.346250534057617 0.2
-1.5337395668029785 -13.339649200439453 10.306249618530273 0.2
-1.6095399856567383 -13.145648956298828 10.220449447631836 0.2
-1.4944396018981934 -12.985851287841797 10.12175178527832 0.2
-1.290989875793457 -12.936649322509766 10.161951065063477 0.2
-1.1346697807312012 -12.974349975585938 10.300851821899414 0.2
-1.1166696548461914 -13.133552551269531 10.44365119934082 0.2
-1.15201997756958 -13.343551635742188 10.470651626586914 0.2
-1.1681599617004395 -13.55615234375 10.445150375366211 0.2
-1.0665898323059082 -13.717449188232422 10.353551864624023 0.2
-0.8578298091888428 -13.71725082397461 10.351449966430664 0.2
-0.717749834060669 -13.623050689697266 10.48265266418457 0.2
-0.7446398735046387 -13.463451385498047 10.626852035522461 0.2
-0.8457198143005371 -13.274749755859375 10.626550674438477 0.2
-0.9356696605682373 -13.094650268554688 10.55204963684082 0.2
-0.9443697929382324 -12.932552337646484 10.413751602172852 0.2
-0.7827997207641602 -12.837348937988281 10.318750381469727 0.2
-0.5748298168182373 -12.81814956665039 10.362749099731445 0.2
-0.46231985092163086 -12.91094970703125 10.515851974487305 0.2
-0.4974098205566406 -13.082550048828125 10.641351699829102 0.2
-0.565239667892456 -13.273151397705078 10.715150833129883 0.2
-0.577629804611206 -13.478649139404297 10.672449111938477 0.2
-0.46649980545043945 -13.523750305175781 10.502450942993164 0.2
-0.328549861907959 -13.36865234375 10.434652328491211 0.2
-0.2922797203063965 -13.154151916503906 10.465349197387695 0.2
-0.31601977348327637 -12.940052032470703 10.435750961303711 0.2
-0.17611980438232422 -12.804351806640625 10.352750778198242 0.2
0.03233027458190918 -12.809749603271484 10.395051956176758 0.2
0.10045027732849121 -12.969051361083984 10.50935173034668 0.2
-0.008749723434448242 -13.160350799560547 10.502050399780273 0.2
-0.11212968826293945 -13.329551696777344 10.419351577758789 0.2
-0.25618982315063477 -13.473949432373047 10.343751907348633 0.2
-0.34567975997924805 -13.57535171508789 10.178949356079102 0.2
-0.22908973693847656 -13.666648864746094 10.027650833129883 0.2
-0.04349970817565918 -13.759349822998047 10.052549362182617 0.2
0.02637028694152832 -13.738349914550781 10.247549057006836 0.2
0.017600297927856445 -13.586650848388672 10.402551651000977 0.2
0.06407022476196289 -13.417549133300781 10.526948928833008 0.2
0.12898015975952148 -13.23855209350586 10.626749038696289 0.2
0.1897602081298828 -13.03375244140625 10.653650283813477 0.2
0.3471102714538574 -12.895851135253906 10.610952377319336 0.2
0.5578501224517822 -12.901050567626953 10.640649795532227 0.2
0.6493701934814453 -13.024749755859375 10.776948928833008 0.2
0.5068402290344238 -13.178852081298828 10.830549240112305 0.2
0.38790011405944824 -13.317951202392578 10.716352462768555 0.2
0.2997701168060303 -13.449352264404297 10.570650100708008 0.2
0.2079002857208252 -13.578651428222656 10.421049118041992 0.2
0.2203202247619629 -13.748649597167969 10.281049728393555 0.2
0.3653702735900879 -13.885250091552734 10.34535026550293 0.2
0.4430103302001953 -13.89794921875 10.545751571655273 0.2
0.46212029457092285 -13.777751922607422 10.722650527954102 0.2
0.49140024185180664 -13.593650817871094 10.831350326538086 0.2
0.5307502746582031 -13.40264892578125 10.923952102661133 0.2
0.6314003467559814 -13.215251922607422 10.955949783325195 0.2
0.8361301422119141 -13.19015121459961 10.905252456665039 0.2
0.9576501846313477 -13.368949890136719 10.899351119995117 0.2
0.9135801792144775 -13.580451965332031 10.870050430297852 0.2
0.7707502841949463 -13.715450286865234 10.779951095581055 0.2
0.6369402408599854 -13.816452026367188 10.642251968383789 0.2
0.6522903442382812 -13.864250183105469 10.431550979614258 0.2
0.8496501445770264 -13.886249542236328 10.357049942016602 0.2
1.042540192604065 -13.882049560546875 10.445951461791992 0.2
1.1000502109527588 -13.787849426269531 10.626249313354492 0.2
1.089170217514038 -13.608951568603516 10.742849349975586 0.2
1.0475002527236938 -13.399150848388672 10.776948928833008 0.2
0.9930102825164795 -13.228450775146484 10.65675163269043 0.2
1.0926402807235718 -13.14365005493164 10.49275016784668 0.2
1.291850209236145 -13.171951293945312 10.517549514770508 0.2
1.322100281715393 -13.363948822021484 10.619050979614258 0.2
1.2603802680969238 -13.57094955444336 10.623350143432617 0.2
1.2795002460479736 -13.766551971435547 10.530050277709961 0.2
1.4615002870559692 -13.859249114990234 10.481851577758789 0.2
1.6559802293777466 -13.839950561523438 10.565549850463867 0.2
1.7002902030944824 -13.716049194335938 10.728151321411133 0.2
1.6003402471542358 -13.532951354980469 10.775350570678711 0.2
1.4943902492523193 -13.3531494140625 10.724649429321289 0.2
1.4668902158737183 -13.167949676513672 10.609651565551758 0.2
1.6123201847076416 -13.022449493408203 10.564149856567383 0.2
1.7872402667999268 -12.976150512695312 10.67555046081543 0.2
1.847880244255066 -13.079051971435547 10.848451614379883 0.2
1.830580234527588 -13.287250518798828 10.897050857543945 0.2
1.827680230140686 -13.500049591064453 10.865652084350586 0.2
1.8740801811218262 -13.692249298095703 10.777750015258789 0.2
2.047356128692627 -13.787349700927734 10.700151443481445 0.2
2.2572083473205566 -13.787551879882812 10.74744987487793 0.2
2.3695971965789795 -13.700752258300781 10.902250289916992 0.2
2.2880752086639404 -13.53635025024414 11.008550643920898 0.2
2.14766526222229 -13.372852325439453 10.991849899291992 0.2
2.032442092895508 -13.200450897216797 10.929750442504883 0.2
2.0768961906433105 -13.01755142211914 10.821950912475586 0.2
2.2735352516174316 -12.93294906616211 10.829751968383789 0.2
2.4532980918884277 -12.948551177978516 10.946451187133789 0.2
2.523620128631592 -13.098651885986328 11.083951950073242 0.2
2.5216681957244873 -13.325550079345703 11.102350234985352 0.2
2.525130271911621 -13.547950744628906 11.050752639770508 0.2
2.6296541690826416 -13.708450317382812 10.932050704956055 0.2
2.8502211570739746 -13.748550415039062 10.900152206420898 0.2
3.0592992305755615 -13.717750549316406 10.984052658081055 0.2
3.107236623764038 -13.585250854492188 11.154150009155273 0.2
2.9749503135681152 -13.410850524902344 11.210851669311523 0.2
2.8146302700042725 -13.248851776123047 11.18964958190918 0.2
2.7354233264923096 -13.058250427246094 11.099851608276367 0.2
2.880920171737671 -12.919849395751953 11.004449844360352 0.2
3.1084113121032715 -12.8885498046875 11.018548965454102 0.2
3.3324460983276367 -12.903450012207031 11.007749557495117 0.2
3.4576961994171143 -13.020648956298828 10.883550643920898 0.2
3.416008234024048 -13.21554946899414 10.80204963684082 0.2
3.3285722732543945 -13.413650512695312 10.786249160766602 0.2
3.3123793601989746 -13.612152099609375 10.864450454711914 0.2
3.460966110229492 -13.712249755859375 10.979452133178711 0.2
3.676002264022827 -13.711849212646484 11.006952285766602 0.2
3.856231212615967 -13.621849060058594 10.937349319458008 0.2
3.863964080810547 -13.431652069091797 10.842550277709961 0.2
3.761843204498291 -13.239551544189453 10.831850051879883 0.2
3.6770012378692627 -13.048450469970703 10.888750076293945 0.2
3.7428083419799805 -12.910152435302734 11.036249160766602 0.2
3.9462060928344727 -12.876949310302734 11.099149703979492 0.2
4.160680294036865 -12.896652221679688 11.076650619506836 0.2
4.287630081176758 -13.006050109863281 10.945852279663086 0.2
4.245810508728027 -13.197052001953125 10.855352401733398 0.2
4.1528401374816895 -13.393749237060547 10.848051071166992 0.2
4.131970405578613 -13.592449188232422 10.924650192260742 0.2
4.284740447998047 -13.702350616455078 11.02345085144043 0.2
4.501009941101074 -13.71335220336914 11.023550033569336 0.2
4.672860145568848 -13.63315200805664 10.926351547241211 0.2
4.67464017868042 -13.446250915527344 10.823549270629883 0.2
4.575400352478027 -13.253150939941406 10.825952529907227 0.2
4.506070137023926 -13.06045150756836 10.894651412963867 0.2
4.6037702560424805 -12.925251007080078 11.026151657104492 0.2
4.816280364990234 -12.898750305175781 11.049650192260742 0.2
5.015120506286621 -12.934051513671875 10.973749160766602 0.2
5.08443021774292 -13.067550659179688 10.823652267456055 0.2
5.012470245361328 -13.263648986816406 10.769449234008789 0.2
4.928830146789551 -13.462749481201172 10.79155158996582 0.2
4.966560363769531 -13.649051666259766 10.888551712036133 0.2
5.157939910888672 -13.731651306152344 10.933549880981445 0.2
5.366519927978516 -13.729450225830078 10.875249862670898 0.2
5.488450050354004 -13.624649047851562 10.73695182800293 0.2
5.440670013427734 -13.42905044555664 10.665952682495117 0.2
5.340900421142578 -13.238449096679688 10.698652267456055 0.2
5.311100006103516 -13.049152374267578 10.795949935913086 0.2
5.461480140686035 -12.936851501464844 10.894651412963867 0.2
5.678880214691162 -12.923049926757812 10.864351272583008 0.2
5.857530117034912 -12.9759521484375 10.735250473022461 0.2
5.860470294952393 -13.141551971435547 10.585851669311523 0.2
5.763030052185059 -13.348350524902344 10.570852279663086 0.2
5.704380035400391 -13.56155014038086 10.625551223754883 0.2
5.827990531921387 -13.725650787353516 10.711549758911133 0.2
6.047530174255371 -13.770149230957031 10.675050735473633 0.2
6.246670246124268 -13.750251770019531 10.565950393676758 0.2
6.3172101974487305 -13.6103515625 10.408151626586914 0.2
6.234230041503906 -13.401752471923828 10.383352279663086 0.2
6.133200168609619 -13.207649230957031 10.452749252319336 0.2
6.144969940185547 -13.02294921875 10.578649520874023 0.2
6.343070030212402 -12.939350128173828 10.636751174926758 0.2
6.569430351257324 -12.956249237060547 10.600851058959961 0.2
6.733960151672363 -13.099151611328125 10.65315055847168 0.2
6.745480537414551 -13.323951721191406 10.683450698852539 0.2
6.706300258636475 -13.546852111816406 10.653650283813477 0.2
6.697160243988037 -13.715950012207031 10.507951736450195 0.2
6.818739891052246 -13.751152038574219 10.322649002075195 0.2
7.025460243225098 -13.709548950195312 10.238252639770508 0.2
7.184120178222656 -13.582550048828125 10.330350875854492 0.2
7.140040397644043 -13.412952423095703 10.474451065063477 0.2
7.017370223999023 -13.248149871826172 10.573751449584961 0.2
6.913520336151123 -13.05044937133789 10.561952590942383 0.2
6.972440242767334 -12.912250518798828 10.404851913452148 0.2
7.16057014465332 -12.901451110839844 10.301549911499023 0.2
7.350510120391846 -12.99544906616211 10.298151016235352 0.2
7.418590068817139 -13.195850372314453 10.341852188110352 0.2
7.4011101722717285 -13.409648895263672 10.329050064086914 0.2
7.362420082092285 -13.606948852539062 10.254350662231445 0.2
7.375270366668701 -13.706951141357422 10.068449020385742 0.2
7.5201802253723145 -13.693050384521484 9.913351058959961 0.2
7.707130432128906 -13.59585189819336 9.907449722290039 0.2
7.757820129394531 -13.436649322509766 10.048551559448242 0.2
7.680710315704346 -13.280651092529297 10.174051284790039 0.2
7.5830302238464355 -13.105152130126953 10.247549057006836 0.2
7.535680294036865 -12.922351837158203 10.151750564575195 0.2
7.665130138397217 -12.862350463867188 9.998651504516602 0.2
7.855130195617676 -12.932151794433594 9.935750961303711 0.2
7.956620216369629 -13.120349884033203 9.967351913452148 0.2
7.951090335845947 -13.335651397705078 9.959150314331055 0.2
7.91316032409668 -13.538749694824219 9.900449752807617 0.2
7.874360084533691 -13.665050506591797 9.733549118041992 0.2
8.007440567016602 -13.670452117919922 9.573450088500977 0.2
8.219060897827148 -13.644248962402344 9.579851150512695 0.2
8.31277084350586 -13.550750732421875 9.738149642944336 0.2
8.197090148925781 -13.392250061035156 9.837152481079102 0.2
8.132630348205566 -13.192451477050781 9.87965202331543 0.2
8.08530044555664 -12.981250762939453 9.868749618530273 0.2
8.13776969909668 -12.816852569580078 9.748651504516602 0.2
8.325370788574219 -12.754051208496094 9.668050765991211 0.2
8.510259628295898 -12.811752319335938 9.741350173950195 0.2
8.490610122680664 -12.983348846435547 9.869050979614258 0.2
8.366270065307617 -13.159049987792969 9.86775016784668 0.2
8.348590850830078 -13.37765121459961 9.882852554321289 0.2
8.474080085754395 -13.471851348876953 10.025751113891602 0.2
8.58884048461914 -13.350151062011719 10.156450271606445 0.2
8.646160125732422 -13.146549224853516 10.137350082397461 0.2
8.660659790039062 -12.960350036621094 10.03325080871582 0.2
8.667539596557617 -12.798351287841797 9.893449783325195 0.2
8.73019027709961 -12.72745132446289 9.70155143737793 0.2
8.89922046661377 -12.760551452636719 9.579851150512695 0.2
9.056190490722656 -12.87594985961914 9.662851333618164 0.2
9.025020599365234 -13.01715087890625 9.827550888061523 0.2
8.919330596923828 -13.155750274658203 9.951650619506836 0.2
8.79778003692627 -13.30255126953125 10.049150466918945 0.2
8.664569854736328 -13.468849182128906 10.003850936889648 0.2
8.662280082702637 -13.618450164794922 9.850149154663086 0.2
8.828470230102539 -13.700550079345703 9.755151748657227 0.2
9.018600463867188 -13.609748840332031 9.780550003051758 0.2
9.112489700317383 -13.417449951171875 9.783151626586914 0.2
9.181329727172852 -13.2176513671875 9.748849868774414 0.2
9.231940269470215 -13.0135498046875 9.704450607299805 0.2
9.204839706420898 -12.834049224853516 9.592248916625977 0.2
9.177499771118164 -12.799049377441406 9.383951187133789 0.2
9.245570182800293 -12.909149169921875 9.217050552368164 0.2
9.314410209655762 -13.1009521484375 9.26154899597168 0.2
9.249040603637695 -13.256950378417969 9.408151626586914 0.2
9.157100677490234 -13.410049438476562 9.525548934936523 0.2
9.043010711669922 -13.575450897216797 9.604349136352539 0.2
8.948419570922852 -13.752449035644531 9.52345085144043 0.2
9.068710327148438 -13.862251281738281 9.394052505493164 0.2
9.278539657592773 -13.862850189208984 9.370450973510742 0.2
9.41609001159668 -13.727149963378906 9.455652236938477 0.2
9.437600135803223 -13.514751434326172 9.47545051574707 0.2
9.443750381469727 -13.306549072265625 9.425451278686523 0.2
9.47068977355957 -13.128250122070312 9.30415153503418 0.2
9.594320297241211 -13.104751586914062 9.138849258422852 0.2
9.76006031036377 -13.212150573730469 9.194452285766602 0.2
9.778129577636719 -13.345649719238281 9.36414909362793 0.2
9.68966007232666 -13.529651641845703 9.446149826049805 0.2
9.585780143737793 -13.714649200439453 9.413152694702148 0.2
9.586570739746094 -13.855850219726562 9.254751205444336 0.2
9.762350082397461 -13.891349792480469 9.144052505493164 0.2
9.964940071105957 -13.860450744628906 9.188451766967773 0.2
10.020540237426758 -13.75625228881836 9.36454963684082 0.2
9.937589645385742 -13.592750549316406 9.475652694702148 0.2
9.883330345153809 -13.385848999023438 9.49165153503418 0.2
9.953439712524414 -13.191150665283203 9.423551559448242 0.2
10.144350051879883 -13.111148834228516 9.396650314331055 0.2
10.290200233459473 -13.25625228881836 9.439752578735352 0.2
10.274070739746094 -13.468250274658203 9.412450790405273 0.2
10.210229873657227 -13.65875244140625 9.336050033569336 0.2
10.182210922241211 -13.788249969482422 9.166650772094727 0.2
10.297599792480469 -13.802749633789062 8.989450454711914 0.2
10.493300437927246 -13.750850677490234 8.922449111938477 0.2
10.635129928588867 -13.63595199584961 9.026151657104492 0.2
10.606710433959961 -13.481250762939453 9.171449661254883 0.2
10.510419845581055 -13.325950622558594 9.283849716186523 0.2
10.392290115356445 -13.151248931884766 9.324151992797852 0.2
10.351480484008789 -12.983749389648438 9.201452255249023 0.2
10.485870361328125 -12.89794921875 9.059751510620117 0.2
10.689820289611816 -12.907249450683594 9.004152297973633 0.2
10.833510398864746 -13.069652557373047 9.038152694702148 0.2
10.841060638427734 -13.295551300048828 9.031049728393555 0.2
10.8101806640625 -13.513450622558594 8.977849960327148 0.2
10.79585075378418 -13.663551330566406 8.811250686645508 0.2
10.918230056762695 -13.693450927734375 8.627050399780273 0.2
11.119999885559082 -13.653850555419922 8.535551071166992 0.2
11.275010108947754 -13.518951416015625 8.613550186157227 0.2
11.228429794311523 -13.350650787353516 8.753652572631836 0.2
11.106440544128418 -13.197952270507812 8.868551254272461 0.2
10.976800918579102 -13.017051696777344 8.901552200317383 0.2
10.955120086669922 -12.857551574707031 8.750951766967773 0.2
11.102490425109863 -12.81264877319336 8.585248947143555 0.2
11.237740516662598 -12.83395004272461 8.416952133178711 0.2
11.227020263671875 -12.95574951171875 8.245752334594727 0.2
11.141170501708984 -13.149150848388672 8.215551376342773 0.2
11.072490692138672 -13.34844970703125 8.259252548217773 0.2
11.117179870605469 -13.546749114990234 8.315851211547852 0.2
11.303450584411621 -13.643352508544922 8.293951034545898 0.2
11.480060577392578 -13.635051727294922 8.172849655151367 0.2
11.56289005279541 -13.535350799560547 8.00684928894043 0.2
11.503020286560059 -13.346549987792969 7.933549880981445 0.2
11.414470672607422 -13.161849975585938 7.997251510620117 0.2
11.382850646972656 -12.979251861572266 8.103349685668945 0.2
11.521080017089844 -12.842552185058594 8.183649063110352 0.2
11.717510223388672 -12.804851531982422 8.111650466918945 0.2
11.861340522766113 -12.826850891113281 7.955049514770508 0.2
11.863280296325684 -12.936050415039062 7.775850296020508 0.2
11.774200439453125 -13.123649597167969 7.730249404907227 0.2
11.705659866333008 -13.322452545166016 7.773649215698242 0.2
11.758830070495605 -13.517051696777344 7.837850570678711 0.2
11.942180633544922 -13.615650177001953 7.81035041809082 0.2
12.106840133666992 -13.61465072631836 7.673551559448242 0.2
12.170909881591797 -13.518852233886719 7.498250961303711 0.2
12.098230361938477 -13.331951141357422 7.433950424194336 0.2
12.01515007019043 -13.148151397705078 7.50724983215332 0.2
12.003439903259277 -12.967849731445312 7.620450973510742 0.2
12.157010078430176 -12.839351654052734 7.682649612426758 0.2
12.34158992767334 -12.8072509765625 7.582849502563477 0.2
12.456769943237305 -12.836849212646484 7.406251907348633 0.2
12.423230171203613 -12.956451416015625 7.237249374389648 0.2
12.330389976501465 -13.146350860595703 7.212652206420898 0.2
12.276800155639648 -13.34625244140625 7.266950607299805 0.2
12.355470657348633 -13.532951354980469 7.323751449584961 0.2
12.535730361938477 -13.618450164794922 7.25935173034668 0.2
12.67512035369873 -13.61185073852539 7.098249435424805 0.2
12.698920249938965 -13.5052490234375 6.920751571655273 0.2
12.614339828491211 -13.316349029541016 6.879951477050781 0.2
12.543120384216309 -13.135650634765625 6.968650817871094 0.2
12.555170059204102 -12.95785140991211 7.082651138305664 0.2
12.721150398254395 -12.837051391601562 7.11705207824707 0.2
12.894929885864258 -12.808151245117188 6.985750198364258 0.2
12.97544002532959 -12.84775161743164 6.782649993896484 0.2
12.900580406188965 -12.992549896240234 6.633951187133789 0.2
12.807470321655273 -13.196052551269531 6.647251129150391 0.2
12.784560203552246 -13.40875244140625 6.713350296020508 0.2
12.926370620727539 -13.57564926147461 6.728351593017578 0.2
13.100500106811523 -13.615348815917969 6.596549987792969 0.2
13.208300590515137 -13.536552429199219 6.415950775146484 0.2
13.182900428771973 -13.33864974975586 6.327350616455078 0.2
13.084199905395508 -13.144149780273438 6.381950378417969 0.2
13.05940055847168 -12.955551147460938 6.495950698852539 0.2
13.225000381469727 -12.848251342773438 6.589550018310547 0.2
13.44379997253418 -12.895549774169922 6.597450256347656 0.2
13.53600025177002 -13.07965087890625 6.674150466918945 0.2
13.458700180053711 -13.28375244140625 6.724750518798828 0.2
13.35420036315918 -13.478752136230469 6.697151184082031 0.2
13.354300498962402 -13.615150451660156 6.52495002746582 0.2
13.475299835205078 -13.633651733398438 6.336551666259766 0.2
13.664000511169434 -13.55575180053711 6.257450103759766 0.2
13.7677001953125 -13.382652282714844 6.34575080871582 0.2
13.732399940490723 -13.192352294921875 6.459751129150391 0.2
13.646500587463379 -12.989250183105469 6.4844512939453125 0.2
13.605500221252441 -12.844650268554688 6.325351715087891 0.2
13.70460033416748 -12.819751739501953 6.126350402832031 0.2
13.866000175476074 -12.893150329589844 6.010351181030273 0.2
13.969799995422363 -13.07284927368164 6.039251327514648 0.2
13.939599990844727 -13.271751403808594 6.105951309204102 0.2
13.848899841308594 -13.461750030517578 6.125949859619141 0.2
13.750699996948242 -13.595352172851562 5.99945068359375 0.2
13.786600112915039 -13.629150390625 5.795650482177734 0.2
13.92240047454834 -13.594951629638672 5.6383514404296875 0.2
14.092900276184082 -13.476150512695312 5.634450912475586 0.2
14.14210033416748 -13.300350189208984 5.74005126953125 0.2
14.099900245666504 -13.117851257324219 5.839851379394531 0.2
14.013299942016602 -12.927349090576172 5.827251434326172 0.2
13.995200157165527 -12.812252044677734 5.65625 0.2
14.09380054473877 -12.799652099609375 5.4696502685546875 0.2
14.25160026550293 -12.88814926147461 5.3688507080078125 0.2
14.339000701904297 -13.076148986816406 5.404150009155273 0.2
14.297800064086914 -13.273250579833984 5.469051361083984 0.2
14.199100494384766 -13.459049224853516 5.476850509643555 0.2
14.104900360107422 -13.57754898071289 5.334550857543945 0.2
14.150400161743164 -13.599750518798828 5.131450653076172 0.2
14.294700622558594 -13.555351257324219 4.987051010131836 0.2
14.457799911499023 -13.427349090576172 5.004850387573242 0.2
14.492799758911133 -13.250652313232422 5.113651275634766 0.2
14.448400497436523 -13.065849304199219 5.20625114440918 0.2
14.361200332641602 -12.878349304199219 5.168251037597656 0.2
14.35949993133545 -12.778251647949219 4.987451553344727 0.2
14.46780014038086 -12.7801513671875 4.806449890136719 0.2
14.623800277709961 -12.890750885009766 4.728050231933594 0.2
14.682900428771973 -13.086551666259766 4.775751113891602 0.2
14.629300117492676 -13.281749725341797 4.837551116943359 0.2
14.518500328063965 -13.460651397705078 4.82335090637207 0.2
14.438799858093262 -13.560352325439453 4.660150527954102 0.2
14.50409984588623 -13.568950653076172 4.460451126098633 0.2
14.661499977111816 -13.50844955444336 4.338750839233398 0.2
14.80620002746582 -13.36505126953125 4.387350082397461 0.2
14.821900367736816 -13.186248779296875 4.498350143432617 0.2
14.769499778747559 -12.996749877929688 4.574550628662109 0.2
14.68340015411377 -12.81985092163086 4.503650665283203 0.2
14.705300331115723 -12.744548797607422 4.3110504150390625 0.2
14.822800636291504 -12.768150329589844 4.138450622558594 0.2
14.969200134277344 -12.908248901367188 4.093450546264648 0.2
14.997300148010254 -13.108951568603516 4.151050567626953 0.2
14.930800437927246 -13.301448822021484 4.2073516845703125 0.2
14.80940055847168 -13.466449737548828 4.162351608276367 0.2
14.758200645446777 -13.539051055908203 3.9762516021728516 0.2
14.840800285339355 -13.529048919677734 3.783151626586914 0.2
15.00790023803711 -13.442352294921875 3.699951171875 0.2
15.121800422668457 -13.28084945678711 3.773050308227539 0.2
15.118000030517578 -13.101249694824219 3.8836517333984375 0.2
15.04990005493164 -12.90875244140625 3.9308509826660156 0.2
14.972700119018555 -12.757450103759766 3.8129501342773438 0.2
15.013999938964844 -12.715850830078125 3.612550735473633 0.2
15.140999794006348 -12.774250030517578 3.459850311279297 0.2
15.262900352478027 -12.944351196289062 3.451650619506836 0.2
15.258200645446777 -13.144149780273438 3.516550064086914 0.2
15.179400444030762 -13.3343505859375 3.559551239013672 0.2
15.051000595092773 -13.475849151611328 3.474050521850586 0.2
15.029399871826172 -13.51715087890625 3.273151397705078 0.2
15.129500389099121 -13.482452392578125 3.093151092529297 0.2
15.295599937438965 -13.366451263427734 3.0535507202148438 0.2
15.37130069732666 -13.19314956665039 3.1437511444091797 0.2
15.354000091552734 -13.010749816894531 3.247650146484375 0.2
15.264100074768066 -12.820850372314453 3.2575511932373047 0.2
15.200900077819824 -12.700450897216797 3.1035499572753906 0.2
15.254400253295898 -12.686450958251953 2.9012508392333984 0.2
15.38759994506836 -12.77865219116211 2.7744503021240234 0.2
15.478799819946289 -12.96615219116211 2.796751022338867 0.2
15.455500602722168 -13.162750244140625 2.8682498931884766 0.2
15.35669994354248 -13.34695053100586 2.888151168823242 0.2
15.237700462341309 -13.460350036621094 2.761751174926758 0.2
15.245500564575195 -13.474651336669922 2.5535507202148438 0.2
15.36299991607666 -13.411151885986328 2.3955516815185547 0.2
15.512300491333008 -13.264350891113281 2.404651641845703 0.2
15.552499771118164 -13.08584976196289 2.5075511932373047 0.2
15.513199806213379 -12.899150848388672 2.5947513580322266 0.2
15.404300689697266 -12.726451873779297 2.5505504608154297 0.2
15.37559986114502 -12.652549743652344 2.3600502014160156 0.2
15.45110034942627 -12.679450988769531 2.167051315307617 0.2
15.586800575256348 -12.818050384521484 2.093351364135742 0.2
15.636500358581543 -13.016448974609375 2.1405506134033203 0.2
15.597400665283203 -13.211349487304688 2.2090511322021484 0.2
15.47510051727295 -13.380550384521484 2.199951171875 0.2
15.375800132751465 -13.45465087890625 2.0374507904052734 0.2
15.407299995422363 -13.435150146484375 1.8319511413574219 0.2
15.541999816894531 -13.338550567626953 1.7114505767822266 0.2
15.666000366210938 -13.173450469970703 1.7517509460449219 0.2
15.68440055847168 -12.992752075195312 1.85675048828125 0.2
15.622000694274902 -12.804550170898438 1.9223499298095703 0.2
15.507200241088867 -12.655448913574219 1.83795166015625 0.2
15.490900039672852 -12.608051300048828 1.6369514465332031 0.2
15.576600074768066 -12.658451080322266 1.4568500518798828 0.2
15.70359992980957 -12.818649291992188 1.4142513275146484 0.2
15.732100486755371 -13.015750885009766 1.4774513244628906 0.2
15.679300308227539 -13.208251953125 1.5397510528564453 0.2
15.54050064086914 -13.356651306152344 1.4909515380859375 0.2
15.464000701904297 -13.39834976196289 1.305551528930664 0.2
15.504700660705566 -13.3509521484375 1.1080513000488281 0.2
15.641400337219238 -13.215850830078125 1.0302505493164062 0.2
15.725700378417969 -13.037952423095703 1.0989513397216797 0.2
15.724400520324707 -12.85784912109375 1.205850601196289 0.2
15.617000579833984 -12.679149627685547 1.228750228881836 0.2
15.517499923706055 -12.584651947021484 1.0794506072998047 0.2
15.536399841308594 -12.604549407958984 0.8731498718261719 0.2
15.642300605773926 -12.721149444580078 0.7394504547119141 0.2
15.728300094604492 -12.912052154541016 0.7441501617431641 0.2
15.730999946594238 -13.10885238647461 0.8159503936767578 0.2
15.64050006866455 -13.29104995727539 0.8640499114990234 0.2
15.486900329589844 -13.390251159667969 0.7741508483886719 0.2
15.45580005645752 -13.370849609375 0.5721511840820312 0.2
15.54050064086914 -13.277549743652344 0.40685081481933594 0.2
15.67710018157959 -13.121349334716797 0.37615013122558594 0.2
15.739299774169922 -12.939350128173828 0.4568500518798828 0.2
15.718299865722656 -12.754249572753906 0.5515499114990234 0.2
15.588900566101074 -12.592449188232422 0.5492515563964844 0.2
15.500800132751465 -12.52545166015625 0.3776512145996094 0.2
15.521100044250488 -12.557151794433594 0.1730499267578125 0.2
15.632400512695312 -12.69095230102539 0.05985069274902344 0.2
15.707500457763672 -12.883949279785156 0.08725166320800781 0.2
15.700200080871582 -13.076652526855469 0.16825103759765625 0.2
15.581600189208984 -13.245552062988281 0.1927509307861328 0.2
15.44540023803711 -13.311351776123047 0.05835151672363281 0.2
15.428000450134277 -13.267749786376953 -0.14384841918945312 0.2
15.520500183105469 -13.1468505859375 -0.2837486267089844 0.2
15.63390064239502 -12.970451354980469 -0.2770500183105469 0.2
15.67609977722168 -12.791549682617188 -0.17734909057617188 0.2
15.609800338745117 -12.611251831054688 -0.09904861450195312 0.2
15.461199760437012 -12.494949340820312 -0.1723499298095703 0.2
15.409299850463867 -12.501949310302734 -0.3712501525878906 0.2
15.463600158691406 -12.599250793457031 -0.5449485778808594 0.2
15.566500663757324 -12.774951934814453 -0.5999488830566406 0.2
15.607999801635742 -12.971649169921875 -0.5438499450683594 0.2
15.566300392150879 -13.160049438476562 -0.46574974060058594 0.2
15.405900001525879 -13.287551879882812 -0.47624969482421875 0.2
15.306900024414062 -13.294551849365234 -0.6514492034912109 0.2
15.356599807739258 -13.210052490234375 -0.8339500427246094 0.2
15.485400199890137 -13.072151184082031 -0.9231491088867188 0.2
15.584799766540527 -12.892452239990234 -0.8857498168945312 0.2
15.60949993133545 -12.708251953125 -0.7904491424560547 0.2
15.516300201416016 -12.53274917602539 -0.7297496795654297 0.2
15.375699996948242 -12.433052062988281 -0.8347492218017578 0.2
15.343700408935547 -12.447052001953125 -1.0387496948242188 0.2
15.414800643920898 -12.549449920654297 -1.2036495208740234 0.2
15.519200325012207 -12.728351593017578 -1.2348499298095703 0.2
15.557499885559082 -12.920051574707031 -1.162149429321289 0.2
15.494500160217285 -13.10605239868164 -1.0935497283935547 0.2
15.33120059967041 -13.216651916503906 -1.146749496459961 0.2
15.253000259399414 -13.197052001953125 -1.334848403930664 0.2
15.293100357055664 -13.093551635742188 -1.5103492736816406 0.2
15.40719985961914 -12.927848815917969 -1.5715484619140625 0.2
15.484200477600098 -12.746650695800781 -1.5037498474121094 0.2
15.476900100708008 -12.56405258178711 -1.4039497375488281 0.2
15.333300590515137 -12.418350219726562 -1.3874492645263672 0.2
15.211700439453125 -12.389152526855469 -1.5468482971191406 0.2
15.20580005645752 -12.463150024414062 -1.74114990234375 0.2
15.293000221252441 -12.615348815917969 -1.8558483123779297 0.2
15.366399765014648 -12.810249328613281 -1.838949203491211 0.2
15.37190055847168 -13.002952575683594 -1.7586498260498047 0.2
15.250300407409668 -13.160049438476562 -1.7017498016357422 0.2
15.093999862670898 -13.211250305175781 -1.8162498474121094 0.2
15.082200050354004 -13.150951385498047 -2.0126495361328125 0.2
15.180900573730469 -13.03274917602539 -2.1511497497558594 0.2
15.305200576782227 -12.863349914550781 -2.1672496795654297 0.2
15.363300323486328 -12.679550170898438 -2.087249755859375 0.2
15.328700065612793 -12.497051239013672 -1.9949493408203125 0.2
15.177499771118164 -12.363052368164062 -2.018949508666992 0.2
15.088800430297852 -12.343151092529297 -2.2011489868164062 0.2
15.117700576782227 -12.419952392578125 -2.390850067138672 0.2
15.22249984741211 -12.57564926147461 -2.4856491088867188 0.2
15.294600486755371 -12.766551971435547 -2.445650100708008 0.2
15.29050064086914 -12.957252502441406 -2.3623485565185547 0.2
15.149800300598145 -13.107551574707031 -2.344949722290039 0.2
15.010200500488281 -13.131950378417969 -2.488248825073242 0.2
14.996399879455566 -13.047950744628906 -2.676849365234375 0.2
15.0826997756958 -12.898651123046875 -2.7961483001708984 0.2
15.17870044708252 -12.715351104736328 -2.7762489318847656 0.2
15.219099998474121 -12.534351348876953 -2.680448532104492 0.2
15.121600151062012 -12.368148803710938 -2.6044483184814453 0.2
14.954299926757812 -12.29635238647461 -2.6899490356445312 0.2
14.890299797058105 -12.343250274658203 -2.880849838256836 0.2
14.935500144958496 -12.467849731445312 -3.040548324584961 0.2
15.024900436401367 -12.654350280761719 -3.0771484375 0.2
15.065400123596191 -12.849052429199219 -3.014148712158203 0.2
14.998300552368164 -13.02655029296875 -2.9276485443115234 0.2
14.8233003616333 -13.12125015258789 -2.958749771118164 0.2
14.74370002746582 -13.095050811767578 -3.14324951171875 0.2
14.799400329589844 -12.995250701904297 -3.3169498443603516 0.2
14.92490005493164 -12.841850280761719 -3.3870487213134766 0.2
15.011099815368652 -12.65875244140625 -3.3374500274658203 0.2
15.023900032043457 -12.474651336669922 -3.2403488159179688 0.2
14.9035005569458 -12.31515121459961 -3.1929492950439453 0.2
14.76609992980957 -12.253349304199219 -3.3263492584228516 0.2
14.748600006103516 -12.304248809814453 -3.5262489318847656 0.2
14.830699920654297 -12.43265151977539 -3.669048309326172 0.2
14.926400184631348 -12.617549896240234 -3.6795482635498047 0.2
14.96500015258789 -12.8072509765625 -3.6009483337402344 0.2
14.879700660705566 -12.984149932861328 -3.538848876953125 0.2
14.709500312805176 -13.0572509765625 -3.6181488037109375 0.2
14.638299942016602 -13.00014877319336 -3.8026485443115234 0.2
14.680800437927246 -12.868450164794922 -3.958148956298828 0.2
14.777700424194336 -12.686450958251953 -3.994749069213867 0.2
14.847000122070312 -12.505352020263672 -3.9170494079589844 0.2
14.812000274658203 -12.329349517822266 -3.814748764038086 0.2
14.639500617980957 -12.22344970703125 -3.817150115966797 0.2
14.513500213623047 -12.238948822021484 -3.977449417114258 0.2
14.503399848937988 -12.337650299072266 -4.158548355102539 0.2
14.584400177001953 -12.507652282714844 -4.253049850463867 0.2
14.649399757385254 -12.702949523925781 -4.220249176025391 0.2
14.636199951171875 -12.89065170288086 -4.13184928894043 0.2
14.482600212097168 -13.019149780273438 -4.090549468994141 0.2
14.340499877929688 -13.03335189819336 -4.231649398803711 0.2
14.346700668334961 -12.953948974609375 -4.42234992980957 0.2
14.451499938964844 -12.820350646972656 -4.542749404907227 0.2
14.560600280761719 -12.641849517822266 -4.535348892211914 0.2
14.607200622558594 -12.457752227783203 -4.449249267578125 0.2
14.537300109863281 -12.283550262451172 -4.36094856262207 0.2
14.37540054321289 -12.179752349853516 -4.419849395751953 0.2
14.310999870300293 -12.198348999023438 -4.612848281860352 0.2
14.362100601196289 -12.300251007080078 -4.78704833984375 0.2
14.466300010681152 -12.469249725341797 -4.853849411010742 0.2
14.53439998626709 -12.657649993896484 -4.797649383544922 0.2
14.507699966430664 -12.846752166748047 -4.717350006103516 0.2
14.344900131225586 -12.968849182128906 -4.727649688720703 0.2
14.221099853515625 -12.951950073242188 -4.888050079345703 0.2
14.214900016784668 -12.841350555419922 -5.064048767089844 0.2
14.29520034790039 -12.669551849365234 -5.153949737548828 0.2
14.381400108337402 -12.485851287841797 -5.109048843383789 0.2
14.402900695800781 -12.305950164794922 -5.00724983215332 0.2
14.268199920654297 -12.169052124023438 -4.937049865722656 0.2
14.092599868774414 -12.14834976196289 -5.035348892211914 0.2
14.015800476074219 -12.222949981689453 -5.213249206542969 0.2
14.056600570678711 -12.371551513671875 -5.3540496826171875 0.2
14.134900093078613 -12.564651489257812 -5.367048263549805 0.2
14.16349983215332 -12.756649017333984 -5.292049407958984 0.2
14.061100006103516 -12.910850524902344 -5.199748992919922 0.2
13.881400108337402 -12.962451934814453 -5.270750045776367 0.2
13.822400093078613 -12.906150817871094 -5.459049224853516 0.2
13.884699821472168 -12.790950775146484 -5.618648529052734 0.2
14.001800537109375 -12.621952056884766 -5.664949417114258 0.2
14.075600624084473 -12.437850952148438 -5.601049423217773 0.2
14.06350040435791 -12.25815200805664 -5.498849868774414 0.2
13.910900115966797 -12.125450134277344 -5.478048324584961 0.2
13.78439998626709 -12.106651306152344 -5.634248733520508 0.2
13.787400245666504 -12.185749053955078 -5.8251495361328125 0.2
13.876100540161133 -12.332450866699219 -5.947549819946289 0.2
13.964700698852539 -12.519351959228516 -5.932748794555664 0.2
13.989100456237793 -12.709651947021484 -5.852849960327148 0.2
13.862299919128418 -12.865348815917969 -5.809148788452148 0.2
13.694900512695312 -12.893550872802734 -5.918249130249023 0.2
13.6358003616333 -12.807849884033203 -6.096649169921875 0.2
13.679699897766113 -12.651752471923828 -6.229848861694336 0.2
13.769400596618652 -12.464950561523438 -6.227649688720703 0.2
13.834500312805176 -12.286552429199219 -6.14164924621582 0.2
13.763299942016602 -12.1280517578125 -6.030849456787109 0.2
13.570199966430664 -12.068649291992188 -6.038148880004883 0.2
13.42590045928955 -12.114349365234375 -6.179449081420898 0.2
13.396500587463379 -12.234050750732422 -6.344449996948242 0.2
13.468999862670898 -12.418651580810547 -6.41254997253418 0.2
13.527700424194336 -12.612152099609375 -6.364448547363281 0.2
13.48169994354248 -12.785751342773438 -6.25684928894043 0.2
13.305299758911133 -12.878849029541016 -6.250049591064453 0.2
13.18970012664795 -12.85675048828125 -6.414848327636719 0.2
13.205699920654297 -12.76205062866211 -6.598848342895508 0.2
13.312100410461426 -12.609451293945312 -6.69474983215332 0.2
13.404900550842285 -12.425651550292969 -6.663148880004883 0.2
13.434200286865234 -12.243549346923828 -6.566749572753906 0.2
13.326200485229492 -12.087749481201172 -6.487848281860352 0.2
13.163599967956543 -12.02545166015625 -6.5863494873046875 0.2
13.1181001663208 -12.076549530029297 -6.780649185180664 0.2
13.1806001663208 -12.196449279785156 -6.940549850463867 0.2
13.2785005569458 -12.375450134277344 -6.979549407958984 0.2
13.336199760437012 -12.564350128173828 -6.912448883056641 0.2
13.265700340270996 -12.743549346923828 -6.841348648071289 0.2
13.086299896240234 -12.819950103759766 -6.8941497802734375 0.2
12.97544002532959 -12.770252227783203 -7.060949325561523 0.2
12.974570274353027 -12.638252258300781 -7.22184944152832 0.2
13.054500579833984 -12.452350616455078 -7.2673492431640625 0.2
13.14330005645752 -12.274749755859375 -7.202449798583984 0.2
13.141900062561035 -12.10274887084961 -7.0892486572265625 0.2
12.977740287780762 -12.005050659179688 -7.018650054931641 0.2
12.785880088806152 -12.014450073242188 -7.092649459838867 0.2
12.677220344543457 -12.097450256347656 -7.245349884033203 0.2
12.71660041809082 -12.261749267578125 -7.367948532104492 0.2
12.795570373535156 -12.453948974609375 -7.360048294067383 0.2
12.806560516357422 -12.639850616455078 -7.266948699951172 0.2
12.670760154724121 -12.77505111694336 -7.199748992919922 0.2
12.509389877319336 -12.799751281738281 -7.317249298095703 0.2
12.480199813842773 -12.727951049804688 -7.508548736572266 0.2
12.558150291442871 -12.597850799560547 -7.649448394775391 0.2
12.66553020477295 -12.41884994506836 -7.660249710083008 0.2
12.7193603515625 -12.236251831054688 -7.576549530029297 0.2
12.662799835205078 -12.065650939941406 -7.472848892211914 0.2
12.494510650634766 -11.959449768066406 -7.498849868774414 0.2
12.405369758605957 -11.971649169921875 -7.680749893188477 0.2
12.439889907836914 -12.06344985961914 -7.864248275756836 0.2
12.539629936218262 -12.222049713134766 -7.957248687744141 0.2
12.620719909667969 -12.40875244140625 -7.9176483154296875 0.2
12.609450340270996 -12.599552154541016 -7.838949203491211 0.2
12.450469970703125 -12.726951599121094 -7.831850051879883 0.2
12.29934024810791 -12.721149444580078 -7.969648361206055 0.2
12.247930526733398 -12.620651245117188 -8.143749237060547 0.2
12.302010536193848 -12.446449279785156 -8.242549896240234 0.2
12.398210525512695 -12.265151977539062 -8.20884895324707 0.2
12.448559761047363 -12.088550567626953 -8.111949920654297 0.2
12.34237003326416 -11.95425033569336 -7.999948501586914 0.2
12.139780044555664 -11.930450439453125 -8.010149002075195 0.2
11.978799819946289 -11.986949920654297 -8.127948760986328 0.2
11.95814037322998 -12.126251220703125 -8.27804946899414 0.2
12.037660598754883 -12.314651489257812 -8.321449279785156 0.2
12.090909957885742 -12.503952026367188 -8.254949569702148 0.2
12.01613998413086 -12.664249420166016 -8.146848678588867 0.2
11.831210136413574 -12.727550506591797 -8.188749313354492 0.2
11.738409996032715 -12.679649353027344 -8.364948272705078 0.2
11.766349792480469 -12.568649291992188 -8.536249160766602 0.2
11.869430541992188 -12.399150848388672 -8.604448318481445 0.2
11.947549819946289 -12.21514892578125 -8.547748565673828 0.2
11.947660446166992 -12.039352416992188 -8.438549041748047 0.2
11.800350189208984 -11.909252166748047 -8.386449813842773 0.2
11.647890090942383 -11.886249542236328 -8.515850067138672 0.2
11.619319915771484 -11.954952239990234 -8.70844841003418 0.2
11.687430381774902 -12.090351104736328 -8.854148864746094 0.2
11.783860206604004 -12.273052215576172 -8.862249374389648 0.2
11.824700355529785 -12.463748931884766 -8.791549682617188 0.2
11.707039833068848 -12.621452331542969 -8.73324966430664 0.2
11.519700050354004 -12.655250549316406 -8.804948806762695 0.2
11.401150703430176 -12.58365249633789 -8.958250045776367 0.2
11.400390625 -12.425552368164062 -9.092449188232422 0.2
11.491060256958008 -12.239849090576172 -9.103049278259277 0.2
11.577859878540039 -12.063850402832031 -9.034249305725098 0.2
11.537389755249023 -11.911048889160156 -8.902750015258789 0.2
11.355589866638184 -11.857952117919922 -8.825349807739258 0.2
11.154280662536621 -11.888450622558594 -8.864349365234375 0.2
11.05387020111084 -11.998149871826172 -9.002049446105957 0.2
11.113100051879883 -12.173751831054688 -9.099749565124512 0.2
11.198530197143555 -12.36185073852539 -9.080649375915527 0.2
11.19324016571045 -12.541351318359375 -8.972148895263672 0.2
11.030950546264648 -12.648551940917969 -8.929048538208008 0.2
10.876790046691895 -12.63315200805664 -9.059248924255371 0.2
10.83843994140625 -12.538150787353516 -9.23954963684082 0.2
10.907930374145508 -12.381549835205078 -9.358549118041992 0.2
10.998140335083008 -12.195449829101562 -9.34174919128418 0.2
11.038840293884277 -12.017650604248047 -9.241949081420898 0.2
10.94144058227539 -11.87015151977539 -9.138049125671387 0.2
10.759300231933594 -11.81235122680664 -9.198549270629883 0.2
10.666600227355957 -11.853649139404297 -9.378449440002441 0.2
10.685810089111328 -11.963851928710938 -9.55514907836914 0.2
10.776660919189453 -12.138351440429688 -9.617949485778809 0.2
10.855110168457031 -12.325252532958984 -9.570249557495117 0.2
10.801360130310059 -12.504852294921875 -9.486848831176758 0.2
10.613090515136719 -12.582649230957031 -9.479848861694336 0.2
10.43241024017334 -12.552749633789062 -9.577049255371094 0.2
10.35757064819336 -12.422050476074219 -9.7173490524292 0.2
10.418590545654297 -12.234550476074219 -9.777249336242676 0.2
10.521249771118164 -12.055850982666016 -9.746549606323242 0.2
10.538269996643066 -11.888851165771484 -9.628549575805664 0.2
10.41448974609375 -11.80615234375 -9.485249519348145 0.2
10.218390464782715 -11.806049346923828 -9.42034912109375 0.2
10.054900169372559 -11.889751434326172 -9.501949310302734 0.2
10.064860343933105 -12.047248840332031 -9.638349533081055 0.2
10.157110214233398 -12.230449676513672 -9.673048973083496 0.2
10.211380004882812 -12.41775131225586 -9.600349426269531 0.2
10.111760139465332 -12.56264877319336 -9.50014877319336 0.2
9.919919967651367 -12.590351104736328 -9.555449485778809 0.2
9.817370414733887 -12.512950897216797 -9.717248916625977 0.2
9.829549789428711 -12.372550964355469 -9.868948936462402 0.2
9.915220260620117 -12.186149597167969 -9.903348922729492 0.2
9.98507022857666 -12.006050109863281 -9.825949668884277 0.2
9.947710037231445 -11.846549987792969 -9.699149131774902 0.2
9.769519805908203 -11.75735092163086 -9.674249649047852 0.2
9.623319625854492 -11.76755142211914 -9.817548751831055 0.2
9.58452033996582 -11.84844970703125 -10.0052490234375 0.2
9.648860931396484 -12.005352020263672 -10.124049186706543 0.2
9.749059677124023 -12.187450408935547 -10.116048812866211 0.2
9.763370513916016 -12.379150390625 -10.041349411010742 0.2
9.615909576416016 -12.50455093383789 -9.974148750305176 0.2
9.412280082702637 -12.51675033569336 -10.010149002075195 0.2
9.267370223999023 -12.426250457763672 -10.1233491897583 0.2
9.272510528564453 -12.244548797607422 -10.218149185180664 0.2
9.370040893554688 -12.060550689697266 -10.221149444580078 0.2
9.429059982299805 -11.884052276611328 -10.133249282836914 0.2
9.366729736328125 -11.773448944091797 -9.968949317932129 0.2
9.206729888916016 -11.746349334716797 -9.840349197387695 0.2
9.012109756469727 -11.800151824951172 -9.846049308776855 0.2
8.956210136413574 -11.934452056884766 -9.989449501037598 0.2
9.034600257873535 -12.108650207519531 -10.076148986816406 0.2
9.119359970092773 -12.297050476074219 -10.054549217224121 0.2
9.0972900390625 -12.471450805664062 -9.94434928894043 0.2
8.913310050964355 -12.548851013183594 -9.928548812866211 0.2
8.760780334472656 -12.498050689697266 -10.055949211120605 0.2
8.71776008605957 -12.375652313232422 -10.216249465942383 0.2
8.782529830932617 -12.195350646972656 -10.30104923248291 0.2
8.86553955078125 -12.011051177978516 -10.251949310302734 0.2
8.885160446166992 -11.84415054321289 -10.13064956665039 0.2
8.747390747070312 -11.727249145507812 -10.037849426269531 0.2
8.569000244140625 -11.699748992919922 -10.129348754882812 0.2
8.492799758911133 -11.750450134277344 -10.315049171447754 0.2
8.522100448608398 -11.87554931640625 -10.479848861694336 0.2
8.617799758911133 -12.054851531982422 -10.51884937286377 0.2
8.681960105895996 -12.246452331542969 -10.471549034118652 0.2
8.5943603515625 -12.412349700927734 -10.387349128723145 0.2
8.396810531616211 -12.468151092529297 -10.379549026489258 0.2
8.213729858398438 -12.422149658203125 -10.46104907989502 0.2
8.154760360717773 -12.264652252197266 -10.57914924621582 0.2
8.233449935913086 -12.076652526855469 -10.614048957824707 0.2
8.326009750366211 -11.897552490234375 -10.565849304199219 0.2
8.311050415039062 -11.754352569580078 -10.416849136352539 0.2
8.18320083618164 -11.700450897216797 -10.263049125671387 0.2
7.988690376281738 -11.725250244140625 -10.204949378967285 0.2
7.8627400398254395 -11.837650299072266 -10.314249038696289 0.2
7.90587043762207 -12.003349304199219 -10.435249328613281 0.2
7.999060153961182 -12.18764877319336 -10.456449508666992 0.2
8.030540466308594 -12.373451232910156 -10.363348960876465 0.2
7.8896403312683105 -12.490348815917969 -10.284849166870117 0.2
7.703270435333252 -12.47235107421875 -10.362648963928223 0.2
7.6088104248046875 -12.36614990234375 -10.513849258422852 0.2
7.634790420532227 -12.196552276611328 -10.633049011230469 0.2
7.718690395355225 -12.006950378417969 -10.62554931640625 0.2
7.7775702476501465 -11.833751678466797 -10.526148796081543 0.2
7.703060150146484 -11.699851989746094 -10.389749526977539 0.2
7.509060382843018 -11.648052215576172 -10.400049209594727 0.2
7.371880054473877 -11.679248809814453 -10.551749229431152 0.2
7.3431501388549805 -11.779350280761719 -10.732748985290527 0.2
7.419480323791504 -11.947151184082031 -10.825249671936035 0.2
7.515680313110352 -12.131752014160156 -10.81464958190918 0.2
7.497480392456055 -12.318851470947266 -10.732048988342285 0.2
7.328150272369385 -12.414249420166016 -10.666648864746094 0.2
7.122250080108643 -12.403450012207031 -10.687149047851562 0.2
6.996990203857422 -12.273250579833984 -10.78394889831543 0.2
7.0284104347229 -12.078948974609375 -10.845149040222168 0.2
7.124840259552002 -11.894950866699219 -10.830248832702637 0.2
7.163150310516357 -11.737049102783203 -10.703749656677246 0.2
7.09574031829834 -11.66604995727539 -10.519848823547363 0.2
6.936300277709961 -11.671451568603516 -10.390748977661133 0.2
6.7626800537109375 -11.759449005126953 -10.435949325561523 0.2
6.748380184173584 -11.906349182128906 -10.58444881439209 0.2
6.833400249481201 -12.082149505615234 -10.65674877166748 0.2
6.909580230712891 -12.27225112915039 -10.617149353027344 0.2
6.8437700271606445 -12.430049896240234 -10.508648872375488 0.2
6.644929885864258 -12.462749481201172 -10.516149520874023 0.2
6.502510070800781 -12.37655258178711 -10.638849258422852 0.2
6.472710132598877 -12.22304916381836 -10.774949073791504 0.2
6.541470527648926 -12.0301513671875 -10.812549591064453 0.2
6.622179985046387 -11.852550506591797 -10.739249229431152 0.2
6.612880229949951 -11.70465087890625 -10.593949317932129 0.2
6.443890571594238 -11.624252319335938 -10.520849227905273 0.2
6.270270347595215 -11.627449035644531 -10.629549026489258 0.2
6.192800521850586 -11.695449829101562 -10.810548782348633 0.2
6.230040550231934 -11.842151641845703 -10.951848983764648 0.2
6.331049919128418 -12.021652221679688 -10.982549667358398 0.2
6.370830535888672 -12.217750549316406 -10.931448936462402 0.2
6.255130290985107 -12.358551025390625 -10.83644962310791 0.2
6.051529884338379 -12.38814926147461 -10.809948921203613 0.2
5.875240325927734 -12.304351806640625 -10.870749473571777 0.2
5.848090171813965 -12.118850708007812 -10.953749656677246 0.2
5.937000274658203 -11.931049346923828 -10.97024917602539 0.2
6.010690212249756 -11.756649017333984 -10.88914966583252 0.2
5.987480163574219 -11.653152465820312 -10.709548950195312 0.2
5.863890171051025 -11.631649017333984 -10.54474925994873 0.2
5.674770355224609 -11.692249298095703 -10.509749412536621 0.2
5.594710350036621 -11.825149536132812 -10.643649101257324 0.2
5.656130313873291 -11.993949890136719 -10.75214958190918 0.2
5.748720169067383 -12.18014907836914 -10.759649276733398 0.2
5.760510444641113 -12.359352111816406 -10.65524959564209 0.2
5.588500022888184 -12.443851470947266 -10.597349166870117 0.2
5.407299995422363 -12.391952514648438 -10.678749084472656 0.2
5.322190284729004 -12.263050079345703 -10.815849304199219 0.2
5.35623025894165 -12.075950622558594 -10.90424919128418 0.2
5.443240165710449 -11.889850616455078 -10.87044906616211 0.2
5.488480567932129 -11.725349426269531 -10.7527494430542 0.2
5.3755903244018555 -11.618850708007812 -10.62144947052002 0.2
5.176250457763672 -11.598949432373047 -10.655049324035645 0.2
5.043090343475342 -11.650249481201172 -10.805449485778809 0.2
5.022850036621094 -11.777050018310547 -10.969649314880371 0.2
5.112910270690918 -11.950252532958984 -11.039749145507812 0.2
5.195850372314453 -12.139450073242188 -11.023649215698242 0.2
5.145600318908691 -12.309749603271484 -10.918949127197266 0.2
4.968120098114014 -12.376850128173828 -10.838349342346191 0.2
4.767000198364258 -12.336551666259766 -10.840449333190918 0.2
4.670460224151611 -12.172649383544922 -10.91784954071045 0.2
4.726600170135498 -11.97774887084961 -10.961249351501465 0.2
4.817399978637695 -11.79465103149414 -10.927148818969727 0.2
4.8495001792907715 -11.666450500488281 -10.76564884185791 0.2
4.7889299392700195 -11.624549865722656 -10.571649551391602 0.2
4.623570442199707 -11.66025161743164 -10.458449363708496 0.2
4.4781904220581055 -11.772850036621094 -10.540148735046387 0.2
4.495250225067139 -11.928951263427734 -10.680249214172363 0.2
4.581789970397949 -12.108951568603516 -10.738149642944336 0.2
4.643800258636475 -12.299449920654297 -10.672049522399902 0.2
4.533970355987549 -12.430549621582031 -10.569648742675781 0.2
4.333430290222168 -12.419551849365234 -10.597848892211914 0.2
4.202080249786377 -12.309951782226562 -10.715848922729492 0.2
4.195000171661377 -12.135551452636719 -10.83074951171875 0.2
4.273900032043457 -11.94314956665039 -10.834749221801758 0.2
4.350580215454102 -11.772350311279297 -10.742849349975586 0.2
4.310940265655518 -11.64284896850586 -10.5879487991333 0.2
4.121400356292725 -11.58544921875 -10.554649353027344 0.2
3.9624111652374268 -11.605350494384766 -10.685149192810059 0.2
3.9039671421051025 -11.690849304199219 -10.866148948669434 0.2
3.9568490982055664 -11.8531494140625 -10.98284912109375 0.2
4.051919937133789 -12.038249969482422 -11.000449180603027 0.2
4.061779975891113 -12.232051849365234 -10.932148933410645 0.2
3.9209063053131104 -12.34735107421875 -10.836349487304688 0.2
3.715740203857422 -12.358051300048828 -10.808849334716797 0.2
3.5614962577819824 -12.241249084472656 -10.87554931640625 0.2
3.5694613456726074 -12.047149658203125 -10.944249153137207 0.2
3.668253183364868 -11.863449096679688 -10.94884967803955 0.2
3.729684352874756 -11.701148986816406 -10.838149070739746 0.2
3.691582202911377 -11.62234878540039 -10.64854907989502 0.2
3.554969310760498 -11.622749328613281 -10.494648933410645 0.2
3.374666213989258 -11.709049224853516 -10.503349304199219 0.2
3.3310883045196533 -11.856250762939453 -10.645548820495605 0.2
3.403205156326294 -12.031150817871094 -10.733049392700195 0.2
3.4889211654663086 -12.220149993896484 -10.711749076843262 0.2
3.4523372650146484 -12.381649017333984 -10.594149589538574 0.2
3.2576041221618652 -12.42135238647461 -10.561348915100098 0.2
3.0920047760009766 -12.33835220336914 -10.653149604797363 0.2
3.0322699546813965 -12.186050415039062 -10.780649185180664 0.2
3.086944580078125 -11.991649627685547 -10.832348823547363 0.2
3.176614284515381 -11.811351776123047 -10.778449058532715 0.2
3.19670033454895 -11.661151885986328 -10.63654899597168 0.2
3.0481362342834473 -11.581550598144531 -10.526749610900879 0.2
2.853626251220703 -11.586849212646484 -10.591049194335938 0.2
2.7355761528015137 -11.656349182128906 -10.748148918151855 0.2
2.7422571182250977 -11.802349090576172 -10.894449234008789 0.2
2.839984178543091 -11.977851867675781 -10.949849128723145 0.2
2.897738218307495 -12.172752380371094 -10.913649559020996 0.2
2.814115285873413 -12.320152282714844 -10.796749114990234 0.2
2.6255462169647217 -12.360252380371094 -10.719849586486816 0.2
2.4368343353271484 -12.282951354980469 -10.732149124145508 0.2
2.384836196899414 -12.096851348876953 -10.800848960876465 0.2
2.4606122970581055 -11.904850006103516 -10.831149101257324 0.2
2.546520233154297 -11.730049133300781 -10.763548851013184 0.2
2.5686371326446533 -11.630950927734375 -10.580948829650879 0.2
2.492319107055664 -11.61355209350586 -10.38914966583252 0.2
2.3171300888061523 -11.676750183105469 -10.312249183654785 0.2
2.2099223136901855 -11.804851531982422 -10.43014907836914 0.2
2.2481813430786133 -11.968250274658203 -10.557048797607422 0.2
2.338121175765991 -12.152751922607422 -10.592148780822754 0.2
2.3750312328338623 -12.336849212646484 -10.502049446105957 0.2
2.22103214263916 -12.431251525878906 -10.415449142456055 0.2
2.0266342163085938 -12.383049011230469 -10.460248947143555 0.2
1.9160902500152588 -12.252449035644531 -10.576048851013184 0.2
1.9313602447509766 -12.063251495361328 -10.665849685668945 0.2
2.02022123336792 -11.876449584960938 -10.642449378967285 0.2
2.0864782333374023 -11.71445083618164 -10.530549049377441 0.2
2.0031702518463135 -11.608951568603516 -10.377348899841309 0.2
1.8024102449417114 -11.583049774169922 -10.377248764038086 0.2
1.6515501737594604 -11.625251770019531 -10.513049125671387 0.2
1.6058602333068848 -11.740348815917969 -10.680949211120605 0.2
1.6774402856826782 -11.91244888305664 -10.771549224853516 0.2
1.762680172920227 -12.101951599121094 -10.777949333190918 0.2
1.7381402254104614 -12.281150817871094 -10.678849220275879 0.2
1.5815402269363403 -12.362751007080078 -10.572349548339844 0.2
1.3805302381515503 -12.337749481201172 -10.539548873901367 0.2
1.261390209197998 -12.182552337646484 -10.601248741149902 0.2
1.3049901723861694 -11.987449645996094 -10.654949188232422 0.2
1.4021402597427368 -11.804550170898438 -10.640949249267578 0.2
1.453160285949707 -11.66815185546875 -10.491748809814453 0.2
1.4120802879333496 -11.619651794433594 -10.294149398803711 0.2
1.2638702392578125 -11.650749206542969 -10.157249450683594 0.2
1.1064802408218384 -11.764350891113281 -10.20944881439209 0.2
1.1015301942825317 -11.922050476074219 -10.348548889160156 0.2
1.1817601919174194 -12.100650787353516 -10.41874885559082 0.2
1.2608002424240112 -12.288848876953125 -10.365549087524414 0.2
1.1800602674484253 -12.424549102783203 -10.24364948272705 0.2
0.9778201580047607 -12.422950744628906 -10.23284912109375 0.2
0.8231301307678223 -12.320350646972656 -10.325949668884277 0.2
0.7849602699279785 -12.149250030517578 -10.440149307250977 0.2
0.8542602062225342 -11.95505142211914 -10.464448928833008 0.2
0.9436001777648926 -11.779350280761719 -10.396549224853516 0.2
0.9317202568054199 -11.6468505859375 -10.240049362182617 0.2
0.7525901794433594 -11.600051879882812 -10.160948753356934 0.2
0.5620701313018799 -11.633350372314453 -10.2350492477417 0.2
0.45692014694213867 -11.734550476074219 -10.383749008178711 0.2
0.4902303218841553 -11.899848937988281 -10.5027494430542 0.2
0.5886201858520508 -12.07925033569336 -10.543349266052246 0.2
0.6222403049468994 -12.268352508544922 -10.469649314880371 0.2
0.5185601711273193 -12.380050659179688 -10.330849647521973 0.2
0.3334801197052002 -12.391651153564453 -10.238948822021484 0.2
0.1692802906036377 -12.27115249633789 -10.257049560546875 0.2
0.15821027755737305 -12.075050354003906 -10.320649147033691 0.2
0.24177026748657227 -11.885848999023438 -10.345149040222168 0.2
0.3274502754211426 -11.727649688720703 -10.243349075317383 0.2
0.35055017471313477 -11.656951904296875 -10.048249244689941 0.2
0.26496028900146484 -11.664649963378906 -9.862149238586426 0.2
0.09083032608032227 -11.757850646972656 -9.831648826599121 0.2
0.022410154342651367 -11.90365219116211 -9.965349197387695 0.2
0.07599020004272461 -12.076351165771484 -10.06934928894043 0.2
0.1684103012084961 -12.26395034790039 -10.07094955444336 0.2
0.16164016723632812 -12.428749084472656 -9.952649116516113 0.2
-0.02122974395751953 -12.476852416992188 -9.882749557495117 0.2
-0.20392966270446777 -12.399452209472656 -9.940849304199219 0.2
-0.2911796569824219 -12.24985122680664 -10.055048942565918 0.2
-0.2506997585296631 -12.055049896240234 -10.118049621582031 0.2
-0.15526986122131348 -11.873550415039062 -10.080248832702637 0.2
-0.10954976081848145 -11.721851348876953 -9.945549011230469 0.2
-0.23421978950500488 -11.63814926147461 -9.81144905090332 0.2
-0.4352097511291504 -11.639049530029297 -9.848349571228027 0.2
-0.5721096992492676 -11.703250885009766 -9.991649627685547 0.2
-0.5901896953582764 -11.845649719238281 -10.141149520874023 0.2
-0.5071196556091309 -12.024150848388672 -10.208949089050293 0.2
-0.4405996799468994 -12.218849182128906 -10.186649322509766 0.2
-0.4948897361755371 -12.373550415039062 -10.061849594116211 0.2
-0.6639697551727295 -12.42795181274414 -9.95414924621582 0.2
-0.8580896854400635 -12.368049621582031 -9.935648918151855 0.2
-0.9343798160552979 -12.190849304199219 -10.004949569702148 0.2
-0.8675098419189453 -12.000751495361328 -10.057549476623535 0.2
-0.7737298011779785 -11.821250915527344 -10.019848823547363 0.2
-0.7345898151397705 -11.70505142211914 -9.85054874420166 0.2
-0.7924797534942627 -11.674850463867188 -9.653749465942383 0.2
-0.9534897804260254 -11.73215103149414 -9.54594898223877 0.2
-1.0780797004699707 -11.86764907836914 -9.633548736572266 0.2
-1.0572795867919922 -12.037250518798828 -9.75624942779541 0.2
-0.967829704284668 -12.220550537109375 -9.797348976135254 0.2
-0.9079396724700928 -12.399349212646484 -9.708549499511719 0.2
-1.0378899574279785 -12.496849060058594 -9.591649055480957 0.2
-1.2390999794006348 -12.459850311279297 -9.603349685668945 0.2
-1.3743295669555664 -12.340751647949219 -9.704449653625488 0.2
-1.3863296508789062 -12.157451629638672 -9.805849075317383 0.2
-1.301919937133789 -11.967350006103516 -9.811948776245117 0.2
-1.221989631652832 -11.795951843261719 -9.726649284362793 0.2
-1.2769699096679688 -11.684249877929688 -9.565349578857422 0.2
-1.473029613494873 -11.668048858642578 -9.515849113464355 0.2
-1.653599739074707 -11.7259521484375 -9.599449157714844 0.2
-1.7332196235656738 -11.855350494384766 -9.741949081420898 0.2
-1.6709599494934082 -12.02614974975586 -9.841448783874512 0.2
-1.578359603881836 -12.21084976196289 -9.859748840332031 0.2
-1.5745396614074707 -12.383049011230469 -9.74644947052002 0.2
-1.7011399269104004 -12.459850311279297 -9.602949142456055 0.2
-1.8889498710632324 -12.432750701904297 -9.52514934539795 0.2
-2.0189199447631836 -12.277751922607422 -9.55984878540039 0.2
-1.9944896697998047 -12.081550598144531 -9.622249603271484 0.2
-1.9057598114013672 -11.894248962402344 -9.62804889678955 0.2
-1.8206496238708496 -11.75844955444336 -9.494349479675293 0.2
-1.8056797981262207 -11.709949493408203 -9.2931489944458 0.2
-1.9143896102905273 -11.743049621582031 -9.124049186706543 0.2
-2.0784196853637695 -11.857952117919922 -9.138949394226074 0.2
-2.1105198860168457 -12.014450073242188 -9.276148796081543 0.2
-2.0456595420837402 -12.192352294921875 -9.362249374389648 0.2
-1.954629898071289 -12.380050659179688 -9.329548835754395 0.2
-2.0040597915649414 -12.521251678466797 -9.197249412536621 0.2
-2.200519561767578 -12.530349731445312 -9.150049209594727 0.2
-2.372119903564453 -12.434452056884766 -9.216849327087402 0.2
-2.435579776763916 -12.26865005493164 -9.327049255371094 0.2
-2.3761096000671387 -12.073951721191406 -9.368549346923828 0.2
-2.276949882507324 -11.897048950195312 -9.320049285888672 0.2
-2.258309841156006 -11.758949279785156 -9.16874885559082 0.2
-2.418229579925537 -11.705551147460938 -9.059449195861816 0.2
-2.617109775543213 -11.736251831054688 -9.106549263000488 0.2
-2.7441396713256836 -11.832050323486328 -9.240949630737305 0.2
-2.7360196113586426 -11.997051239013672 -9.364949226379395 0.2
-2.6458396911621094 -12.17755126953125 -9.4181489944458 0.2
-2.596479892730713 -12.367450714111328 -9.356348991394043 0.2
-2.6725997924804688 -12.485050201416016 -9.20534896850586 0.2
-2.8413095474243164 -12.505752563476562 -9.08704948425293 0.2
-3.015469551086426 -12.399150848388672 -9.080849647521973 0.2
-3.0488100051879883 -12.208148956298828 -9.150349617004395 0.2
-2.971789836883545 -12.020851135253906 -9.1996488571167 0.2
-2.8784799575805664 -11.852649688720703 -9.126049041748047 0.2
-2.8387699127197266 -11.76675033569336 -8.94005012512207 0.2
-2.900559902191162 -11.763351440429688 -8.744049072265625 0.2
-3.064039707183838 -11.85634994506836 -8.675748825073242 0.2
-3.1519999504089355 -12.010848999023438 -8.784849166870117 0.2
-3.1112799644470215 -12.186450958251953 -8.8896484375 0.2
-3.0127596855163574 -12.369949340820312 -8.902849197387695 0.2
-2.9840898513793945 -12.529850006103516 -8.780649185180664 0.2
-3.143209934234619 -12.584251403808594 -8.670148849487305 0.2
-3.3381099700927734 -12.519050598144531 -8.68964958190918 0.2
-3.4581799507141113 -12.380851745605469 -8.78754997253418 0.2
-3.446359634399414 -12.188949584960938 -8.866949081420898 0.2
-3.353529930114746 -12.002349853515625 -8.865049362182617 0.2
-3.288299560546875 -11.840251922607422 -8.75374984741211 0.2
-3.3819398880004883 -11.759552001953125 -8.594449996948242 0.2
-3.583889961242676 -11.778751373291016 -8.563348770141602 0.2
-3.7545995712280273 -11.865951538085938 -8.644449234008789 0.2
-3.800309658050537 -12.022850036621094 -8.770549774169922 0.2
-3.72206974029541 -12.196052551269531 -8.855949401855469 0.2
-3.6395297050476074 -12.38425064086914 -8.838150024414062 0.2
-3.651549816131592 -12.524650573730469 -8.68804931640625 0.2
-3.7802796363830566 -12.568450927734375 -8.531349182128906 0.2
-3.9590396881103516 -12.500450134277344 -8.460748672485352 0.2
-4.048019886016846 -12.321849822998047 -8.507749557495117 0.2
-4.007389545440674 -12.129352569580078 -8.576749801635742 0.2
-3.9127798080444336 -11.947250366210938 -8.558649063110352 0.2
-3.820309638977051 -11.836250305175781 -8.407649993896484 0.2
-3.808309555053711 -11.80875015258789 -8.202949523925781 0.2
-3.9297099113464355 -11.873851776123047 -8.055948257446289 0.2
-4.067239761352539 -12.013751983642578 -8.110549926757812 0.2
-4.074129581451416 -12.18375015258789 -8.234649658203125 0.2
-3.9943699836730957 -12.365852355957031 -8.296649932861328 0.2
-3.907939910888672 -12.541648864746094 -8.226049423217773 0.2
-4.00068998336792 -12.641849517822266 -8.079448699951172 0.2
-4.199639797210693 -12.612449645996094 -8.04024887084961 0.2
-4.360629558563232 -12.500850677490234 -8.105949401855469 0.2
-4.4038896560668945 -12.321651458740234 -8.206048965454102 0.2
-4.328229904174805 -12.130352020263672 -8.236549377441406 0.2
-4.233509540557861 -11.955551147460938 -8.17664909362793 0.2
-4.251259803771973 -11.83795166015625 -8.010950088500977 0.2
-4.432819843292236 -11.820049285888672 -7.923849105834961 0.2
-4.624279975891113 -11.880550384521484 -7.975349426269531 0.2
-4.730899810791016 -12.011852264404297 -8.096948623657227 0.2
-4.692819595336914 -12.18804931640625 -8.198648452758789 0.2
-4.602449893951416 -12.372451782226562 -8.230449676513672 0.2
-4.564549922943115 -12.543048858642578 -8.121149063110352 0.2
-4.647359848022461 -12.625350952148438 -7.950948715209961 0.2
-4.812449932098389 -12.611148834228516 -7.830348968505859 0.2
-4.960159778594971 -12.468952178955078 -7.836750030517578 0.2
-4.964759826660156 -12.278850555419922 -7.917848587036133 0.2
-4.8892998695373535 -12.091548919677734 -7.964849472045898 0.2
-4.786809921264648 -11.940250396728516 -7.865549087524414 0.2
-4.730879783630371 -11.88064956665039 -7.674749374389648 0.2
-4.7871198654174805 -11.913650512695312 -7.481449127197266 0.2
-4.935309886932373 -12.044349670410156 -7.443349838256836 0.2
-4.9935102462768555 -12.215652465820312 -7.549648284912109 0.2
-4.94210958480835 -12.394752502441406 -7.641349792480469 0.2
-4.829269886016846 -12.570751190185547 -7.618349075317383 0.2
-4.832149982452393 -12.690052032470703 -7.458950042724609 0.2
-5.000949859619141 -12.687850952148438 -7.346349716186523 0.2
-5.187600135803223 -12.597049713134766 -7.348148345947266 0.2
-5.286139488220215 -12.433151245117188 -7.432548522949219 0.2
-5.250969886779785 -12.23794937133789 -7.49424934387207 0.2
-5.153009414672852 -12.054351806640625 -7.484949111938477 0.2
-5.093979835510254 -11.915851593017578 -7.345548629760742 0.2
-5.21776008605957 -11.877151489257812 -7.192449569702148 0.2
-5.416839599609375 -11.93014907836914 -7.175748825073242 0.2
-5.568659782409668 -12.042549133300781 -7.264749526977539 0.2
-5.587149620056152 -12.21255111694336 -7.3811492919921875 0.2
-5.5076398849487305 -12.392250061035156 -7.451148986816406 0.2
-5.433139801025391 -12.574748992919922 -7.392648696899414 0.2
-5.467419624328613 -12.680252075195312 -7.220048904418945 0.2
-5.605349540710449 -12.691551208496094 -7.065849304199219 0.2
-5.774669647216797 -12.584548950195312 -7.021549224853516 0.2
-5.83212947845459 -12.397750854492188 -7.086849212646484 0.2
-5.786379814147949 -12.210552215576172 -7.166248321533203 0.2
-5.687029838562012 -12.03375244140625 -7.13334846496582 0.2
-5.597330093383789 -11.944652557373047 -6.968349456787109 0.2
-5.591849327087402 -11.94955062866211 -6.762350082397461 0.2
-5.711159706115723 -12.056549072265625 -6.642148971557617 0.2
-5.817019462585449 -12.225849151611328 -6.706048965454102 0.2
-5.801919937133789 -12.404151916503906 -6.812250137329102 0.2
-5.697469711303711 -12.580551147460938 -6.85004997253418 0.2
-5.619420051574707 -12.72385025024414 -6.730649948120117 0.2
-5.726789474487305 -12.766151428222656 -6.565149307250977 0.2
-5.916059494018555 -12.704452514648438 -6.5090484619140625 0.2
-6.067059516906738 -12.570049285888672 -6.556249618530273 0.2
-6.089779853820801 -12.378952026367188 -6.635250091552734 0.2
-6.013879776000977 -12.187950134277344 -6.670249938964844 0.2
-5.92056941986084 -12.022850036621094 -6.586248397827148 0.2
-5.961529731750488 -11.950752258300781 -6.403450012207031 0.2
-6.138750076293945 -11.990650177001953 -6.307649612426758 0.2
-6.316539764404297 -12.09775161743164 -6.328649520874023 0.2
-6.386569976806641 -12.265251159667969 -6.428049087524414 0.2
-6.33074951171875 -12.440250396728516 -6.5267486572265625 0.2
-6.234549522399902 -12.62295150756836 -6.522150039672852 0.2
-6.192549705505371 -12.747249603271484 -6.364049911499023 0.2
-6.268799781799316 -12.777450561523438 -6.173549652099609 0.2
-6.420249938964844 -12.702350616455078 -6.058149337768555 0.2
-6.523889541625977 -12.527149200439453 -6.083749771118164 0.2
-6.525369644165039 -12.338951110839844 -6.173749923706055 0.2
-6.446199417114258 -12.15045166015625 -6.19744873046875 0.2
-6.313449859619141 -12.03125 -6.089849472045898 0.2
-6.2269697189331055 -12.007450103759766 -5.903348922729492 0.2
-6.271649360656738 -12.089950561523438 -5.724849700927734 0.2
-6.397239685058594 -12.254249572753906 -5.72184944152832 0.2
-6.432219505310059 -12.43375015258789 -5.8233489990234375 0.2
-6.361749649047852 -12.61185073852539 -5.905248641967773 0.2
-6.234489440917969 -12.766849517822266 -5.85624885559082 0.2
-6.253069877624512 -12.840351104736328 -5.670749664306641 0.2
-6.411609649658203 -12.803550720214844 -5.544349670410156 0.2
-6.585309982299805 -12.693450927734375 -5.52764892578125 0.2
-6.667530059814453 -12.512950897216797 -5.597049713134766 0.2
-6.625530242919922 -12.318252563476562 -5.658349990844727 0.2
-6.524319648742676 -12.138050079345703 -5.64124870300293 0.2
-6.479419708251953 -12.030448913574219 -5.475749969482422 0.2
-6.607170104980469 -12.043251037597656 -5.318248748779297 0.2
-6.789639472961426 -12.135051727294922 -5.2823486328125 0.2
-6.917049407958984 -12.28744888305664 -5.3504486083984375 0.2
-6.9056196212768555 -12.464649200439453 -5.458749771118164 0.2
-6.82135009765625 -12.646652221679688 -5.512048721313477 0.2
-6.735329627990723 -12.798648834228516 -5.403249740600586 0.2
-6.766929626464844 -12.853649139404297 -5.207448959350586 0.2
-6.892839431762695 -12.813549041748047 -5.049648284912109 0.2
-7.029899597167969 -12.661949157714844 -5.020549774169922 0.2
-7.067399978637695 -12.47385025024414 -5.100248336791992 0.2
-7.029799461364746 -12.28274917602539 -5.171649932861328 0.2
-6.902859687805176 -12.126850128173828 -5.121648788452148 0.2
-6.783869743347168 -12.07564926147461 -4.960149765014648 0.2
-6.759349822998047 -12.121650695800781 -4.761749267578125 0.2
-6.8667097091674805 -12.267650604248047 -4.67194938659668 0.2
-6.946049690246582 -12.448650360107422 -4.743049621582031 0.2
-6.921520233154297 -12.62874984741211 -4.844148635864258 0.2
-6.794670104980469 -12.795249938964844 -4.866249084472656 0.2
-6.7252197265625 -12.905349731445312 -4.715448379516602 0.2
-6.83273983001709 -12.904651641845703 -4.5426483154296875 0.2
-7.006899833679199 -12.82065200805664 -4.46674919128418 0.2
-7.137199401855469 -12.660850524902344 -4.505449295043945 0.2
-7.142099380493164 -12.464950561523438 -4.576148986816406 0.2
-7.063899993896484 -12.274452209472656 -4.608648300170898 0.2
-6.962359428405762 -12.12874984741211 -4.505350112915039 0.2
-7.016300201416016 -12.09885025024414 -4.314350128173828 0.2
-7.18489933013916 -12.174751281738281 -4.22184944152832 0.2
-7.3454999923706055 -12.308250427246094 -4.246849060058594 0.2
-7.393199920654297 -12.484149932861328 -4.345949172973633 0.2
-7.336299896240234 -12.662551879882812 -4.438650131225586 0.2
-7.2328996658325195 -12.837150573730469 -4.40424919128418 0.2
-7.215399742126465 -12.924549102783203 -4.221549987792969 0.2
-7.320199966430664 -12.903850555419922 -4.043548583984375 0.2
-7.469399452209473 -12.782951354980469 -3.9636497497558594 0.2
-7.543000221252441 -12.594749450683594 -4.008649826049805 0.2
-7.535099983215332 -12.40584945678711 -4.098348617553711 0.2
-7.440499305725098 -12.223949432373047 -4.114849090576172 0.2
-7.309100151062012 -12.141349792480469 -3.981048583984375 0.2
-7.267999649047852 -12.17544937133789 -3.7807483673095703 0.2
-7.336599349975586 -12.296749114990234 -3.6328487396240234 0.2
-7.440099716186523 -12.479949951171875 -3.645648956298828 0.2
-7.447099685668945 -12.662849426269531 -3.744749069213867 0.2
-7.348199844360352 -12.832950592041016 -3.8146495819091797 0.2
-7.220099449157715 -12.961349487304688 -3.725849151611328 0.2
-7.255000114440918 -12.993350982666016 -3.529348373413086 0.2
-7.409599304199219 -12.931652069091797 -3.40625 0.2
-7.568399429321289 -12.79745101928711 -3.396848678588867 0.2
-7.626399993896484 -12.60715103149414 -3.460948944091797 0.2
-7.587200164794922 -12.411651611328125 -3.521848678588867 0.2
-7.473999977111816 -12.24005126953125 -3.489948272705078 0.2
-7.432700157165527 -12.16604995727539 -3.3086490631103516 0.2
-7.550899505615234 -12.221649169921875 -3.1512489318847656 0.2
-7.7154998779296875 -12.344051361083984 -3.109548568725586 0.2
-7.816699981689453 -12.514751434326172 -3.174449920654297 0.2
-7.803299903869629 -12.690650939941406 -3.2857494354248047 0.2
-7.711400032043457 -12.87234878540039 -3.3238487243652344 0.2
-7.620999336242676 -12.994548797607422 -3.1882495880126953 0.2
-7.670999526977539 -12.994049072265625 -2.988849639892578 0.2
-7.80049991607666 -12.897552490234375 -2.856748580932617 0.2
-7.906099319458008 -12.719051361083984 -2.8464488983154297 0.2
-7.927999496459961 -12.526451110839844 -2.9249496459960938 0.2
-7.870699882507324 -12.336051940917969 -2.985349655151367 0.2
-7.719799995422363 -12.214149475097656 -2.919248580932617 0.2
-7.638999938964844 -12.227851867675781 -2.7312488555908203 0.2
-7.668099403381348 -12.330650329589844 -2.553548812866211 0.2
-7.776399612426758 -12.502750396728516 -2.504049301147461 0.2
-7.824799537658691 -12.6905517578125 -2.5810489654541016 0.2
-7.77239990234375 -12.867050170898438 -2.679149627685547 0.2
-7.623899459838867 -13.010650634765625 -2.676748275756836 0.2
-7.569000244140625 -13.073551177978516 -2.494649887084961 0.2
-7.674599647521973 -13.034549713134766 -2.321849822998047 0.2
-7.8343000411987305 -12.924251556396484 -2.250049591064453 0.2
-7.94059944152832 -12.745349884033203 -2.2850494384765625 0.2
-7.94119930267334 -12.548648834228516 -2.3544483184814453 0.2
-7.853899955749512 -12.362751007080078 -2.3840484619140625 0.2
-7.742400169372559 -12.249950408935547 -2.2580490112304688 0.2
-7.782199859619141 -12.271549224853516 -2.0603485107421875 0.2
-7.922999382019043 -12.379951477050781 -1.9534492492675781 0.2
-8.059399604797363 -12.541351318359375 -1.9626483917236328 0.2
-8.09369945526123 -12.719749450683594 -2.064350128173828 0.2
-8.04259967803955 -12.900352478027344 -2.1536483764648438 0.2
-7.914699554443359 -13.050949096679688 -2.097148895263672 0.2
-7.881199836730957 -13.08584976196289 -1.9003486633300781 0.2
-7.968199729919434 -13.012550354003906 -1.7271499633789062 0.2
-8.089599609375 -12.856449127197266 -1.6545486450195312 0.2
-8.145899772644043 -12.662349700927734 -1.7044486999511719 0.2
-8.132499694824219 -12.469852447509766 -1.783548355102539 0.2
-7.997499465942383 -12.313751220703125 -1.7834491729736328 0.2
-7.866499900817871 -12.286750793457031 -1.6309490203857422 0.2
-7.857799530029297 -12.371150970458984 -1.4414501190185547 0.2
-7.946999549865723 -12.524749755859375 -1.3350486755371094 0.2
-8.027899742126465 -12.714950561523438 -1.3712501525878906 0.2
-8.023200035095215 -12.898052215576172 -1.4708499908447266 0.2
-7.899999618530273 -13.05514907836914 -1.535848617553711 0.2
-7.766900062561035 -13.1468505859375 -1.4194488525390625 0.2
-7.801699638366699 -13.136550903320312 -1.21875 0.2
-7.9397993087768555 -13.05105209350586 -1.0888500213623047 0.2
-8.078800201416016 -12.89255142211914 -1.0778484344482422 0.2
-8.122499465942383 -12.697650909423828 -1.1380500793457031 0.2
-8.080900192260742 -12.5030517578125 -1.200948715209961 0.2
-7.947999954223633 -12.3531494140625 -1.1550483703613281 0.2
-7.904099464416504 -12.32925033569336 -0.9602489471435547 0.2
-7.997200012207031 -12.418251037597656 -0.7977485656738281 0.2
-8.137199401855469 -12.567150115966797 -0.745849609375 0.2
-8.211999893188477 -12.749549865722656 -0.8126487731933594 0.2
-8.201499938964844 -12.929248809814453 -0.9194488525390625 0.2
-8.085399627685547 -13.097850799560547 -0.9427490234375 0.2
-7.977499961853027 -13.173351287841797 -0.7896499633789062 0.2
-8.003600120544434 -13.132049560546875 -0.588348388671875 0.2
-8.11299991607666 -13.00564956665039 -0.4613494873046875 0.2
-8.202699661254883 -12.817649841308594 -0.4647483825683594 0.2
-8.229100227355957 -12.62514877319336 -0.5431499481201172 0.2
-8.144100189208984 -12.443550109863281 -0.5934486389160156 0.2
-7.981800079345703 -12.364749908447266 -0.5007495880126953 0.2
-7.919599533081055 -12.41775131225586 -0.3110485076904297 0.2
-7.968599319458008 -12.549152374267578 -0.1602497100830078 0.2
-8.067099571228027 -12.735851287841797 -0.14334869384765625 0.2
-8.097099304199219 -12.924049377441406 -0.22874832153320312 0.2
-8.026399612426758 -13.094852447509766 -0.32594871520996094 0.2
-7.864699363708496 -13.212650299072266 -0.2939491271972656 0.2
-7.818300247192383 -13.23604965209961 -0.09854888916015625 0.2
-7.9188995361328125 -13.172950744628906 0.07145118713378906 0.2
-8.06779956817627 -13.04024887084961 0.13665008544921875 0.2
-8.151000022888184 -12.851852416992188 0.09925079345703125 0.2
-8.150899887084961 -12.655349731445312 0.027851104736328125 0.2
-8.041899681091309 -12.478649139404297 0.011850357055664062 0.2
-7.932899475097656 -12.40264892578125 0.162750244140625 0.2
-7.969200134277344 -12.459850311279297 0.3571510314941406 0.2
-8.090799331665039 -12.591251373291016 0.4653511047363281 0.2
-8.194199562072754 -12.772350311279297 0.44425010681152344 0.2
-8.214599609375 -12.954051971435547 0.34255027770996094 0.2
-8.137299537658691 -13.133049011230469 0.27015113830566406 0.2
-7.988299369812012 -13.247749328613281 0.35015106201171875 0.2
-7.947400093078613 -13.246452331542969 0.5519504547119141 0.2
-8.019000053405762 -13.154552459716797 0.7244510650634766 0.2
-8.129300117492676 -12.983051300048828 0.7742500305175781 0.2
-8.184999465942383 -12.791252136230469 0.7122516632080078 0.2
-8.151399612426758 -12.59804916381836 0.6411514282226562 0.2
-7.993800163269043 -12.469650268554688 0.671051025390625 0.2
-7.888400077819824 -12.481849670410156 0.8460502624511719 0.2
-7.89739990234375 -12.589252471923828 1.0240516662597656 0.2
-7.994999885559082 -12.764450073242188 1.08905029296875 0.2
-8.0516996383667 -12.956649780273438 1.0281505584716797 0.2
-8.026800155639648 -13.137649536132812 0.9260501861572266 0.2
-7.880099296569824 -13.278152465820312 0.8851509094238281 0.2
-7.7683000564575195 -13.334651947021484 1.0419502258300781 0.2
-7.819299697875977 -13.29384994506836 1.2384510040283203 0.2
-7.956099510192871 -13.185649871826172 1.3516502380371094 0.2
-8.072099685668945 -13.009151458740234 1.3469505310058594 0.2
-8.101399421691895 -12.812850952148438 1.2799510955810547 0.2
-8.036699295043945 -12.622051239013672 1.2274513244628906 0.2
-7.899299621582031 -12.502052307128906 1.317850112915039 0.2
-7.871099472045898 -12.512451171875 1.5208511352539062 0.2
-7.953899383544922 -12.613849639892578 1.6812515258789062 0.2
-8.073800086975098 -12.78485107421875 1.7104511260986328 0.2
-8.117300033569336 -12.970649719238281 1.6249504089355469 0.2
-8.082200050354004 -13.153251647949219 1.5301513671875 0.2
-7.934800148010254 -13.299049377441406 1.5400505065917969 0.2
-7.827699661254883 -13.345748901367188 1.708150863647461 0.2
-7.837100028991699 -13.29935073852539 1.9089508056640625 0.2
-7.947999954223633 -13.155349731445312 2.0144500732421875 0.2
-8.027299880981445 -12.965251922607422 1.9802513122558594 0.2
-8.032899856567383 -12.770648956298828 1.9043502807617188 0.2
-7.906700134277344 -12.604251861572266 1.89215087890625 0.2
-7.777400016784668 -12.56235122680664 2.0416507720947266 0.2
-7.7677001953125 -12.638648986816406 2.2350502014160156 0.2
-7.85629940032959 -12.792251586914062 2.34375 0.2
-7.934000015258789 -12.985149383544922 2.3117504119873047 0.2
-7.941399574279785 -13.17135238647461 2.2157516479492188 0.2
-7.836999893188477 -13.3343505859375 2.1342506408691406 0.2
-7.680699348449707 -13.427249908447266 2.2202510833740234 0.2
-7.667900085449219 -13.417251586914062 2.425050735473633 0.2
-7.771900177001953 -13.33365249633789 2.585451126098633 0.2
-7.905099868774414 -13.174850463867188 2.623750686645508 0.2
-7.95889949798584 -12.978950500488281 2.5721511840820312 0.2
-7.9315996170043945 -12.780750274658203 2.5091514587402344 0.2
-7.795499801635742 -12.6280517578125 2.540050506591797 0.2
-7.7042999267578125 -12.587249755859375 2.7207508087158203 0.2
-7.7204999923706055 -12.64284896850586 2.9206504821777344 0.2
-7.837699890136719 -12.79315185546875 3.003551483154297 0.2
-7.907099723815918 -12.980049133300781 2.9390506744384766 0.2
-7.9011993408203125 -13.162151336669922 2.834951400756836 0.2
-7.783299446105957 -13.32925033569336 2.7896499633789062 0.2
-7.63539981842041 -13.422050476074219 2.899751663208008 0.2
-7.576799392700195 -13.430850982666016 3.0993499755859375 0.2
-7.66249942779541 -13.33034896850586 3.2567501068115234 0.2
-7.769399642944336 -13.14834976196289 3.2621517181396484 0.2
-7.798600196838379 -12.953350067138672 3.1901512145996094 0.2
-7.716400146484375 -12.763751983642578 3.1525516510009766 0.2
-7.5792999267578125 -12.662849426269531 3.264850616455078 0.2
-7.537899971008301 -12.684150695800781 3.468050003051758 0.2
-7.607799530029297 -12.7989501953125 3.623950958251953 0.2
-7.709099769592285 -12.983749389648438 3.6275501251220703 0.2
-7.73859977722168 -13.169551849365234 3.534749984741211 0.2
-7.6915998458862305 -13.348651885986328 3.4371509552001953 0.2
-7.531399726867676 -13.479351043701172 3.439451217651367 0.2
-7.417499542236328 -13.5218505859375 3.6057510375976562 0.2
-7.4197998046875 -13.48575210571289 3.809751510620117 0.2
-7.537599563598633 -13.354251861572266 3.9196510314941406 0.2
-7.620200157165527 -13.163551330566406 3.893451690673828 0.2
-7.630000114440918 -12.96445083618164 3.8277511596679688 0.2
-7.519100189208984 -12.786048889160156 3.810750961303711 0.2
-7.380399703979492 -12.704452514648438 3.9385509490966797 0.2
-7.325200080871582 -12.72235107421875 4.138650894165039 0.2
-7.401299476623535 -12.850349426269531 4.2792510986328125 0.2
-7.491199493408203 -13.03744888305664 4.252450942993164 0.2
-7.511499404907227 -13.219051361083984 4.148151397705078 0.2
-7.427700042724609 -13.393550872802734 4.06505012512207 0.2
-7.264100074768066 -13.50775146484375 4.118450164794922 0.2
-7.1673994064331055 -13.538551330566406 4.301450729370117 0.2
-7.200200080871582 -13.47854995727539 4.494951248168945 0.2
-7.319000244140625 -13.316551208496094 4.555551528930664 0.2
-7.3805999755859375 -13.121849060058594 4.504850387573242 0.2
-7.356999397277832 -12.921852111816406 4.444250106811523 0.2
-7.213500022888184 -12.772850036621094 4.471549987792969 0.2
-7.0920000076293945 -12.739151000976562 4.638050079345703 0.2
-7.070699691772461 -12.80575180053711 4.833250045776367 0.2
-7.166199684143066 -12.973651885986328 4.913051605224609 0.2
-7.227700233459473 -13.163551330566406 4.846750259399414 0.2
-7.2251996994018555 -13.345352172851562 4.740650177001953 0.2
-7.098999977111816 -13.501449584960938 4.67864990234375 0.2
-6.937589645385742 -13.57925033569336 4.781450271606445 0.2
-6.862969398498535 -13.580451965332031 4.97705078125 0.2
-6.93474006652832 -13.484851837158203 5.145050048828125 0.2
-7.042599678039551 -13.305252075195312 5.167850494384766 0.2
-7.091499328613281 -13.108150482177734 5.110950469970703 0.2
-7.0395002365112305 -12.911251068115234 5.058650970458984 0.2
-6.8829498291015625 -12.78995132446289 5.116950988769531 0.2
-6.767580032348633 -12.778751373291016 5.291851043701172 0.2
-6.7679595947265625 -12.872650146484375 5.474550247192383 0.2
-6.861769676208496 -13.055850982666016 5.518850326538086 0.2
-6.911230087280273 -13.242050170898438 5.433450698852539 0.2
-6.886360168457031 -13.421649932861328 5.327051162719727 0.2
-6.731649398803711 -13.558952331542969 5.296550750732422 0.2
-6.581879615783691 -13.6114501953125 5.430450439453125 0.2
-6.533559799194336 -13.588249206542969 5.631351470947266 0.2
-6.627129554748535 -13.463851928710938 5.769550323486328 0.2
-6.719069480895996 -13.274749755859375 5.762851715087891 0.2
-6.753660202026367 -13.07564926147461 5.702150344848633 0.2
-6.660820007324219 -12.889850616455078 5.664251327514648 0.2
-6.5 -12.804248809814453 5.761150360107422 0.2
-6.402440071105957 -12.823951721191406 5.950351715087891 0.2
-6.441760063171387 -12.96295166015625 6.1123504638671875 0.2
-6.528209686279297 -13.16604995727539 6.0946502685546875 0.2
-6.5598297119140625 -13.358451843261719 5.985750198364258 0.2
-6.465259552001953 -13.534549713134766 5.887651443481445 0.2
-6.278029441833496 -13.627849578857422 5.945051193237305 0.2
-6.165069580078125 -13.63425064086914 6.136251449584961 0.2
-6.208339691162109 -13.54315185546875 6.328651428222656 0.2
-6.320869445800781 -13.355949401855469 6.366950988769531 0.2
-6.380660057067871 -13.147552490234375 6.312150955200195 0.2
-6.314709663391113 -12.941452026367188 6.25935173034668 0.2
-6.141539573669434 -12.83475112915039 6.33635139465332 0.2
