-20.16860008239746 9.379150390625 4.307149887084961 0.2
-19.985198974609375 9.38344955444336 4.191751480102539 0.2
-19.81239891052246 9.488250732421875 4.128850936889648 0.2
-19.78179931640625 9.696548461914062 4.107049942016602 0.2
-19.823200225830078 9.889747619628906 4.186651229858398 0.2
-19.79010009765625 9.957450866699219 4.380651473999023 0.2
-19.656299591064453 9.861248016357422 4.511850357055664 0.2
-19.462299346923828 9.758251190185547 4.513250350952148 0.2
-19.338199615478516 9.610248565673828 4.433450698852539 0.2
-19.407100677490234 9.47854995727539 4.283349990844727 0.2
-19.586000442504883 9.393749237060547 4.201051712036133 0.2
-19.761999130249023 9.320449829101562 4.2922515869140625 0.2
-19.816999435424805 9.278648376464844 4.495550155639648 0.2
-19.75589942932129 9.248050689697266 4.699951171875 0.2
-19.692800521850586 9.373748779296875 4.855451583862305 0.2
-19.642799377441406 9.58144760131836 4.874650955200195 0.2
-19.484498977661133 9.711650848388672 4.833650588989258 0.2
-19.28700065612793 9.649547576904297 4.833150863647461 0.2
-19.195098876953125 9.4969482421875 4.952150344848633 0.2
-19.190500259399414 9.322948455810547 5.075651168823242 0.2
-19.20359992980957 9.112548828125 5.1253509521484375 0.2
-19.087499618530273 8.950450897216797 5.203851699829102 0.2
-18.90959930419922 8.854148864746094 5.27815055847168 0.2
-18.699800491333008 8.816848754882812 5.265750885009766 0.2
-18.542499542236328 8.899250030517578 5.147251129150391 0.2
-18.526100158691406 9.056549072265625 5.003551483154297 0.2
-18.594499588012695 9.220550537109375 4.880950927734375 0.2
-18.70549964904785 9.386550903320312 4.799051284790039 0.2
-18.86709976196289 9.513050079345703 4.841150283813477 0.2
-18.965499877929688 9.496650695800781 5.024150848388672 0.2
-18.901399612426758 9.395347595214844 5.201250076293945 0.2
-18.743200302124023 9.313648223876953 5.323450088500977 0.2
-18.57219886779785 9.18655014038086 5.338850021362305 0.2
-18.46190071105957 9.0052490234375 5.314849853515625 0.2
-18.412700653076172 8.817848205566406 5.4089508056640625 0.2
-18.400800704956055 8.650650024414062 5.545650482177734 0.2
-18.51020050048828 8.501148223876953 5.649250030517578 0.2
-18.716999053955078 8.504348754882812 5.692649841308594 0.2
-18.880399703979492 8.64215087890625 5.668251037597656 0.2
-19.000099182128906 8.814647674560547 5.617151260375977 0.2
-19.065500259399414 9.011249542236328 5.561250686645508 0.2
-18.977699279785156 9.197547912597656 5.520450592041016 0.2
-18.77440071105957 9.226249694824219 5.553251266479492 0.2
-18.633298873901367 9.136749267578125 5.6896514892578125 0.2
-18.559598922729492 9.012149810791016 5.8482513427734375 0.2
-18.58970069885254 8.817848205566406 5.929851531982422 0.2
-18.633899688720703 8.609748840332031 5.908750534057617 0.2
-18.518600463867188 8.43655014038086 5.855251312255859 0.2
-18.33180046081543 8.329448699951172 5.841150283813477 0.2
-18.119400024414062 8.35744857788086 5.829151153564453 0.2
-17.991100311279297 8.51144790649414 5.762750625610352 0.2
-17.988800048828125 8.696949005126953 5.654050827026367 0.2
-18.0674991607666 8.887950897216797 5.602750778198242 0.2
-18.202699661254883 9.012248992919922 5.702251434326172 0.2
-18.26420021057129 8.957050323486328 5.891750335693359 0.2
-18.161699295043945 8.830047607421875 6.033050537109375 0.2
-18.03350067138672 8.686149597167969 6.130250930786133 0.2
-17.986299514770508 8.484748840332031 6.079151153564453 0.2
-18.052200317382812 8.288749694824219 6.037450790405273 0.2
-18.173599243164062 8.157848358154297 6.1551513671875 0.2
-18.32390022277832 8.118549346923828 6.303750991821289 0.2
-18.48259925842285 8.233749389648438 6.378749847412109 0.2
-18.542200088500977 8.437950134277344 6.351850509643555 0.2
-18.509300231933594 8.642349243164062 6.291851043701172 0.2
-18.347700119018555 8.771350860595703 6.260250091552734 0.2
-18.156299591064453 8.702648162841797 6.303150177001953 0.2
-18.081499099731445 8.53955078125 6.4230499267578125 0.2
-18.056900024414062 8.44704818725586 6.615550994873047 0.2
-18.076099395751953 8.38344955444336 6.82135009765625 0.2
-18.195798873901367 8.269248962402344 6.950351715087891 0.2
-18.357398986816406 8.157947540283203 6.873651504516602 0.2
-18.435298919677734 8.090950012207031 6.684150695800781 0.2
-18.367300033569336 8.003650665283203 6.505451202392578 0.2
-18.170299530029297 7.899848937988281 6.486850738525391 0.2
-17.97130012512207 7.833351135253906 6.581451416015625 0.2
-17.810699462890625 7.957450866699219 6.6607513427734375 0.2
-17.818500518798828 8.18014907836914 6.699951171875 0.2
-17.888700485229492 8.290847778320312 6.874950408935547 0.2
-17.91860008239746 8.215049743652344 7.087652206420898 0.2
-17.88920021057129 8.061050415039062 7.254751205444336 0.2
-17.792999267578125 7.866550445556641 7.243749618530273 0.2
-17.74639892578125 7.7626495361328125 7.048551559448242 0.2
-17.849899291992188 7.672451019287109 6.874851226806641 0.2
-18.044099807739258 7.5632476806640625 6.902151107788086 0.2
-18.250598907470703 7.5238494873046875 7.013851165771484 0.2
-18.39900016784668 7.694850921630859 7.061552047729492 0.2
-18.333799362182617 7.9241485595703125 7.042749404907227 0.2
-18.173900604248047 8.078147888183594 7.123552322387695 0.2
-18.106300354003906 8.0594482421875 7.346551895141602 0.2
-18.17129898071289 7.9306488037109375 7.541749954223633 0.2
-18.327999114990234 7.778949737548828 7.63905143737793 0.2
-18.46179962158203 7.645748138427734 7.498750686645508 0.2
-18.453699111938477 7.537651062011719 7.282751083374023 0.2
-18.309598922729492 7.366249084472656 7.221151351928711 0.2
-18.184799194335938 7.216148376464844 7.365449905395508 0.2
-18.02239990234375 7.2077484130859375 7.534849166870117 0.2
-17.898300170898438 7.402748107910156 7.578149795532227 0.2
-17.920700073242188 7.6423492431640625 7.566549301147461 0.2
-18.064599990844727 7.7702484130859375 7.695352554321289 0.2
-18.19809913635254 7.690250396728516 7.880151748657227 0.2
-18.257400512695312 7.520347595214844 8.042951583862305 0.2
-18.176000595092773 7.302448272705078 8.047750473022461 0.2
-18.07390022277832 7.1723480224609375 7.870851516723633 0.2
-18.141698837280273 7.0686492919921875 7.671552658081055 0.2
-18.363300323486328 6.9837493896484375 7.640748977661133 0.2
-18.597200393676758 7.004749298095703 7.678949356079102 0.2
-18.686399459838867 7.2207489013671875 7.681951522827148 0.2
-18.572999954223633 7.435848236083984 7.69944953918457 0.2
-18.457399368286133 7.564949035644531 7.85835075378418 0.2
-18.50469970703125 7.519050598144531 8.086549758911133 0.2
-18.6564998626709 7.391750335693359 8.22974967956543 0.2
-18.853700637817383 7.2590484619140625 8.223852157592773 0.2
-18.91629981994629 7.137550354003906 8.02924919128418 0.2
-18.8302001953125 7.006649017333984 7.843851089477539 0.2
-18.720600128173828 6.798648834228516 7.85154914855957 0.2
-18.717100143432617 6.625949859619141 8.026849746704102 0.2
-18.636098861694336 6.610149383544922 8.245649337768555 0.2
-18.513500213623047 6.796749114990234 8.328851699829102 0.2
-18.483600616455078 7.038948059082031 8.318750381469727 0.2
-18.6343994140625 7.20465087890625 8.387052536010742 0.2
-18.833499908447266 7.154949188232422 8.516149520874023 0.2
-18.96139907836914 6.993247985839844 8.647748947143555 0.2
-18.926300048828125 6.762748718261719 8.684751510620117 0.2
-18.803298950195312 6.600849151611328 8.548749923706055 0.2
-18.793699264526367 6.483150482177734 8.340051651000977 0.2
-18.986499786376953 6.3923492431640625 8.229650497436523 0.2
-19.228899002075195 6.398448944091797 8.220251083374023 0.2
-19.3262996673584 6.612049102783203 8.20305061340332 0.2
-19.219200134277344 6.830650329589844 8.235849380493164 0.2
-19.114398956298828 6.986747741699219 8.38545036315918 0.2
-19.186100006103516 6.9884490966796875 8.611650466918945 0.2
-19.373899459838867 6.8800506591796875 8.727949142456055 0.2
-19.577999114990234 6.753650665283203 8.695852279663086 0.2
-19.628299713134766 6.6181488037109375 8.504049301147461 0.2
-19.53380012512207 6.472747802734375 8.32765007019043 0.2
-19.436599731445312 6.253849029541016 8.312849044799805 0.2
-19.48029899597168 6.059150695800781 8.453950881958008 0.2
-19.478099822998047 6.011051177978516 8.686552047729492 0.2
-19.370899200439453 6.174549102783203 8.826051712036133 0.2
-19.293498992919922 6.410247802734375 8.83595085144043 0.2
-19.38089942932129 6.630748748779297 8.855852127075195 0.2
-19.61039924621582 6.651348114013672 8.930452346801758 0.2
-19.79800033569336 6.518848419189453 9.022451400756836 0.2
-19.832500457763672 6.288547515869141 9.083551406860352 0.2
-19.72049903869629 6.0856475830078125 9.003351211547852 0.2
-19.638099670410156 5.934047698974609 8.828351974487305 0.2
-19.748699188232422 5.828647613525391 8.641450881958008 0.2
-19.98430061340332 5.800647735595703 8.57444953918457 0.2
-20.11829948425293 5.988849639892578 8.521249771118164 0.2
-20.034700393676758 6.217449188232422 8.557352066040039 0.2
-19.91659927368164 6.403049468994141 8.671751022338867 0.2
-19.961299896240234 6.485149383544922 8.890748977661133 0.2
-20.165599822998047 6.423549652099609 9.014348983764648 0.2
-20.386899948120117 6.318248748779297 8.990449905395508 0.2
-20.47410011291504 6.175548553466797 8.814752578735352 0.2
-20.389400482177734 6.012149810791016 8.645750045776367 0.2
-20.28529930114746 5.800048828125 8.578248977661133 0.2
-20.315399169921875 5.579547882080078 8.677251815795898 0.2
-20.420700073242188 5.480949401855469 8.876352310180664 0.2
-20.369699478149414 5.591949462890625 9.082849502563477 0.2
-20.267200469970703 5.813148498535156 9.14015007019043 0.2
-20.239200592041016 6.058448791503906 9.150850296020508 0.2
-20.426898956298828 6.207450866699219 9.158849716186523 0.2
-20.66699981689453 6.1553497314453125 9.202051162719727 0.2
-20.813199996948242 5.970649719238281 9.272748947143555 0.2
-20.760900497436523 5.731548309326172 9.259450912475586 0.2
-20.641300201416016 5.536548614501953 9.155649185180664 0.2
-20.627599716186523 5.3885498046875 8.960451126098633 0.2
-20.811199188232422 5.328250885009766 8.80775260925293 0.2
-20.983400344848633 5.457847595214844 8.700250625610352 0.2
-20.94649887084961 5.700347900390625 8.702550888061523 0.2
-20.82659912109375 5.899448394775391 8.801050186157227 0.2
-20.800899505615234 6.0639495849609375 8.980249404907227 0.2
-20.991899490356445 6.089847564697266 9.131349563598633 0.2
-21.23579978942871 6.031349182128906 9.126352310180664 0.2
-21.383699417114258 5.918251037597656 8.966451644897461 0.2
-21.33289909362793 5.7366485595703125 8.803651809692383 0.2
-21.226900100708008 5.530849456787109 8.70265007019043 0.2
-21.202699661254883 5.290050506591797 8.742952346801758 0.2
-21.36680030822754 5.146648406982422 8.868852615356445 0.2
-21.46139907836914 5.179248809814453 9.088651657104492 0.2
-21.38290023803711 5.3728485107421875 9.223249435424805 0.2
-21.27790069580078 5.597450256347656 9.27134895324707 0.2
-21.31049919128418 5.838649749755859 9.25684928894043 0.2
-21.53890037536621 5.923648834228516 9.213651657104492 0.2
-21.775400161743164 5.840850830078125 9.223852157592773 0.2
-21.86319923400879 5.614250183105469 9.257650375366211 0.2
-21.776500701904297 5.380550384521484 9.219350814819336 0.2
-21.681299209594727 5.1723480224609375 9.114850997924805 0.2
-21.72480010986328 5.060050964355469 8.900850296020508 0.2
-21.90410041809082 5.104747772216797 8.728750228881836 0.2
-21.91659927368164 5.332550048828125 8.64265251159668 0.2
-21.813798904418945 5.546749114990234 8.734151840209961 0.2
-21.732099533081055 5.740650177001953 8.877752304077148 0.2
-21.849699020385742 5.874347686767578 9.044050216674805 0.2
-22.101499557495117 5.890251159667969 9.052251815795898 0.2
-22.29680061340332 5.843151092529297 8.90245246887207 0.2
-22.29789924621582 5.676548004150391 8.719850540161133 0.2
-22.198200225830078 5.4606475830078125 8.626951217651367 0.2
-22.143999099731445 5.215747833251953 8.604951858520508 0.2
-22.287399291992188 5.028049468994141 8.674249649047852 0.2
-22.508699417114258 5.021450042724609 8.78754997253418 0.2
-22.531599044799805 5.168548583984375 8.983850479125977 0.2
-22.418699264526367 5.370449066162109 9.088850021362305 0.2
-22.328699111938477 5.600948333740234 9.139749526977539 0.2
-22.429899215698242 5.8094482421875 9.058351516723633 0.2
-22.66659927368164 5.846248626708984 8.974248886108398 0.2
-22.875499725341797 5.711650848388672 8.963651657104492 0.2
-22.886499404907227 5.461948394775391 8.95155143737793 0.2
-22.80699920654297 5.223949432373047 8.904150009155273 0.2
-22.742799758911133 5.038249969482422 8.749849319458008 0.2
-22.832599639892578 5.022449493408203 8.515951156616211 0.2
-22.903499603271484 5.189548492431641 8.347650527954102 0.2
-22.81399917602539 5.42034912109375 8.38435173034668 0.2
-22.71579933166504 5.604450225830078 8.53325080871582 0.2
-22.709199905395508 5.786750793457031 8.705549240112305 0.2
-22.91790008544922 5.898948669433594 8.778451919555664 0.2
-23.139400482177734 5.935249328613281 8.659551620483398 0.2
-23.22130012512207 5.863948822021484 8.43535041809082 0.2
-23.154300689697266 5.653247833251953 8.310750961303711 0.2
-23.0757999420166 5.417747497558594 8.249151229858398 0.2
-23.135900497436523 5.175350189208984 8.25615119934082 0.2
-23.376100540161133 5.103549957275391 8.261651992797852 0.2
-23.561100006103516 5.191047668457031 8.39735221862793 0.2
-23.518098831176758 5.3645477294921875 8.575448989868164 0.2
-23.40180015563965 5.551750183105469 8.705350875854492 0.2
-23.3302001953125 5.788749694824219 8.734651565551758 0.2
-23.4468994140625 5.967647552490234 8.604349136352539 0.2
-23.673398971557617 5.995647430419922 8.491449356079102 0.2
-23.84779930114746 5.8260498046875 8.450052261352539 0.2
-23.835500717163086 5.573150634765625 8.419149398803711 0.2
-23.774799346923828 5.330848693847656 8.360952377319336 0.2
-23.716100692749023 5.190349578857422 8.165250778198242 0.2
-23.787899017333984 5.262348175048828 7.930551528930664 0.2
-23.750999450683594 5.479549407958984 7.821550369262695 0.2
-23.644100189208984 5.676948547363281 7.940649032592773 0.2
-23.561599731445312 5.84124755859375 8.118349075317383 0.2
-23.623600006103516 6.0173492431640625 8.281652450561523 0.2
-23.838600158691406 6.142848968505859 8.255250930786133 0.2
-23.99139976501465 6.203147888183594 8.063150405883789 0.2
-23.993799209594727 6.100250244140625 7.837949752807617 0.2
-23.93079948425293 5.869647979736328 7.749849319458008 0.2
-23.893299102783203 5.622249603271484 7.700349807739258 0.2
-24.04010009765625 5.424049377441406 7.685750961303711 0.2
-24.289199829101562 5.449951171875 7.64415168762207 0.2
-24.441099166870117 5.585750579833984 7.782251358032227 0.2
-24.3794002532959 5.749549865722656 7.967351913452148 0.2
-24.265600204467773 5.921051025390625 8.120351791381836 0.2
-24.184499740600586 6.153949737548828 8.125852584838867 0.2
-24.27199935913086 6.326549530029297 7.963251113891602 0.2
-24.47279930114746 6.357948303222656 7.811750411987305 0.2
-24.617198944091797 6.171848297119141 7.738252639770508 0.2
-24.620500564575195 5.917449951171875 7.707849502563477 0.2
-24.579099655151367 5.677547454833984 7.634252548217773 0.2
-24.50589942932129 5.5986480712890625 7.413049697875977 0.2
-24.48710060119629 5.742149353027344 7.205549240112305 0.2
-24.350900650024414 5.948150634765625 7.209550857543945 0.2
-24.263099670410156 6.103050231933594 7.391351699829102 0.2
-24.2239990234375 6.258750915527344 7.588151931762695 0.2
-24.353099822998047 6.450550079345703 7.673349380493164 0.2
-24.508399963378906 6.595649719238281 7.53754997253418 0.2
-24.5531005859375 6.635150909423828 7.29475212097168 0.2
-24.50589942932129 6.462249755859375 7.123651504516602 0.2
-24.466299057006836 6.216850280761719 7.066350936889648 0.2
-24.514400482177734 5.973247528076172 7.024051666259766 0.2
-24.73900032043457 5.900447845458984 6.959051132202148 0.2
-24.951499938964844 6.034950256347656 6.929851531982422 0.2
-25.019498825073242 6.195549011230469 7.10474967956543 0.2
-24.933799743652344 6.336650848388672 7.299150466918945 0.2
-24.813899993896484 6.511051177978516 7.435049057006836 0.2
-24.74370002746582 6.7326507568359375 7.356149673461914 0.2
-24.827499389648438 6.877449035644531 7.166349411010742 0.2
-25.006500244140625 6.855548858642578 6.997251510620117 0.2
-25.1033992767334 6.63385009765625 6.93494987487793 0.2
-25.12179946899414 6.382648468017578 6.904750823974609 0.2
-25.04629898071289 6.185550689697266 6.776451110839844 0.2
-24.947399139404297 6.22454833984375 6.554450988769531 0.2
-24.805200576782227 6.401050567626953 6.46095085144043 0.2
-24.675899505615234 6.558250427246094 6.604450225830078 0.2
-24.63399887084961 6.687648773193359 6.818950653076172 0.2
-24.685699462890625 6.8699493408203125 6.977451324462891 0.2
-24.808399200439453 7.074348449707031 6.909950256347656 0.2
-24.845699310302734 7.208148956298828 6.700351715087891 0.2
-24.782499313354492 7.153450012207031 6.471750259399414 0.2
-24.741100311279297 6.9223480224609375 6.3836517333984375 0.2
-24.75269889831543 6.672050476074219 6.343650817871094 0.2
-24.920400619506836 6.513450622558594 6.265651702880859 0.2
-25.108699798583984 6.610748291015625 6.133251190185547 0.2
-25.25950050354004 6.800251007080078 6.165750503540039 0.2
-25.269800186157227 6.942649841308594 6.369350433349609 0.2
-25.190000534057617 7.061649322509766 6.57655143737793 0.2
-25.048200607299805 7.247047424316406 6.645450592041016 0.2
-24.982200622558594 7.436450958251953 6.499549865722656 0.2
-25.04319953918457 7.54534912109375 6.284250259399414 0.2
-25.188899993896484 7.445549011230469 6.119649887084961 0.2
-25.27389907836914 7.213649749755859 6.076751708984375 0.2
-25.278099060058594 6.971549987792969 6.020851135253906 0.2
-25.12540054321289 6.867347717285156 5.866950988769531 0.2
-24.957698822021484 6.987148284912109 5.724651336669922 0.2
-24.77440071105957 7.1257476806640625 5.804250717163086 0.2
-24.7322998046875 7.242549896240234 6.021650314331055 0.2
-24.767099380493164 7.3876495361328125 6.221549987792969 0.2
-24.851900100708008 7.614048004150391 6.236249923706055 0.2
-24.851200103759766 7.797950744628906 6.068450927734375 0.2
-24.75779914855957 7.851848602294922 5.847650527954102 0.2
-24.67409896850586 7.674247741699219 5.707651138305664 0.2
-24.682498931884766 7.425548553466797 5.672550201416016 0.2
-24.798500061035156 7.224250793457031 5.595651626586914 0.2
-24.972000122070312 7.250949859619141 5.4322509765625 0.2
-25.075698852539062 7.4510498046875 5.333850860595703 0.2
-25.176898956298828 7.633647918701172 5.457450866699219 0.2
-25.16779899597168 7.7364501953125 5.684650421142578 0.2
-25.058700561523438 7.863750457763672 5.861850738525391 0.2
-24.895999908447266 8.039947509765625 5.822851181030273 0.2
-24.818199157714844 8.188350677490234 5.639751434326172 0.2
-24.874000549316406 8.211151123046875 5.407751083374023 0.2
-25.00619888305664 8.042350769042969 5.291950225830078 0.2
-25.087400436401367 7.810848236083984 5.250751495361328 0.2
-24.985599517822266 7.608650207519531 5.174951553344727 0.2
-24.76759910583496 7.628749847412109 5.066551208496094 0.2
-24.554899215698242 7.737949371337891 5.101350784301758 0.2
-24.482999801635742 7.8381500244140625 5.310451507568359 0.2
-24.539199829101562 7.9606475830078125 5.519250869750977 0.2
-24.609699249267578 8.180549621582031 5.5843505859375 0.2
-24.57229995727539 8.388347625732422 5.461950302124023 0.2
-24.44099998474121 8.493450164794922 5.282649993896484 0.2
-24.296998977661133 8.386348724365234 5.127349853515625 0.2
-24.291900634765625 8.144550323486328 5.086551666259766 0.2
-24.389400482177734 7.926750183105469 5.033151626586914 0.2
-24.54290008544922 7.8952484130859375 4.856250762939453 0.2
-24.586999893188477 8.069149017333984 4.690151214599609 0.2
-24.680200576782227 8.28955078125 4.693450927734375 0.2
-24.75029945373535 8.419750213623047 4.886150360107422 0.2
-24.708599090576172 8.512451171875 5.107551574707031 0.2
-24.52829933166504 8.651348114013672 5.176250457763672 0.2
-24.366600036621094 8.795047760009766 5.059850692749023 0.2
-24.294300079345703 8.874549865722656 4.84425163269043 0.2
-24.394899368286133 8.784347534179688 4.650751113891602 0.2
-24.53179931640625 8.58945083618164 4.588750839233398 0.2
-24.510299682617188 8.355247497558594 4.554450988769531 0.2
-24.291900634765625 8.2718505859375 4.51515007019043 0.2
-24.05970001220703 8.33144760131836 4.549251556396484 0.2
-23.963199615478516 8.407249450683594 4.752450942993164 0.2
-24.04520034790039 8.526847839355469 4.950250625610352 0.2
-24.11949920654297 8.740947723388672 5.019750595092773 0.2
-24.043699264526367 8.946548461914062 4.918951034545898 0.2
-23.870399475097656 9.058849334716797 4.7886505126953125 0.2
-23.686800003051758 8.979949951171875 4.665151596069336 0.2
-23.663400650024414 8.7447509765625 4.631351470947266 0.2
-23.775100708007812 8.53384780883789 4.589351654052734 0.2
-23.907299041748047 8.487049102783203 4.402151107788086 0.2
-23.90719985961914 8.640949249267578 4.214250564575195 0.2
-23.94849967956543 8.86404800415039 4.144451141357422 0.2
-24.057498931884766 9.021148681640625 4.286251068115234 0.2
-24.070098876953125 9.105449676513672 4.512350082397461 0.2
-23.8927001953125 9.208049774169922 4.622951507568359 0.2
-23.685298919677734 9.317150115966797 4.552650451660156 0.2
-23.541099548339844 9.391048431396484 4.376251220703125 0.2
-23.58289909362793 9.328250885009766 4.156949996948242 0.2
-23.737600326538086 9.165149688720703 4.065549850463867 0.2
-23.760799407958984 8.9322509765625 4.057550430297852 0.2
-23.564899444580078 8.809547424316406 4.095050811767578 0.2
-23.335899353027344 8.8177490234375 4.18065071105957 0.2
-23.26959991455078 8.878047943115234 4.395551681518555 0.2
-23.381500244140625 9.01314926147461 4.561651229858398 0.2
-23.4335994720459 9.238449096679688 4.586050033569336 0.2
-23.300199508666992 9.411251068115234 4.487451553344727 0.2
-23.085399627685547 9.497947692871094 4.415950775146484 0.2
-22.880300521850586 9.40374755859375 4.355649948120117 0.2
-22.87689971923828 9.168750762939453 4.350151062011719 0.2
-23.01759910583496 8.979850769042969 4.303350448608398 0.2
-23.111000061035156 8.944450378417969 4.095651626586914 0.2
-23.056699752807617 9.081951141357422 3.9061508178710938 0.2
-23.04279899597168 9.289051055908203 3.7940502166748047 0.2
-23.15519905090332 9.474647521972656 3.8813514709472656 0.2
-23.20479965209961 9.56705093383789 4.096050262451172 0.2
-23.040800094604492 9.638450622558594 4.241050720214844 0.2
-22.80900001525879 9.705551147460938 4.211151123046875 0.2
-22.61389923095703 9.75564956665039 4.083150863647461 0.2
-22.601099014282227 9.693248748779297 3.8618507385253906 0.2
-22.757598876953125 9.561748504638672 3.7354507446289062 0.2
-22.833999633789062 9.341751098632812 3.741849899291992 0.2
-22.699399948120117 9.185249328613281 3.853851318359375 0.2
-22.514699935913086 9.144847869873047 4.005550384521484 0.2
-22.48979949951172 9.215648651123047 4.224151611328125 0.2
-22.604900360107422 9.398147583007812 4.330051422119141 0.2
-22.581998825073242 9.625747680664062 4.302350997924805 0.2
-22.382099151611328 9.734050750732422 4.218650817871094 0.2
-22.14459991455078 9.764850616455078 4.196651458740234 0.2
-21.958900451660156 9.63134765625 4.2326507568359375 0.2
-22.010799407958984 9.406349182128906 4.267051696777344 0.2
-22.183700561523438 9.25204849243164 4.2008514404296875 0.2
-22.2898006439209 9.195648193359375 3.9997501373291016 0.2
-22.2362003326416 9.28384780883789 3.788850784301758 0.2
-22.1304988861084 9.42864990234375 3.6505508422851562 0.2
-22.118799209594727 9.648448944091797 3.6425514221191406 0.2
-22.154399871826172 9.796150207519531 3.8075504302978516 0.2
-22.07159996032715 9.863449096679688 3.9998512268066406 0.2
-21.85770034790039 9.86404800415039 4.070751190185547 0.2
-21.629199981689453 9.858348846435547 4.056550979614258 0.2
-21.43589973449707 9.844749450683594 3.948251724243164 0.2
-21.4414005279541 9.777347564697266 3.7396507263183594 0.2
-21.594200134277344 9.704048156738281 3.588451385498047 0.2
-21.781099319458008 9.6031494140625 3.50885009765625 0.2
-21.91779899597168 9.445049285888672 3.5763511657714844 0.2
-21.91349983215332 9.347049713134766 3.7650508880615234 0.2
-21.780500411987305 9.304450988769531 3.927450180053711 0.2
-21.673200607299805 9.386650085449219 4.085550308227539 0.2
-21.675800323486328 9.576148986816406 4.184751510620117 0.2
-21.559099197387695 9.745250701904297 4.214651107788086 0.2
-21.35219955444336 9.807849884033203 4.216951370239258 0.2
-21.14699935913086 9.757747650146484 4.213550567626953 0.2
-21.05900001525879 9.567550659179688 4.196050643920898 0.2
-20.954898834228516 9.405448913574219 4.119951248168945 0.2
-20.762100219726562 9.382747650146484 4.028051376342773 0.2
-20.64189910888672 9.41604995727539 3.854949951171875 0.2
-20.672100067138672 9.544548034667969 3.694551467895508 0.2
-20.826200485229492 9.681049346923828 3.640951156616211 0.2
-21.010099411010742 9.791648864746094 3.6505508422851562 0.2
-21.173398971557617 9.898448944091797 3.736949920654297 0.2
-21.208499908447266 9.972450256347656 3.9277515411376953 0.2
-21.052000045776367 9.970951080322266 4.0610504150390625 0.2
-20.8351993560791 9.97774887084961 4.045751571655273 0.2
-20.64029884338379 9.918148040771484 3.987751007080078 0.2
-20.538999557495117 9.752750396728516 3.8940505981445312 0.2
-20.49180030822754 9.550548553466797 3.9183502197265625 0.2
-20.439199447631836 9.437149047851562 4.092750549316406 0.2
-20.41429901123047 9.404949188232422 4.302751541137695 0.2
-20.499000549316406 9.48965072631836 4.475551605224609 0.2
-20.643098831176758 9.643150329589844 4.515251159667969 0.2
-20.750598907470703 9.818347930908203 4.4573516845703125 0.2
-20.715099334716797 9.956951141357422 4.305351257324219 0.2
-20.55769920349121 9.943950653076172 4.163150787353516 0.2
-20.356300354003906 9.889949798583984 4.114850997924805 0.2
-20.164499282836914 9.899948120117188 4.207250595092773 0.2
-20.027999877929688 9.918048858642578 4.373750686645508 0.2
-19.929100036621094 9.847549438476562 4.551250457763672 0.2
-19.959699630737305 9.669349670410156 4.656351089477539 0.2
-20.121599197387695 9.530448913574219 4.6430511474609375 0.2
-20.2367000579834 9.425647735595703 4.50105094909668 0.2
-20.16860008239746 9.379150390625 4.307149887084961 0.2
