0.8809502124786377 -17.833850860595703 10.071752548217773 0.2
1.0523701906204224 -17.92915153503418 9.928449630737305 0.2
1.010100245475769 -18.13625144958496 9.798650741577148 0.2
0.906710147857666 -18.36465072631836 9.765451431274414 0.2
0.9293801784515381 -18.578750610351562 9.877450942993164 0.2
1.1399002075195312 -18.643550872802734 9.993951797485352 0.2
1.3844002485275269 -18.590049743652344 10.001649856567383 0.2
1.4843902587890625 -18.392250061035156 9.90205192565918 0.2
1.3868201971054077 -18.161951065063477 9.873849868774414 0.2
1.2830802202224731 -17.948450088500977 9.951349258422852 0.2
1.3591402769088745 -17.82324981689453 10.145452499389648 0.2
1.5699102878570557 -17.84575080871582 10.281251907348633 0.2
1.6243501901626587 -18.03925132751465 10.416250228881836 0.2
1.5186902284622192 -18.266950607299805 10.400449752807617 0.2
1.4474701881408691 -18.48025131225586 10.290952682495117 0.2
1.5934202671051025 -18.61115074157715 10.146551132202148 0.2
1.8447802066802979 -18.623050689697266 10.138750076293945 0.2
2.0347580909729004 -18.554250717163086 10.278650283813477 0.2
2.0148861408233643 -18.365550994873047 10.43385124206543 0.2
1.896740198135376 -18.1429500579834 10.463850021362305 0.2
1.8764402866363525 -17.90945053100586 10.389348983764648 0.2
2.0759472846984863 -17.791650772094727 10.30455207824707 0.2
2.299830198287964 -17.83285140991211 10.204549789428711 0.2
2.3187203407287598 -18.01515007019043 10.043352127075195 0.2
2.2071032524108887 -18.236051559448242 9.987150192260742 0.2
2.157783269882202 -18.47075080871582 10.04515266418457 0.2
2.3172543048858643 -18.599851608276367 10.177949905395508 0.2
2.5675323009490967 -18.590850830078125 10.210050582885742 0.2
2.7474632263183594 -18.45275115966797 10.117452621459961 0.2
2.7065582275390625 -18.21755027770996 10.05164909362793 0.2
2.5905861854553223 -17.994050979614258 10.082052230834961 0.2
2.595518112182617 -17.81385040283203 10.247350692749023 0.2
2.799483299255371 -17.76984977722168 10.382349014282227 0.2
2.953803300857544 -17.898151397705078 10.520650863647461 0.2
2.893813133239746 -18.130050659179688 10.580450057983398 0.2
2.7747652530670166 -18.3470516204834 10.524351119995117 0.2
2.7981982231140137 -18.53404998779297 10.369951248168945 0.2
3.0219151973724365 -18.589250564575195 10.276052474975586 0.2
3.2667882442474365 -18.55875015258789 10.324251174926758 0.2
3.3603501319885254 -18.41455078125 10.496950149536133 0.2
3.2726893424987793 -18.193950653076172 10.579851150512695 0.2
3.18723726272583 -17.958351135253906 10.563051223754883 0.2
3.286982297897339 -17.775850296020508 10.436151504516602 0.2
3.5209131240844727 -17.758451461791992 10.341852188110352 0.2
3.6152381896972656 -17.896350860595703 10.16615104675293 0.2
3.5183722972869873 -18.11425018310547 10.087152481079102 0.2
3.4197051525115967 -18.345149993896484 10.103551864624023 0.2
3.511101245880127 -18.533151626586914 10.228052139282227 0.2
3.7539312839508057 -18.56855010986328 10.278249740600586 0.2
3.977011203765869 -18.489151000976562 10.205549240112305 0.2
4.008243083953857 -18.272550582885742 10.096151351928711 0.2
3.89841628074646 -18.0439510345459 10.103349685668945 0.2
3.84812331199646 -17.831350326538086 10.220151901245117 0.2
4.015520095825195 -17.732450485229492 10.368452072143555 0.2
4.239520072937012 -17.792951583862305 10.464349746704102 0.2
4.261440277099609 -18.005451202392578 10.580549240112305 0.2
4.138550281524658 -18.22705078125 10.57655143737793 0.2
4.070010185241699 -18.438650131225586 10.467950820922852 0.2
4.217090129852295 -18.549650192260742 10.307550430297852 0.2
4.467140197753906 -18.550050735473633 10.271749496459961 0.2
4.6591901779174805 -18.457950592041016 10.392450332641602 0.2
4.638060092926025 -18.2497501373291 10.523649215698242 0.2
4.534630298614502 -18.020851135253906 10.557851791381836 0.2
4.538440227508545 -17.799850463867188 10.452550888061523 0.2
4.7371602058410645 -17.72195053100586 10.326848983764648 0.2
4.897520065307617 -17.804250717163086 10.161748886108398 0.2
4.841020107269287 -18.006851196289062 10.033651351928711 0.2
4.715020179748535 -18.22735023498535 10.030550003051758 0.2
4.717550277709961 -18.452550888061523 10.125349044799805 0.2
4.933830261230469 -18.548351287841797 10.195550918579102 0.2
5.179719924926758 -18.522850036621094 10.14525032043457 0.2
5.289660453796387 -18.35685157775879 10.004350662231445 0.2
5.213479995727539 -18.12055015563965 9.97504997253418 0.2
5.129870414733887 -17.895151138305664 10.049951553344727 0.2
5.230490207672119 -17.7403507232666 10.208250045776367 0.2
5.475860118865967 -17.73815155029297 10.269552230834961 0.2
5.612339973449707 -17.902650833129883 10.383050918579102 0.2
5.523680210113525 -18.129150390625 10.43745231628418 0.2
5.394980430603027 -18.34185028076172 10.396150588989258 0.2
5.425340175628662 -18.508350372314453 10.222150802612305 0.2
5.640419960021973 -18.547250747680664 10.101049423217773 0.2
5.883800506591797 -18.506450653076172 10.122152328491211 0.2
5.976870536804199 -18.339250564575195 10.273351669311523 0.2
5.897170066833496 -18.113651275634766 10.35474967956543 0.2
5.835550308227539 -17.87594985961914 10.320150375366211 0.2
5.958250045776367 -17.734651565551758 10.164449691772461 0.2
6.157180309295654 -17.759550094604492 10.011850357055664 0.2
6.15500020980835 -17.92275047302246 9.832448959350586 0.2
6.020480155944824 -18.134349822998047 9.803251266479492 0.2
5.946030139923096 -18.363550186157227 9.86454963684082 0.2
6.100370407104492 -18.527950286865234 9.954252243041992 0.2
6.348870277404785 -18.5478515625 9.91724967956543 0.2
6.524470329284668 -18.447450637817383 9.776948928833008 0.2
6.503880500793457 -18.218351364135742 9.692949295043945 0.2
6.4116902351379395 -17.987451553344727 9.74165153503418 0.2
6.444160461425781 -17.792150497436523 9.886251449584961 0.2
6.667730331420898 -17.7353515625 9.970048904418945 0.2
6.8767499923706055 -17.846250534057617 10.032548904418945 0.2
6.863900184631348 -18.07254981994629 10.124849319458008 0.2
6.7217302322387695 -18.28205108642578 10.127752304077148 0.2
6.654270172119141 -18.47545051574707 9.995351791381836 0.2
6.803230285644531 -18.552350997924805 9.814451217651367 0.2
7.045150279998779 -18.539751052856445 9.74675178527832 0.2
7.226670265197754 -18.420650482177734 9.856550216674805 0.2
7.203690052032471 -18.205249786376953 9.979551315307617 0.2
7.123120307922363 -17.969850540161133 10.012750625610352 0.2
7.152980327606201 -17.775850296020508 9.869649887084961 0.2
7.326390266418457 -17.749950408935547 9.688650131225586 0.2
7.352180004119873 -17.877851486206055 9.485250473022461 0.2
7.22782039642334 -18.08905029296875 9.438249588012695 0.2
7.133620262145996 -18.316051483154297 9.488950729370117 0.2
7.254760265350342 -18.509450912475586 9.570550918579102 0.2
7.497130393981934 -18.55364990234375 9.531949996948242 0.2
7.685120105743408 -18.480350494384766 9.38905143737793 0.2
7.686100006103516 -18.265451431274414 9.274450302124023 0.2
7.58767032623291 -18.03675079345703 9.318052291870117 0.2
7.582190036773682 -17.82845115661621 9.449750900268555 0.2
7.78924036026001 -17.73965072631836 9.543249130249023 0.2
8.024730682373047 -17.81475067138672 9.575551986694336 0.2
8.064040184020996 -18.03404998779297 9.672052383422852 0.2
7.940659999847412 -18.25335121154785 9.694849014282227 0.2
7.8514404296875 -18.45615005493164 9.589250564575195 0.2
7.956830024719238 -18.55014991760254 9.38945198059082 0.2
8.184289932250977 -18.546550750732422 9.282949447631836 0.2
8.395610809326172 -18.447351455688477 9.35154914855957 0.2
8.401229858398438 -18.241451263427734 9.487951278686523 0.2
8.310640335083008 -18.016151428222656 9.556550979614258 0.2
8.287969589233398 -17.80055046081543 9.446050643920898 0.2
8.433910369873047 -17.734251022338867 9.256349563598633 0.2
8.492549896240234 -17.82965087890625 9.040849685668945 0.2
8.38722038269043 -18.038650512695312 8.961648941040039 0.2
8.287059783935547 -18.26675033569336 9.003049850463867 0.2
8.37073040008545 -18.480850219726562 9.080350875854492 0.2
8.607150077819824 -18.549150466918945 9.04625129699707 0.2
8.807040214538574 -18.498849868774414 8.90464973449707 0.2
8.829360008239746 -18.303451538085938 8.763051986694336 0.2
8.729890823364258 -18.07485008239746 8.793752670288086 0.2
8.686479568481445 -17.860950469970703 8.914251327514648 0.2
8.858710289001465 -17.733551025390625 9.028051376342773 0.2
9.107999801635742 -17.76045036315918 9.025949478149414 0.2
9.22523021697998 -17.955249786376953 9.109151840209961 0.2
9.134440422058105 -18.185150146484375 9.15315055847168 0.2
9.021010398864746 -18.39995002746582 9.097150802612305 0.2
9.060640335083008 -18.52505111694336 8.892049789428711 0.2
9.257680892944336 -18.536550521850586 8.736551284790039 0.2
9.492759704589844 -18.468151092529297 8.739252090454102 0.2
9.56389045715332 -18.283151626586914 8.88184928894043 0.2
9.47957992553711 -18.067550659179688 8.983949661254883 0.2
9.409570693969727 -17.83595085144043 8.944150924682617 0.2
9.509759902954102 -17.713951110839844 8.756349563598633 0.2
9.627559661865234 -17.752750396728516 8.541250228881836 0.2
9.550620079040527 -17.933351516723633 8.397150039672852 0.2
9.433780670166016 -18.157251358032227 8.413251876831055 0.2
9.441709518432617 -18.393150329589844 8.481550216674805 0.2
9.652050018310547 -18.5174503326416 8.47974967956543 0.2
9.867940902709961 -18.50444984436035 8.351152420043945 0.2
9.951210021972656 -18.35715103149414 8.175451278686523 0.2
9.871589660644531 -18.123750686645508 8.160749435424805 0.2
9.790300369262695 -17.908851623535156 8.266050338745117 0.2
9.892660140991211 -17.737150192260742 8.404951095581055 0.2
10.137510299682617 -17.699451446533203 8.397451400756836 0.2
10.339410781860352 -17.833450317382812 8.417951583862305 0.2
10.3260498046875 -18.069250106811523 8.48845100402832 0.2
10.202350616455078 -18.289451599121094 8.494852066040039 0.2
10.141550064086914 -18.463850021362305 8.337251663208008 0.2
10.271190643310547 -18.50695037841797 8.129152297973633 0.2
10.49685001373291 -18.47355079650879 8.02705192565918 0.2
10.66884994506836 -18.33315086364746 8.123750686645508 0.2
10.637880325317383 -18.12445068359375 8.259050369262695 0.2
10.550630569458008 -17.895750045776367 8.309152603149414 0.2
10.554140090942383 -17.708351135253906 8.155351638793945 0.2
10.685779571533203 -17.683351516723633 7.94215202331543 0.2
10.660840034484863 -17.807849884033203 7.736249923706055 0.2
10.539070129394531 -18.024850845336914 7.712549209594727 0.2
10.477239608764648 -18.260650634765625 7.770650863647461 0.2
10.629209518432617 -18.447351455688477 7.801252365112305 0.2
10.851380348205566 -18.47865104675293 7.691652297973633 0.2
10.987550735473633 -18.392749786376953 7.50465202331543 0.2
10.944530487060547 -18.174150466918945 7.40715217590332 0.2
10.851730346679688 -17.955751419067383 7.493749618530273 0.2
10.872520446777344 -17.754751205444336 7.635049819946289 0.2
11.092180252075195 -17.65625 7.667150497436523 0.2
11.328869819641113 -17.708450317382812 7.603349685668945 0.2
11.42831039428711 -17.920150756835938 7.665952682495117 0.2
11.33411979675293 -18.146949768066406 7.722551345825195 0.2
11.21677017211914 -18.354650497436523 7.660650253295898 0.2
11.240890502929688 -18.453149795532227 7.439149856567383 0.2
11.418749809265137 -18.44645118713379 7.261152267456055 0.2
11.644969940185547 -18.357250213623047 7.24525260925293 0.2
11.70814037322998 -18.162151336669922 7.379751205444336 0.2
11.637829780578613 -17.944950103759766 7.487951278686523 0.2
11.571889877319336 -17.720951080322266 7.418550491333008 0.2
11.653280258178711 -17.627450942993164 7.205652236938477 0.2
11.690000534057617 -17.69194984436035 6.973350524902344 0.2
11.574190139770508 -17.887550354003906 6.882251739501953 0.2
11.476570129394531 -18.114049911499023 6.937551498413086 0.2
11.543479919433594 -18.340049743652344 6.997951507568359 0.2
11.760210037231445 -18.427751541137695 6.921751022338867 0.2
11.930399894714355 -18.39255142211914 6.740449905395508 0.2
11.936240196228027 -18.22035026550293 6.569650650024414 0.2
11.844820022583008 -17.991849899291992 6.602251052856445 0.2
11.80836009979248 -17.779951095581055 6.730951309204102 0.2
11.975120544433594 -17.627151489257812 6.816551208496094 0.2
12.210430145263672 -17.613950729370117 6.728851318359375 0.2
12.392840385437012 -17.771751403808594 6.7308502197265625 0.2
12.362740516662598 -18.003950119018555 6.812250137329102 0.2
12.239319801330566 -18.22115135192871 6.833551406860352 0.2
12.17494010925293 -18.375150680541992 6.658451080322266 0.2
12.285200119018555 -18.398151397705078 6.436250686645508 0.2
12.494810104370117 -18.344850540161133 6.318151473999023 0.2
12.650750160217285 -18.17864990234375 6.401050567626953 0.2
12.620440483093262 -17.96595001220703 6.531949996948242 0.2
12.535110473632812 -17.735750198364258 6.553050994873047 0.2
12.536749839782715 -17.585750579833984 6.362751007080078 0.2
12.604750633239746 -17.59615135192871 6.121850967407227 0.2
12.506080627441406 -17.75575065612793 5.969551086425781 0.2
12.393350601196289 -17.97675132751465 6.008451461791992 0.2
12.393919944763184 -18.21125030517578 6.084751129150391 0.2
12.58508014678955 -18.35634994506836 6.0516510009765625 0.2
12.765890121459961 -18.3564510345459 5.877450942993164 0.2
12.82118034362793 -18.23834991455078 5.670551300048828 0.2
12.737540245056152 -18.012550354003906 5.6336517333984375 0.2
12.669890403747559 -17.79745101928711 5.746250152587891 0.2
12.77163028717041 -17.60984992980957 5.863151550292969 0.2
13.00177001953125 -17.545249938964844 5.811349868774414 0.2
13.214300155639648 -17.647050857543945 5.750249862670898 0.2
13.262800216674805 -17.875150680541992 5.821451187133789 0.2
13.156499862670898 -18.095651626586914 5.88075065612793 0.2
13.045900344848633 -18.283851623535156 5.775751113891602 0.2
13.087599754333496 -18.339950561523438 5.539051055908203 0.2
13.255200386047363 -18.30915069580078 5.356451034545898 0.2
13.456999778747559 -18.177350997924805 5.368949890136719 0.2
13.482900619506836 -17.972551345825195 5.506551742553711 0.2
13.410300254821777 -17.7497501373291 5.591251373291016 0.2
13.352100372314453 -17.557050704956055 5.458051681518555 0.2
13.408100128173828 -17.519149780273438 5.216451644897461 0.2
13.332099914550781 -17.633451461791992 5.01875114440918 0.2
13.208200454711914 -17.847949981689453 5.025251388549805 0.2
13.167600631713867 -18.08085060119629 5.105649948120117 0.2
13.320600509643555 -18.2674503326416 5.098451614379883 0.2
13.502400398254395 -18.298851013183594 4.932750701904297 0.2
13.583000183105469 -18.219751358032227 4.713651657104492 0.2
13.5108003616333 -18.01125144958496 4.614950180053711 0.2
13.436400413513184 -17.794750213623047 4.717750549316406 0.2
13.48550033569336 -17.59415054321289 4.850650787353516 0.2
13.700200080871582 -17.48615074157715 4.829950332641602 0.2
13.908500671386719 -17.523950576782227 4.6972503662109375 0.2
14.038200378417969 -17.72555160522461 4.719751358032227 0.2
13.976300239562988 -17.951749801635742 4.806650161743164 0.2
13.848199844360352 -18.160350799560547 4.789451599121094 0.2
13.79990005493164 -18.26235008239746 4.574951171875 0.2
13.904800415039062 -18.253250122070312 4.347650527954102 0.2
14.10930061340332 -18.163850784301758 4.252651214599609 0.2
14.21780014038086 -17.97355079650879 4.358850479125977 0.2
14.182700157165527 -17.761751174926758 4.489450454711914 0.2
14.09320068359375 -17.53995132446289 4.449750900268555 0.2
14.09850025177002 -17.44085121154785 4.225749969482422 0.2
14.059900283813477 -17.49785041809082 3.993051528930664 0.2
13.920300483703613 -17.689350128173828 3.937650680541992 0.2
13.846799850463867 -17.91455078125 4.021650314331055 0.2
13.932400703430176 -18.137651443481445 4.058650970458984 0.2
14.116100311279297 -18.220849990844727 3.9207515716552734 0.2
14.223999977111816 -18.18185043334961 3.6985511779785156 0.2
14.178999900817871 -18.014551162719727 3.5301513671875 0.2
14.094300270080566 -17.789649963378906 3.583850860595703 0.2
14.093999862670898 -17.58245086669922 3.7219505310058594 0.2
14.275400161743164 -17.42945098876953 3.7616500854492188 0.2
14.473999977111816 -17.407751083374023 3.611551284790039 0.2
14.65250015258789 -17.555749893188477 3.5489501953125 0.2
14.65939998626709 -17.78605079650879 3.634450912475586 0.2
14.549400329589844 -18.00145149230957 3.695951461791992 0.2
14.432300567626953 -18.155349731445312 3.552949905395508 0.2
14.459199905395508 -18.17435073852539 3.3072509765625 0.2
14.612100601196289 -18.11775016784668 3.1236515045166016 0.2
14.790300369262695 -17.956750869750977 3.1460514068603516 0.2
14.809000015258789 -17.749950408935547 3.2852516174316406 0.2
14.732500076293945 -17.523651123046875 3.3398513793945312 0.2
14.668000221252441 -17.369251251220703 3.166351318359375 0.2
14.649100303649902 -17.37005043029785 2.9179515838623047 0.2
14.503600120544434 -17.521949768066406 2.8016510009765625 0.2
14.408599853515625 -17.74114990234375 2.8728504180908203 0.2
14.436500549316406 -17.974349975585938 2.9438514709472656 0.2
14.607000350952148 -18.11614990234375 2.849750518798828 0.2
14.722200393676758 -18.109651565551758 2.6283512115478516 0.2
14.708200454711914 -17.994251251220703 2.413949966430664 0.2
14.609100341796875 -17.774351119995117 2.4002513885498047 0.2
14.576600074768066 -17.564451217651367 2.5334510803222656 0.2
14.707500457763672 -17.37725067138672 2.613851547241211 0.2
14.901400566101074 -17.30175018310547 2.4883499145507812 0.2
15.077799797058105 -17.385950088500977 2.344350814819336 0.2
15.168900489807129 -17.605751037597656 2.3870506286621094 0.2
15.101300239562988 -17.82335090637207 2.4910507202148438 0.2
14.963200569152832 -18.016550064086914 2.4503517150878906 0.2
14.906000137329102 -18.076650619506836 2.2204513549804688 0.2
14.980899810791016 -18.040651321411133 1.9856510162353516 0.2
15.166999816894531 -17.91305160522461 1.90155029296875 0.2
15.252799987792969 -17.710050582885742 2.0097503662109375 0.2
15.214700698852539 -17.49155044555664 2.1201515197753906 0.2
15.100299835205078 -17.2989501953125 2.033151626586914 0.2
15.053800582885742 -17.250751495361328 1.7928504943847656 0.2
14.915900230407715 -17.357650756835938 1.6289501190185547 0.2
14.802499771118164 -17.570051193237305 1.6764507293701172 0.2
14.800200462341309 -17.79865074157715 1.7743511199951172 0.2
14.945700645446777 -17.98215103149414 1.7224502563476562 0.2
15.062100410461426 -18.00765037536621 1.507150650024414 0.2
15.061300277709961 -17.9322509765625 1.2726516723632812 0.2
14.94729995727539 -17.737350463867188 1.1909503936767578 0.2
14.896200180053711 -17.524150848388672 1.3092498779296875 0.2
14.979599952697754 -17.321550369262695 1.4164505004882812 0.2
15.165200233459473 -17.202850341796875 1.3217506408691406 0.2
15.312300682067871 -17.229949951171875 1.1234512329101562 0.2
15.45620059967041 -17.41935157775879 1.0974502563476562 0.2
15.448500633239746 -17.64015007019043 1.210550308227539 0.2
15.333499908447266 -17.851150512695312 1.251150131225586 0.2
15.210200309753418 -17.960050582885742 1.0752506256103516 0.2
15.21049976348877 -17.946651458740234 0.8266506195068359 0.2
15.348899841308594 -17.84895133972168 0.6539516448974609 0.2
15.482600212097168 -17.652950286865234 0.7008514404296875 0.2
15.491499900817871 -17.440650939941406 0.8320503234863281 0.2
15.374199867248535 -17.23025131225586 0.8281517028808594 0.2
15.273699760437012 -17.14134979248047 0.6240501403808594 0.2
15.1358003616333 -17.209550857543945 0.4382514953613281 0.2
15.00100040435791 -17.40985107421875 0.45635032653808594 0.2
14.992000579833984 -17.6335506439209 0.5669498443603516 0.2
15.109200477600098 -17.842750549316406 0.5578498840332031 0.2
15.223299980163574 -17.90625 0.35284996032714844 0.2
15.222100257873535 -17.858850479125977 0.10865020751953125 0.2
15.096199989318848 -17.7010498046875 -0.021848678588867188 0.2
15.021300315856934 -17.48525047302246 0.06635093688964844 0.2
15.069700241088867 -17.277151107788086 0.18955039978027344 0.2
15.241300582885742 -17.118751525878906 0.1363506317138672 0.2
15.357200622558594 -17.096750259399414 -0.08244895935058594 0.2
15.508000373840332 -17.24125099182129 -0.1976490020751953 0.2
15.563600540161133 -17.4632511138916 -0.10994911193847656 0.2
15.497700691223145 -17.679750442504883 -0.010149002075195312 0.2
15.343400001525879 -17.834951400756836 -0.10684967041015625 0.2
15.268600463867188 -17.850250244140625 -0.3423500061035156 0.2
15.329999923706055 -17.78125 -0.5680484771728516 0.2
15.483699798583984 -17.602149963378906 -0.6114482879638672 0.2
15.538300514221191 -17.391651153564453 -0.48964881896972656 0.2
15.458800315856934 -17.173851013183594 -0.41844940185546875 0.2
15.31190013885498 -17.044950485229492 -0.5596485137939453 0.2
15.174600601196289 -17.06825065612793 -0.7632484436035156 0.2
15.012800216674805 -17.243650436401367 -0.7821483612060547 0.2
14.989399909973145 -17.46525001525879 -0.6717491149902344 0.2
15.079500198364258 -17.687950134277344 -0.6358489990234375 0.2
15.199999809265137 -17.801450729370117 -0.8100490570068359 0.2
15.199700355529785 -17.781749725341797 -1.0579490661621094 0.2
15.07800006866455 -17.667951583862305 -1.2343482971191406 0.2
14.967900276184082 -17.45815086364746 -1.189849853515625 0.2
14.982399940490723 -17.24985122680664 -1.053548812866211 0.2
15.126500129699707 -17.0572509765625 -1.0511493682861328 0.2
15.238100051879883 -16.98185157775879 -1.253549575805664 0.2
15.356500625610352 -17.068349838256836 -1.4447498321533203 0.2
15.469200134277344 -17.281049728393555 -1.426849365234375 0.2
15.460700035095215 -17.49825096130371 -1.304849624633789 0.2
15.32509994506836 -17.695350646972656 -1.3049488067626953 0.2
15.189300537109375 -17.75385093688965 -1.4998493194580078 0.2
15.16450023651123 -17.71255111694336 -1.7426490783691406 0.2
15.29330062866211 -17.56635093688965 -1.882049560546875 0.2
15.394499778747559 -17.355850219726562 -1.8070487976074219 0.2
15.378000259399414 -17.13935089111328 -1.6912498474121094 0.2
15.217300415039062 -16.966951370239258 -1.7338485717773438 0.2
15.0693998336792 -16.937450408935547 -1.9312496185302734 0.2
14.885600090026855 -17.067649841308594 -2.009449005126953 0.2
14.829000473022461 -17.286849975585938 -1.9152488708496094 0.2
14.892200469970703 -17.511051177978516 -1.8326492309570312 0.2
15.018199920654297 -17.675251007080078 -1.9520492553710938 0.2
15.036499977111816 -17.688650131225586 -2.196748733520508 0.2
14.934500694274902 -17.613651275634766 -2.4070491790771484 0.2
14.786100387573242 -17.427249908447266 -2.4284496307373047 0.2
14.7701997756958 -17.217849731445312 -2.2954483032226562 0.2
14.876800537109375 -17.009450912475586 -2.2319488525390625 0.2
15.003300666809082 -16.88504981994629 -2.393148422241211 0.2
15.076900482177734 -16.910951614379883 -2.6276493072509766 0.2
15.215499877929688 -17.093250274658203 -2.6948490142822266 0.2
15.260600090026855 -17.311349868774414 -2.586050033569336 0.2
15.17710018157959 -17.527851104736328 -2.5155487060546875 0.2
15.007599830627441 -17.641651153564453 -2.6428489685058594 0.2
14.918900489807129 -17.628551483154297 -2.874248504638672 0.2
14.981900215148926 -17.52305030822754 -3.0817489624023438 0.2
15.111000061035156 -17.319250106811523 -3.08074951171875 0.2
15.152100563049316 -17.106950759887695 -2.9573497772216797 0.2
15.027299880981445 -16.905550003051758 -2.9169483184814453 0.2
14.855999946594238 -16.825050354003906 -3.070249557495117 0.2
14.666900634765625 -16.903051376342773 -3.196748733520508 0.2
14.55840015411377 -17.10984992980957 -3.135549545288086 0.2
14.600700378417969 -17.330949783325195 -3.0292491912841797 0.2
14.720300674438477 -17.532550811767578 -3.0773487091064453 0.2
14.766400337219238 -17.59065055847168 -3.3080501556396484 0.2
14.687000274658203 -17.544450759887695 -3.5385494232177734 0.2
14.519700050354004 -17.395851135253906 -3.624948501586914 0.2
14.461299896240234 -17.184551239013672 -3.517648696899414 0.2
14.531900405883789 -16.974050521850586 -3.4119491577148438 0.2
14.672699928283691 -16.807050704956055 -3.5085487365722656 0.2
14.724200248718262 -16.778949737548828 -3.749448776245117 0.2
14.844300270080566 -16.914051055908203 -3.9042491912841797 0.2
14.934500694274902 -17.131650924682617 -3.8399486541748047 0.2
14.911900520324707 -17.349950790405273 -3.726848602294922 0.2
14.745100021362305 -17.514249801635742 -3.7728500366210938 0.2
14.60319995880127 -17.534250259399414 -3.9736499786376953 0.2
14.587200164794922 -17.46565055847168 -4.206949234008789 0.2
14.71310043334961 -17.28474998474121 -4.300149917602539 0.2
14.796899795532227 -17.07335090637207 -4.200448989868164 0.2
14.740500450134277 -16.859251022338867 -4.102149963378906 0.2
14.554500579833984 -16.7309513092041 -4.183050155639648 0.2
14.36620044708252 -16.75255012512207 -4.340648651123047 0.2
14.206299781799316 -16.92864990234375 -4.32135009765625 0.2
14.218000411987305 -17.148950576782227 -4.209249496459961 0.2
14.321200370788574 -17.368051528930664 -4.193449020385742 0.2
14.398699760437012 -17.4814510345459 -4.389549255371094 0.2
14.336800575256348 -17.46125030517578 -4.62864875793457 0.2
14.172900199890137 -17.355649948120117 -4.773149490356445 0.2
14.064800262451172 -17.152050018310547 -4.7066497802734375 0.2
14.102700233459473 -16.94445037841797 -4.5751495361328125 0.2
14.236599922180176 -16.747350692749023 -4.601949691772461 0.2
14.298299789428711 -16.666250228881836 -4.821949005126953 0.2
14.370200157165527 -16.745349884033203 -5.037448883056641 0.2
14.492600440979004 -16.95185089111328 -5.052549362182617 0.2
14.522900581359863 -17.167551040649414 -4.932849884033203 0.2
14.40000057220459 -17.368850708007812 -4.896848678588867 0.2
14.219200134277344 -17.43305015563965 -5.047449111938477 0.2
14.126800537109375 -17.39365005493164 -5.27294921875 0.2
14.206700325012207 -17.248750686645508 -5.445549011230469 0.2
14.321800231933594 -17.03754997253418 -5.403949737548828 0.2
14.33549976348877 -16.82305145263672 -5.285249710083008 0.2
14.167900085449219 -16.653051376342773 -5.275548934936523 0.2
13.970600128173828 -16.623050689697266 -5.42234992980957 0.2
13.773799896240234 -16.752851486206055 -5.453449249267578 0.2
13.744400024414062 -16.971450805664062 -5.349048614501953 0.2
13.832099914550781 -17.192550659179688 -5.284049987792969 0.2
13.92870044708252 -17.35525131225586 -5.42864990234375 0.2
13.888700485229492 -17.36695098876953 -5.669849395751953 0.2
13.738300323486328 -17.295949935913086 -5.850149154663086 0.2
13.581100463867188 -17.117151260375977 -5.838949203491211 0.2
13.589099884033203 -16.910051345825195 -5.703449249267578 0.2
13.702899932861328 -16.700651168823242 -5.662248611450195 0.2
13.7878999710083 -16.57175064086914 -5.844549179077148 0.2
13.805100440979004 -16.591951370239258 -6.089550018310547 0.2
13.927599906921387 -16.76715087890625 -6.194049835205078 0.2
14.00570011138916 -16.982650756835938 -6.102548599243164 0.2
13.949299812316895 -17.199951171875 -6.012449264526367 0.2
13.75610065460205 -17.318851470947266 -6.090250015258789 0.2
13.607200622558594 -17.30714988708496 -6.287448883056641 0.2
13.606599807739258 -17.20384979248047 -6.504949569702148 0.2
13.727900505065918 -17.000150680541992 -6.54334831237793 0.2
13.799699783325195 -16.789051055908203 -6.434450149536133 0.2
13.690400123596191 -16.590749740600586 -6.356048583984375 0.2
13.481599807739258 -16.51055145263672 -6.4501495361328125 0.2
13.26609992980957 -16.587249755859375 -6.523248672485352 0.2
13.176799774169922 -16.7939510345459 -6.438848495483398 0.2
13.24940013885498 -17.01325035095215 -6.348049163818359 0.2
13.357399940490723 -17.211851119995117 -6.424449920654297 0.2
13.347800254821777 -17.2674503326416 -6.659049987792969 0.2
13.214600563049316 -17.221250534057617 -6.862649917602539 0.2
13.026400566101074 -17.080949783325195 -6.9082489013671875 0.2
12.98607063293457 -16.874351501464844 -6.786949157714844 0.2
13.07550048828125 -16.66534996032715 -6.695549011230469 0.2
13.186800003051758 -16.49394989013672 -6.8177490234375 0.2
13.1806001663208 -16.460451126098633 -7.062549591064453 0.2
13.261700630187988 -16.586950302124023 -7.246250152587891 0.2
13.373300552368164 -16.80014991760254 -7.212148666381836 0.2
13.386600494384766 -17.0179500579834 -7.098249435424805 0.2
13.219400405883789 -17.18695068359375 -7.100549697875977 0.2
13.029399871826172 -17.209251403808594 -7.2552490234375 0.2
12.947589874267578 -17.141950607299805 -7.474248886108398 0.2
13.037700653076172 -16.961050033569336 -7.600349426269531 0.2
13.142800331115723 -16.7497501373291 -7.526449203491211 0.2
13.11340045928955 -16.53955078125 -7.411048889160156 0.2
12.910309791564941 -16.414751052856445 -7.429649353027344 0.2
12.686300277709961 -16.436250686645508 -7.528949737548828 0.2
12.537779808044434 -16.61334991455078 -7.472848892211914 0.2
12.582079887390137 -16.83315086364746 -7.370550155639648 0.2
12.692450523376465 -17.048049926757812 -7.384349822998047 0.2
12.721850395202637 -17.15705108642578 -7.594348907470703 0.2
12.603919982910156 -17.134050369262695 -7.810249328613281 0.2
12.406620025634766 -17.035551071166992 -7.910648345947266 0.2
12.307869911193848 -16.839651107788086 -7.81614875793457 0.2
12.37007999420166 -16.63545036315918 -7.690448760986328 0.2
12.48861026763916 -16.43494987487793 -7.743549346923828 0.2
12.494939804077148 -16.34895133972168 -7.969348907470703 0.2
12.51570987701416 -16.42005157470703 -8.197549819946289 0.2
12.63955020904541 -16.618751525878906 -8.24854850769043 0.2
12.707099914550781 -16.832550048828125 -8.143449783325195 0.2
12.603610038757324 -17.03754997253418 -8.081850051879883 0.2
12.392640113830566 -17.105350494384766 -8.181949615478516 0.2
12.24276065826416 -17.06675148010254 -8.373350143432617 0.2
12.268030166625977 -16.91935157775879 -8.558849334716797 0.2
12.383700370788574 -16.70585060119629 -8.546348571777344 0.2
12.421330451965332 -16.494550704956055 -8.429149627685547 0.2
12.256400108337402 -16.33405113220215 -8.368049621582031 0.2
12.024980545043945 -16.309850692749023 -8.450748443603516 0.2
11.831570625305176 -16.445350646972656 -8.429649353027344 0.2
11.838530540466309 -16.665250778198242 -8.326349258422852 0.2
11.95028018951416 -16.881750106811523 -8.294448852539062 0.2
12.011119842529297 -17.0351505279541 -8.46514892578125 0.2
11.911260604858398 -17.040550231933594 -8.68764877319336 0.2
11.716529846191406 -16.97515106201172 -8.82094955444336 0.2
11.55741024017334 -16.808650970458984 -8.764249801635742 0.2
11.590169906616211 -16.60715103149414 -8.625848770141602 0.2
11.703510284423828 -16.395450592041016 -8.607648849487305 0.2
11.734800338745117 -16.260150909423828 -8.801048278808594 0.2
11.68871021270752 -16.27334976196289 -9.04224967956543 0.2
11.786680221557617 -16.43695068359375 -9.183249473571777 0.2
11.899230003356934 -16.64715003967285 -9.123449325561523 0.2
11.878290176391602 -16.867151260375977 -9.027949333190918 0.2
11.67633056640625 -16.992549896240234 -9.054449081420898 0.2
11.47603988647461 -16.98365020751953 -9.198248863220215 0.2
11.407410621643066 -16.875850677490234 -9.401449203491211 0.2
11.503280639648438 -16.665550231933594 -9.464149475097656 0.2
11.59375 -16.45454978942871 -9.372549057006836 0.2
11.497170448303223 -16.26905059814453 -9.257948875427246 0.2
11.263790130615234 -16.205751419067383 -9.27924919128418 0.2
11.043499946594238 -16.298450469970703 -9.271549224853516 0.2
11.005929946899414 -16.511449813842773 -9.167649269104004 0.2
11.1183500289917 -16.726051330566406 -9.117749214172363 0.2
11.200620651245117 -16.91135025024414 -9.241449356079102 0.2
11.11184024810791 -16.954450607299805 -9.461149215698242 0.2
10.91476058959961 -16.910051345825195 -9.6031494140625 0.2
10.717020034790039 -16.780750274658203 -9.573049545288086 0.2
10.713529586791992 -16.58125114440918 -9.435349464416504 0.2
10.820210456848145 -16.370250701904297 -9.375848770141602 0.2
10.872130393981934 -16.196149826049805 -9.52864933013916 0.2
10.78324031829834 -16.164350509643555 -9.756448745727539 0.2
10.809840202331543 -16.2856502532959 -9.957849502563477 0.2
10.939800262451172 -16.490449905395508 -9.965848922729492 0.2
10.9968900680542 -16.70785140991211 -9.868749618530273 0.2
10.839929580688477 -16.880149841308594 -9.82504940032959 0.2
10.609189987182617 -16.90635108947754 -9.905749320983887 0.2
10.456780433654785 -16.836950302124023 -10.081149101257324 0.2
10.492280006408691 -16.644550323486328 -10.215848922729492 0.2
10.605850219726562 -16.430049896240234 -10.170848846435547 0.2
10.597700119018555 -16.228351593017578 -10.040749549865723 0.2
10.388150215148926 -16.127851486206055 -9.982949256896973 0.2
10.147780418395996 -16.173049926757812 -9.980749130249023 0.2
10.058679580688477 -16.36614990234375 -9.87494945526123 0.2
10.158750534057617 -16.582250595092773 -9.812249183654785 0.2
10.261880874633789 -16.7851505279541 -9.890249252319336 0.2
10.201789855957031 -16.877050399780273 -10.101948738098145 0.2
10.005250930786133 -16.85325050354004 -10.249149322509766 0.2
9.781579971313477 -16.76275062561035 -10.251749038696289 0.2
9.728469848632812 -16.574951171875 -10.113749504089355 0.2
9.826690673828125 -16.37005043029785 -10.017048835754395 0.2
9.897769927978516 -16.16534996032715 -10.115448951721191 0.2
9.80564022064209 -16.08475112915039 -10.324549674987793 0.2
9.755270004272461 -16.158151626586914 -10.546249389648438 0.2
9.869750022888184 -16.348251342773438 -10.63654899597168 0.2
9.980300903320312 -16.55845069885254 -10.569048881530762 0.2
9.904410362243652 -16.76715087890625 -10.486649513244629 0.2
9.672710418701172 -16.8387508392334 -10.509849548339844 0.2
9.464170455932617 -16.802051544189453 -10.633648872375488 0.2
9.419059753417969 -16.64015007019043 -10.801349639892578 0.2
9.521089553833008 -16.419151306152344 -10.812149047851562 0.2
9.577920913696289 -16.209951400756836 -10.701349258422852 0.2
9.42693042755127 -16.075151443481445 -10.576449394226074 0.2
9.181329727172852 -16.0793514251709 -10.557449340820312 0.2
9.03750991821289 -16.24125099182129 -10.461849212646484 0.2
9.111720085144043 -16.461650848388672 -10.389248847961426 0.2
9.237510681152344 -16.667850494384766 -10.428648948669434 0.2
9.220020294189453 -16.80135154724121 -10.62394905090332 0.2
9.034210205078125 -16.802350997924805 -10.782649040222168 0.2
8.799249649047852 -16.74435043334961 -10.81464958190918 0.2
8.681100845336914 -16.58514976501465 -10.68484878540039 0.2
8.760749816894531 -16.386051177978516 -10.562549591064453 0.2
8.853460311889648 -16.166950225830078 -10.59174919128418 0.2
8.785690307617188 -16.034650802612305 -10.778849601745605 0.2
8.662860870361328 -16.055049896240234 -10.989349365234375 0.2
8.727500915527344 -16.213550567626953 -11.15364933013916 0.2
8.866410255432129 -16.41655158996582 -11.141249656677246 0.2
8.879640579223633 -16.640750885009766 -11.05734920501709 0.2
8.680419921875 -16.770151138305664 -11.024048805236816 0.2
8.443440437316895 -16.76704978942871 -11.091249465942383 0.2
8.310239791870117 -16.647750854492188 -11.250449180603027 0.2
8.371259689331055 -16.425451278686523 -11.318049430847168 0.2
8.47113037109375 -16.211851119995117 -11.245049476623535 0.2
8.400979995727539 -16.045551300048828 -11.08954906463623 0.2
8.169820785522461 -16.008649826049805 -11.023249626159668 0.2
7.9820404052734375 -16.128650665283203 -10.937849044799805 0.2
8.008819580078125 -16.350351333618164 -10.848849296569824 0.2
8.143830299377441 -16.556751251220703 -10.864949226379395 0.2
8.178250312805176 -16.724851608276367 -11.028749465942383 0.2
8.013860702514648 -16.760950088500977 -11.201949119567871 0.2
7.776400089263916 -16.724750518798828 -11.257948875427246 0.2
7.602700233459473 -16.60685157775879 -11.146248817443848 0.2
7.6432204246521 -16.41495132446289 -11.002449035644531 0.2
7.749150276184082 -16.19795036315918 -10.97144889831543 0.2
7.728450298309326 -16.01525115966797 -11.121949195861816 0.2
7.567270278930664 -15.983251571655273 -11.305549621582031 0.2
7.542640209197998 -16.096250534057617 -11.51194953918457 0.2
7.676480293273926 -16.290651321411133 -11.57094955444336 0.2
7.769670009613037 -16.509550094604492 -11.514549255371094 0.2
7.639400005340576 -16.69355010986328 -11.439748764038086 0.2
7.396310329437256 -16.730751037597656 -11.446148872375488 0.2
7.19411039352417 -16.657550811767578 -11.557649612426758 0.2
7.177390098571777 -16.450550079345703 -11.673648834228516 0.2
7.286570072174072 -16.23055076599121 -11.64634895324707 0.2
7.306270122528076 -16.039451599121094 -11.502348899841309 0.2
7.1201300621032715 -15.96255111694336 -11.371849060058594 0.2
6.90086030960083 -16.03205108642578 -11.29004955291748 0.2
6.871740341186523 -16.240751266479492 -11.180048942565918 0.2
6.999730110168457 -16.45155143737793 -11.177948951721191 0.2
7.078200340270996 -16.639949798583984 -11.305449485778809 0.2
6.9522199630737305 -16.721450805664062 -11.491249084472656 0.2
6.715750217437744 -16.704050064086914 -11.559549331665039 0.2
6.501830101013184 -16.62885093688965 -11.477048873901367 0.2
6.490610122680664 -16.453350067138672 -11.31464958190918 0.2
6.603410243988037 -16.247051239013672 -11.238649368286133 0.2
6.6273698806762695 -16.03045082092285 -11.335349082946777 0.2
6.468050003051758 -15.942150115966797 -11.495049476623535 0.2
6.350729942321777 -16.005250930786133 -11.693549156188965 0.2
6.436810493469238 -16.181650161743164 -11.831449508666992 0.2
6.572720527648926 -16.387849807739258 -11.823549270629883 0.2
6.540550231933594 -16.607650756835938 -11.740649223327637 0.2
6.319060325622559 -16.696550369262695 -11.69114875793457 0.2
6.0790605545043945 -16.667251586914062 -11.732748985290527 0.2
5.97113037109375 -16.497150421142578 -11.858949661254883 0.2
6.051810264587402 -16.268449783325195 -11.884749412536621 0.2
6.134099960327148 -16.061750411987305 -11.785049438476562 0.2
6.032070159912109 -15.942951202392578 -11.6056489944458 0.2
5.808910369873047 -15.963750839233398 -11.503249168395996 0.2
5.714060306549072 -16.140649795532227 -11.377449035644531 0.2
5.81764030456543 -16.35984992980957 -11.352849006652832 0.2
5.932690143585205 -16.554950714111328 -11.446549415588379 0.2
5.859800338745117 -16.68035125732422 -11.63434886932373 0.2
5.6322102546691895 -16.686050415039062 -11.72304916381836 0.2
5.3974504470825195 -16.641050338745117 -11.672248840332031 0.2
5.319260120391846 -16.498149871826172 -11.499749183654785 0.2
5.423610210418701 -16.301151275634766 -11.393548965454102 0.2
5.494790077209473 -16.074350357055664 -11.429049491882324 0.2
5.369580268859863 -15.930551528930664 -11.572749137878418 0.2
5.183930397033691 -15.942350387573242 -11.73224925994873 0.2
5.192379951477051 -16.085451126098633 -11.921449661254883 0.2
5.333250045776367 -16.280851364135742 -11.97304916381836 0.2
5.387430191040039 -16.508750915527344 -11.918949127197266 0.2
5.220700263977051 -16.656949996948242 -11.831149101257324 0.2
4.975029945373535 -16.666749954223633 -11.813249588012695 0.2
4.788100242614746 -16.550050735473633 -11.90774917602539 0.2
4.809100151062012 -16.321651458740234 -11.978448867797852 0.2
4.919950485229492 -16.10555076599121 -11.93234920501709 0.2
4.906850337982178 -15.94635009765625 -11.754949569702148 0.2
4.712690353393555 -15.91925048828125 -11.611749649047852 0.2
4.56082010269165 -16.04815101623535 -11.479549407958984 0.2
4.61676025390625 -16.272350311279297 -11.414249420166016 0.2
4.74845027923584 -16.470849990844727 -11.48124885559082 0.2
4.744500160217285 -16.632850646972656 -11.655049324035645 0.2
4.539420127868652 -16.672950744628906 -11.775249481201172 0.2
4.294750213623047 -16.645450592041016 -11.757248878479004 0.2
4.153670310974121 -16.543251037597656 -11.594749450683594 0.2
4.223910331726074 -16.3564510345459 -11.456048965454102 0.2
4.328770160675049 -16.136850357055664 -11.43964958190918 0.2
4.26615047454834 -15.944049835205078 -11.563849449157715 0.2
4.058470249176025 -15.905450820922852 -11.690949440002441 0.2
3.972569227218628 -16.006351470947266 -11.8871488571167 0.2
4.0844902992248535 -16.192350387573242 -11.996549606323242 0.2
4.198590278625488 -16.408950805664062 -11.985849380493164 0.2
4.108480453491211 -16.605350494384766 -11.887449264526367 0.2
3.8771462440490723 -16.65665054321289 -11.821649551391602 0.2
3.6469993591308594 -16.591751098632812 -11.861349105834961 0.2
3.584097146987915 -16.38425064086914 -11.959548950195312 0.2
3.6886491775512695 -16.160449981689453 -11.958748817443848 0.2
3.750112295150757 -15.970550537109375 -11.824249267578125 0.2
3.6145682334899902 -15.89845085144043 -11.64064884185791 0.2
3.4238033294677734 -15.971351623535156 -11.50564956665039 0.2
3.421997308731079 -16.18214988708496 -11.396049499511719 0.2
3.550412178039551 -16.389249801635742 -11.432449340820312 0.2
3.6048572063446045 -16.572450637817383 -11.579449653625488 0.2
3.4431252479553223 -16.65785026550293 -11.732349395751953 0.2
3.1968493461608887 -16.64655113220215 -11.740249633789062 0.2
3.005279779434204 -16.581850051879883 -11.60784912109375 0.2
3.0248353481292725 -16.41305160522461 -11.43964958190918 0.2
3.1479432582855225 -16.206350326538086 -11.382848739624023 0.2
3.148242235183716 -15.98484992980957 -11.4712495803833 0.2
2.9565954208374023 -15.891950607299805 -11.58604907989502 0.2
2.793039321899414 -15.949050903320312 -11.751049041748047 0.2
2.8420443534851074 -16.11785125732422 -11.913949012756348 0.2
2.9795846939086914 -16.320350646972656 -11.94844913482666 0.2
2.978102207183838 -16.54425048828125 -11.869648933410645 0.2
2.780121326446533 -16.644149780273438 -11.768949508666992 0.2
2.5366461277008057 -16.623350143432617 -11.746648788452148 0.2
2.3929953575134277 -16.457151412963867 -11.837849617004395 0.2
2.4570822715759277 -16.22585105895996 -11.879249572753906 0.2
2.5592572689056396 -16.01835060119629 -11.80164909362793 0.2
2.5073680877685547 -15.90155029296875 -11.600648880004883 0.2
2.31567120552063 -15.925750732421875 -11.447649002075195 0.2
2.2510581016540527 -16.103851318359375 -11.305549621582031 0.2
2.360173225402832 -16.32135009765625 -11.30674934387207 0.2
2.45737624168396 -16.511951446533203 -11.42664909362793 0.2
2.350475311279297 -16.639249801635742 -11.595748901367188 0.2
2.1094532012939453 -16.650449752807617 -11.632549285888672 0.2
1.8902102708816528 -16.61264991760254 -11.531249046325684 0.2
1.846360206604004 -16.475950241088867 -11.342449188232422 0.2
1.9671902656555176 -16.278650283813477 -11.256548881530762 0.2
2.0266571044921875 -16.050050735473633 -11.300649642944336 0.2
1.8726701736450195 -15.905349731445312 -11.411249160766602 0.2
1.6559902429580688 -15.91765022277832 -11.525049209594727 0.2
1.6221402883529663 -16.056550979614258 -11.71454906463623 0.2
1.7510802745819092 -16.247350692749023 -11.801249504089355 0.2
1.8217601776123047 -16.474349975585938 -11.765949249267578 0.2
1.6835901737213135 -16.628950119018555 -11.645849227905273 0.2
1.4492802619934082 -16.64655113220215 -11.571748733520508 0.2
1.2426902055740356 -16.534250259399414 -11.618049621582031 0.2
1.241470217704773 -16.304851531982422 -11.687849044799805 0.2
1.3555501699447632 -16.086851119995117 -11.665148735046387 0.2
1.3807501792907715 -15.930551528930664 -11.486649513244629 0.2
1.2253202199935913 -15.911050796508789 -11.301249504089355 0.2
1.1126902103424072 -16.045949935913086 -11.139248847961426 0.2
1.1881202459335327 -16.26905059814453 -11.092848777770996 0.2
1.3048301935195923 -16.462751388549805 -11.192849159240723 0.2
1.2633001804351807 -16.622350692749023 -11.363749504089355 0.2
1.0367002487182617 -16.66645050048828 -11.433149337768555 0.2
0.8025403022766113 -16.646249771118164 -11.357949256896973 0.2
0.7013301849365234 -16.550050735473633 -11.165148735046387 0.2
0.7983102798461914 -16.363750457763672 -11.0431489944458 0.2
0.8990602493286133 -16.1418514251709 -11.048048973083496 0.2
0.8043301105499268 -15.950151443481445 -11.151549339294434 0.2
0.5721902847290039 -15.916950225830078 -11.22714900970459 0.2
0.44660019874572754 -16.018251419067383 -11.400249481201172 0.2
0.535670280456543 -16.199050903320312 -11.536149024963379 0.2
0.6539702415466309 -16.412450790405273 -11.555048942565918 0.2
0.5914702415466309 -16.611751556396484 -11.44214916229248 0.2
0.38262033462524414 -16.670351028442383 -11.326349258422852 0.2
0.14845013618469238 -16.6103515625 -11.31144905090332 0.2
0.06235027313232422 -16.402050018310547 -11.387248992919922 0.2
0.15997028350830078 -16.17584991455078 -11.405049324035645 0.2
0.2448902130126953 -15.987951278686523 -11.281549453735352 0.2
0.15171027183532715 -15.926050186157227 -11.069849014282227 0.2
0.0032203197479248047 -16.010150909423828 -10.894848823547363 0.2
0.03715014457702637 -16.223350524902344 -10.795649528503418 0.2
0.15877032279968262 -16.424850463867188 -10.868349075317383 0.2
0.17765021324157715 -16.603050231933594 -11.02924919128418 0.2
-0.016129732131958008 -16.68885040283203 -11.138548851013184 0.2
-0.2568798065185547 -16.684650421142578 -11.085248947143555 0.2
-0.41061973571777344 -16.627050399780273 -10.908248901367188 0.2
-0.35330986976623535 -16.459150314331055 -10.747749328613281 0.2
-0.22622966766357422 -16.249250411987305 -10.719149589538574 0.2
-0.2558097839355469 -16.028051376342773 -10.802449226379395 0.2
-0.4725797176361084 -15.942750930786133 -10.868049621582031 0.2
-0.6659197807312012 -16.004850387573242 -10.994149208068848 0.2
-0.6481797695159912 -16.171051025390625 -11.165948867797852 0.2
-0.5175096988677979 -16.369850158691406 -11.232648849487305 0.2
-0.4999997615814209 -16.59375 -11.15674877166748 0.2
-0.6690397262573242 -16.69805145263672 -11.015349388122559 0.2
-0.9016697406768799 -16.683351516723633 -10.939748764038086 0.2
-1.0624299049377441 -16.51715087890625 -10.99424934387207 0.2
-1.0111298561096191 -16.284250259399414 -11.044649124145508 0.2
-0.8996896743774414 -16.075950622558594 -10.985149383544922 0.2
-0.9130797386169434 -15.966449737548828 -10.774249076843262 0.2
-1.0646495819091797 -16.001550674438477 -10.58324909210205 0.2
-1.0849895477294922 -16.185251235961914 -10.435349464416504 0.2
-0.971099853515625 -16.397850036621094 -10.468249320983887 0.2
-0.9011197090148926 -16.583749771118164 -10.611549377441406 0.2
-1.0446295738220215 -16.710651397705078 -10.75114917755127 0.2
-1.2870898246765137 -16.727651596069336 -10.728049278259277 0.2
-1.4757795333862305 -16.69645118713379 -10.575949668884277 0.2
-1.4757099151611328 -16.559450149536133 -10.38244915008545 0.2
-1.3448100090026855 -16.357650756835938 -10.327249526977539 0.2
-1.3079400062561035 -16.127450942993164 -10.384649276733398 0.2
-1.4902496337890625 -15.991451263427734 -10.456949234008789 0.2
-1.7251195907592773 -16.013450622558594 -10.522449493408203 0.2
-1.7916898727416992 -16.15595054626465 -10.70004940032959 0.2
-1.6786198616027832 -16.344350814819336 -10.811348915100098 0.2
-1.5989699363708496 -16.569551467895508 -10.788549423217773 0.2
-1.706089973449707 -16.72385025024414 -10.639248847961426 0.2
-1.9183297157287598 -16.746749877929688 -10.516348838806152 0.2
-2.131549835205078 -16.638050079345703 -10.519649505615234 0.2
-2.1498799324035645 -16.408950805664062 -10.588949203491211 0.2
-2.0387496948242188 -16.188350677490234 -10.59074878692627 0.2
-1.9838995933532715 -16.03205108642578 -10.419349670410156 0.2
-2.099720001220703 -16.0179500579834 -10.206249237060547 0.2
-2.1665596961975098 -16.156949996948242 -10.024048805236816 0.2
-2.0728697776794434 -16.376649856567383 -9.997649192810059 0.2
-1.9752497673034668 -16.567350387573242 -10.120849609375 0.2
-2.0525598526000977 -16.729150772094727 -10.276148796081543 0.2
-2.2880897521972656 -16.779451370239258 -10.289149284362793 0.2
-2.498469829559326 -16.765050888061523 -10.161149024963379 0.2
-2.5538296699523926 -16.666351318359375 -9.951848983764648 0.2
-2.4381299018859863 -16.473251342773438 -9.8600492477417 0.2
-2.3527097702026367 -16.24755096435547 -9.892549514770508 0.2
-2.4797396659851074 -16.064350128173828 -9.97494888305664 0.2
-2.7241296768188477 -16.04384994506836 -9.998048782348633 0.2
-2.877509593963623 -16.155851364135742 -10.139248847961426 0.2
-2.811339855194092 -16.33785057067871 -10.28654956817627 0.2
-2.693659782409668 -16.5489501953125 -10.324149131774902 0.2
-2.7255196571350098 -16.744550704956055 -10.193248748779297 0.2
-2.9021096229553223 -16.80445098876953 -10.03274917602539 0.2
-3.129189968109131 -16.749351501464844 -9.969649314880371 0.2
-3.2338500022888184 -16.5445499420166 -10.030049324035645 0.2
-3.149169921875 -16.316450119018555 -10.073149681091309 0.2
-3.047179698944092 -16.12405014038086 -9.971949577331543 0.2
-3.0969395637512207 -16.062049865722656 -9.745749473571777 0.2
-3.1968297958374023 -16.148950576782227 -9.540549278259277 0.2
-3.130189895629883 -16.35875129699707 -9.451048851013184 0.2
-3.0212597846984863 -16.55765151977539 -9.547749519348145 0.2
-3.0374999046325684 -16.73925018310547 -9.70474910736084 0.2
-3.2501096725463867 -16.832250595092773 -9.76034927368164 0.2
-3.47059965133667 -16.834251403808594 -9.649748802185059 0.2
-3.5769996643066406 -16.775951385498047 -9.44114875793457 0.2
-3.48760986328125 -16.60055160522461 -9.305048942565918 0.2
-3.3673195838928223 -16.384950637817383 -9.314249038696289 0.2
-3.4290199279785156 -16.1684513092041 -9.39224910736084 0.2
-3.659679889678955 -16.095251083374023 -9.402149200439453 0.2
-3.8744096755981445 -16.169750213623047 -9.476049423217773 0.2
-3.890289783477783 -16.340850830078125 -9.643448829650879 0.2
-3.7713799476623535 -16.536550521850586 -9.735949516296387 0.2
-3.727339744567871 -16.756851196289062 -9.660449028015137 0.2
-3.8528800010681152 -16.861051559448242 -9.479148864746094 0.2
-4.0602898597717285 -16.850351333618164 -9.348949432373047 0.2
-4.234389781951904 -16.689451217651367 -9.364849090576172 0.2
-4.205269813537598 -16.45615005493164 -9.429549217224121 0.2
-4.091029644012451 -16.242950439453125 -9.400949478149414 0.2
-4.056899547576904 -16.130950927734375 -9.193649291992188 0.2
-4.151369571685791 -16.168750762939453 -8.969348907470703 0.2
-4.121399879455566 -16.351051330566406 -8.82135009765625 0.2
-4.012849807739258 -16.56035041809082 -8.88344955444336 0.2
-3.979999542236328 -16.747350692749023 -9.03804874420166 0.2
-4.154189586639404 -16.879751205444336 -9.129749298095703 0.2
-4.379909992218018 -16.902950286865234 -9.039149284362793 0.2
-4.518219947814941 -16.875551223754883 -8.83974838256836 0.2
-4.466619968414307 -16.73495101928711 -8.65574836730957 0.2
-4.333549976348877 -16.527450561523438 -8.643049240112305 0.2
-4.324709892272949 -16.297151565551758 -8.710649490356445 0.2
-4.525689601898193 -16.169151306152344 -8.72614860534668 0.2
-4.7683796882629395 -16.200950622558594 -8.716848373413086 0.2
-4.879729747772217 -16.349550247192383 -8.864749908447266 0.2
-4.7976298332214355 -16.5351505279541 -9.004249572753906 0.2
-4.705089569091797 -16.756650924682617 -9.00584888458252 0.2
-4.755349636077881 -16.911849975585938 -8.830049514770508 0.2
-4.91871976852417 -16.93895149230957 -8.64754867553711 0.2
-5.126190185546875 -16.837051391601562 -8.584848403930664 0.2
-5.1736297607421875 -16.60955047607422 -8.645750045776367 0.2
-5.077679634094238 -16.384851455688477 -8.681848526000977 0.2
-4.979729652404785 -16.224550247192383 -8.534948348999023 0.2
-5.023900032043457 -16.21215057373047 -8.295949935913086 0.2
-5.019430160522461 -16.35165023803711 -8.102348327636719 0.2
-4.912269592285156 -16.56675148010254 -8.110349655151367 0.2
-4.8533196449279785 -16.75535011291504 -8.258949279785156 0.2
-4.972819805145264 -16.921850204467773 -8.37864875793457 0.2
-5.197070121765137 -16.979450225830078 -8.310548782348633 0.2
-5.351319313049316 -16.97075080871582 -8.118049621582031 0.2
-5.334149360656738 -16.871950149536133 -7.902050018310547 0.2
-5.203529357910156 -16.671951293945312 -7.856349945068359 0.2
-5.146689414978027 -16.442750930786133 -7.916448593139648 0.2
-5.303679466247559 -16.266950607299805 -7.948148727416992 0.2
-5.540639877319336 -16.25735092163086 -7.880849838256836 0.2
-5.729229927062988 -16.379150390625 -7.955848693847656 0.2
-5.711919784545898 -16.56045150756836 -8.117349624633789 0.2
-5.605199813842773 -16.766050338745117 -8.196048736572266 0.2
-5.57643985748291 -16.96014976501465 -8.062049865722656 0.2
-5.678030014038086 -17.023151397705078 -7.846948623657227 0.2
-5.867969512939453 -16.97585105895996 -7.704248428344727 0.2
-5.996329307556152 -16.7762508392334 -7.722148895263672 0.2
-5.944919586181641 -16.54505157470703 -7.793048858642578 0.2
-5.8234100341796875 -16.34695053100586 -7.733049392700195 0.2
-5.792389869689941 -16.285350799560547 -7.502649307250977 0.2
-5.79817008972168 -16.3752498626709 -7.276248931884766 0.2
-5.687359809875488 -16.57965087890625 -7.226049423217773 0.2
-5.613929748535156 -16.77305030822754 -7.360849380493164 0.2
-5.683189392089844 -16.958351135253906 -7.497749328613281 0.2
-5.895269393920898 -17.061349868774414 -7.459749221801758 0.2
-6.048789978027344 -17.0710506439209 -7.26664924621582 0.2
-6.059629440307617 -17.012550354003906 -7.032649993896484 0.2
-5.934840202331543 -16.8260498046875 -6.9483489990234375 0.2
-5.849020004272461 -16.601551055908203 -7.006549835205078 0.2
-5.958020210266113 -16.393850326538086 -7.049249649047852 0.2
-6.176229476928711 -16.3393497467041 -6.957948684692383 0.2
-6.39501953125 -16.432950973510742 -6.936149597167969 0.2
-6.463109970092773 -16.61155128479004 -7.0816497802734375 0.2
-6.378890037536621 -16.80255126953125 -7.214048385620117 0.2
-6.290060043334961 -17.015451431274414 -7.15934944152832 0.2
-6.317930221557617 -17.117950439453125 -6.939350128173828 0.2
-6.451669692993164 -17.11465072631836 -6.733949661254883 0.2
-6.627309799194336 -16.96415138244629 -6.679349899291992 0.2
-6.644680023193359 -16.73175048828125 -6.753349304199219 0.2
-6.546189308166504 -16.509950637817383 -6.772649765014648 0.2
-6.441860198974609 -16.390750885009766 -6.594449996948242 0.2
-6.431059837341309 -16.429550170898438 -6.351449966430664 0.2
-6.321999549865723 -16.605350494384766 -6.235748291015625 0.2
-6.232069969177246 -16.80565071105957 -6.343349456787109 0.2
-6.253069877624512 -16.995750427246094 -6.496049880981445 0.2
-6.43804931640625 -17.144651412963867 -6.496648788452148 0.2
-6.596260070800781 -17.179750442504883 -6.313148498535156 0.2
-6.631629943847656 -17.149450302124023 -6.0733489990234375 0.2
-6.519840240478516 -16.987751007080078 -5.939548492431641 0.2
-6.422769546508789 -16.765850067138672 -5.990148544311523 0.2
-6.480799674987793 -16.540950775146484 -6.051048278808594 0.2
-6.683859825134277 -16.443050384521484 -5.968549728393555 0.2
-6.896279335021973 -16.504751205444336 -5.864948272705078 0.2
-7.030799865722656 -16.674850463867188 -5.962749481201172 0.2
-6.986689567565918 -16.860050201416016 -6.120449066162109 0.2
-6.879209518432617 -17.07295036315918 -6.146648406982422 0.2
-6.841329574584961 -17.215450286865234 -5.956249237060547 0.2
-6.919759750366211 -17.243051528930664 -5.724048614501953 0.2
-7.097899436950684 -17.149749755859375 -5.593849182128906 0.2
-7.181300163269043 -16.9278507232666 -5.639148712158203 0.2
-7.126799583435059 -16.69675064086914 -5.707849502563477 0.2
-6.997799873352051 -16.525150299072266 -5.6031494140625 0.2
-6.954669952392578 -16.51045036315918 -5.363248825073242 0.2
-6.860929489135742 -16.645050048828125 -5.189849853515625 0.2
-6.74606990814209 -16.850250244140625 -5.243949890136719 0.2
-6.731009483337402 -17.04034996032715 -5.401948928833008 0.2
-6.872989654541016 -17.22235107421875 -5.457948684692383 0.2
-7.043700218200684 -17.29545021057129 -5.302148818969727 0.2
-7.1082000732421875 -17.288551330566406 -5.063749313354492 0.2
-7.0177001953125 -17.165151596069336 -4.880949020385742 0.2
-6.907380104064941 -16.94754981994629 -4.89954948425293 0.2
-6.913549423217773 -16.71595001220703 -4.975248336791992 0.2
-7.094999313354492 -16.566551208496094 -4.934549331665039 0.2
-7.290499687194824 -16.58635139465332 -4.785549163818359 0.2
-7.473099708557129 -16.73685073852539 -4.803348541259766 0.2
-7.481200218200684 -16.924650192260742 -4.960649490356445 0.2
-7.385000228881836 -17.12645149230957 -5.060049057006836 0.2
-7.296199798583984 -17.305450439453125 -4.929649353027344 0.2
-7.319499969482422 -17.362951278686523 -4.690649032592773 0.2
-7.462699890136719 -17.318349838256836 -4.50054931640625 0.2
-7.602399826049805 -17.1247501373291 -4.487749099731445 0.2
-7.593199729919434 -16.89175033569336 -4.57244873046875 0.2
-7.476900100708008 -16.68265151977539 -4.548349380493164 0.2
-7.387700080871582 -16.613750457763672 -4.334949493408203 0.2
-7.315099716186523 -16.700450897216797 -4.118949890136719 0.2
-7.177999496459961 -16.89565086364746 -4.111049652099609 0.2
-7.134300231933594 -17.088150024414062 -4.261049270629883 0.2
-7.227299690246582 -17.285850524902344 -4.362548828125 0.2
-7.404399871826172 -17.40435028076172 -4.25255012512207 0.2
-7.4863996505737305 -17.420150756835938 -4.019548416137695 0.2
-7.42609977722168 -17.342350006103516 -3.7990493774414062 0.2
-7.304800033569336 -17.13574981689453 -3.770050048828125 0.2
-7.269499778747559 -16.904951095581055 -3.8531494140625 0.2
-7.411999702453613 -16.71285057067871 -3.854249954223633 0.2
-7.594999313354492 -16.681350708007812 -3.6959495544433594 0.2
-7.788599967956543 -16.800251007080078 -3.621349334716797 0.2
-7.866600036621094 -16.992050170898438 -3.745849609375 0.2
-7.802599906921387 -17.182950973510742 -3.8904495239257812 0.2
-7.684199333190918 -17.385351181030273 -3.850849151611328 0.2
-7.647899627685547 -17.478750228881836 -3.626850128173828 0.2
-7.729100227355957 -17.474349975585938 -3.3952484130859375 0.2
-7.893899917602539 -17.326351165771484 -3.306650161743164 0.2
-7.941499710083008 -17.09575080871582 -3.3774490356445312 0.2
-7.867199897766113 -16.86665153503418 -3.417848587036133 0.2
-7.732999801635742 -16.73805046081543 -3.267049789428711 0.2
-7.657599449157715 -16.774351119995117 -3.0349483489990234 0.2
-7.507900238037109 -16.943050384521484 -2.9594497680664062 0.2
-7.439899444580078 -17.141050338745117 -3.0885486602783203 0.2
-7.4882001876831055 -17.33985137939453 -3.224048614501953 0.2
-7.65369987487793 -17.50135040283203 -3.1660499572753906 0.2
-7.748000144958496 -17.544851303100586 -2.9430484771728516 0.2
-7.711799621582031 -17.505250930786133 -2.704648971557617 0.2
-7.581399917602539 -17.324750900268555 -2.6175498962402344 0.2
-7.526899337768555 -17.095149993896484 -2.6959495544433594 0.2
-7.620299339294434 -16.87645149230957 -2.735349655151367 0.2
-7.796199798583984 -16.792951583862305 -2.5934486389160156 0.2
-7.962100028991699 -16.87125015258789 -2.4313488006591797 0.2
-8.100199699401855 -17.057950973510742 -2.4873485565185547 0.2
-8.086099624633789 -17.246450424194336 -2.648448944091797 0.2
-7.974199295043945 -17.453149795532227 -2.700448989868164 0.2
-7.873700141906738 -17.58635139465332 -2.525449752807617 0.2
-7.8837995529174805 -17.612850189208984 -2.2798500061035156 0.2
-8.025899887084961 -17.521350860595703 -2.109149932861328 0.2
-8.129399299621582 -17.303150177001953 -2.134349822998047 0.2
-8.112899780273438 -17.068851470947266 -2.2142486572265625 0.2
-7.973299980163574 -16.886150360107422 -2.1464500427246094 0.2
-7.866799354553223 -16.865751266479492 -1.9264488220214844 0.2
-7.713299751281738 -16.99315071105957 -1.794149398803711 0.2
-7.609399795532227 -17.192649841308594 -1.8851490020751953 0.2
-7.62869930267334 -17.388050079345703 -2.037649154663086 0.2
-7.765500068664551 -17.583351135253906 -2.041849136352539 0.2
-7.86870002746582 -17.666250228881836 -1.837249755859375 0.2
-7.850799560546875 -17.65635108947754 -1.5905494689941406 0.2
-7.716499328613281 -17.513851165771484 -1.4529495239257812 0.2
-7.643899917602539 -17.28525161743164 -1.5079498291015625 0.2
-7.696800231933594 -17.055450439453125 -1.574249267578125 0.2
-7.866700172424316 -16.92085075378418 -1.4724483489990234 0.2
-7.997200012207031 -16.95454978942871 -1.2649497985839844 0.2
-8.1589994430542 -17.124351501464844 -1.2240486145019531 0.2
-8.196700096130371 -17.319950103759766 -1.369049072265625 0.2
-8.120299339294434 -17.51865005493164 -1.4914493560791016 0.2
-7.977700233459473 -17.68494987487793 -1.3940486907958984 0.2
-7.920199394226074 -17.737751007080078 -1.1587486267089844 0.2
-8.003199577331543 -17.695951461791992 -0.9346485137939453 0.2
-8.14579963684082 -17.50925064086914 -0.8839492797851562 0.2
-8.18179988861084 -17.277050018310547 -0.966949462890625 0.2
-8.083199501037598 -17.05685043334961 -0.9786491394042969 0.2
-7.9397993087768555 -16.97585105895996 -0.8008499145507812 0.2
-7.7957000732421875 -17.053251266479492 -0.619049072265625 0.2
-7.649299621582031 -17.23885154724121 -0.6589488983154297 0.2
-7.64009952545166 -17.433151245117188 -0.8145484924316406 0.2
-7.740799903869629 -17.643550872802734 -0.8782501220703125 0.2
-7.856900215148926 -17.775550842285156 -0.7136497497558594 0.2
-7.851799964904785 -17.79305076599121 -0.46595001220703125 0.2
-7.727099418640137 -17.69645118713379 -0.2823486328125 0.2
-7.630899429321289 -17.474151611328125 -0.29924964904785156 0.2
-7.652400016784668 -17.24155044555664 -0.3853492736816406 0.2
-7.805299758911133 -17.064250946044922 -0.33194923400878906 0.2
-7.922599792480469 -17.048250198364258 -0.11704826354980469 0.2
-8.067899703979492 -17.18735122680664 0.013551712036132812 0.2
-8.156599998474121 -17.3924503326416 -0.08204841613769531 0.2
-8.122900009155273 -17.584449768066406 -0.2368488311767578 0.2
-7.97659969329834 -17.773250579833984 -0.23414993286132812 0.2
-7.863900184631348 -17.85555076599121 -0.030948638916015625 0.2
-7.8740997314453125 -17.851449966430664 0.21505165100097656 0.2
-8.019700050354004 -17.712350845336914 0.3448505401611328 0.2
-8.104199409484863 -17.486351013183594 0.2908515930175781 0.2
-8.068399429321289 -17.250751495361328 0.23215103149414062 0.2
-7.908999443054199 -17.105850219726562 0.3384513854980469 0.2
-7.769199371337891 -17.13105010986328 0.5415515899658203 0.2
-7.590399742126465 -17.286550521850586 0.5709514617919922 0.2
-7.54580020904541 -17.48295021057129 0.4277515411376953 0.2
-7.609899520874023 -17.691051483154297 0.31225013732910156 0.2
-7.732699394226074 -17.868051528930664 0.4167499542236328 0.2
-7.75 -17.918251037597656 0.6582508087158203 0.2
-7.646999359130859 -17.865650177001953 0.8739509582519531 0.2
-7.519800186157227 -17.665550231933594 0.9140510559082031 0.2
-7.518400192260742 -17.43185043334961 0.8257503509521484 0.2
-7.640600204467773 -17.222850799560547 0.8216514587402344 0.2
-7.769800186157227 -17.155349731445312 1.0152511596679688 0.2
-7.8725996017456055 -17.249351501464844 1.2172508239746094 0.2
-7.99899959564209 -17.452350616455078 1.19635009765625 0.2
-8.009900093078613 -17.644651412963867 1.0372505187988281 0.2
-7.896900177001953 -17.843151092529297 0.9580516815185547 0.2
-7.741700172424316 -17.962249755859375 1.1019515991210938 0.2
-7.689700126647949 -17.985050201416016 1.3436508178710938 0.2
-7.795599937438965 -17.898950576782227 1.5422515869140625 0.2
-7.916199684143066 -17.68655014038086 1.5416507720947266 0.2
-7.937299728393555 -17.450651168823242 1.46405029296875 0.2
-7.800199508666992 -17.25615119934082 1.500051498413086 0.2
-7.647899627685547 -17.227149963378906 1.6915512084960938 0.2
-7.458499908447266 -17.344051361083984 1.7820510864257812 0.2
-7.3678998947143555 -17.539051055908203 1.6668510437011719 0.2
-7.407599449157715 -17.740449905395508 1.5246505737304688 0.2
-7.524600028991699 -17.94715118408203 1.5567512512207031 0.2
-7.5625 -18.03675079345703 1.781850814819336 0.2
-7.479700088500977 -18.022050857543945 2.015451431274414 0.2
-7.326799392700195 -17.861249923706055 2.1077499389648438 0.2
-7.29640007019043 -17.62605094909668 2.0364513397216797 0.2
-7.383899688720703 -17.40035057067871 1.9918498992919922 0.2
-7.527199745178223 -17.278850555419922 2.1418514251708984 0.2
-7.5889997482299805 -17.322750091552734 2.378551483154297 0.2
-7.7186994552612305 -17.50765037536621 2.456951141357422 0.2
-7.775300025939941 -17.708850860595703 2.323650360107422 0.2
-7.718799591064453 -17.905349731445312 2.185649871826172 0.2
-7.543600082397461 -18.059249877929688 2.245250701904297 0.2
-7.428999900817871 -18.10555076599121 2.4614505767822266 0.2
-7.462399482727051 -18.063051223754883 2.698650360107422 0.2
-7.597899436950684 -17.87885093688965 2.777151107788086 0.2
-7.66249942779541 -17.647050857543945 2.707651138305664 0.2
-7.57919979095459 -17.421051025390625 2.6794509887695312 0.2
-7.402400016784668 -17.33595085144043 2.824451446533203 0.2
-7.212499618530273 -17.408950805664062 2.961050033569336 0.2
-7.076600074768066 -17.590150833129883 2.8783512115478516 0.2
-7.099100112915039 -17.787851333618164 2.7260513305664062 0.2
-7.200099945068359 -18.006650924682617 2.6961517333984375 0.2
-7.254399299621582 -18.141550064086914 2.889850616455078 0.2
-7.1750993728637695 -18.156850814819336 3.1258506774902344 0.2
-7.006599426269531 -18.044450759887695 3.2591514587402344 0.2
-6.941619873046875 -17.81315040588379 3.2132511138916016 0.2
-7.005099296569824 -17.581451416015625 3.1435508728027344 0.2
-7.143499374389648 -17.413949966430664 3.248350143432617 0.2
-7.182199478149414 -17.405550003051758 3.491849899291992 0.2
-7.268599510192871 -17.556251525878906 3.6583499908447266 0.2
-7.366399765014648 -17.769350051879883 3.5888500213623047 0.2
-7.369799613952637 -17.962949752807617 3.430450439453125 0.2
-7.216099739074707 -18.1429500579834 3.3907508850097656 0.2
-7.045499801635742 -18.215450286865234 3.5552501678466797 0.2
-6.988669395446777 -18.206451416015625 3.795551300048828 0.2
-7.099199295043945 -18.064350128173828 3.955251693725586 0.2
-7.201099395751953 -17.838951110839844 3.9254512786865234 0.2
-7.188399314880371 -17.60045051574707 3.8653507232666016 0.2
-7.008199691772461 -17.454050064086914 3.9312515258789062 0.2
-6.811929702758789 -17.479150772094727 4.08165168762207 0.2
-6.6311798095703125 -17.632150650024414 4.041749954223633 0.2
-6.633110046386719 -17.829851150512695 3.8900508880615234 0.2
-6.72007942199707 -18.045650482177734 3.8058509826660156 0.2
-6.787169456481934 -18.224451065063477 3.9526500701904297 0.2
-6.711589813232422 -18.270851135253906 4.185150146484375 0.2
-6.538000106811523 -18.203149795532227 4.344449996948242 0.2
-6.425600051879883 -17.98885154724121 4.331750869750977 0.2
-6.47598934173584 -17.754150390625 4.257251739501953 0.2
-6.602709770202637 -17.5528507232666 4.309051513671875 0.2
-6.646089553833008 -17.49464988708496 4.542051315307617 0.2
-6.657039642333984 -17.597150802612305 4.765651702880859 0.2
-6.766260147094727 -17.811851501464844 4.783750534057617 0.2
-6.820859909057617 -18.008649826049805 4.637151718139648 0.2
-6.729330062866211 -18.202251434326172 4.522451400756836 0.2
-6.524499893188477 -18.307050704956055 4.60405158996582 0.2
-6.392029762268066 -18.322450637817383 4.814750671386719 0.2
-6.43257999420166 -18.232351303100586 5.0357513427734375 0.2
-6.553689956665039 -18.020950317382812 5.07185173034668 0.2
-6.608689308166504 -17.78404998779297 5.011650085449219 0.2
-6.472979545593262 -17.58405113220215 5.0068511962890625 0.2
-6.265179634094238 -17.551549911499023 5.13905143737793 0.2
-6.051059722900391 -17.662450790405273 5.146951675415039 0.2
-6.006999969482422 -17.856250762939453 5.002050399780273 0.2
-6.083740234375 -18.06344985961914 4.882450103759766 0.2
-6.164830207824707 -18.277650833129883 4.956850051879883 0.2
-6.101799964904785 -18.3658504486084 5.178850173950195 0.2
-5.931379318237305 -18.3393497467041 5.358850479125977 0.2
-5.771200180053711 -18.15945053100586 5.38075065612793 0.2
-5.79502010345459 -17.919950485229492 5.314050674438477 0.2
-5.906469345092773 -17.69875144958496 5.320051193237305 0.2
-5.979129791259766 -17.587650299072266 5.522350311279297 0.2
-5.930609703063965 -17.63574981689453 5.762851715087891 0.2
-6.003419876098633 -17.83355140686035 5.878551483154297 0.2
-6.090879440307617 -18.041650772094727 5.771551132202148 0.2
-6.081789970397949 -18.237550735473633 5.619350433349609 0.2
-5.885339736938477 -18.377349853515625 5.60004997253418 0.2
-5.693900108337402 -18.412351608276367 5.757551193237305 0.2
-5.640130043029785 -18.36855125427246 5.992151260375977 0.2
-5.747369766235352 -18.189350128173828 6.117450714111328 0.2
-5.844029426574707 -17.958850860595703 6.084850311279297 0.2
-5.792590141296387 -17.724851608276367 6.037151336669922 0.2
-5.580959320068359 -17.626750946044922 6.113550186157227 0.2
-5.349900245666504 -17.687551498413086 6.1748504638671875 0.2
-5.243579864501953 -17.862350463867188 6.044549942016602 0.2
-5.307099342346191 -18.062850952148438 5.905050277709961 0.2
-5.3968095779418945 -18.29034996032715 5.902250289916992 0.2
-5.367159843444824 -18.432050704956055 6.097751617431641 0.2
-5.2027997970581055 -18.44175148010254 6.287050247192383 0.2
-5.004929542541504 -18.313650131225586 6.349750518798828 0.2
-4.981149673461914 -18.074451446533203 6.294851303100586 0.2
-5.0784196853637695 -17.843950271606445 6.266151428222656 0.2
-5.17411994934082 -17.68265151977539 6.420650482177734 0.2
-5.112449645996094 -17.674251556396484 6.660850524902344 0.2
-5.114749908447266 -17.83155059814453 6.844751358032227 0.2
-5.214809417724609 -18.05375099182129 6.80994987487793 0.2
-5.268519401550293 -18.2497501373291 6.660850524902344 0.2
-5.13599967956543 -18.421451568603516 6.554750442504883 0.2
-4.911259651184082 -18.482250213623047 6.642051696777344 0.2
-4.77079963684082 -18.469051361083984 6.847551345825195 0.2
-4.822349548339844 -18.335651397705078 7.043352127075195 0.2
-4.935959815979004 -18.112951278686523 7.061651229858398 0.2
-4.96321964263916 -17.870851516723633 7.012350082397461 0.2
-4.784119606018066 -17.706850051879883 7.013851165771484 0.2
-4.546999931335449 -17.71565055847168 7.094449996948242 0.2
-4.377499580383301 -17.85795021057129 6.998050689697266 0.2
-4.417619705200195 -18.05765151977539 6.851951599121094 0.2
-4.514869689941406 -18.27845001220703 6.788351058959961 0.2
-4.524849891662598 -18.467451095581055 6.939050674438477 0.2
-4.373499870300293 -18.512950897216797 7.132951736450195 0.2
-4.158649921417236 -18.43735122680664 7.226949691772461 0.2
-4.066169738769531 -18.215749740600586 7.183050155639648 0.2
-4.148059844970703 -17.980451583862305 7.139749526977539 0.2
-4.2534499168396 -17.779251098632812 7.232851028442383 0.2
-4.209529876708984 -17.714750289916992 7.465349197387695 0.2
-4.123219966888428 -17.809551239013672 7.677850723266602 0.2
-4.205259799957275 -18.02964973449707 7.738550186157227 0.2
-4.304189682006836 -18.231050491333008 7.622049331665039 0.2
-4.2714996337890625 -18.424850463867188 7.475252151489258 0.2
-4.050439834594727 -18.52735137939453 7.463750839233398 0.2
-3.8491997718811035 -18.53635025024414 7.61414909362793 0.2
-3.8015899658203125 -18.45454978942871 7.839250564575195 0.2
-3.9005799293518066 -18.246850967407227 7.92955207824707 0.2
-3.9813995361328125 -18.00925064086914 7.90245246887207 0.2
-3.8777098655700684 -17.794450759887695 7.851251602172852 0.2
-3.6416897773742676 -17.739351272583008 7.906549453735352 0.2
-3.4236397743225098 -17.837350845336914 7.86454963684082 0.2
-3.4098095893859863 -18.031850814819336 7.713750839233398 0.2
-3.514319896697998 -18.239450454711914 7.613351821899414 0.2
-3.577119827270508 -18.461950302124023 7.687150955200195 0.2
-3.4586596488952637 -18.55885124206543 7.88115119934082 0.2
-3.2433996200561523 -18.534650802612305 8.008451461791992 0.2
-3.0756797790527344 -18.359251022338867 7.987550735473633 0.2
-3.1116695404052734 -18.11695098876953 7.93535041809082 0.2
-3.2128496170043945 -17.889949798583984 7.96495246887207 0.2
-3.2262496948242188 -17.761751174926758 8.17125129699707 0.2
-3.0973896980285645 -17.79155158996582 8.385549545288086 0.2
-3.114539623260498 -17.9814510345459 8.533349990844727 0.2
-3.227989673614502 -18.195650100708008 8.471651077270508 0.2
-3.2871298789978027 -18.394550323486328 8.331151962280273 0.2
-3.1292896270751953 -18.546751022338867 8.228349685668945 0.2
-2.8936495780944824 -18.583850860595703 8.303850173950195 0.2
-2.747879981994629 -18.548450469970703 8.500150680541992 0.2
-2.791369915008545 -18.381650924682617 8.673250198364258 0.2
-2.8924498558044434 -18.150550842285156 8.686849594116211 0.2
-2.891169548034668 -17.909250259399414 8.633249282836914 0.2
-2.684419631958008 -17.779850006103516 8.619150161743164 0.2
-2.4375696182250977 -17.81945037841797 8.63075065612793 0.2
-2.3425698280334473 -17.988651275634766 8.485151290893555 0.2
-2.4348998069763184 -18.191051483154297 8.364751815795898 0.2
-2.5338096618652344 -18.41775131225586 8.356149673461914 0.2
-2.478219985961914 -18.581451416015625 8.526651382446289 0.2
-2.2739295959472656 -18.60235023498535 8.672449111938477 0.2
-2.054539680480957 -18.494150161743164 8.695150375366211 0.2
-2.018709659576416 -18.2580509185791 8.636350631713867 0.2
-2.110689640045166 -18.022550582885742 8.622549057006836 0.2
-2.1736598014831543 -17.83715057373047 8.769449234008789 0.2
-2.064629554748535 -17.801950454711914 8.987951278686523 0.2
-1.9912495613098145 -17.936450958251953 9.17704963684082 0.2
-2.084779739379883 -18.161951065063477 9.201150894165039 0.2
-2.1881799697875977 -18.362550735473633 9.086851119995117 0.2
-2.1354498863220215 -18.548250198364258 8.938451766967773 0.2
-1.9009299278259277 -18.623451232910156 8.922750473022461 0.2
-1.686769962310791 -18.617450714111328 9.054250717163086 0.2
-1.6405997276306152 -18.507551193237305 9.26664924621582 0.2
-1.736459732055664 -18.29145050048828 9.34535026550293 0.2
-1.8077096939086914 -18.051651000976562 9.32444953918457 0.2
-1.6823396682739258 -17.85525131225586 9.255350112915039 0.2
-1.431459903717041 -17.83085060119629 9.258050918579102 0.2
-1.264479637145996 -17.95425033569336 9.13475227355957 0.2
-1.321049690246582 -18.15595054626465 8.999452590942383 0.2
-1.4339799880981445 -18.374351501464844 8.946550369262695 0.2
-1.425459861755371 -18.581850051879883 9.071451187133789 0.2
-1.2358698844909668 -18.64255142211914 9.220651626586914 0.2
-1.0001697540283203 -18.582050323486328 9.267751693725586 0.2
-0.8978798389434814 -18.370250701904297 9.203451156616211 0.2
-0.982609748840332 -18.13395118713379 9.175249099731445 0.2
-1.073819637298584 -17.92245101928711 9.265352249145508 0.2
-1.00184965133667 -17.836151123046875 9.481451034545898 0.2
-0.8557798862457275 -17.91425132751465 9.668752670288086 0.2
-0.8964998722076416 -18.133649826049805 9.763452529907227 0.2
-1.010239601135254 -18.34535026550293 9.686151504516602 0.2
-1.024789810180664 -18.543149948120117 9.539949417114258 0.2
-0.8226397037506104 -18.646650314331055 9.451452255249023 0.2
-0.5817997455596924 -18.652250289916992 9.524148941040039 0.2
-0.45880985260009766 -18.573650360107422 9.719949722290039 0.2
-0.5323798656463623 -18.375450134277344 9.846551895141602 0.2
-0.6392698287963867 -18.146751403808594 9.853849411010742 0.2
-0.5864598751068115 -17.922250747680664 9.774450302124023 0.2
-0.35319972038269043 -17.847450256347656 9.737649917602539 0.2
-0.15646982192993164 -17.932050704956055 9.622751235961914 0.2
-0.17570972442626953 -18.12955093383789 9.476449966430664 0.2
-0.2856898307800293 -18.35004997253418 9.419351577758789 0.2
-0.2968597412109375 -18.57335090637207 9.513650894165039 0.2
-0.11193966865539551 -18.657550811767578 9.655050277709961 0.2
0.13143014907836914 -18.618051528930664 9.701051712036133 0.2
0.2641301155090332 -18.429550170898438 9.624349594116211 0.2
0.18655014038085938 -18.19445037841797 9.585050582885742 0.2
0.07729029655456543 -17.978050231933594 9.645551681518555 0.2
0.11729025840759277 -17.853050231933594 9.849851608276367 0.2
0.3023803234100342 -17.881851196289062 10.017351150512695 0.2
0.3361501693725586 -18.07925033569336 10.152952194213867 0.2
0.230330228805542 -18.30415153503418 10.118650436401367 0.2
0.17118024826049805 -18.512250900268555 9.994050979614258 0.2
0.33193016052246094 -18.639249801635742 9.86305046081543 0.2
0.5823502540588379 -18.652950286865234 9.879549026489258 0.2
0.7572503089904785 -18.588850021362305 10.039251327514648 0.2
0.721710205078125 -18.405250549316406 10.196950912475586 0.2
0.6002802848815918 -18.184551239013672 10.222749710083008 0.2
0.5894601345062256 -17.95025062561035 10.151052474975586 0.2
0.796910285949707 -17.834550857543945 10.08384895324707 0.2
