25.046300888061523 -5.493251800537109 -3.6989498138427734 0.2
25.196199417114258 -5.617450714111328 -3.659648895263672 0.2
25.2362003326416 -5.775749206542969 -3.5425491333007812 0.2
25.21500015258789 -5.9454498291015625 -3.4376487731933594 0.2
25.127700805664062 -6.115852355957031 -3.3723487854003906 0.2
25.019500732421875 -6.2669525146484375 -3.4426498413085938 0.2
25.015600204467773 -6.3706512451171875 -3.6129493713378906 0.2
25.129499435424805 -6.390651702880859 -3.7719497680664062 0.2
25.28350067138672 -6.271049499511719 -3.796049118041992 0.2
25.314701080322266 -6.075752258300781 -3.7602500915527344 0.2
25.27199935913086 -5.879550933837891 -3.7591495513916016 0.2
25.184999465942383 -5.703250885009766 -3.810850143432617 0.2
25.104299545288086 -5.6031494140625 -3.9659500122070312 0.2
25.139699935913086 -5.585052490234375 -4.161949157714844 0.2
25.29949951171875 -5.641849517822266 -4.273248672485352 0.2
25.439300537109375 -5.775749206542969 -4.189548492431641 0.2
25.44610023498535 -5.938751220703125 -4.054149627685547 0.2
25.401899337768555 -6.117252349853516 -3.9490489959716797 0.2
25.32509994506836 -6.313350677490234 -3.9844493865966797 0.2
25.329099655151367 -6.427452087402344 -4.160549163818359 0.2
25.439800262451172 -6.403751373291016 -4.33544921875 0.2
25.54319953918457 -6.228050231933594 -4.394350051879883 0.2
25.537799835205078 -6.016448974609375 -4.379249572753906 0.2
25.47089958190918 -5.815250396728516 -4.378149032592773 0.2
25.33209991455078 -5.692150115966797 -4.482448577880859 0.2
25.28219985961914 -5.703052520751953 -4.68604850769043 0.2
25.366500854492188 -5.800251007080078 -4.850549697875977 0.2
25.510000228881836 -5.954151153564453 -4.831249237060547 0.2
25.549800872802734 -6.127651214599609 -4.714849472045898 0.2
25.534000396728516 -6.301250457763672 -4.593349456787109 0.2
25.42850112915039 -6.465049743652344 -4.5061492919921875 0.2
25.294700622558594 -6.600849151611328 -4.588949203491211 0.2
25.279800415039062 -6.680950164794922 -4.783649444580078 0.2
25.403200149536133 -6.655052185058594 -4.945949554443359 0.2
25.53179931640625 -6.4873504638671875 -4.970348358154297 0.2
25.546600341796875 -6.275749206542969 -4.968050003051758 0.2
25.5093994140625 -6.067050933837891 -4.980749130249023 0.2
25.386699676513672 -5.910449981689453 -5.062549591064453 0.2
25.310501098632812 -5.878452301025391 -5.254249572753906 0.2
25.369800567626953 -5.9443511962890625 -5.442249298095703 0.2
25.523000717163086 -6.088249206542969 -5.458950042724609 0.2
25.5802001953125 -6.253452301025391 -5.338850021362305 0.2
25.57349967956543 -6.4165496826171875 -5.2030487060546875 0.2
25.487600326538086 -6.602851867675781 -5.14124870300293 0.2
25.38800048828125 -6.750049591064453 -5.253149032592773 0.2
25.398399353027344 -6.793552398681641 -5.457649230957031 0.2
25.50510025024414 -6.682350158691406 -5.603748321533203 0.2
25.55270004272461 -6.476951599121094 -5.629749298095703 0.2
25.545900344848633 -6.264850616455078 -5.619049072265625 0.2
25.441699981689453 -6.078849792480469 -5.6396484375 0.2
25.288400650024414 -6.0245513916015625 -5.77134895324707 0.2
25.24410057067871 -6.097251892089844 -5.964550018310547 0.2
25.34320068359375 -6.2503509521484375 -6.06614875793457 0.2
25.43709945678711 -6.428150177001953 -5.99384880065918 0.2
25.461200714111328 -6.599849700927734 -5.869850158691406 0.2
25.428300857543945 -6.764549255371094 -5.737148284912109 0.2
25.276500701904297 -6.904048919677734 -5.687250137329102 0.2
25.158100128173828 -7.005451202392578 -5.829349517822266 0.2
25.168800354003906 -7.036750793457031 -6.03704833984375 0.2
25.300199508666992 -6.925350189208984 -6.159049987792969 0.2
25.361600875854492 -6.721649169921875 -6.183948516845703 0.2
25.365100860595703 -6.5086517333984375 -6.195549011230469 0.2
25.284500122070312 -6.310352325439453 -6.213348388671875 0.2
25.12689971923828 -6.226249694824219 -6.324850082397461 0.2
25.054399490356445 -6.272449493408203 -6.518348693847656 0.2
25.139801025390625 -6.411651611328125 -6.648248672485352 0.2
25.25279998779297 -6.585552215576172 -6.593349456787109 0.2
25.297000885009766 -6.747348785400391 -6.461750030517578 0.2
25.27910041809082 -6.919151306152344 -6.336648941040039 0.2
25.14349937438965 -7.084049224853516 -6.323249816894531 0.2
25.040300369262695 -7.177051544189453 -6.48124885559082 0.2
25.06290054321289 -7.147350311279297 -6.687549591064453 0.2
25.136699676513672 -6.973548889160156 -6.790248870849609 0.2
25.161699295043945 -6.762149810791016 -6.801149368286133 0.2
25.13409996032715 -6.5505523681640625 -6.79734992980957 0.2
24.97570037841797 -6.410549163818359 -6.826148986816406 0.2
24.823299407958984 -6.4284515380859375 -6.969348907470703 0.2
24.802600860595703 -6.5527496337890625 -7.136148452758789 0.2
24.910400390625 -6.735252380371094 -7.168649673461914 0.2
24.977500915527344 -6.912651062011719 -7.070749282836914 0.2
25.010900497436523 -7.081050872802734 -6.944549560546875 0.2
24.947599411010742 -7.228050231933594 -6.800249099731445 0.2
24.77120018005371 -7.339252471923828 -6.794048309326172 0.2
24.653100967407227 -7.40875244140625 -6.956348419189453 0.2
24.683900833129883 -7.384952545166016 -7.161548614501953 0.2
24.779699325561523 -7.220951080322266 -7.261148452758789 0.2
24.81279945373535 -7.011852264404297 -7.293449401855469 0.2
24.80459976196289 -6.797950744628906 -7.306949615478516 0.2
24.672800064086914 -6.628349304199219 -7.313449859619141 0.2
24.494300842285156 -6.6114501953125 -7.425849914550781 0.2
24.42140007019043 -6.714450836181641 -7.595249176025391 0.2
24.51219940185547 -6.895050048828125 -7.664348602294922 0.2
24.602399826049805 -7.069950103759766 -7.579349517822266 0.2
24.659099578857422 -7.234050750732422 -7.453948974609375 0.2
24.60740089416504 -7.39794921875 -7.325649261474609 0.2
24.434101104736328 -7.518451690673828 -7.331449508666992 0.2
24.305200576782227 -7.562049865722656 -7.494049072265625 0.2
24.31410026550293 -7.4714508056640625 -7.687448501586914 0.2
24.363300323486328 -7.277751922607422 -7.764749526977539 0.2
24.395999908447266 -7.067352294921875 -7.786348342895508 0.2
24.343900680541992 -6.8605499267578125 -7.768049240112305 0.2
24.15369987487793 -6.771350860595703 -7.777050018310547 0.2
23.984800338745117 -6.836750030517578 -7.888149261474609 0.2
23.967700958251953 -7.006752014160156 -8.01034927368164 0.2
24.05739974975586 -7.202548980712891 -7.995149612426758 0.2
24.128000259399414 -7.377250671386719 -7.894649505615234 0.2
24.166900634765625 -7.536949157714844 -7.75724983215332 0.2
24.06960105895996 -7.647850036621094 -7.6031494140625 0.2
23.875200271606445 -7.7243499755859375 -7.621849060058594 0.2
23.749900817871094 -7.759552001953125 -7.787248611450195 0.2
23.78619956970215 -7.680149078369141 -7.980649948120117 0.2
23.844600677490234 -7.493049621582031 -8.067649841308594 0.2
23.872800827026367 -7.2857513427734375 -8.110149383544922 0.2
23.83810043334961 -7.0729522705078125 -8.105949401855469 0.2
23.66360092163086 -6.9548492431640625 -8.102849960327148 0.2
23.481000900268555 -6.995151519775391 -8.203948974609375 0.2
23.433900833129883 -7.149452209472656 -8.338348388671875 0.2
23.524499893188477 -7.3435516357421875 -8.34684944152832 0.2
23.613500595092773 -7.512851715087891 -8.250349044799805 0.2
23.662500381469727 -7.6759490966796875 -8.120048522949219 0.2
23.5625 -7.810550689697266 -7.986448287963867 0.2
23.367900848388672 -7.8876495361328125 -8.017950057983398 0.2
23.244300842285156 -7.881252288818359 -8.189149856567383 0.2
23.256500244140625 -7.7420501708984375 -8.35274887084961 0.2
23.30340003967285 -7.542850494384766 -8.416648864746094 0.2
23.326900482177734 -7.33074951171875 -8.438348770141602 0.2
23.225500106811523 -7.147850036621094 -8.392549514770508 0.2
23.01620101928711 -7.129951477050781 -8.408649444580078 0.2
22.87030029296875 -7.249549865722656 -8.505350112915039 0.2
22.89699935913086 -7.452152252197266 -8.57094955444336 0.2
22.980899810791016 -7.640048980712891 -8.509748458862305 0.2
23.057701110839844 -7.809452056884766 -8.403749465942383 0.2
23.079099655151367 -7.93804931640625 -8.233348846435547 0.2
22.93120002746582 -8.011051177978516 -8.105148315429688 0.2
22.730501174926758 -8.060150146484375 -8.154048919677734 0.2
22.63360023498535 -8.052749633789062 -8.338348388671875 0.2
22.673500061035156 -7.921150207519531 -8.504449844360352 0.2
22.71269989013672 -7.7272491455078125 -8.584049224853516 0.2
22.733600616455078 -7.519451141357422 -8.628049850463867 0.2
22.657699584960938 -7.3229522705078125 -8.586149215698242 0.2
22.456100463867188 -7.270149230957031 -8.572248458862305 0.2
22.282800674438477 -7.362152099609375 -8.647850036621094 0.2
22.27589988708496 -7.557750701904297 -8.732248306274414 0.2
22.368499755859375 -7.746452331542969 -8.694149017333984 0.2
22.463300704956055 -7.913848876953125 -8.602249145507812 0.2
22.479000091552734 -8.060951232910156 -8.44635009765625 0.2
22.326601028442383 -8.146652221679688 -8.329750061035156 0.2
22.12380027770996 -8.171051025390625 -8.381248474121094 0.2
22.02440071105957 -8.095649719238281 -8.554849624633789 0.2
22.045101165771484 -7.921550750732422 -8.676849365234375 0.2
22.091800689697266 -7.724449157714844 -8.743448257446289 0.2
22.090600967407227 -7.510349273681641 -8.729949951171875 0.2
21.944799423217773 -7.385951995849609 -8.645750045776367 0.2
21.73740005493164 -7.428951263427734 -8.637350082397461 0.2
21.630701065063477 -7.597751617431641 -8.703048706054688 0.2
21.68320083618164 -7.805950164794922 -8.713949203491211 0.2
21.772199630737305 -7.987850189208984 -8.646049499511719 0.2
21.86090087890625 -8.145950317382812 -8.532049179077148 0.2
21.858400344848633 -8.229251861572266 -8.336849212646484 0.2
21.677200317382812 -8.266849517822266 -8.238248825073242 0.2
21.475799560546875 -8.281349182128906 -8.301448822021484 0.2
21.403200149536133 -8.221649169921875 -8.491048812866211 0.2
21.42889976501465 -8.057750701904297 -8.627248764038086 0.2
21.458999633789062 -7.862850189208984 -8.708250045776367 0.2
21.466100692749023 -7.649250030517578 -8.717548370361328 0.2
21.347299575805664 -7.497852325439453 -8.63344955444336 0.2
21.138200759887695 -7.503650665283203 -8.604549407958984 0.2
20.998899459838867 -7.647151947021484 -8.664949417114258 0.2
21.031999588012695 -7.855548858642578 -8.704349517822266 0.2
21.13640022277832 -8.035652160644531 -8.66054916381836 0.2
21.227399826049805 -8.201549530029297 -8.56344985961914 0.2
21.200599670410156 -8.308650970458984 -8.380849838256836 0.2
21.017900466918945 -8.341850280761719 -8.284948348999023 0.2
20.82200050354004 -8.307048797607422 -8.351348876953125 0.2
20.750999450683594 -8.173648834228516 -8.504049301147461 0.2
20.783199310302734 -7.993350982666016 -8.611648559570312 0.2
20.822799682617188 -7.792652130126953 -8.669048309326172 0.2
20.79520034790039 -7.598850250244141 -8.586248397827148 0.2
20.627700805664062 -7.553050994873047 -8.472349166870117 0.2
20.4468994140625 -7.653949737548828 -8.442150115966797 0.2
20.398099899291992 -7.859550476074219 -8.475948333740234 0.2
20.469499588012695 -8.058650970458984 -8.451549530029297 0.2
20.568500518798828 -8.236351013183594 -8.390548706054688 0.2
20.677900314331055 -8.352851867675781 -8.248449325561523 0.2
20.63680076599121 -8.378551483154297 -8.047948837280273 0.2
20.443700790405273 -8.376152038574219 -7.962348937988281 0.2
20.251100540161133 -8.35165023803711 -8.038949966430664 0.2
20.19110107421875 -8.248050689697266 -8.216348648071289 0.2
20.202499389648438 -8.075149536132812 -8.340349197387695 0.2
20.226699829101562 -7.878452301025391 -8.41884994506836 0.2
20.219499588012695 -7.671649932861328 -8.368749618530273 0.2
20.070199966430664 -7.5843505859375 -8.251649856567383 0.2
19.876100540161133 -7.645050048828125 -8.19744873046875 0.2
19.79290008544922 -7.837852478027344 -8.229549407958984 0.2
19.862600326538086 -8.038650512695312 -8.230548858642578 0.2
19.973899841308594 -8.214950561523438 -8.188348770141602 0.2
20.05500030517578 -8.34415054321289 -8.040948867797852 0.2
19.980100631713867 -8.377750396728516 -7.8493499755859375 0.2
19.786699295043945 -8.347148895263672 -7.772348403930664 0.2
19.620901107788086 -8.24734878540039 -7.862548828125 0.2
19.591699600219727 -8.090751647949219 -8.002449035644531 0.2
19.62030029296875 -7.915248870849609 -8.11884880065918 0.2
19.663299560546875 -7.708148956298828 -8.117549896240234 0.2
19.602800369262695 -7.585052490234375 -7.964349746704102 0.2
19.44580078125 -7.623149871826172 -7.829349517822266 0.2
19.326499938964844 -7.791751861572266 -7.789848327636719 0.2
19.345699310302734 -8.004951477050781 -7.784049987792969 0.2
19.437000274658203 -8.193550109863281 -7.7532501220703125 0.2
19.575300216674805 -8.334548950195312 -7.67664909362793 0.2
19.65410041809082 -8.365249633789062 -7.488248825073242 0.2
19.53380012512207 -8.343151092529297 -7.320049285888672 0.2
19.330900192260742 -8.31344985961914 -7.281749725341797 0.2
19.179901123046875 -8.251651763916016 -7.415248870849609 0.2
19.142099380493164 -8.109649658203125 -7.568149566650391 0.2
19.14389991760254 -7.934349060058594 -7.686149597167969 0.2
19.17770004272461 -7.726551055908203 -7.715448379516602 0.2
19.133399963378906 -7.567150115966797 -7.592449188232422 0.2
18.975601196289062 -7.553550720214844 -7.4548492431640625 0.2
18.823299407958984 -7.686149597167969 -7.401548385620117 0.2
18.81439971923828 -7.896751403808594 -7.410549163818359 0.2
18.911300659179688 -8.084850311279297 -7.410749435424805 0.2
19.031299591064453 -8.239551544189453 -7.332649230957031 0.2
19.07990074157715 -8.290050506591797 -7.134748458862305 0.2
18.96419906616211 -8.250251770019531 -6.965648651123047 0.2
18.779399871826172 -8.152050018310547 -6.938650131225586 0.2
18.675899505615234 -8.008350372314453 -7.052249908447266 0.2
18.662799835205078 -7.856349945068359 -7.198549270629883 0.2
18.71179962158203 -7.6665496826171875 -7.276248931884766 0.2
18.772600173950195 -7.502052307128906 -7.167449951171875 0.2
18.71619987487793 -7.485851287841797 -6.967748641967773 0.2
18.610599517822266 -7.601451873779297 -6.828649520874023 0.2
18.57270050048828 -7.808750152587891 -6.791448593139648 0.2
18.63360023498535 -8.010650634765625 -6.784948348999023 0.2
18.76889991760254 -8.172550201416016 -6.766748428344727 0.2
18.92329978942871 -8.221351623535156 -6.639049530029297 0.2
18.890701293945312 -8.186649322509766 -6.439249038696289 0.2
18.72480010986328 -8.134952545166016 -6.321849822998047 0.2
18.53179931640625 -8.074352264404297 -6.371049880981445 0.2
18.435298919677734 -7.954151153564453 -6.516849517822266 0.2
18.404300689697266 -7.79425048828125 -6.650449752807617 0.2
18.43130111694336 -7.60784912109375 -6.743249893188477 0.2
18.482200622558594 -7.42034912109375 -6.673648834228516 0.2
18.420400619506836 -7.346050262451172 -6.490848541259766 0.2
18.291099548339844 -7.4071502685546875 -6.340749740600586 0.2
18.204700469970703 -7.595249176025391 -6.295749664306641 0.2
18.24880027770996 -7.799449920654297 -6.317850112915039 0.2
18.35770034790039 -7.977451324462891 -6.302249908447266 0.2
18.48150062561035 -8.059349060058594 -6.15264892578125 0.2
18.474899291992188 -8.024951934814453 -5.94904899597168 0.2
18.343299865722656 -7.9201507568359375 -5.826848983764648 0.2
18.201200485229492 -7.771350860595703 -5.8717498779296875 0.2
18.14080047607422 -7.628349304199219 -6.013349533081055 0.2
18.14820098876953 -7.4656524658203125 -6.144449234008789 0.2
18.26599884033203 -7.294651031494141 -6.1452484130859375 0.2
18.340499877929688 -7.224552154541016 -5.96824836730957 0.2
18.317699432373047 -7.275550842285156 -5.767950057983398 0.2
18.251399993896484 -7.443550109863281 -5.658748626708984 0.2
18.257699966430664 -7.653949737548828 -5.646749496459961 0.2
18.35099983215332 -7.841350555419922 -5.666448593139648 0.2
18.530000686645508 -7.937049865722656 -5.621250152587891 0.2
18.600200653076172 -7.920551300048828 -5.431949615478516 0.2
18.502201080322266 -7.859649658203125 -5.258049011230469 0.2
18.314599990844727 -7.792049407958984 -5.20574951171875 0.2
18.16590118408203 -7.688652038574219 -5.313449859619141 0.2
18.109100341796875 -7.537952423095703 -5.448549270629883 0.2
18.112600326538086 -7.36505126953125 -5.5677490234375 0.2
18.192001342773438 -7.174152374267578 -5.56464958190918 0.2
18.20199966430664 -7.063350677490234 -5.392549514770508 0.2
18.122400283813477 -7.079051971435547 -5.200550079345703 0.2
18.017499923706055 -7.2315521240234375 -5.10004997253418 0.2
18.011699676513672 -7.439350128173828 -5.112749099731445 0.2
18.097599029541016 -7.628749847412109 -5.131448745727539 0.2
18.245399475097656 -7.7380523681640625 -5.029850006103516 0.2
18.309200286865234 -7.72344970703125 -4.833148956298828 0.2
18.241901397705078 -7.62554931640625 -4.663749694824219 0.2
18.100000381469727 -7.474151611328125 -4.648149490356445 0.2
18.005699157714844 -7.3298492431640625 -4.767448425292969 0.2
17.96660041809082 -7.182048797607422 -4.910848617553711 0.2
18.059101104736328 -7.016651153564453 -4.99384880065918 0.2
18.208200454711914 -6.913951873779297 -4.899250030517578 0.2
18.286800384521484 -6.909549713134766 -4.706048965454102 0.2
18.26219940185547 -7.024650573730469 -4.537448883056641 0.2
18.223499298095703 -7.228252410888672 -4.491449356079102 0.2
18.262800216674805 -7.4313507080078125 -4.520750045776367 0.2
18.410499572753906 -7.578849792480469 -4.551549911499023 0.2
18.563899993896484 -7.602649688720703 -4.423849105834961 0.2
18.54909896850586 -7.540851593017578 -4.227849960327148 0.2
18.40999984741211 -7.4602508544921875 -4.098548889160156 0.2
18.226299285888672 -7.363349914550781 -4.125848770141602 0.2
18.130300521850586 -7.221050262451172 -4.245149612426758 0.2
18.109399795532227 -7.05615234375 -4.3717498779296875 0.2
18.1864013671875 -6.867450714111328 -4.411949157714844 0.2
18.241300582885742 -6.7355499267578125 -4.268848419189453 0.2
18.196300506591797 -6.730350494384766 -4.066549301147461 0.2
18.09749984741211 -6.847450256347656 -3.9248485565185547 0.2
18.05389976501465 -7.049251556396484 -3.9119491577148438 0.2
18.101200103759766 -7.246849060058594 -3.9613494873046875 0.2
18.251399993896484 -7.387550354003906 -3.9282493591308594 0.2
18.393699645996094 -7.401451110839844 -3.7792491912841797 0.2
18.425498962402344 -7.321449279785156 -3.5916500091552734 0.2
18.32400131225586 -7.1730499267578125 -3.489349365234375 0.2
18.1968994140625 -7.023151397705078 -3.5549488067626953 0.2
18.116500854492188 -6.882152557373047 -3.6859493255615234 0.2
18.174699783325195 -6.720649719238281 -3.802448272705078 0.2
18.345001220703125 -6.6029510498046875 -3.8099498748779297 0.2
18.509700775146484 -6.552051544189453 -3.6960487365722656 0.2
18.551898956298828 -6.6206512451171875 -3.511049270629883 0.2
18.48859977722168 -6.804450988769531 -3.42864990234375 0.2
18.473100662231445 -7.012149810791016 -3.4411487579345703 0.2
18.561500549316406 -7.193950653076172 -3.504148483276367 0.2
18.744300842285156 -7.271949768066406 -3.4718494415283203 0.2
18.82550048828125 -7.231651306152344 -3.2903499603271484 0.2
18.760398864746094 -7.144649505615234 -3.113248825073242 0.2
18.590801239013672 -7.047451019287109 -3.0469493865966797 0.2
18.447101593017578 -6.9154510498046875 -3.124248504638672 0.2
18.39229965209961 -6.75775146484375 -3.2497501373291016 0.2
18.43790054321289 -6.578052520751953 -3.3415489196777344 0.2
18.539100646972656 -6.420848846435547 -3.264249801635742 0.2
18.549999237060547 -6.375049591064453 -3.063749313354492 0.2
18.48200035095215 -6.443050384521484 -2.8799495697021484 0.2
18.40760040283203 -6.622749328613281 -2.8079490661621094 0.2
18.402801513671875 -6.825550079345703 -2.857149124145508 0.2
18.50279998779297 -7.002750396728516 -2.8883495330810547 0.2
18.685199737548828 -7.067050933837891 -2.814149856567383 0.2
18.806800842285156 -7.016151428222656 -2.6546497344970703 0.2
18.795400619506836 -6.882850646972656 -2.498149871826172 0.2
18.675201416015625 -6.716548919677734 -2.480548858642578 0.2
18.55889892578125 -6.575050354003906 -2.5805492401123047 0.2
18.556699752807617 -6.41925048828125 -2.7148494720458984 0.2
18.701000213623047 -6.29534912109375 -2.7997493743896484 0.2
18.893600463867188 -6.2259521484375 -2.7738494873046875 0.2
19.0137996673584 -6.252349853515625 -2.6145496368408203 0.2
18.97410011291504 -6.403251647949219 -2.478649139404297 0.2
18.924999237060547 -6.605949401855469 -2.458148956298828 0.2
18.949501037597656 -6.804851531982422 -2.5162487030029297 0.2
19.101299285888672 -6.931949615478516 -2.5696487426757812 0.2
19.26460075378418 -6.9324493408203125 -2.4520492553710938 0.2
19.28420066833496 -6.855949401855469 -2.2609500885009766 0.2
19.174699783325195 -6.761749267578125 -2.114349365234375 0.2
19.003299713134766 -6.641448974609375 -2.1162490844726562 0.2
18.90380096435547 -6.490650177001953 -2.219249725341797 0.2
18.890499114990234 -6.320751190185547 -2.337949752807617 0.2
18.999900817871094 -6.149051666259766 -2.356548309326172 0.2
19.088899612426758 -6.059051513671875 -2.196949005126953 0.2
19.093000411987305 -6.076751708984375 -1.9901485443115234 0.2
19.03619956970215 -6.215950012207031 -1.8475494384765625 0.2
18.991500854492188 -6.417549133300781 -1.8528499603271484 0.2
19.024900436401367 -6.612449645996094 -1.912649154663086 0.2
19.194799423217773 -6.730751037597656 -1.9213485717773438 0.2
19.381000518798828 -6.7176513671875 -1.8320484161376953 0.2
19.476699829101562 -6.608451843261719 -1.6864490509033203 0.2
19.41510009765625 -6.432750701904297 -1.6003494262695312 0.2
19.278600692749023 -6.281749725341797 -1.6421489715576172 0.2
19.20400047302246 -6.133449554443359 -1.763448715209961 0.2
19.28499984741211 -6.010749816894531 -1.91094970703125 0.2
19.466100692749023 -5.942951202392578 -1.9852485656738281 0.2
19.65679931640625 -5.9432525634765625 -1.9177494049072266 0.2
19.699199676513672 -6.055049896240234 -1.7537498474121094 0.2
19.64349937438965 -6.2420501708984375 -1.6735496520996094 0.2
19.614200592041016 -6.446552276611328 -1.6950492858886719 0.2
19.691299438476562 -6.612850189208984 -1.7944488525390625 0.2
19.8877010345459 -6.651248931884766 -1.780649185180664 0.2
20.00860023498535 -6.58074951171875 -1.6302490234375 0.2
20.000699996948242 -6.474250793457031 -1.4546489715576172 0.2
19.859800338745117 -6.345649719238281 -1.3709487915039062 0.2
19.729999542236328 -6.1932525634765625 -1.4260482788085938 0.2
19.665800094604492 -6.032951354980469 -1.5416488647460938 0.2
19.7460994720459 -5.870250701904297 -1.6387500762939453 0.2
19.901199340820312 -5.761051177978516 -1.5682487487792969 0.2
19.995901107788086 -5.742649078369141 -1.3852500915527344 0.2
19.998701095581055 -5.834850311279297 -1.1996498107910156 0.2
19.936201095581055 -6.021350860595703 -1.1409492492675781 0.2
19.90250015258789 -6.221950531005859 -1.1831493377685547 0.2
20.021699905395508 -6.381450653076172 -1.239248275756836 0.2
20.225900650024414 -6.409149169921875 -1.2303485870361328 0.2
20.39229965209961 -6.325252532958984 -1.143148422241211 0.2
20.413299560546875 -6.1459503173828125 -1.0448493957519531 0.2
20.296600341796875 -5.975151062011719 -1.0437488555908203 0.2
20.18670082092285 -5.826652526855469 -1.1359500885009766 0.2
20.207500457763672 -5.714851379394531 -1.3102493286132812 0.2
20.34630012512207 -5.661048889160156 -1.4543495178222656 0.2
20.548999786376953 -5.660350799560547 -1.4715499877929688 0.2
20.658700942993164 -5.746250152587891 -1.3265495300292969 0.2
20.618200302124023 -5.911350250244141 -1.2019500732421875 0.2
20.561599731445312 -6.109352111816406 -1.1744499206542969 0.2
20.570100784301758 -6.300251007080078 -1.2624492645263672 0.2
20.73859977722168 -6.387950897216797 -1.3229484558105469 0.2
20.9158992767334 -6.33905029296875 -1.2341499328613281 0.2
20.991600036621094 -6.227748870849609 -1.0765495300292969 0.2
20.908199310302734 -6.087852478027344 -0.9488487243652344 0.2
20.773799896240234 -5.92864990234375 -0.9596500396728516 0.2
20.684499740600586 -5.769752502441406 -1.0603485107421875 0.2
20.71820068359375 -5.614952087402344 -1.1920490264892578 0.2
20.88170051574707 -5.497348785400391 -1.1883487701416016 0.2
21.012800216674805 -5.461551666259766 -1.0327491760253906 0.2
21.054201126098633 -5.5209503173828125 -0.8384494781494141 0.2
21.00790023803711 -5.689350128173828 -0.7293491363525391 0.2
20.94580078125 -5.887752532958984 -0.7427482604980469 0.2
21.00349998474121 -6.073551177978516 -0.8082485198974609 0.2
21.192800521850586 -6.143352508544922 -0.8509483337402344 0.2
21.38920021057129 -6.091152191162109 -0.8114490509033203 0.2
21.475099563598633 -5.931949615478516 -0.7127494812011719 0.2
21.3927001953125 -5.748748779296875 -0.6681499481201172 0.2
21.2627010345459 -5.594150543212891 -0.7144489288330078 0.2
21.233699798583984 -5.461551666259766 -0.8705501556396484 0.2
21.338300704956055 -5.394550323486328 -1.0372486114501953 0.2
21.527999877929688 -5.3876495361328125 -1.1133499145507812 0.2
21.680500030517578 -5.471950531005859 -1.0148487091064453 0.2
21.67609977722168 -5.6347503662109375 -0.8802490234375 0.2
21.613800048828125 -5.828151702880859 -0.8367500305175781 0.2
21.5718994140625 -6.019050598144531 -0.9131488800048828 0.2
21.691499710083008 -6.129249572753906 -1.0308494567871094 0.2
21.89349937438965 -6.1069488525390625 -1.0131492614746094 0.2
22.02910041809082 -6.011951446533203 -0.8889484405517578 0.2
22.016300201416016 -5.87554931640625 -0.7349491119384766 0.2
21.90559959411621 -5.705150604248047 -0.6910495758056641 0.2
21.799699783325195 -5.534149169921875 -0.7453498840332031 0.2
21.785200119018555 -5.37445068359375 -0.8761501312255859 0.2
21.93429946899414 -5.263149261474609 -0.9571495056152344 0.2
22.127901077270508 -5.224151611328125 -0.8958492279052734 0.2
22.26020050048828 -5.279651641845703 -0.7469501495361328 0.2
22.255399703979492 -5.440052032470703 -0.6199493408203125 0.2
22.168800354003906 -5.626651763916016 -0.5856494903564453 0.2
22.15760040283203 -5.822349548339844 -0.6478500366210938 0.2
22.285200119018555 -5.9324493408203125 -0.7695484161376953 0.2
22.478700637817383 -5.915752410888672 -0.8406486511230469 0.2
22.627201080322266 -5.7738494873046875 -0.8248500823974609 0.2
22.61050033569336 -5.575752258300781 -0.7713489532470703 0.2
22.50040054321289 -5.399650573730469 -0.7544498443603516 0.2
22.39550018310547 -5.264350891113281 -0.8714485168457031 0.2
22.36829948425293 -5.217052459716797 -1.0726490020751953 0.2
22.45949935913086 -5.238151550292969 -1.255350112915039 0.2
22.636600494384766 -5.331451416015625 -1.2720489501953125 0.2
22.710500717163086 -5.474250793457031 -1.1351490020751953 0.2
22.683000564575195 -5.649452209472656 -1.0252494812011719 0.2
22.596799850463867 -5.842449188232422 -1.0222492218017578 0.2
22.601900100708008 -5.9920501708984375 -1.157449722290039 0.2
22.77440071105957 -6.0135498046875 -1.2635498046875 0.2
22.96630096435547 -5.933551788330078 -1.2613487243652344 0.2
23.057899475097656 -5.781848907470703 -1.1558494567871094 0.2
23.006099700927734 -5.591949462890625 -1.0821495056152344 0.2
22.903200149536133 -5.410549163818359 -1.0957489013671875 0.2
22.817501068115234 -5.259349822998047 -1.2089500427246094 0.2
22.887001037597656 -5.169952392578125 -1.3774490356445312 0.2
23.085399627685547 -5.145450592041016 -1.4295482635498047 0.2
23.274600982666016 -5.187351226806641 -1.3563499450683594 0.2
23.3439998626709 -5.321750640869141 -1.2144489288330078 0.2
23.28380012512207 -5.495849609375 -1.1156482696533203 0.2
23.227100372314453 -5.694751739501953 -1.1130485534667969 0.2
23.26650047302246 -5.853851318359375 -1.2429485321044922 0.2
23.406999588012695 -5.900550842285156 -1.3878498077392578 0.2
23.576099395751953 -5.804351806640625 -1.452749252319336 0.2
23.621200561523438 -5.604351043701172 -1.4241485595703125 0.2
23.540300369262695 -5.414852142333984 -1.3869495391845703 0.2
23.416500091552734 -5.260551452636719 -1.4491500854492188 0.2
23.32740020751953 -5.1961517333984375 -1.6280498504638672 0.2
23.34910011291504 -5.206150054931641 -1.8335494995117188 0.2
23.506900787353516 -5.2886505126953125 -1.9273490905761719 0.2
23.629100799560547 -5.415248870849609 -1.815948486328125 0.2
23.633800506591797 -5.578651428222656 -1.6826496124267578 0.2
23.570301055908203 -5.771049499511719 -1.6259498596191406 0.2
23.531700134277344 -5.955852508544922 -1.7100486755371094 0.2
23.653900146484375 -6.049549102783203 -1.8467483520507812 0.2
23.850500106811523 -6.043552398681641 -1.9132499694824219 0.2
24.001399993896484 -5.9284515380859375 -1.8387489318847656 0.2
23.985700607299805 -5.740550994873047 -1.7502498626708984 0.2
23.897899627685547 -5.550048828125 -1.7399482727050781 0.2
23.8031005859375 -5.372051239013672 -1.7962493896484375 0.2
23.775100708007812 -5.256252288818359 -1.966848373413086 0.2
23.896499633789062 -5.214450836181641 -2.1306495666503906 0.2
24.09429931640625 -5.239650726318359 -2.1805496215820312 0.2
24.226499557495117 -5.355949401855469 -2.0698490142822266 0.2
24.206899642944336 -5.522350311279297 -1.9449501037597656 0.2
24.144100189208984 -5.712551116943359 -1.8875484466552734 0.2
24.133501052856445 -5.9024505615234375 -1.9796485900878906 0.2
24.225900650024414 -5.992950439453125 -2.143148422241211 0.2
24.38640022277832 -5.943950653076172 -2.261049270629883 0.2
24.474599838256836 -5.756351470947266 -2.260448455810547 0.2
24.420000076293945 -5.556652069091797 -2.225849151611328 0.2
24.304201126098633 -5.383449554443359 -2.244150161743164 0.2
24.18160057067871 -5.288951873779297 -2.3875484466552734 0.2
24.165199279785156 -5.2803497314453125 -2.5958499908447266 0.2
24.28890037536621 -5.335052490234375 -2.7485485076904297 0.2
24.453100204467773 -5.440952301025391 -2.6894493103027344 0.2
24.492401123046875 -5.592750549316406 -2.545848846435547 0.2
24.457700729370117 -5.7792510986328125 -2.455148696899414 0.2
24.378700256347656 -5.976348876953125 -2.471048355102539 0.2
24.405399322509766 -6.126251220703125 -2.611448287963867 0.2
24.548500061035156 -6.194252014160156 -2.7472496032714844 0.2
24.741600036621094 -6.134349822998047 -2.7550487518310547 0.2
24.800100326538086 -5.955852508544922 -2.6641483306884766 0.2
24.73979949951172 -5.755851745605469 -2.6446495056152344 0.2
24.656999588012695 -5.567050933837891 -2.6846485137939453 0.2
24.593400955200195 -5.427650451660156 -2.8317489624023438 0.2
24.644100189208984 -5.359748840332031 -3.021848678588867 0.2
24.821399688720703 -5.359748840332031 -3.129049301147461 0.2
24.989200592041016 -5.467552185058594 -3.0392494201660156 0.2
24.989200592041016 -5.641750335693359 -2.903148651123047 0.2
24.92970085144043 -5.833751678466797 -2.808948516845703 0.2
24.887100219726562 -6.0440521240234375 -2.8722496032714844 0.2
24.94849967956543 -6.150951385498047 -3.0534496307373047 0.2
25.1023006439209 -6.09735107421875 -3.196849822998047 0.2
25.192100524902344 -5.895252227783203 -3.216949462890625 0.2
25.14699935913086 -5.679149627685547 -3.1883487701416016 0.2
25.036699295043945 -5.4891510009765625 -3.217649459838867 0.2
24.921899795532227 -5.406650543212891 -3.3877487182617188 0.2
24.947500228881836 -5.4324493408203125 -3.605348587036133 0.2
