24.881200790405273 -14.055850982666016 -0.03624916076660156 0.2
24.720699310302734 -14.189149856567383 -0.1510486602783203 0.2
24.585899353027344 -14.345251083374023 -0.030048370361328125 0.2
24.57859992980957 -14.476251602172852 0.17895126342773438 0.2
24.673500061035156 -14.665750503540039 0.2863502502441406 0.2
24.783100128173828 -14.838150024414062 0.1578502655029297 0.2
24.81879997253418 -14.918149948120117 -0.07124900817871094 0.2
24.75640106201172 -14.840749740600586 -0.2874488830566406 0.2
24.679000854492188 -14.617450714111328 -0.3430500030517578 0.2
24.688499450683594 -14.373550415039062 -0.33264923095703125 0.2
24.86880111694336 -14.226551055908203 -0.38105010986328125 0.2
25.072200775146484 -14.28125 -0.5061492919921875 0.2
25.248199462890625 -14.435951232910156 -0.4725494384765625 0.2
25.25589942932129 -14.579750061035156 -0.2790489196777344 0.2
25.14750099182129 -14.715250015258789 -0.1051483154296875 0.2
25.022899627685547 -14.915349960327148 -0.11915016174316406 0.2
25.006999969482422 -15.063150405883789 -0.31304931640625 0.2
25.086000442504883 -15.108051300048828 -0.5392494201660156 0.2
25.231000900268555 -14.972249984741211 -0.668548583984375 0.2
25.306699752807617 -14.738151550292969 -0.6582489013671875 0.2
25.25819969177246 -14.504251480102539 -0.6842498779296875 0.2
25.098400115966797 -14.422151565551758 -0.8410491943359375 0.2
24.922700881958008 -14.508350372314453 -0.9862499237060547 0.2
24.75 -14.647150039672852 -0.9021492004394531 0.2
24.731399536132812 -14.777450561523438 -0.6949501037597656 0.2
24.80299949645996 -14.951250076293945 -0.5429496765136719 0.2
24.891599655151367 -15.159650802612305 -0.6160488128662109 0.2
24.899700164794922 -15.279050827026367 -0.8304500579833984 0.2
24.824501037597656 -15.26515007019043 -1.0592498779296875 0.2
24.73579978942871 -15.063850402832031 -1.1530494689941406 0.2
24.729700088500977 -14.817251205444336 -1.1427497863769531 0.2
24.871200561523438 -14.631050109863281 -1.1926498413085938 0.2
25.05190086364746 -14.644250869750977 -1.3503494262695312 0.2
25.217899322509766 -14.798749923706055 -1.426849365234375 0.2
25.308500289916992 -14.962751388549805 -1.278848648071289 0.2
25.255001068115234 -15.078250885009766 -1.0672492980957031 0.2
25.119800567626953 -15.247251510620117 -0.9677486419677734 0.2
25.021499633789062 -15.421550750732422 -1.1029491424560547 0.2
25.017000198364258 -15.514650344848633 -1.3302497863769531 0.2
25.121000289916992 -15.455249786376953 -1.5354499816894531 0.2
25.2367000579834 -15.247051239013672 -1.5855484008789062 0.2
25.260099411010742 -15.004051208496094 -1.5898494720458984 0.2
25.109500885009766 -14.840450286865234 -1.6741485595703125 0.2
24.90999984741211 -14.871950149536133 -1.8134498596191406 0.2
24.707901000976562 -14.986351013183594 -1.768148422241211 0.2
24.672700881958008 -15.115650177001953 -1.5662498474121094 0.2
24.745800018310547 -15.265050888061523 -1.3853492736816406 0.2
24.82550048828125 -15.487951278686523 -1.3936500549316406 0.2
24.8085994720459 -15.645050048828125 -1.5803489685058594 0.2
24.708099365234375 -15.68494987487793 -1.7986488342285156 0.2
24.58880043029785 -15.526750564575195 -1.9293498992919922 0.2
24.57509994506836 -15.280750274658203 -1.9313488006591797 0.2
24.674301147460938 -15.064550399780273 -1.9714488983154297 0.2
24.835899353027344 -15.026651382446289 -2.141550064086914 0.2
24.951499938964844 -15.163850784301758 -2.3081493377685547 0.2
25.08810043334961 -15.349851608276367 -2.2539501190185547 0.2
25.110200881958008 -15.474651336669922 -2.0443496704101562 0.2
25.025699615478516 -15.608951568603516 -1.8609485626220703 0.2
24.868000030517578 -15.78445053100586 -1.8870487213134766 0.2
24.77050018310547 -15.902050018310547 -2.079648971557617 0.2
24.776500701904297 -15.912250518798828 -2.3203487396240234 0.2
24.894899368286133 -15.752151489257812 -2.4536495208740234 0.2
24.986400604248047 -15.524150848388672 -2.4750499725341797 0.2
24.905799865722656 -15.301151275634766 -2.502948760986328 0.2
24.686500549316406 -15.24744987487793 -2.587648391723633 0.2
24.46030044555664 -15.318851470947266 -2.561248779296875 0.2
24.392900466918945 -15.43855094909668 -2.364948272705078 0.2
24.48040008544922 -15.579351425170898 -2.1814498901367188 0.2
24.561901092529297 -15.796951293945312 -2.129650115966797 0.2
24.5127010345459 -15.987550735473633 -2.270549774169922 0.2
24.370800018310547 -16.062150955200195 -2.456449508666992 0.2
24.210399627685547 -15.951650619506836 -2.5928497314453125 0.2
24.184999465942383 -15.710750579833984 -2.6162490844726562 0.2
24.26609992980957 -15.48175048828125 -2.6463489532470703 0.2
24.404699325561523 -15.39175033569336 -2.8173484802246094 0.2
24.453899383544922 -15.498250961303711 -3.032848358154297 0.2
24.558799743652344 -15.701850891113281 -3.0940494537353516 0.2
24.6466007232666 -15.857250213623047 -2.9311485290527344 0.2
24.643199920654297 -15.969350814819336 -2.7123489379882812 0.2
24.491100311279297 -16.12255096435547 -2.615549087524414 0.2
24.313800811767578 -16.247251510620117 -2.7290496826171875 0.2
24.20949935913086 -16.297651290893555 -2.943349838256836 0.2
24.264999389648438 -16.19805145263672 -3.1512489318847656 0.2
24.38920021057129 -15.998550415039062 -3.2255496978759766 0.2
24.40760040283203 -15.759450912475586 -3.246349334716797 0.2
24.217300415039062 -15.616849899291992 -3.263448715209961 0.2
23.974899291992188 -15.634550094604492 -3.239948272705078 0.2
23.87339973449707 -15.72395133972168 -3.044649124145508 0.2
23.961400985717773 -15.864151000976562 -2.8628482818603516 0.2
24.060400009155273 -16.066051483154297 -2.77294921875 0.2
24.010099411010742 -16.285350799560547 -2.8523483276367188 0.2
23.834400177001953 -16.38425064086914 -2.992748260498047 0.2
23.63159942626953 -16.324750900268555 -3.1088485717773438 0.2
23.57159996032715 -16.096250534057617 -3.1482486724853516 0.2
23.64750099182129 -15.862350463867188 -3.1736488342285156 0.2
23.7632999420166 -15.724550247192383 -3.331449508666992 0.2
23.774600982666016 -15.781450271606445 -3.564350128173828 0.2
23.78529930114746 -15.97504997253418 -3.7055492401123047 0.2
23.89430046081543 -16.176050186157227 -3.6353492736816406 0.2
23.967700958251953 -16.294450759887695 -3.4314498901367188 0.2
23.897199630737305 -16.421451568603516 -3.2419490814208984 0.2
23.685800552368164 -16.53925132751465 -3.2384490966796875 0.2
23.491701126098633 -16.60125160217285 -3.3758487701416016 0.2
23.431800842285156 -16.553951263427734 -3.6003494262695312 0.2
23.537700653076172 -16.39204978942871 -3.748849868774414 0.2
23.63140106201172 -16.17475128173828 -3.8099498748779297 0.2
23.53619956970215 -15.958150863647461 -3.786348342895508 0.2
23.30389976501465 -15.902050018310547 -3.7300491333007812 0.2
23.1742000579834 -15.946149826049805 -3.536548614501953 0.2
23.25160026550293 -16.08315086364746 -3.352048873901367 0.2
23.374300003051758 -16.272951126098633 -3.254650115966797 0.2
23.343900680541992 -16.50765037536621 -3.274749755859375 0.2
23.145401000976562 -16.62645149230957 -3.3540496826171875 0.2
22.910900115966797 -16.60085105895996 -3.416149139404297 0.2
22.798601150512695 -16.394149780273438 -3.4478492736816406 0.2
22.87380027770996 -16.161951065063477 -3.4837493896484375 0.2
22.977800369262695 -15.989049911499023 -3.6169490814208984 0.2
22.967100143432617 -15.98845100402832 -3.8540496826171875 0.2
22.864200592041016 -16.137250900268555 -4.019748687744141 0.2
22.915599822998047 -16.367549896240234 -4.048349380493164 0.2
23.036800384521484 -16.524250030517578 -3.903848648071289 0.2
23.07740020751953 -16.645950317382812 -3.69744873046875 0.2
22.909299850463867 -16.746950149536133 -3.562448501586914 0.2
22.669300079345703 -16.795150756835938 -3.587949752807617 0.2
22.48859977722168 -16.774450302124023 -3.7460498809814453 0.2
22.514699935913086 -16.65155029296875 -3.950448989868164 0.2
22.632801055908203 -16.47504997253418 -4.076549530029297 0.2
22.648700714111328 -16.23655128479004 -4.08234977722168 0.2
22.48040008544922 -16.094249725341797 -3.985248565673828 0.2
22.339500427246094 -16.08475112915039 -3.791849136352539 0.2
22.39820098876953 -16.197250366210938 -3.5880489349365234 0.2
22.532699584960938 -16.385250091552734 -3.499448776245117 0.2
22.546199798583984 -16.62295150756836 -3.4797496795654297 0.2
22.35140037536621 -16.765850067138672 -3.4978485107421875 0.2
22.105600357055664 -16.76165008544922 -3.497549057006836 0.2
21.947200775146484 -16.584251403808594 -3.4914493560791016 0.2
21.998300552368164 -16.35045051574707 -3.5368499755859375 0.2
22.104801177978516 -16.16455078125 -3.656949996948242 0.2
22.09600067138672 -16.105350494384766 -3.8871498107910156 0.2
21.927600860595703 -16.192150115966797 -4.042949676513672 0.2
21.860700607299805 -16.408151626586914 -4.117149353027344 0.2
21.96940040588379 -16.612350463867188 -4.047048568725586 0.2
22.090499877929688 -16.749950408935547 -3.8824501037597656 0.2
22.032100677490234 -16.84695053100586 -3.673849105834961 0.2
21.807199478149414 -16.87925148010254 -3.5827484130859375 0.2
21.56800079345703 -16.858051300048828 -3.626649856567383 0.2
21.47209930419922 -16.760250091552734 -3.820148468017578 0.2
21.555500030517578 -16.617950439453125 -4.0032501220703125 0.2
21.641599655151367 -16.4095516204834 -4.089948654174805 0.2
21.586700439453125 -16.198650360107422 -3.994548797607422 0.2
21.45949935913086 -16.123050689697266 -3.798948287963867 0.2
21.506900787353516 -16.18975067138672 -3.575349807739258 0.2
21.636899948120117 -16.37835121154785 -3.4861488342285156 0.2
21.690401077270508 -16.613550186157227 -3.4554500579833984 0.2
21.53059959411621 -16.788150787353516 -3.4242496490478516 0.2
21.29319953918457 -16.794851303100586 -3.360248565673828 0.2
21.1117000579834 -16.650150299072266 -3.2925491333007812 0.2
21.127700805664062 -16.412851333618164 -3.3181495666503906 0.2
21.239601135253906 -16.22665023803711 -3.4371490478515625 0.2
21.245399475097656 -16.115550994873047 -3.649749755859375 0.2
21.059600830078125 -16.130451202392578 -3.7998485565185547 0.2
20.877099990844727 -16.27935028076172 -3.8504486083984375 0.2
20.898700714111328 -16.51755142211914 -3.8464488983154297 0.2
21.043399810791016 -16.69355010986328 -3.751049041748047 0.2
21.111600875854492 -16.815549850463867 -3.5564498901367188 0.2
20.96980094909668 -16.83915138244629 -3.361848831176758 0.2
20.742401123046875 -16.795751571655273 -3.2785491943359375 0.2
20.550399780273438 -16.69325065612793 -3.373748779296875 0.2
20.546600341796875 -16.56675148010254 -3.5817489624023438 0.2
20.631099700927734 -16.405651092529297 -3.7462501525878906 0.2
20.69110107421875 -16.177051544189453 -3.7225494384765625 0.2
20.63680076599121 -16.0356502532959 -3.529348373413086 0.2
20.686399459838867 -16.046051025390625 -3.297149658203125 0.2
20.813499450683594 -16.225950241088867 -3.196748733520508 0.2
20.88479995727539 -16.461650848388672 -3.182048797607422 0.2
20.773700714111328 -16.664051055908203 -3.12554931640625 0.2
20.56260108947754 -16.685951232910156 -3.0048484802246094 0.2
20.396100997924805 -16.565650939941406 -2.8722496032714844 0.2
20.38330078125 -16.330650329589844 -2.8417491912841797 0.2
20.48590087890625 -16.14405059814453 -2.9653491973876953 0.2
20.520299911499023 -16.005651473999023 -3.161449432373047 0.2
20.347200393676758 -15.953849792480469 -3.314748764038086 0.2
20.10700035095215 -16.004350662231445 -3.3093490600585938 0.2
20.002500534057617 -16.21795082092285 -3.3109493255615234 0.2
20.101999282836914 -16.439050674438477 -3.2795486450195312 0.2
20.23550033569336 -16.6064510345459 -3.163148880004883 0.2
20.225900650024414 -16.65825080871582 -2.931549072265625 0.2
20.070301055908203 -16.599349975585938 -2.7503490447998047 0.2
19.866899490356445 -16.47784996032715 -2.703449249267578 0.2
19.762300491333008 -16.34095001220703 -2.8689498901367188 0.2
19.79210090637207 -16.214550018310547 -3.078948974609375 0.2
19.89069938659668 -16.0135498046875 -3.1628494262695312 0.2
19.94409942626953 -15.828250885009766 -3.0197486877441406 0.2
20.020200729370117 -15.784049987792969 -2.7967491149902344 0.2
20.16230010986328 -15.936750411987305 -2.679048538208008 0.2
20.225099563598633 -16.175750732421875 -2.67864990234375 0.2
20.15959930419922 -16.400850296020508 -2.629549026489258 0.2
19.988300323486328 -16.451650619506836 -2.4673500061035156 0.2
19.861101150512695 -16.349349975585938 -2.2837486267089844 0.2
19.850299835205078 -16.131549835205078 -2.186948776245117 0.2
19.938199996948242 -15.932750701904297 -2.2932491302490234 0.2
19.988000869750977 -15.79155158996582 -2.488149642944336 0.2
19.849000930786133 -15.686851501464844 -2.649648666381836 0.2
19.611101150512695 -15.649749755859375 -2.6104488372802734 0.2
19.41950035095215 -15.775850296020508 -2.545848846435547 0.2
19.421300888061523 -16.015850067138672 -2.538249969482422 0.2
19.546199798583984 -16.226051330566406 -2.507749557495117 0.2
19.64550018310547 -16.339750289916992 -2.3252487182617188 0.2
19.601999282836914 -16.293251037597656 -2.09014892578125 0.2
19.468900680541992 -16.16305160522461 -1.9318485260009766 0.2
19.309200286865234 -15.994850158691406 -1.9794483184814453 0.2
19.260299682617188 -15.869150161743164 -2.184549331665039 0.2
19.31879997253418 -15.712150573730469 -2.358449935913086 0.2
19.453100204467773 -15.520050048828125 -2.3215484619140625 0.2
19.568599700927734 -15.424751281738281 -2.127748489379883 0.2
19.738500595092773 -15.53285026550293 -2.002248764038086 0.2
19.800600051879883 -15.769250869750977 -1.9997501373291016 0.2
19.756000518798828 -16.007150650024414 -1.9766483306884766 0.2
19.624401092529297 -16.106550216674805 -1.8060493469238281 0.2
19.542600631713867 -16.024049758911133 -1.59014892578125 0.2
19.552900314331055 -15.837751388549805 -1.4361495971679688 0.2
19.645200729370117 -15.627151489257812 -1.495748519897461 0.2
19.69849967956543 -15.488651275634766 -1.692850112915039 0.2
19.598600387573242 -15.353750228881836 -1.8633499145507812 0.2
19.386600494384766 -15.24985122680664 -1.830648422241211 0.2
19.19219970703125 -15.269451141357422 -1.6895484924316406 0.2
19.08609962463379 -15.476951599121094 -1.6427497863769531 0.2
19.148900985717773 -15.714250564575195 -1.6573486328125 0.2
19.280000686645508 -15.894651412963867 -1.5710487365722656 0.2
19.351200103759766 -15.897649765014648 -1.341949462890625 0.2
19.321701049804688 -15.777151107788086 -1.1301498413085938 0.2
19.199100494384766 -15.588850021362305 -1.0519485473632812 0.2
19.08340072631836 -15.43375015258789 -1.1954498291015625 0.2
19.06800079345703 -15.302751541137695 -1.4011497497558594 0.2
19.20720100402832 -15.131851196289062 -1.487548828125 0.2
19.376800537109375 -15.009450912475586 -1.3610496520996094 0.2
19.572599411010742 -15.064550399780273 -1.2400493621826172 0.2
19.654600143432617 -15.289751052856445 -1.2318496704101562 0.2
19.606599807739258 -15.530750274658203 -1.2337493896484375 0.2
19.502399444580078 -15.67595100402832 -1.0793495178222656 0.2
19.46540069580078 -15.626649856567383 -0.8443489074707031 0.2
19.514400482177734 -15.474250793457031 -0.6601486206054688 0.2
19.628799438476562 -15.267049789428711 -0.6621494293212891 0.2
19.67889976501465 -15.122350692749023 -0.8526496887207031 0.2
19.607799530029297 -14.984451293945312 -1.0373497009277344 0.2
19.423601150512695 -14.837350845336914 -1.0253486633300781 0.2
19.276700973510742 -14.7718505859375 -0.8411483764648438 0.2
19.12529945373535 -14.905851364135742 -0.7183494567871094 0.2
19.10610008239746 -15.147451400756836 -0.7269496917724609 0.2
19.202800750732422 -15.369150161743164 -0.7164497375488281 0.2
19.34709930419922 -15.445850372314453 -0.5459499359130859 0.2
19.412399291992188 -15.355951309204102 -0.3278484344482422 0.2
19.379199981689453 -15.176351547241211 -0.17044830322265625 0.2
19.247400283813477 -14.986249923706055 -0.22114944458007812 0.2
19.161500930786133 -14.85715103149414 -0.4114494323730469 0.2
19.24209976196289 -14.705751419067383 -0.5760498046875 0.2
19.441600799560547 -14.57765007019043 -0.5450496673583984 0.2
19.658100128173828 -14.589750289916992 -0.444549560546875 0.2
19.779800415039062 -14.793550491333008 -0.4355487823486328 0.2
19.727699279785156 -15.033349990844727 -0.4459495544433594 0.2
19.630599975585938 -15.213050842285156 -0.3249492645263672 0.2
19.62070083618164 -15.210350036621094 -0.08504867553710938 0.2
19.704200744628906 -15.092350006103516 0.1123504638671875 0.2
19.844600677490234 -14.905651092529297 0.1551513671875 0.2
19.907100677490234 -14.746551513671875 -0.013448715209960938 0.2
19.848100662231445 -14.613550186157227 -0.208648681640625 0.2
19.683900833129883 -14.445650100708008 -0.2330493927001953 0.2
19.579099655151367 -14.330350875854492 -0.04604911804199219 0.2
19.45400047302246 -14.383550643920898 0.14785003662109375 0.2
19.3695011138916 -14.603750228881836 0.184051513671875 0.2
19.40290069580078 -14.843851089477539 0.1511516571044922 0.2
19.558799743652344 -14.993751525878906 0.24375152587890625 0.2
19.69890022277832 -14.955850601196289 0.43885040283203125 0.2
19.75830078125 -14.807149887084961 0.6218509674072266 0.2
19.67329978942871 -14.591951370239258 0.66455078125 0.2
19.546199798583984 -14.439651489257812 0.5218505859375 0.2
19.543100357055664 -14.299051284790039 0.32865142822265625 0.2
19.73430061340332 -14.177949905395508 0.2597503662109375 0.2
19.96969985961914 -14.161951065063477 0.32035064697265625 0.2
20.122499465942383 -14.341650009155273 0.313751220703125 0.2
20.076400756835938 -14.579950332641602 0.3014507293701172 0.2
19.974000930786133 -14.77695083618164 0.3934516906738281 0.2
19.973800659179688 -14.828350067138672 0.6248512268066406 0.2
20.093900680541992 -14.748250961303711 0.8220500946044922 0.2
20.266000747680664 -14.597850799560547 0.8964500427246094 0.2
20.356800079345703 -14.432950973510742 0.7529506683349609 0.2
20.30389976501465 -14.30095100402832 0.5528507232666016 0.2
20.163299560546875 -14.118450164794922 0.4952507019042969 0.2
20.08679962158203 -13.963350296020508 0.6595516204833984 0.2
20.028200149536133 -13.948150634765625 0.8909511566162109 0.2
19.912200927734375 -14.12125015258789 1.0037498474121094 0.2
19.87529945373535 -14.3614501953125 0.9722499847412109 0.2
19.984100341796875 -14.571149826049805 0.9881515502929688 0.2
20.1742000579834 -14.603750228881836 1.1316509246826172 0.2
20.315099716186523 -14.500450134277344 1.3026504516601562 0.2
20.321001052856445 -14.289850234985352 1.4094505310058594 0.2
20.19409942626953 -14.097949981689453 1.3380508422851562 0.2
20.114500045776367 -13.95145034790039 1.1620502471923828 0.2
20.242799758911133 -13.834949493408203 1.0018501281738281 0.2
20.48470115661621 -13.802349090576172 0.9973506927490234 0.2
20.670000076293945 -13.946651458740234 0.9772510528564453 0.2
20.644800186157227 -14.184650421142578 0.9614505767822266 0.2
20.527599334716797 -14.387950897216797 1.0290508270263672 0.2
20.514101028442383 -14.48845100402832 1.2418498992919922 0.2
20.65489959716797 -14.449150085449219 1.436349868774414 0.2
20.853599548339844 -14.340950012207031 1.5244503021240234 0.2
20.990699768066406 -14.18494987487793 1.4131507873535156 0.2
20.94770050048828 -14.0489501953125 1.2144508361816406 0.2
20.82430076599121 -13.871150970458984 1.1123504638671875 0.2
20.758399963378906 -13.68014907836914 1.2342510223388672 0.2
20.779800415039062 -13.603851318359375 1.4649505615234375 0.2
20.688899993896484 -13.707450866699219 1.65625 0.2
20.59280014038086 -13.929351806640625 1.6752510070800781 0.2
20.613100051879883 -14.167850494384766 1.6526508331298828 0.2
20.80350112915039 -14.289850234985352 1.721750259399414 0.2
21.005800247192383 -14.242351531982422 1.8505516052246094 0.2
21.122800827026367 -14.070951461791992 1.9709510803222656 0.2
21.047500610351562 -13.845951080322266 1.9733505249023438 0.2
20.91860008239746 -13.678352355957031 1.8496513366699219 0.2
20.947500228881836 -13.552349090576172 1.6510505676269531 0.2
21.160900115966797 -13.512248992919922 1.5488510131835938 0.2
21.363399505615234 -13.623451232910156 1.4920501708984375 0.2
21.368000030517578 -13.858451843261719 1.457651138305664 0.2
21.238901138305664 -14.057550430297852 1.520650863647461 0.2
21.195100784301758 -14.197650909423828 1.7060508728027344 0.2
21.346399307250977 -14.211250305175781 1.8926506042480469 0.2
21.568700790405273 -14.148550033569336 1.9720516204833984 0.2
21.749401092529297 -14.025850296020508 1.880950927734375 0.2
21.73270034790039 -13.880550384521484 1.6895503997802734 0.2
21.61639976501465 -13.708351135253906 1.5640506744384766 0.2
21.5531005859375 -13.492050170898438 1.6349506378173828 0.2
21.637001037597656 -13.374649047851562 1.831350326538086 0.2
21.637800216674805 -13.40985107421875 2.0647506713867188 0.2
21.52280044555664 -13.594249725341797 2.1644515991210938 0.2
21.449199676513672 -13.826549530029297 2.1495513916015625 0.2
21.573699951171875 -14.025951385498047 2.1483516693115234 0.2
21.8080997467041 -14.05415153503418 2.2067508697509766 0.2
22.013200759887695 -13.948949813842773 2.2827510833740234 0.2
22.047100067138672 -13.720451354980469 2.328350067138672 0.2
21.921199798583984 -13.517650604248047 2.2750511169433594 0.2
21.85059928894043 -13.36545181274414 2.1057510375976562 0.2
21.980600357055664 -13.319950103759766 1.9120502471923828 0.2
22.16950035095215 -13.408649444580078 1.7890510559082031 0.2
22.178800582885742 -13.63385009765625 1.7195510864257812 0.2
22.05150032043457 -13.827850341796875 1.7941513061523438 0.2
21.988500595092773 -13.980751037597656 1.9679508209228516 0.2
22.139999389648438 -14.053750991821289 2.1353511810302734 0.2
22.38159942626953 -14.044050216674805 2.170551300048828 0.2
22.584699630737305 -13.974950790405273 2.0635509490966797 0.2
22.5851993560791 -13.83365249633789 1.8719501495361328 0.2
22.46430015563965 -13.657249450683594 1.7517509460449219 0.2
22.416099548339844 -13.426952362060547 1.7853507995605469 0.2
22.550199508666992 -13.284751892089844 1.9228515625 0.2
22.683401107788086 -13.28635025024414 2.1211509704589844 0.2
22.62820053100586 -13.421951293945312 2.3075504302978516 0.2
22.494699478149414 -13.621349334716797 2.357250213623047 0.2
22.492700576782227 -13.85634994506836 2.32965087890625 0.2
22.695199966430664 -13.97905158996582 2.2879505157470703 0.2
22.93779945373535 -13.961750030517578 2.263551712036133 0.2
23.0935001373291 -13.784648895263672 2.2762508392333984 0.2
23.04170036315918 -13.548851013183594 2.2863502502441406 0.2
22.92650032043457 -13.352951049804688 2.203550338745117 0.2
22.919401168823242 -13.272651672363281 1.9810504913330078 0.2
23.038700103759766 -13.340751647949219 1.7793502807617188 0.2
23.029800415039062 -13.54275131225586 1.659250259399414 0.2
22.909299850463867 -13.735149383544922 1.739450454711914 0.2
22.836400985717773 -13.881450653076172 1.9208507537841797 0.2
22.965999603271484 -14.012950897216797 2.0675506591796875 0.2
23.198999404907227 -14.076850891113281 2.0404510498046875 0.2
23.389101028442383 -14.077051162719727 1.8893508911132812 0.2
23.407100677490234 -13.961950302124023 1.6836509704589844 0.2
23.286699295043945 -13.772151947021484 1.5853500366210938 0.2
23.237899780273438 -13.537651062011719 1.5895500183105469 0.2
23.39620018005371 -13.37485122680664 1.6570510864257812 0.2
23.62310028076172 -13.371150970458984 1.7455501556396484 0.2
23.68939971923828 -13.475650787353516 1.946451187133789 0.2
23.5718994140625 -13.638252258300781 2.084850311279297 0.2
23.46540069580078 -13.851852416992188 2.1166515350341797 0.2
23.546199798583984 -14.052751541137695 2.0216503143310547 0.2
23.744800567626953 -14.121150970458984 1.895650863647461 0.2
23.95370101928711 -14.040851593017578 1.809051513671875 0.2
24.01690101623535 -13.810951232910156 1.8161506652832031 0.2
23.94230079650879 -13.577251434326172 1.8194503784179688 0.2
23.841800689697266 -13.427051544189453 1.6653499603271484 0.2
23.843900680541992 -13.452850341796875 1.425750732421875 0.2
23.8031005859375 -13.619449615478516 1.2613506317138672 0.2
23.675600051879883 -13.813350677490234 1.3164501190185547 0.2
23.606700897216797 -13.950550079345703 1.50885009765625 0.2
23.6914005279541 -14.109451293945312 1.6629505157470703 0.2
23.89109992980957 -14.235050201416016 1.6139507293701172 0.2
24.04949951171875 -14.288650512695312 1.435251235961914 0.2
24.0757999420166 -14.219051361083984 1.2097511291503906 0.2
23.97369956970215 -14.024450302124023 1.1076507568359375 0.2
23.913299560546875 -13.788749694824219 1.103750228881836 0.2
24.05340003967285 -13.599052429199219 1.1300506591796875 0.2
24.297500610351562 -13.590049743652344 1.1172504425048828 0.2
24.470199584960938 -13.689750671386719 1.2438507080078125 0.2
24.42500114440918 -13.834251403808594 1.4309501647949219 0.2
24.28969955444336 -14.003650665283203 1.5447502136230469 0.2
24.244199752807617 -14.227750778198242 1.4880504608154297 0.2
24.355899810791016 -14.361351013183594 1.317251205444336 0.2
24.533199310302734 -14.369850158691406 1.1509513854980469 0.2
24.679800033569336 -14.194450378417969 1.0900516510009766 0.2
24.681900024414062 -13.950450897216797 1.1181507110595703 0.2
24.58930015563965 -13.73794937133789 1.0577507019042969 0.2
24.496000289916992 -13.692852020263672 0.8431510925292969 0.2
24.424100875854492 -13.81195068359375 0.643951416015625 0.2
24.2721004486084 -13.992650985717773 0.6576499938964844 0.2
24.2012996673584 -14.13075065612793 0.84735107421875 0.2
24.2460994720459 -14.288150787353516 1.0243511199951172 0.2
24.40489959716797 -14.463251113891602 1.0016498565673828 0.2
24.5260009765625 -14.561651229858398 0.8127498626708984 0.2
24.54960060119629 -14.55095100402832 0.5728511810302734 0.2
24.463199615478516 -14.371650695800781 0.44085121154785156 0.2
24.3976993560791 -14.134151458740234 0.4360504150390625 0.2
24.5039005279541 -13.92034912109375 0.4394512176513672 0.2
24.731300354003906 -13.884449005126953 0.37075042724609375 0.2
24.94499969482422 -13.990550994873047 0.38084983825683594 0.2
24.99970054626465 -14.138450622558594 0.5596504211425781 0.2
24.893301010131836 -14.277650833129883 0.7329502105712891 0.2
24.77120018005371 -14.478351593017578 0.7688503265380859 0.2
24.77359962463379 -14.656450271606445 0.6058502197265625 0.2
24.874000549316406 -14.73015022277832 0.3945503234863281 0.2
25.03459930419922 -14.636650085449219 0.24735069274902344 0.2
25.11709976196289 -14.408050537109375 0.247650146484375 0.2
25.089000701904297 -14.166351318359375 0.2503509521484375 0.2
24.953399658203125 -14.031949996948242 0.10895156860351562 0.2
