-6.363089561462402 -6.772151947021484 6.729150772094727 0.2
-6.341019630432129 -6.8381500244140625 6.915750503540039 0.2
-6.4265899658203125 -6.997051239013672 7.004951477050781 0.2
-6.490049362182617 -7.184749603271484 6.965150833129883 0.2
-6.502799987792969 -7.372051239013672 6.890350341796875 0.2
-6.39186954498291 -7.533851623535156 6.843151092529297 0.2
-6.228949546813965 -7.606250762939453 6.931449890136719 0.2
-6.129630088806152 -7.601348876953125 7.107351303100586 0.2
-6.152159690856934 -7.5068511962890625 7.280550003051758 0.2
-6.247179985046387 -7.332752227783203 7.31505012512207 0.2
-6.307339668273926 -7.151752471923828 7.245550155639648 0.2
-6.301939964294434 -6.968452453613281 7.159749984741211 0.2
-6.163849830627441 -6.824951171875 7.13475227355957 0.2
-6.010409355163574 -6.779151916503906 7.255552291870117 0.2
-5.931479454040527 -6.810951232910156 7.446752548217773 0.2
-5.99153995513916 -6.946651458740234 7.595151901245117 0.2
-6.073619842529297 -7.143150329589844 7.587251663208008 0.2
-6.108619689941406 -7.340850830078125 7.513250350952148 0.2
-6.0247602462768555 -7.523551940917969 7.446950912475586 0.2
-5.84827995300293 -7.614051818847656 7.513952255249023 0.2
-5.728030204772949 -7.615749359130859 7.69005012512207 0.2
-5.737569808959961 -7.521251678466797 7.87605094909668 0.2
-5.8349199295043945 -7.337451934814453 7.918249130249023 0.2
-5.899029731750488 -7.147651672363281 7.843950271606445 0.2
-5.884729385375977 -6.9555511474609375 7.754449844360352 0.2
-5.7255401611328125 -6.819450378417969 7.746252059936523 0.2
-5.570789337158203 -6.7886505126953125 7.888051986694336 0.2
-5.511050224304199 -6.838352203369141 8.084249496459961 0.2
-5.584699630737305 -6.99365234375 8.20625114440918 0.2
-5.658390045166016 -7.1914520263671875 8.176950454711914 0.2
-5.68312931060791 -7.389350891113281 8.100751876831055 0.2
-5.570219993591309 -7.5599517822265625 8.046449661254883 0.2
-5.392839431762695 -7.629051208496094 8.135149002075195 0.2
-5.28125 -7.615550994873047 8.316350936889648 0.2
-5.306539535522461 -7.501251220703125 8.48954963684082 0.2
-5.399370193481445 -7.311550140380859 8.505350112915039 0.2
-5.460939407348633 -7.121849060058594 8.427152633666992 0.2
-5.427399635314941 -6.931549072265625 8.338251113891602 0.2
-5.255709648132324 -6.811550140380859 8.345651626586914 0.2
-5.1001996994018555 -6.7922515869140625 8.496049880981445 0.2
-5.049449920654297 -6.863552093505859 8.700551986694336 0.2
-5.1308698654174805 -7.048648834228516 8.792451858520508 0.2
-5.2025299072265625 -7.257450103759766 8.742151260375977 0.2
-5.197609901428223 -7.465950012207031 8.65825080871582 0.2
-5.029569625854492 -7.607551574707031 8.636251449584961 0.2
-4.84943962097168 -7.630950927734375 8.768949508666992 0.2
-4.75478982925415 -7.542751312255859 8.953550338745117 0.2
-4.808399677276611 -7.344951629638672 9.036149978637695 0.2
-4.9106597900390625 -7.146049499511719 8.99785041809082 0.2
-4.934759616851807 -6.943752288818359 8.905450820922852 0.2
-4.771129608154297 -6.822052001953125 8.820550918579102 0.2
-4.556319713592529 -6.861751556396484 8.789751052856445 0.2
-4.477039813995361 -7.032649993896484 8.694250106811523 0.2
-4.544039726257324 -7.229549407958984 8.642751693725586 0.2
-4.6284499168396 -7.426151275634766 8.646451950073242 0.2
-4.622669696807861 -7.58905029296875 8.780450820922852 0.2
-4.491629600524902 -7.635749816894531 8.943750381469727 0.2
-4.30096960067749 -7.593250274658203 9.026651382446289 0.2
-4.167769908905029 -7.441852569580078 8.965452194213867 0.2
-4.197239875793457 -7.247150421142578 8.881551742553711 0.2
-4.280519962310791 -7.054851531982422 8.834749221801758 0.2
-4.348699569702148 -6.8724517822265625 8.920251846313477 0.2
-4.278439998626709 -6.78485107421875 9.098249435424805 0.2
-4.102059841156006 -6.784252166748047 9.220552444458008 0.2
-3.9134597778320312 -6.877849578857422 9.220151901245117 0.2
-3.869119644165039 -7.067451477050781 9.134450912475586 0.2
-3.9345898628234863 -7.266349792480469 9.08234977722168 0.2
-4.012819766998291 -7.465351104736328 9.101652145385742 0.2
-4.010189533233643 -7.604549407958984 9.260049819946289 0.2
-3.8595595359802246 -7.6376495361328125 9.408052444458008 0.2
-3.658109664916992 -7.595550537109375 9.464448928833008 0.2
-3.532029628753662 -7.446849822998047 9.383352279663086 0.2
-3.5700597763061523 -7.251049041748047 9.302751541137695 0.2
-3.6568098068237305 -7.056751251220703 9.264951705932617 0.2
-3.7153797149658203 -6.8688507080078125 9.345552444458008 0.2
-3.6220598220825195 -6.773250579833984 9.508749008178711 0.2
-3.4285097122192383 -6.767951965332031 9.602750778198242 0.2
-3.2364397048950195 -6.853252410888672 9.58015251159668 0.2
-3.1911497116088867 -7.040752410888672 9.489252090454102 0.2
-3.262089729309082 -7.240451812744141 9.450052261352539 0.2
-3.339679718017578 -7.439849853515625 9.468851089477539 0.2
-3.3321099281311035 -7.5906524658203125 9.61705207824707 0.2
-3.173529624938965 -7.635051727294922 9.752450942993164 0.2
-2.9650497436523438 -7.608650207519531 9.79475212097168 0.2
-2.823089599609375 -7.479949951171875 9.706048965454102 0.2
-2.852789878845215 -7.286251068115234 9.619451522827148 0.2
-2.941689968109131 -7.0935516357421875 9.579950332641602 0.2
-3.001689910888672 -6.895851135253906 9.636049270629883 0.2
-2.9185400009155273 -6.77655029296875 9.788949966430664 0.2
-2.717629909515381 -6.761650085449219 9.87495231628418 0.2
-2.5058698654174805 -6.834751129150391 9.855550765991211 0.2
-2.448309898376465 -7.026649475097656 9.757452011108398 0.2
-2.5260496139526367 -7.239349365234375 9.725950241088867 0.2
-2.610309600830078 -7.448749542236328 9.755949020385742 0.2
-2.588369846343994 -7.604351043701172 9.913251876831055 0.2
-2.403749942779541 -7.6470489501953125 10.036352157592773 0.2
-2.180039882659912 -7.613750457763672 10.051851272583008 0.2
-2.0592498779296875 -7.4613494873046875 9.94434928894043 0.2
-2.1181297302246094 -7.258350372314453 9.859151840209961 0.2
-2.210789680480957 -7.052150726318359 9.824151992797852 0.2
-2.224489688873291 -6.856250762939453 9.928552627563477 0.2
-2.065079689025879 -6.797451019287109 10.077150344848633 0.2
-1.940469741821289 -6.882652282714844 10.24275016784668 0.2
-2.002659797668457 -7.067852020263672 10.352651596069336 0.2
-2.118469715118408 -7.264949798583984 10.350252151489258 0.2
-2.168219566345215 -7.477451324462891 10.293951034545898 0.2
-2.0220799446105957 -7.627651214599609 10.218950271606445 0.2
-1.7979798316955566 -7.649051666259766 10.253351211547852 0.2
-1.6317696571350098 -7.563152313232422 10.377450942993164 0.2
-1.635159969329834 -7.357151031494141 10.467351913452148 0.2
-1.7053298950195312 -7.141448974609375 10.438451766967773 0.2
-1.7391695976257324 -6.9360504150390625 10.347848892211914 0.2
-1.6132698059082031 -6.818450927734375 10.20775032043457 0.2
-1.390209674835205 -6.819652557373047 10.197549819946289 0.2
-1.222409725189209 -6.8854522705078125 10.312250137329102 0.2
-1.2285099029541016 -7.034049987792969 10.467351913452148 0.2
-1.3294897079467773 -7.218952178955078 10.515951156616211 0.2
-1.416029930114746 -7.416351318359375 10.505651473999023 0.2
-1.3660998344421387 -7.602550506591797 10.416952133178711 0.2
-1.167140007019043 -7.674652099609375 10.390951156616211 0.2
-0.9642698764801025 -7.6466522216796875 10.45734977722168 0.2
-0.8825197219848633 -7.491550445556641 10.577249526977539 0.2
-0.9351997375488281 -7.282951354980469 10.595449447631836 0.2
-1.007739543914795 -7.0863494873046875 10.542451858520508 0.2
-1.0114598274230957 -6.918048858642578 10.410150527954102 0.2
-0.8489997386932373 -6.868549346923828 10.285852432250977 0.2
-0.6411998271942139 -6.9125518798828125 10.316751480102539 0.2
-0.5458097457885742 -7.019351959228516 10.475549697875977 0.2
-0.6030397415161133 -7.1927490234375 10.593450546264648 0.2
-0.6838297843933105 -7.391151428222656 10.621652603149414 0.2
-0.6638197898864746 -7.593650817871094 10.55455207824707 0.2
-0.47995972633361816 -7.693050384521484 10.514650344848633 0.2
-0.2697596549987793 -7.693050384521484 10.563650131225586 0.2
-0.14361977577209473 -7.5693511962890625 10.679651260375977 0.2
-0.1981198787689209 -7.367549896240234 10.715150833129883 0.2
-0.31456971168518066 -7.197551727294922 10.651350021362305 0.2
-0.38095974922180176 -7.035350799560547 10.526052474975586 0.2
-0.2743797302246094 -6.954250335693359 10.36305046081543 0.2
-0.0713796615600586 -6.9631500244140625 10.413450241088867 0.2
0.030370235443115234 -7.0339508056640625 10.587850570678711 0.2
0.038770198822021484 -7.211952209472656 10.709352493286133 0.2
0.07253026962280273 -7.424549102783203 10.729852676391602 0.2
0.15526032447814941 -7.61505126953125 10.675752639770508 0.2
0.3138101100921631 -7.722949981689453 10.578752517700195 0.2
0.5212302207946777 -7.751850128173828 10.528451919555664 0.2
0.723980188369751 -7.740348815917969 10.589849472045898 0.2
0.7176802158355713 -7.661251068115234 10.786550521850586 0.2
0.5564002990722656 -7.525852203369141 10.843050003051758 0.2
0.38230013847351074 -7.4006500244140625 10.821752548217773 0.2
0.22983026504516602 -7.255550384521484 10.768850326538086 0.2
0.24303030967712402 -7.049152374267578 10.70305061340332 0.2
0.41915011405944824 -6.970249176025391 10.785749435424805 0.2
0.5542201995849609 -7.058650970458984 10.930349349975586 0.2
0.6392102241516113 -7.249050140380859 10.988351821899414 0.2
0.7335202693939209 -7.443149566650391 10.975851058959961 0.2
0.822850227355957 -7.6329498291015625 10.923551559448242 0.2
0.9298403263092041 -7.761051177978516 10.78645133972168 0.2
1.121800184249878 -7.758049011230469 10.69005012512207 0.2
1.3064302206039429 -7.663249969482422 10.735250473022461 0.2
1.2822502851486206 -7.533451080322266 10.897649765014648 0.2
1.0980901718139648 -7.427951812744141 10.940851211547852 0.2
0.9252603054046631 -7.303050994873047 10.909151077270508 0.2
0.7640202045440674 -7.1607513427734375 10.882452011108398 0.2
0.6581902503967285 -7.026248931884766 10.742551803588867 0.2
0.8052003383636475 -6.944549560546875 10.625852584838867 0.2
1.0047101974487305 -6.969749450683594 10.695749282836914 0.2
1.1240302324295044 -7.120349884033203 10.814752578735352 0.2
1.2335401773452759 -7.305351257324219 10.863950729370117 0.2
1.4254002571105957 -7.407550811767578 10.810850143432617 0.2
1.596460223197937 -7.284049987792969 10.837152481079102 0.2
1.6311001777648926 -7.148250579833984 10.999849319458008 0.2
1.501960277557373 -7.146350860595703 11.16615104675293 0.2
1.2962101697921753 -7.180450439453125 11.130250930786133 0.2
1.1761502027511597 -7.0729522705078125 10.987451553344727 0.2
1.1299502849578857 -6.910549163818359 10.842351913452148 0.2
1.2078702449798584 -6.724750518798828 10.77025032043457 0.2
1.2819602489471436 -6.575649261474609 10.904352188110352 0.2
1.1684002876281738 -6.547649383544922 11.080049514770508 0.2
1.0207202434539795 -6.703449249267578 11.106851577758789 0.2
0.9844701290130615 -6.912349700927734 11.059652328491211 0.2
0.9864501953125 -7.129550933837891 11.049951553344727 0.2
0.9951503276824951 -7.307949066162109 11.169950485229492 0.2
0.9628303050994873 -7.247150421142578 11.370851516723633 0.2
0.996070146560669 -7.037952423095703 11.41404914855957 0.2
1.0586202144622803 -6.836650848388672 11.361150741577148 0.2
1.143490195274353 -6.656951904296875 11.269750595092773 0.2
1.3296701908111572 -6.5787506103515625 11.17234992980957 0.2
1.5318902730941772 -6.641448974609375 11.206552505493164 0.2
1.5571502447128296 -6.775550842285156 11.37285041809082 0.2
1.4238702058792114 -6.932552337646484 11.445249557495117 0.2
1.2745602130889893 -7.089351654052734 11.464250564575195 0.2
1.1338002681732178 -7.255649566650391 11.442949295043945 0.2
1.1233102083206177 -7.428050994873047 11.302450180053711 0.2
1.3035101890563965 -7.543048858642578 11.269651412963867 0.2
1.480830192565918 -7.529449462890625 11.390748977661133 0.2
1.556820273399353 -7.346950531005859 11.482351303100586 0.2
1.6187201738357544 -7.138648986816406 11.456151962280273 0.2
1.6822102069854736 -6.9367523193359375 11.401449203491211 0.2
1.7585402727127075 -6.777252197265625 11.268949508666992 0.2
1.938790202140808 -6.750450134277344 11.150751113891602 0.2
2.146639347076416 -6.809150695800781 11.174749374389648 0.2
2.1965322494506836 -6.949352264404297 11.328351974487305 0.2
2.0592103004455566 -7.110450744628906 11.412050247192383 0.2
1.8885701894760132 -7.260551452636719 11.448049545288086 0.2
1.7217901945114136 -7.420650482177734 11.447050094604492 0.2
1.6901302337646484 -7.590850830078125 11.294950485229492 0.2
1.883370280265808 -7.672752380371094 11.205450057983398 0.2
2.1026611328125 -7.6701507568359375 11.274850845336914 0.2
2.244493246078491 -7.519649505615234 11.372350692749023 0.2
2.3133320808410645 -7.300048828125 11.381052017211914 0.2
2.3695173263549805 -7.078948974609375 11.347452163696289 0.2
2.4476821422576904 -6.898750305175781 11.227350234985352 0.2
2.632690191268921 -6.84844970703125 11.103151321411133 0.2
2.861203193664551 -6.8558502197265625 11.066251754760742 0.2
3.0756404399871826 -6.887351989746094 11.016149520874023 0.2
3.189840316772461 -7.0218505859375 10.891752243041992 0.2
3.1427152156829834 -7.228450775146484 10.838850021362305 0.2
3.061030387878418 -7.4322509765625 10.860151290893555 0.2
3.079253673553467 -7.6188507080078125 10.967351913452148 0.2
3.267019271850586 -7.685150146484375 11.053949356079102 0.2
3.4870431423187256 -7.68585205078125 11.05204963684082 0.2
3.69575834274292 -7.6553497314453125 10.991849899291992 0.2
3.7751340866088867 -7.519550323486328 10.84465217590332 0.2
3.7031402587890625 -7.319252014160156 10.792749404907227 0.2
3.6183342933654785 -7.117252349853516 10.809049606323242 0.2
3.6571950912475586 -6.929450988769531 10.90894889831543 0.2
3.853651285171509 -6.8540496826171875 10.962652206420898 0.2
4.066510200500488 -6.866950988769531 10.911649703979492 0.2
4.169600486755371 -7.004249572753906 10.781652450561523 0.2
4.108160018920898 -7.210350036621094 10.743650436401367 0.2
4.015590190887451 -7.407249450683594 10.774850845336914 0.2
4.0142502784729 -7.591350555419922 10.89015007019043 0.2
4.192440032958984 -7.665851593017578 10.986051559448242 0.2
4.411220073699951 -7.657649993896484 10.964849472045898 0.2
4.577540397644043 -7.582450866699219 10.847951889038086 0.2
4.566930294036865 -7.403949737548828 10.725851058959961 0.2
4.473220348358154 -7.205150604248047 10.707849502563477 0.2
4.415130138397217 -6.998649597167969 10.751951217651367 0.2
4.525880336761475 -6.8453521728515625 10.85515022277832 0.2
4.741620063781738 -6.806549072265625 10.861150741577148 0.2
4.935140132904053 -6.852352142333984 10.771852493286133 0.2
4.9722900390625 -7.027549743652344 10.652349472045898 0.2
4.8910603523254395 -7.232151031494141 10.650152206420898 0.2
4.816600322723389 -7.432048797607422 10.704851150512695 0.2
4.883900165557861 -7.591548919677734 10.832952499389648 0.2
5.093990325927734 -7.63275146484375 10.871850967407227 0.2
5.3004302978515625 -7.604549407958984 10.803750991821289 0.2
5.384940147399902 -7.4759521484375 10.653249740600586 0.2
5.3178205490112305 -7.277751922607422 10.590749740600586 0.2
5.2275800704956055 -7.077251434326172 10.599248886108398 0.2
5.234580039978027 -6.879550933837891 10.686052322387695 0.2
5.416470527648926 -6.786151885986328 10.753450393676758 0.2
5.642080307006836 -6.780448913574219 10.720251083374023 0.2
5.811770439147949 -6.865451812744141 10.59575080871582 0.2
5.794290542602539 -7.069950103759766 10.499250411987305 0.2
5.695130348205566 -7.277950286865234 10.521249771118164 0.2
5.651890277862549 -7.485450744628906 10.608449935913086 0.2
5.806310176849365 -7.609050750732422 10.716550827026367 0.2
6.035820007324219 -7.626552581787109 10.695150375366211 0.2
6.219250202178955 -7.567451477050781 10.573751449584961 0.2
6.2227702140808105 -7.383552551269531 10.44255256652832 0.2
6.123920440673828 -7.175048828125 10.432649612426758 0.2
6.059490203857422 -6.960849761962891 10.484750747680664 0.2
6.1830902099609375 -6.811851501464844 10.598749160766602 0.2
6.404129981994629 -6.793849945068359 10.609750747680664 0.2
6.621520042419434 -6.820350646972656 10.597249984741211 0.2
6.783320426940918 -6.929752349853516 10.685152053833008 0.2
6.757080078125 -7.119152069091797 10.785150527954102 0.2
6.647210121154785 -7.305751800537109 10.814550399780273 0.2
6.563780307769775 -7.4985504150390625 10.763051986694336 0.2
6.634700298309326 -7.626850128173828 10.608152389526367 0.2
6.834460258483887 -7.648952484130859 10.524148941040039 0.2
7.04256010055542 -7.596149444580078 10.548849105834961 0.2
7.117570400238037 -7.429950714111328 10.663652420043945 0.2
7.065300464630127 -7.224750518798828 10.71605110168457 0.2
7.008210182189941 -7.015552520751953 10.700551986694336 0.2
7.056970119476318 -6.864250183105469 10.558950424194336 0.2
7.247100353240967 -6.852649688720703 10.458150863647461 0.2
7.4466400146484375 -6.934551239013672 10.475149154663086 0.2
7.502110004425049 -7.114250183105469 10.580549240112305 0.2
7.415040016174316 -7.309749603271484 10.619951248168945 0.2
7.314200401306152 -7.499149322509766 10.585550308227539 0.2
7.319730281829834 -7.641349792480469 10.426549911499023 0.2
7.490880012512207 -7.684051513671875 10.301851272583008 0.2
7.704840183258057 -7.657649993896484 10.289651870727539 0.2
7.816220283508301 -7.527149200439453 10.417951583862305 0.2
7.768950462341309 -7.339252471923828 10.516149520874023 0.2
7.698200225830078 -7.135551452636719 10.539552688598633 0.2
7.7265400886535645 -6.9676513671875 10.411951065063477 0.2
7.903350353240967 -6.9678497314453125 10.29115104675293 0.2
8.077540397644043 -7.095451354980469 10.29224967956543 0.2
8.100400924682617 -7.302452087402344 10.357450485229492 0.2
8.013160705566406 -7.501049041748047 10.349149703979492 0.2
7.981550216674805 -7.648750305175781 10.196752548217773 0.2
8.121200561523438 -7.6927490234375 10.040552139282227 0.2
8.326410293579102 -7.697052001953125 9.967550277709961 0.2
8.522760391235352 -7.678150177001953 10.04625129699707 0.2
8.535440444946289 -7.543552398681641 10.20775032043457 0.2
8.420260429382324 -7.369152069091797 10.268251419067383 0.2
8.290840148925781 -7.194049835205078 10.270051956176758 0.2
8.226530075073242 -7.0375518798828125 10.134149551391602 0.2
8.354150772094727 -6.977451324462891 9.972150802612305 0.2
8.567390441894531 -6.989749908447266 9.96095085144043 0.2
8.685260772705078 -7.118751525878906 10.092752456665039 0.2
8.731210708618164 -7.32025146484375 10.162050247192383 0.2
8.77888011932373 -7.5310516357421875 10.168550491333008 0.2
8.871190071105957 -7.6954498291015625 10.066850662231445 0.2
9.049760818481445 -7.733051300048828 9.950750350952148 0.2
9.262340545654297 -7.696552276611328 9.938749313354492 0.2
9.340909957885742 -7.548648834228516 10.071249008178711 0.2
9.207110404968262 -7.384849548339844 10.131952285766602 0.2
9.04153060913086 -7.246150970458984 10.121950149536133 0.2
8.880439758300781 -7.105152130126953 10.088949203491211 0.2
8.811309814453125 -6.945751190185547 9.954549789428711 0.2
8.96741008758545 -6.820549011230469 9.898149490356445 0.2
9.14838981628418 -6.82135009765625 10.013250350952148 0.2
9.268170356750488 -6.970550537109375 10.125349044799805 0.2
9.365890502929688 -7.162750244140625 10.147050857543945 0.2
9.45656967163086 -7.359249114990234 10.151350021362305 0.2
9.510419845581055 -7.5621490478515625 10.094850540161133 0.2
9.603870391845703 -7.6553497314453125 9.926950454711914 0.2
9.787590026855469 -7.582752227783203 9.842451095581055 0.2
9.931070327758789 -7.442951202392578 9.922449111938477 0.2
9.883020401000977 -7.282051086425781 10.05775260925293 0.2
9.733209609985352 -7.130550384521484 10.102750778198242 0.2
9.575719833374023 -6.983951568603516 10.12645149230957 0.2
9.414460182189941 -6.839351654052734 10.13224983215332 0.2
9.291110038757324 -6.703350067138672 10.014852523803711 0.2
9.390029907226562 -6.587749481201172 9.868349075317383 0.2
9.606060028076172 -6.575649261474609 9.843351364135742 0.2
9.772180557250977 -6.709449768066406 9.880151748657227 0.2
9.874799728393555 -6.896152496337891 9.918951034545898 0.2
9.956740379333496 -7.0957489013671875 9.928152084350586 0.2
9.953200340270996 -7.299049377441406 9.847848892211914 0.2
9.834190368652344 -7.309650421142578 9.673452377319336 0.2
9.779729843139648 -7.114650726318359 9.596151351928711 0.2
9.74332046508789 -6.903049468994141 9.622350692749023 0.2
9.657369613647461 -6.717750549316406 9.698450088500977 0.2
9.443370819091797 -6.659049987792969 9.707952499389648 0.2
9.360660552978516 -6.7420501708984375 9.532651901245117 0.2
9.479789733886719 -6.883251190185547 9.426851272583008 0.2
9.563859939575195 -7.058349609375 9.537351608276367 0.2
9.548089981079102 -7.213352203369141 9.693750381469727 0.2
9.392459869384766 -7.231349945068359 9.834451675415039 0.2
9.203479766845703 -7.201450347900391 9.750749588012695 0.2
9.183900833129883 -7.288951873779297 9.558252334594727 0.2
9.314040184020996 -7.415950775146484 9.443151473999023 0.2
9.522729873657227 -7.389152526855469 9.458349227905273 0.2
9.633279800415039 -7.198150634765625 9.446550369262695 0.2
9.663020133972168 -6.994449615478516 9.359151840209961 0.2
9.767520904541016 -6.870250701904297 9.219949722290039 0.2
9.975540161132812 -6.854949951171875 9.168649673461914 0.2
10.106160163879395 -6.965251922607422 9.289449691772461 0.2
10.014909744262695 -7.128849029541016 9.399049758911133 0.2
9.860610008239746 -7.277050018310547 9.434549331665039 0.2
9.694250106811523 -7.422950744628906 9.436651229858398 0.2
9.665550231933594 -7.594451904296875 9.312749862670898 0.2
9.85278034210205 -7.676349639892578 9.249452590942383 0.2
10.055370330810547 -7.639152526855469 9.307451248168945 0.2
10.156060218811035 -7.466152191162109 9.387750625610352 0.2
10.216859817504883 -7.258552551269531 9.374250411987305 0.2
10.26515007019043 -7.054050445556641 9.320951461791992 0.2
10.320460319519043 -6.901050567626953 9.177850723266602 0.2
10.486920356750488 -6.859748840332031 9.04734992980957 0.2
10.693670272827148 -6.909950256347656 9.02815055847168 0.2
10.762450218200684 -7.068851470947266 9.153749465942383 0.2
10.630870819091797 -7.2319488525390625 9.244050979614258 0.2
10.456979751586914 -7.3706512451171875 9.294450759887695 0.2
10.287910461425781 -7.5256500244140625 9.284551620483398 0.2
10.282770156860352 -7.680149078369141 9.121549606323242 0.2
10.487369537353516 -7.728252410888672 9.034849166870117 0.2
10.710399627685547 -7.692451477050781 9.055349349975586 0.2
10.860660552978516 -7.537052154541016 9.122049331665039 0.2
10.920780181884766 -7.317249298095703 9.126951217651367 0.2
10.955039978027344 -7.096149444580078 9.082151412963867 0.2
11.012290000915527 -6.938350677490234 8.930952072143555 0.2
11.178030014038086 -6.906551361083984 8.77964973449707 0.2
11.316750526428223 -6.974151611328125 8.620450973510742 0.2
11.289219856262207 -7.147850036621094 8.502351760864258 0.2
11.191110610961914 -7.339149475097656 8.522451400756836 0.2
11.11266040802002 -7.526752471923828 8.59535026550293 0.2
11.183130264282227 -7.680950164794922 8.722051620483398 0.2
11.390240669250488 -7.729351043701172 8.738950729370117 0.2
11.5835599899292 -7.733150482177734 8.64265251159668 0.2
11.740839958190918 -7.704551696777344 8.498849868774414 0.2
11.751259803771973 -7.578052520751953 8.329252243041992 0.2
11.661280632019043 -7.385150909423828 8.29694938659668 0.2
11.581029891967773 -7.1896514892578125 8.345552444458008 0.2
11.620019912719727 -7.00054931640625 8.434152603149414 0.2
11.810720443725586 -6.9078521728515625 8.444150924682617 0.2
11.998570442199707 -6.903049468994141 8.337652206420898 0.2
12.090060234069824 -6.985050201416016 8.16505241394043 0.2
12.032330513000488 -7.168048858642578 8.073251724243164 0.2
11.94463062286377 -7.360649108886719 8.117151260375977 0.2
11.919350624084473 -7.5545501708984375 8.20625114440918 0.2
12.067840576171875 -7.691349029541016 8.269651412963867 0.2
12.262760162353516 -7.720550537109375 8.18535041809082 0.2
12.39702033996582 -7.6822509765625 8.022748947143555 0.2
12.382320404052734 -7.541851043701172 7.865350723266602 0.2
12.297599792480469 -7.344749450683594 7.860151290893555 0.2
12.23982048034668 -7.148151397705078 7.927949905395508 0.2
12.32002067565918 -6.968952178955078 8.009252548217773 0.2
12.513100624084473 -6.890048980712891 7.972249984741211 0.2
12.670610427856445 -6.892951965332031 7.825448989868164 0.2
12.708470344543457 -6.988151550292969 7.641351699829102 0.2
12.623980522155762 -7.174350738525391 7.584249496459961 0.2
12.543499946594238 -7.364849090576172 7.646650314331055 0.2
12.550580024719238 -7.558052062988281 7.738252639770508 0.2
12.718490600585938 -7.683650970458984 7.757852554321289 0.2
12.892049789428711 -7.703250885009766 7.633451461791992 0.2
12.985489845275879 -7.649150848388672 7.449949264526367 0.2
12.932769775390625 -7.490550994873047 7.320852279663086 0.2
12.853130340576172 -7.292751312255859 7.346651077270508 0.2
12.820560455322266 -7.096050262451172 7.427450180053711 0.2
12.936059951782227 -6.930850982666016 7.489751815795898 0.2
13.123700141906738 -6.869152069091797 7.404150009155273 0.2
13.25320053100586 -6.887752532958984 7.219350814819336 0.2
13.226200103759766 -7.017848968505859 7.042951583862305 0.2
13.127900123596191 -7.219852447509766 7.040952682495117 0.2
13.067999839782715 -7.421352386474609 7.12755012512207 0.2
13.155200004577637 -7.610252380371094 7.204950332641602 0.2
13.348400115966797 -7.68804931640625 7.128652572631836 0.2
13.481500625610352 -7.665351867675781 6.946950912475586 0.2
13.491499900817871 -7.522350311279297 6.777250289916992 0.2
13.407500267028809 -7.314552307128906 6.767351150512695 0.2
13.344099998474121 -7.109249114990234 6.839250564575195 0.2
13.439900398254395 -6.932350158691406 6.93065071105957 0.2
13.657500267028809 -6.892650604248047 6.918149948120117 0.2
13.833900451660156 -7.001152038574219 6.948951721191406 0.2
13.846000671386719 -7.192249298095703 7.03754997253418 0.2
13.757800102233887 -7.379150390625 7.09535026550293 0.2
13.677599906921387 -7.568149566650391 7.047849655151367 0.2
13.705300331115723 -7.674949645996094 6.866750717163086 0.2
13.83489990234375 -7.677349090576172 6.69685173034668 0.2
14.013999938964844 -7.5881500244140625 6.634950637817383 0.2
14.094500541687012 -7.4071502685546875 6.7073516845703125 0.2
14.054500579833984 -7.214450836181641 6.792051315307617 0.2
13.971700668334961 -7.018951416015625 6.799150466918945 0.2
13.926199913024902 -6.885551452636719 6.643951416015625 0.2
14.014500617980957 -6.857749938964844 6.452150344848633 0.2
14.175800323486328 -6.912151336669922 6.327251434326172 0.2
14.306500434875488 -7.0738525390625 6.356151580810547 0.2
14.291900634765625 -7.267749786376953 6.443349838256836 0.2
14.213700294494629 -7.458549499511719 6.498651504516602 0.2
14.117899894714355 -7.622650146484375 6.408851623535156 0.2
14.144800186157227 -7.685352325439453 6.210050582885742 0.2
14.275300025939941 -7.668552398681641 6.04265022277832 0.2
14.447600364685059 -7.557048797607422 6.005350112915039 0.2
14.50570011138916 -7.369548797607422 6.085350036621094 0.2
14.46150016784668 -7.177249908447266 6.167350769042969 0.2
14.374100685119629 -6.985649108886719 6.153350830078125 0.2
14.343100547790527 -6.8724517822265625 5.981151580810547 0.2
14.437399864196777 -6.859550476074219 5.790950775146484 0.2
14.600600242614746 -6.935451507568359 5.684850692749023 0.2
14.708000183105469 -7.111148834228516 5.729650497436523 0.2
14.678400039672852 -7.303050994873047 5.816650390625 0.2
14.59320068359375 -7.493350982666016 5.855951309204102 0.2
14.50320053100586 -7.6401519775390625 5.736751556396484 0.2
14.545599937438965 -7.684452056884766 5.535551071166992 0.2
14.685100555419922 -7.6524505615234375 5.380250930786133 0.2
14.847000122070312 -7.521251678466797 5.371450424194336 0.2
14.879500389099121 -7.33074951171875 5.4573516845703125 0.2
14.82960033416748 -7.137851715087891 5.532451629638672 0.2
14.737199783325195 -6.9537506103515625 5.485950469970703 0.2
14.725900650024414 -6.862449645996094 5.299150466918945 0.2
14.831500053405762 -6.866050720214844 5.114850997924805 0.2
14.995500564575195 -6.9667510986328125 5.036050796508789 0.2
15.070199966430664 -7.153251647949219 5.099250793457031 0.2
15.027700424194336 -7.34375 5.184650421142578 0.2
14.930900573730469 -7.531650543212891 5.198251724243164 0.2
14.854599952697754 -7.65625 5.049350738525391 0.2
14.9173002243042 -7.6806488037109375 4.848751068115234 0.2
15.067900657653809 -7.626552581787109 4.7131500244140625 0.2
15.208800315856934 -7.472949981689453 4.737451553344727 0.2
15.217599868774414 -7.280952453613281 4.827451705932617 0.2
15.15820026397705 -7.086051940917969 4.887250900268555 0.2
15.06410026550293 -6.917549133300781 4.804750442504883 0.2
15.078700065612793 -6.853351593017578 4.606050491333008 0.2
15.195000648498535 -6.877952575683594 4.431051254272461 0.2
15.351600646972656 -7.00885009765625 4.390251159667969 0.2
15.393000602722168 -7.2019500732421875 4.465950012207031 0.2
15.339300155639648 -7.391349792480469 4.54625129699707 0.2
15.230299949645996 -7.570152282714844 4.526050567626953 0.2
15.178400039672852 -7.664649963378906 4.34895133972168 0.2
15.256199836730957 -7.666751861572266 4.152250289916992 0.2
15.41569995880127 -7.583251953125 4.049449920654297 0.2
15.526100158691406 -7.410449981689453 4.099250793457031 0.2
15.515600204467773 -7.219451904296875 4.190351486206055 0.2
15.442000389099121 -7.024951934814453 4.225151062011719 0.2
15.355199813842773 -6.8829498291015625 4.10045051574707 0.2
15.389500617980957 -6.847251892089844 3.896350860595703 0.2
15.51669979095459 -6.900749206542969 3.739950180053711 0.2
15.652200698852539 -7.060451507568359 3.7368507385253906 0.2
15.660699844360352 -7.253551483154297 3.82135009765625 0.2
15.595200538635254 -7.4427490234375 3.8894500732421875 0.2
15.475600242614746 -7.602550506591797 3.823751449584961 0.2
15.449999809265137 -7.663249969482422 3.6271514892578125 0.2
15.541600227355957 -7.639751434326172 3.4390506744384766 0.2
15.700600624084473 -7.5227508544921875 3.376251220703125 0.2
15.772299766540527 -7.337852478027344 3.4460506439208984 0.2
15.74940013885498 -7.1468505859375 3.534250259399414 0.2
15.654000282287598 -6.958751678466797 3.5320510864257812 0.2
15.583499908447266 -6.850650787353516 3.3705501556396484 0.2
15.632200241088867 -6.8435516357421875 3.1654510498046875 0.2
15.767300605773926 -6.9342498779296875 3.037750244140625 0.2
15.867500305175781 -7.1159515380859375 3.0699501037597656 0.2
15.854300498962402 -7.306751251220703 3.160449981689453 0.2
15.767900466918945 -7.494049072265625 3.2044506072998047 0.2
15.648600578308105 -7.623950958251953 3.0939502716064453 0.2
15.648900032043457 -7.650951385498047 2.8860511779785156 0.2
15.754600524902344 -7.596851348876953 2.7143516540527344 0.2
15.900300025939941 -7.447551727294922 2.697050094604492 0.2
15.940199851989746 -7.258152008056641 2.780550003051758 0.2
15.901300430297852 -7.065250396728516 2.8565502166748047 0.2
15.787199974060059 -6.895450592041016 2.8117504119873047 0.2
15.74120044708252 -6.8251495361328125 2.6217498779296875 0.2
15.801700592041016 -6.847652435302734 2.4219512939453125 0.2
15.93970012664795 -6.977851867675781 2.3387508392333984 0.2
16.003398895263672 -7.169952392578125 2.3971500396728516 0.2
15.974300384521484 -7.358951568603516 2.487051010131836 0.2
15.861400604248047 -7.535251617431641 2.496950149536133 0.2
15.759900093078613 -7.627449035644531 2.3434505462646484 0.2
15.779399871826172 -7.6246490478515625 2.1343517303466797 0.2
15.904000282287598 -7.535652160644531 1.996551513671875 0.2
16.023601531982422 -7.363651275634766 2.0172500610351562 0.2
16.040000915527344 -7.174350738525391 2.108551025390625 0.2
15.97510051727295 -6.982250213623047 2.1617507934570312 0.2
15.855299949645996 -6.842552185058594 2.067251205444336 0.2
15.830500602722168 -6.806850433349609 1.863250732421875 0.2
15.90980052947998 -6.864051818847656 1.6811504364013672 0.2
16.037700653076172 -7.025550842285156 1.6453514099121094 0.2
16.06920051574707 -7.2178497314453125 1.7236499786376953 0.2
16.02159881591797 -7.406349182128906 1.8032512664794922 0.2
15.885200500488281 -7.561351776123047 1.7678508758544922 0.2
15.809599876403809 -7.615749359130859 1.5842514038085938 0.2
15.850000381469727 -7.583850860595703 1.3818511962890625 0.2
15.986599922180176 -7.459949493408203 1.288949966430664 0.2
16.071300506591797 -7.275749206542969 1.3413505554199219 0.2
16.069700241088867 -7.085849761962891 1.432149887084961 0.2
15.969400405883789 -6.902149200439453 1.451751708984375 0.2
15.859800338745117 -6.798851013183594 1.3122501373291016 0.2
15.854400634765625 -6.794952392578125 1.1027507781982422 0.2
15.954899787902832 -6.891849517822266 0.9521503448486328 0.2
16.057899475097656 -7.073951721191406 0.9630508422851562 0.2
16.06800079345703 -7.263950347900391 1.0530509948730469 0.2
15.989399909973145 -7.449451446533203 1.1122512817382812 0.2
15.84570026397705 -7.573249816894531 1.029550552368164 0.2
15.79800033569336 -7.592948913574219 0.8276500701904297 0.2
15.862800598144531 -7.529449462890625 0.6413516998291016 0.2
15.998300552368164 -7.375751495361328 0.599151611328125 0.2
16.05419921875 -7.187549591064453 0.6729507446289062 0.2
16.028099060058594 -6.995948791503906 0.7542514801025391 0.2
15.900800704956055 -6.831851959228516 0.7336502075195312 0.2
15.814000129699707 -6.766151428222656 0.5578498840332031 0.2
15.830100059509277 -6.793949127197266 0.3518505096435547 0.2
15.94789981842041 -6.929248809814453 0.24865150451660156 0.2
16.021400451660156 -7.120449066162109 0.29435157775878906 0.2
16.01140022277832 -7.3092498779296875 0.3860511779785156 0.2
15.897700309753418 -7.482051849365234 0.4169502258300781 0.2
15.766600608825684 -7.5682525634765625 0.28585052490234375 0.2
15.744600296020508 -7.558052062988281 0.07835006713867188 0.2
15.840900421142578 -7.461849212646484 -0.07494926452636719 0.2
15.961000442504883 -7.289051055908203 -0.07415008544921875 0.2
15.994500160217285 -7.100650787353516 0.011951446533203125 0.2
15.935200691223145 -6.910652160644531 0.07525062561035156 0.2
15.79800033569336 -6.775749206542969 0.0028514862060546875 0.2
15.737800598144531 -6.745349884033203 -0.1934490203857422 0.2
15.785699844360352 -6.8099517822265625 -0.38234901428222656 0.2
15.904000282287598 -6.974552154541016 -0.4346485137939453 0.2
15.948500633239746 -7.166149139404297 -0.36354827880859375 0.2
15.913000106811523 -7.353950500488281 -0.27864837646484375 0.2
15.768400192260742 -7.503849029541016 -0.2890491485595703 0.2
15.662300109863281 -7.550849914550781 -0.4573497772216797 0.2
15.671500205993652 -7.509052276611328 -0.6606483459472656 0.2
15.791299819946289 -7.381351470947266 -0.7699489593505859 0.2
15.885700225830078 -7.198650360107422 -0.7331485748291016 0.2
15.900400161743164 -7.009651184082031 -0.6442489624023438 0.2
15.801199913024902 -6.828250885009766 -0.6089496612548828 0.2
15.672300338745117 -6.730251312255859 -0.7324485778808594 0.2
15.64169979095459 -6.737651824951172 -0.9384498596191406 0.2
15.720300674438477 -6.843952178955078 -1.0952491760253906 0.2
15.820500373840332 -7.027851104736328 -1.09844970703125 0.2
15.843999862670898 -7.217350006103516 -1.0124492645263672 0.2
15.772000312805176 -7.400150299072266 -0.9406490325927734 0.2
15.613300323486328 -7.516750335693359 -0.998748779296875 0.2
15.541800498962402 -7.521251678466797 -1.1923484802246094 0.2
15.58590030670166 -7.444450378417969 -1.3796501159667969 0.2
15.713700294494629 -7.289649963378906 -1.441049575805664 0.2
15.785500526428223 -7.103549957275391 -1.3794498443603516 0.2
15.774499893188477 -6.912750244140625 -1.2951488494873047 0.2
15.643500328063965 -6.752052307128906 -1.2962493896484375 0.2
15.536300659179688 -6.699150085449219 -1.462249755859375 0.2
15.532700538635254 -6.746849060058594 -1.6647491455078125 0.2
15.631199836730957 -6.891551971435547 -1.7769489288330078 0.2
15.708100318908691 -7.083351135253906 -1.7437496185302734 0.2
15.71310043334961 -7.271251678466797 -1.6516494750976562 0.2
15.601600646972656 -7.438549041748047 -1.5989494323730469 0.2
15.449200630187988 -7.511650085449219 -1.7093486785888672 0.2
15.413700103759766 -7.476051330566406 -1.9105491638183594 0.2
15.492799758911133 -7.3677520751953125 -2.067150115966797 0.2
15.61240005493164 -7.195850372314453 -2.089448928833008 0.2
15.666999816894531 -7.008949279785156 -2.0133495330810547 0.2
15.622000694274902 -6.82025146484375 -1.9389495849609375 0.2
15.472000122070312 -6.691749572753906 -1.9886493682861328 0.2
15.388400077819824 -6.682849884033203 -2.1764488220214844 0.2
15.412300109863281 -6.76824951171875 -2.3621482849121094 0.2
15.514400482177734 -6.938751220703125 -2.430849075317383 0.2
15.57140064239502 -7.129852294921875 -2.369649887084961 0.2
15.55210018157959 -7.315650939941406 -2.2774486541748047 0.2
15.402900695800781 -7.457649230957031 -2.2572498321533203 0.2
15.272200584411621 -7.4862518310546875 -2.4082489013671875 0.2
15.27180004119873 -7.417949676513672 -2.6040496826171875 0.2
15.375500679016113 -7.284351348876953 -2.7259483337402344 0.2
15.478700637817383 -7.103351593017578 -2.713449478149414 0.2
15.51710033416748 -6.914649963378906 -2.6322498321533203 0.2
15.429100036621094 -6.735050201416016 -2.5746498107910156 0.2
15.277100563049316 -6.645252227783203 -2.672748565673828 0.2
15.221000671386719 -6.676448822021484 -2.8699493408203125 0.2
15.272000312805176 -6.796051025390625 -3.030649185180664 0.2
15.366900444030762 -6.9815521240234375 -3.0550498962402344 0.2
15.40980052947998 -7.170051574707031 -2.975749969482422 0.2
15.354400634765625 -7.349948883056641 -2.8864498138427734 0.2
15.183500289916992 -7.458652496337891 -2.9083499908447266 0.2
15.08549976348877 -7.445152282714844 -3.0868492126464844 0.2
15.112500190734863 -7.352352142333984 -3.2709484100341797 0.2
15.227800369262695 -7.198150634765625 -3.3564491271972656 0.2
15.315400123596191 -7.013149261474609 -3.3173484802246094 0.2
15.329100608825684 -6.822551727294922 -3.233549118041992 0.2
15.202899932861328 -6.662849426269531 -3.203449249267578 0.2
15.063899993896484 -6.617549896240234 -3.3440494537353516 0.2
15.028900146484375 -6.68115234375 -3.538848876953125 0.2
15.100600242614746 -6.829750061035156 -3.666749954223633 0.2
15.183300018310547 -7.021450042724609 -3.653348922729492 0.2
15.211299896240234 -7.208251953125 -3.563549041748047 0.2
15.115300178527832 -7.37335205078125 -3.484048843383789 0.2
14.940299987792969 -7.4405517578125 -3.556549072265625 0.2
14.875 -7.391651153564453 -3.745849609375 0.2
14.930299758911133 -7.278350830078125 -3.9101486206054688 0.2
15.045300483703613 -7.109050750732422 -3.9614486694335938 0.2
15.118900299072266 -6.922149658203125 -3.903848648071289 0.2
15.098100662231445 -6.733551025390625 -3.8199501037597656 0.2
14.942800521850586 -6.603351593017578 -3.833648681640625 0.2
14.829899787902832 -6.602451324462891 -4.003549575805664 0.2
14.832200050354004 -6.699649810791016 -4.18604850769043 0.2
14.917799949645996 -6.870151519775391 -4.2756500244140625 0.2
14.987100601196289 -7.061550140380859 -4.230548858642578 0.2
14.991499900817871 -7.246051788330078 -4.134149551391602 0.2
14.852100372314453 -7.387451171875 -4.077749252319336 0.2
14.690199851989746 -7.4136505126953125 -4.193849563598633 0.2
14.658599853515625 -7.339351654052734 -4.384449005126953 0.2
14.739299774169922 -7.208148956298828 -4.525949478149414 0.2
14.847100257873535 -7.029850006103516 -4.542749404907227 0.2
14.907600402832031 -6.841850280761719 -4.474849700927734 0.2
14.843000411987305 -6.660350799560547 -4.397748947143555 0.2
14.675000190734863 -6.566349029541016 -4.457149505615234 0.2
14.586600303649902 -6.603549957275391 -4.639549255371094 0.2
14.608600616455078 -6.726951599121094 -4.805248260498047 0.2
14.69420051574707 -6.912448883056641 -4.854148864746094 0.2
14.754400253295898 -7.100749969482422 -4.78704833984375 0.2
14.723999977111816 -7.279850006103516 -4.68604850769043 0.2
14.55270004272461 -7.3876495361328125 -4.664449691772461 0.2
14.417699813842773 -7.370349884033203 -4.814949035644531 0.2
14.411399841308594 -7.274250030517578 -4.999248504638672 0.2
14.506999969482422 -7.12335205078125 -5.111448287963867 0.2
14.604499816894531 -6.939750671386719 -5.098148345947266 0.2
14.643000602722168 -6.750049591064453 -5.020448684692383 0.2
14.533100128173828 -6.587852478027344 -4.959848403930664 0.2
14.367400169372559 -6.541351318359375 -5.064748764038086 0.2
14.30270004272461 -6.613552093505859 -5.248048782348633 0.2
14.345800399780273 -6.763252258300781 -5.3876495361328125 0.2
14.427800178527832 -6.955249786376953 -5.397548675537109 0.2
14.476799964904785 -7.141551971435547 -5.316249847412109 0.2
14.4035005569458 -7.305751800537109 -5.215648651123047 0.2
14.21500015258789 -7.370250701904297 -5.241649627685547 0.2
14.109200477600098 -7.316650390625 -5.40934944152832 0.2
14.128900527954102 -7.202449798583984 -5.581150054931641 0.2
14.230400085449219 -7.035549163818359 -5.661048889160156 0.2
14.31920051574707 -6.850151062011719 -5.624750137329102 0.2
14.323699951171875 -6.662250518798828 -5.537649154663086 0.2
14.171600341796875 -6.530448913574219 -5.512248992919922 0.2
14.022900581359863 -6.530750274658203 -5.650548934936523 0.2
13.989299774169922 -6.633049011230469 -5.8271484375 0.2
14.050399780273438 -6.803951263427734 -5.934749603271484 0.2
14.129400253295898 -6.9949493408203125 -5.90934944152832 0.2
14.157400131225586 -7.178951263427734 -5.816648483276367 0.2
14.033699989318848 -7.3182525634765625 -5.729448318481445 0.2
13.848199844360352 -7.339550018310547 -5.803249359130859 0.2
13.775300025939941 -7.259849548339844 -5.979448318481445 0.2
13.822000503540039 -7.1271514892578125 -6.134248733520508 0.2
13.923800468444824 -6.949451446533203 -6.176149368286133 0.2
14.000200271606445 -6.7626495361328125 -6.123449325561523 0.2
13.955599784851074 -6.582752227783203 -6.031049728393555 0.2
13.778300285339355 -6.490650177001953 -6.051048278808594 0.2
13.65880012512207 -6.534450531005859 -6.211448669433594 0.2
13.653400421142578 -6.662349700927734 -6.375648498535156 0.2
13.72599983215332 -6.84735107421875 -6.443149566650391 0.2
13.800700187683105 -7.035251617431641 -6.392848968505859 0.2
13.792500495910645 -7.213649749755859 -6.287448883056641 0.2
13.628300666809082 -7.318351745605469 -6.2301483154296875 0.2
13.464200019836426 -7.2962493896484375 -6.346549987792969 0.2
13.419899940490723 -7.197052001953125 -6.523649215698242 0.2
13.489800453186035 -7.045551300048828 -6.652448654174805 0.2
13.589099884033203 -6.862751007080078 -6.6600494384765625 0.2
13.64330005645752 -6.674350738525391 -6.590049743652344 0.2
13.547500610351562 -6.513950347900391 -6.506448745727539 0.2
13.365099906921387 -6.469551086425781 -6.577949523925781 0.2
13.275700569152832 -6.5469512939453125 -6.747249603271484 0.2
13.297200202941895 -6.696849822998047 -6.891948699951172 0.2
13.377500534057617 -6.887451171875 -6.919549942016602 0.2
13.44260025024414 -7.073150634765625 -6.85004997253418 0.2
13.38860034942627 -7.236850738525391 -6.738248825073242 0.2
13.198100090026855 -7.299549102783203 -6.7301483154296875 0.2
13.064300537109375 -7.243251800537109 -6.874849319458008 0.2
13.053800582885742 -7.127651214599609 -7.046148300170898 0.2
13.139400482177734 -6.960151672363281 -7.141849517822266 0.2
13.232600212097168 -6.774848937988281 -7.120449066162109 0.2
13.25059986114502 -6.588550567626953 -7.032449722290039 0.2
13.104599952697754 -6.4584503173828125 -6.979848861694336 0.2
12.937540054321289 -6.458850860595703 -7.094049453735352 0.2
12.885809898376465 -6.561550140380859 -7.265649795532227 0.2
12.933979988098145 -6.729148864746094 -7.384149551391602 0.2
13.019100189208984 -6.918750762939453 -7.375249862670898 0.2
13.06309986114502 -7.102748870849609 -7.289649963378906 0.2
12.956040382385254 -7.244350433349609 -7.186349868774414 0.2
12.762080192565918 -7.26824951171875 -7.23124885559082 0.2
12.665579795837402 -7.188449859619141 -7.3952484130859375 0.2
12.690410614013672 -7.0563507080078125 -7.55474853515625 0.2
12.785210609436035 -6.878452301025391 -7.61094856262207 0.2
12.865750312805176 -6.6914520263671875 -7.567548751831055 0.2
12.834500312805176 -6.512950897216797 -7.467649459838867 0.2
12.657580375671387 -6.418552398681641 -7.461448669433594 0.2
12.522680282592773 -6.457950592041016 -7.608949661254883 0.2
12.505370140075684 -6.580650329589844 -7.77604866027832 0.2
12.574740409851074 -6.7604522705078125 -7.859249114990234 0.2
12.659689903259277 -6.946651458740234 -7.822349548339844 0.2
12.669830322265625 -7.126850128173828 -7.720949172973633 0.2
12.518630027770996 -7.239650726318359 -7.645849227905273 0.2
12.341529846191406 -7.223350524902344 -7.740949630737305 0.2
12.278429985046387 -7.12445068359375 -7.91204833984375 0.2
12.330780029296875 -6.972850799560547 -8.04844856262207 0.2
12.425610542297363 -6.7886505126953125 -8.066349029541016 0.2
12.48434066772461 -6.600551605224609 -7.999948501586914 0.2
12.398890495300293 -6.441951751708984 -7.902849197387695 0.2
12.209919929504395 -6.395549774169922 -7.950948715209961 0.2
12.10831069946289 -6.470149993896484 -8.113748550415039 0.2
12.119640350341797 -6.615348815917969 -8.264049530029297 0.2
12.199200630187988 -6.803150177001953 -8.307048797607422 0.2
12.275640487670898 -6.9884490966796875 -8.249549865722656 0.2
12.241559982299805 -7.1553497314453125 -8.135250091552734 0.2
12.05601978302002 -7.222949981689453 -8.098548889160156 0.2
11.902230262756348 -7.167049407958984 -8.220949172973633 0.2
11.868040084838867 -7.050849914550781 -8.388849258422852 0.2
11.936699867248535 -6.883449554443359 -8.497049331665039 0.2
12.03258991241455 -6.6988525390625 -8.489049911499023 0.2
12.063400268554688 -6.513252258300781 -8.403848648071289 0.2
11.92611026763916 -6.385349273681641 -8.327249526977539 0.2
11.742879867553711 -6.387950897216797 -8.412149429321289 0.2
11.6668701171875 -6.492351531982422 -8.573249816894531 0.2
11.693650245666504 -6.660549163818359 -8.697549819946289 0.2
11.78003978729248 -6.8493499755859375 -8.703948974609375 0.2
11.838220596313477 -7.033149719238281 -8.627748489379883 0.2
11.748809814453125 -7.171150207519531 -8.505449295043945 0.2
11.548979759216309 -7.1867523193359375 -8.509849548339844 0.2
11.423100471496582 -7.100650787353516 -8.64834976196289 0.2
11.41549015045166 -6.963951110839844 -8.806650161743164 0.2
11.495890617370605 -6.7850494384765625 -8.877948760986328 0.2
11.584839820861816 -6.598850250244141 -8.851749420166016 0.2
11.572500228881836 -6.424049377441406 -8.742549896240234 0.2
11.397480010986328 -6.338951110839844 -8.694849014282227 0.2
11.232709884643555 -6.386249542236328 -8.804948806762695 0.2
11.177440643310547 -6.514152526855469 -8.96004867553711 0.2
11.223410606384277 -6.695949554443359 -9.052549362182617 0.2
11.314840316772461 -6.882350921630859 -9.03844928741455 0.2
11.34397029876709 -7.061248779296875 -8.93954849243164 0.2
11.208980560302734 -7.162651062011719 -8.82765007019043 0.2
11.014619827270508 -7.1318511962890625 -8.873048782348633 0.2
10.912120819091797 -7.023952484130859 -9.017449378967285 0.2
10.928489685058594 -6.865451812744141 -9.155348777770996 0.2
11.016190528869629 -6.680850982666016 -9.192949295043945 0.2
11.089380264282227 -6.493949890136719 -9.139849662780762 0.2
11.027390480041504 -6.343952178955078 -9.0160493850708 0.2
10.829919815063477 -6.310352325439453 -9.009149551391602 0.2
10.68789005279541 -6.3923492431640625 -9.133849143981934 0.2
10.655820846557617 -6.541751861572266 -9.27804946899414 0.2
10.72262954711914 -6.728351593017578 -9.339849472045898 0.2
10.812240600585938 -6.914150238037109 -9.310449600219727 0.2
10.80381965637207 -7.0776519775390625 -9.187849044799805 0.2
10.63051986694336 -7.130950927734375 -9.102349281311035 0.2
10.451210021972656 -7.060050964355469 -9.171449661254883 0.2
10.371990203857422 -6.929450988769531 -9.31244945526123 0.2
10.406020164489746 -6.751949310302734 -9.419548988342285 0.2
10.499480247497559 -6.566249847412109 -9.432848930358887 0.2
10.548469543457031 -6.386650085449219 -9.344849586486816 0.2
10.429900169372559 -6.279850006103516 -9.22144889831543 0.2
10.229660034179688 -6.303550720214844 -9.242849349975586 0.2
10.108499526977539 -6.416351318359375 -9.366848945617676 0.2
10.100250244140625 -6.588249206542969 -9.488948822021484 0.2
10.18436050415039 -6.774749755859375 -9.52704906463623 0.2
10.259550094604492 -6.959850311279297 -9.473849296569824 0.2
10.201520919799805 -7.089752197265625 -9.327349662780762 0.2
10.007129669189453 -7.0899505615234375 -9.276449203491211 0.2
9.848340034484863 -6.992851257324219 -9.365649223327637 0.2
9.800230026245117 -6.843849182128906 -9.504348754882812 0.2
9.860919952392578 -6.659351348876953 -9.581449508666992 0.2
9.949740409851074 -6.471851348876953 -9.569048881530762 0.2
9.958730697631836 -6.305950164794922 -9.446048736572266 0.2
9.794120788574219 -6.231849670410156 -9.360448837280273 0.2
9.612150192260742 -6.2839508056640625 -9.436749458312988 0.2
9.530850410461426 -6.410350799560547 -9.581048965454102 0.2
9.563630104064941 -6.589149475097656 -9.685648918151855 0.2
9.65652084350586 -6.775051116943359 -9.696249008178711 0.2
9.703319549560547 -6.956451416015625 -9.60884952545166 0.2
9.589950561523438 -7.064449310302734 -9.480449676513672 0.2
9.390810012817383 -7.036350250244141 -9.496748924255371 0.2
9.269200325012207 -6.924652099609375 -9.622149467468262 0.2
9.265300750732422 -6.761451721191406 -9.75584888458252 0.2
9.346210479736328 -6.575050354003906 -9.798949241638184 0.2
9.422910690307617 -6.388252258300781 -9.750248908996582 0.2
9.375129699707031 -6.2409515380859375 -9.616649627685547 0.2
9.179620742797852 -6.208950042724609 -9.588048934936523 0.2
9.028079986572266 -6.292449951171875 -9.699748992919922 0.2
8.985130310058594 -6.441551208496094 -9.84174919128418 0.2
9.044650077819824 -6.628150939941406 -9.912249565124512 0.2
9.134570121765137 -6.815452575683594 -9.895648956298828 0.2
9.143670082092285 -6.981052398681641 -9.77514934539795 0.2
8.984580039978027 -7.040149688720703 -9.668449401855469 0.2
8.798070907592773 -6.9714508056640625 -9.717148780822754 0.2
8.70559024810791 -6.842350006103516 -9.850749015808105 0.2
8.728740692138672 -6.666252136230469 -9.964649200439453 0.2
8.817680358886719 -6.479549407958984 -9.989949226379395 0.2
8.877429962158203 -6.297550201416016 -9.913349151611328 0.2
8.77947998046875 -6.183052062988281 -9.778348922729492 0.2
8.57809066772461 -6.198749542236328 -9.778948783874512 0.2
8.447150230407715 -6.3074493408203125 -9.896449089050293 0.2
8.425630569458008 -6.474052429199219 -10.024649620056152 0.2
8.5064697265625 -6.659149169921875 -10.0746488571167 0.2
8.588990211486816 -6.844852447509766 -10.035348892211914 0.2
8.54955005645752 -6.984550476074219 -9.890748977661133 0.2
8.361930847167969 -6.995151519775391 -9.82094955444336 0.2
8.196940422058105 -6.8970489501953125 -9.895349502563477 0.2
8.133000373840332 -6.743949890136719 -10.025049209594727 0.2
8.180339813232422 -6.55615234375 -10.102449417114258 0.2
8.268790245056152 -6.367950439453125 -10.09704875946045 0.2
8.293970108032227 -6.20574951171875 -9.971348762512207 0.2
8.145110130310059 -6.142051696777344 -9.853849411010742 0.2
7.954750061035156 -6.202850341796875 -9.895349502563477 0.2
7.851430416107178 -6.333251953125 -10.022648811340332 0.2
7.865150451660156 -6.511852264404297 -10.131049156188965 0.2
7.953780174255371 -6.697151184082031 -10.165849685668945 0.2
8.018170356750488 -6.878650665283203 -10.090949058532715 0.2
7.934510231018066 -6.980152130126953 -9.93704891204834 0.2
7.739250183105469 -6.940650939941406 -9.900749206542969 0.2
7.592940330505371 -6.820049285888672 -9.985349655151367 0.2
7.558060169219971 -6.648448944091797 -10.103849411010742 0.2
7.624680042266846 -6.459651947021484 -10.160248756408691 0.2
7.709420204162598 -6.273448944091797 -10.124749183654785 0.2
7.693120002746582 -6.139049530029297 -9.97184944152832 0.2
7.510670185089111 -6.126251220703125 -9.889248847961426 0.2
7.337140083312988 -6.21875 -9.952849388122559 0.2
7.262590408325195 -6.371551513671875 -10.077649116516113 0.2
7.306860446929932 -6.55615234375 -10.163649559020996 0.2
7.397140026092529 -6.74365234375 -10.174549102783203 0.2
7.433700084686279 -6.906551361083984 -10.055349349975586 0.2
7.298690319061279 -6.959049224853516 -9.917149543762207 0.2
7.107250213623047 -6.8847503662109375 -9.920549392700195 0.2
6.988920211791992 -6.747951507568359 -10.023448944091797 0.2
6.991430282592773 -6.565952301025391 -10.129749298095703 0.2
7.072940349578857 -6.377250671386719 -10.164949417114258 0.2
7.143510341644287 -6.198951721191406 -10.088349342346191 0.2
7.063540458679199 -6.094451904296875 -9.935449600219727 0.2
6.863960266113281 -6.118251800537109 -9.909149169921875 0.2
6.720439910888672 -6.230350494384766 -10.007349014282227 0.2
6.688469886779785 -6.399951934814453 -10.130449295043945 0.2
6.758590221405029 -6.588050842285156 -10.18744945526123 0.2
6.842670440673828 -6.775249481201172 -10.15674877166748 0.2
6.827340126037598 -6.9156494140625 -10.007248878479004 0.2
6.648590087890625 -6.933952331542969 -9.918949127197266 0.2
6.47458028793335 -6.842552185058594 -9.981749534606934 0.2
6.40132999420166 -6.696651458740234 -10.113149642944336 0.2
6.44242000579834 -6.511650085449219 -10.203649520874023 0.2
6.527700424194336 -6.321750640869141 -10.212549209594727 0.2
6.566690444946289 -6.1495513916015625 -10.103349685668945 0.2
6.433710098266602 -6.064151763916016 -9.980249404907227 0.2
6.23900032043457 -6.1105499267578125 -10.015149116516113 0.2
6.130770206451416 -6.233650207519531 -10.144948959350586 0.2
6.136640548706055 -6.408451080322266 -10.261448860168457 0.2
6.226300239562988 -6.593151092529297 -10.297149658203125 0.2
6.295030117034912 -6.777851104736328 -10.233949661254883 0.2
6.219850540161133 -6.89794921875 -10.0879487991333 0.2
6.022470474243164 -6.876251220703125 -10.053449630737305 0.2
5.876220226287842 -6.758350372314453 -10.141949653625488 0.2
5.835309982299805 -6.586849212646484 -10.259149551391602 0.2
5.898320198059082 -6.396251678466797 -10.313949584960938 0.2
5.982940196990967 -6.208652496337891 -10.283549308776855 0.2
5.976090431213379 -6.070850372314453 -10.132349014282227 0.2
5.801690101623535 -6.057949066162109 -10.034149169921875 0.2
5.6254801750183105 -6.152950286865234 -10.085148811340332 0.2
5.542050361633301 -6.304649353027344 -10.206249237060547 0.2
5.579290390014648 -6.487850189208984 -10.298748970031738 0.2
5.668610572814941 -6.674949645996094 -10.32284927368164 0.2
5.717630386352539 -6.842052459716797 -10.214049339294434 0.2
5.5984601974487305 -6.900749206542969 -10.063849449157715 0.2
5.407330513000488 -6.827751159667969 -10.046449661254883 0.2
5.280050277709961 -6.687950134277344 -10.133849143981934 0.2
5.269940376281738 -6.502052307128906 -10.233649253845215 0.2
5.343470573425293 -6.310550689697266 -10.272449493408203 0.2
5.422080039978027 -6.132549285888672 -10.20254898071289 0.2
5.365819931030273 -6.032649993896484 -10.036048889160156 0.2
5.173150062561035 -6.060550689697266 -9.980049133300781 0.2
5.018010139465332 -6.172050476074219 -10.060249328613281 0.2
4.967990398406982 -6.336250305175781 -10.185049057006836 0.2
5.031120300292969 -6.519050598144531 -10.263449668884277 0.2
5.120510101318359 -6.706150054931641 -10.257349014282227 0.2
5.123570442199707 -6.853050231933594 -10.113849639892578 0.2
4.959790229797363 -6.870349884033203 -9.999448776245117 0.2
4.781670093536377 -6.769950866699219 -10.025249481201172 0.2
4.687990188598633 -6.6094512939453125 -10.126949310302734 0.2
4.7165703773498535 -6.417850494384766 -10.20534896850586 0.2
4.80150032043457 -6.2279510498046875 -10.214949607849121 0.2
4.850520133972168 -6.069652557373047 -10.090449333190918 0.2
4.727320194244385 -6.01715087890625 -9.941649436950684 0.2
4.534890174865723 -6.08795166015625 -9.941349029541016 0.2
4.413680076599121 -6.224449157714844 -10.044249534606934 0.2
4.412850379943848 -6.405952453613281 -10.151848793029785 0.2
4.4889702796936035 -6.594551086425781 -10.19944953918457 0.2
4.569880485534668 -6.77545166015625 -10.136649131774902 0.2
4.519280433654785 -6.884349822998047 -9.973448753356934 0.2
4.327210426330566 -6.858951568603516 -9.914349555969238 0.2
4.166390419006348 -6.747650146484375 -9.9850492477417 0.2
4.119440078735352 -6.582851409912109 -10.109148979187012 0.2
4.174000263214111 -6.39215087890625 -10.176249504089355 0.2
4.256360054016113 -6.201351165771484 -10.160348892211914 0.2
4.266730308532715 -6.0487518310546875 -10.022249221801758 0.2
4.097620010375977 -6.005950927734375 -9.924549102783203 0.2
3.9164202213287354 -6.082752227783203 -9.984649658203125 0.2
3.8315353393554688 -6.221149444580078 -10.118948936462402 0.2
3.8652782440185547 -6.401248931884766 -10.219749450683594 0.2
3.960435152053833 -6.585849761962891 -10.242548942565918 0.2
4.008495330810547 -6.763751983642578 -10.151148796081543 0.2
3.889122247695923 -6.851650238037109 -10.014849662780762 0.2
3.6928741931915283 -6.796051025390625 -10.012449264526367 0.2
3.5684173107147217 -6.659751892089844 -10.110548973083496 0.2
3.5547492504119873 -6.473949432373047 -10.209548950195312 0.2
3.6304702758789062 -6.2821502685546875 -10.243349075317383 0.2
3.7052042484283447 -6.101551055908203 -10.175748825073242 0.2
3.649808168411255 -5.999351501464844 -10.009149551391602 0.2
3.4596121311187744 -6.029449462890625 -9.947149276733398 0.2
3.304816246032715 -6.1441497802734375 -10.023149490356445 0.2
3.2534592151641846 -6.309452056884766 -10.146549224853516 0.2
3.3131163120269775 -6.493350982666016 -10.22554874420166 0.2
3.4034621715545654 -6.680450439453125 -10.225049018859863 0.2
3.4203901290893555 -6.8294525146484375 -10.084249496459961 0.2
3.265000343322754 -6.854850769042969 -9.960049629211426 0.2
3.081519842147827 -6.7626495361328125 -9.978849411010742 0.2
2.9795517921447754 -6.610450744628906 -10.083048820495605 0.2
2.997767448425293 -6.419849395751953 -10.168549537658691 0.2
3.0779316425323486 -6.2281494140625 -10.187149047851562 0.2
3.1362621784210205 -6.060749053955078 -10.078948974609375 0.2
3.030176877975464 -5.991050720214844 -9.923748970031738 0.2
2.835496187210083 -6.0505523681640625 -9.913249015808105 0.2
2.7036502361297607 -6.179149627685547 -10.014449119567871 0.2
2.6866092681884766 -6.3558502197265625 -10.126648902893066 0.2
2.7648463249206543 -6.540149688720703 -10.186248779296875 0.2
2.8499181270599365 -6.723751068115234 -10.14164924621582 0.2
2.8139853477478027 -6.837551116943359 -9.977249145507812 0.2
2.6343393325805664 -6.8074493408203125 -9.888449668884277 0.2
2.4695541858673096 -6.684650421142578 -9.92604923248291 0.2
2.399684190750122 -6.507652282714844 -10.017748832702637 0.2
2.4460973739624023 -6.316749572753906 -10.088149070739746 0.2
2.5343003273010254 -6.128749847412109 -10.077149391174316 0.2
2.5608432292938232 -6.0039520263671875 -9.917649269104004 0.2
2.4203152656555176 -6.0173492431640625 -9.773049354553223 0.2
2.245546340942383 -6.129051208496094 -9.76034927368164 0.2
2.1465322971343994 -6.2951507568359375 -9.8462495803833 0.2
2.166661262512207 -6.484249114990234 -9.93484878540039 0.2
2.250352144241333 -6.672649383544922 -9.968648910522461 0.2
2.333076238632202 -6.828250885009766 -9.861549377441406 0.2
2.241514205932617 -6.882350921630859 -9.691449165344238 0.2
2.0503292083740234 -6.819850921630859 -9.644349098205566 0.2
1.901380181312561 -6.694950103759766 -9.713648796081543 0.2
1.877170205116272 -6.51715087890625 -9.827749252319336 0.2
1.9374501705169678 -6.323749542236328 -9.880048751831055 0.2
2.0182361602783203 -6.137149810791016 -9.836349487304688 0.2
1.984660267829895 -6.006950378417969 -9.68394947052002 0.2
1.7922701835632324 -6.000850677490234 -9.624049186706543 0.2
1.630170226097107 -6.096950531005859 -9.709249496459961 0.2
1.5740501880645752 -6.24945068359375 -9.845349311828613 0.2
1.6346402168273926 -6.433250427246094 -9.923748970031738 0.2
1.72989022731781 -6.618751525878906 -9.920549392700195 0.2
1.744820237159729 -6.785449981689453 -9.798449516296387 0.2
1.5849202871322632 -6.846351623535156 -9.694549560546875 0.2
1.3990802764892578 -6.771949768066406 -9.73954963684082 0.2
1.3008002042770386 -6.626152038574219 -9.856849670410156 0.2
1.3180902004241943 -6.4360504150390625 -9.942349433898926 0.2
1.4003201723098755 -6.244548797607422 -9.956849098205566 0.2
1.451200246810913 -6.071250915527344 -9.855149269104004 0.2
1.345040202140808 -5.997051239013672 -9.700448989868164 0.2
1.1511402130126953 -6.058052062988281 -9.684649467468262 0.2
1.0200902223587036 -6.189052581787109 -9.782249450683594 0.2
1.003690242767334 -6.365550994873047 -9.89634895324707 0.2
1.0810102224349976 -6.550251007080078 -9.95574951171875 0.2
1.1692602634429932 -6.734149932861328 -9.916749000549316 0.2
1.1430602073669434 -6.856151580810547 -9.756149291992188 0.2
0.9615602493286133 -6.8428497314453125 -9.668349266052246 0.2
0.7904403209686279 -6.733551025390625 -9.71264934539795 0.2
0.7151901721954346 -6.566749572753906 -9.819648742675781 0.2
0.7552902698516846 -6.3742523193359375 -9.889549255371094 0.2
0.8387601375579834 -6.183052062988281 -9.886849403381348 0.2
0.8692202568054199 -6.036552429199219 -9.746349334716797 0.2
0.7253401279449463 -6.015552520751953 -9.60824966430664 0.2
0.54075026512146 -6.108150482177734 -9.615549087524414 0.2
0.42791032791137695 -6.257652282714844 -9.714249610900879 0.2
0.44259023666381836 -6.4405517578125 -9.812949180603027 0.2
0.5305602550506592 -6.624149322509766 -9.861248970031738 0.2
0.6057102680206299 -6.79425048828125 -9.774148941040039 0.2
0.5273702144622803 -6.859748840332031 -9.60094928741455 0.2
0.3461003303527832 -6.791149139404297 -9.531949043273926 0.2
0.19649028778076172 -6.648448944091797 -9.57284927368164 0.2
0.15891027450561523 -6.458751678466797 -9.653348922729492 0.2
0.21725034713745117 -6.266651153564453 -9.712849617004395 0.2
0.31078028678894043 -6.0906524658203125 -9.660049438476562 0.2
0.3045201301574707 -6.016849517822266 -9.47204875946045 0.2
0.1554102897644043 -6.077850341796875 -9.344948768615723 0.2
-0.004089832305908203 -6.209949493408203 -9.344849586486816 0.2
-0.07480978965759277 -6.3885498046875 -9.436348915100098 0.2
-0.0382997989654541 -6.575752258300781 -9.522648811340332 0.2
0.05943012237548828 -6.758552551269531 -9.53744888305664 0.2
0.11968016624450684 -6.889652252197266 -9.393149375915527 0.2
-0.0037698745727539062 -6.904651641845703 -9.233649253845215 0.2
-0.19165968894958496 -6.822452545166016 -9.19904899597168 0.2
-0.32014966011047363 -6.679752349853516 -9.277949333190918 0.2
-0.31996965408325195 -6.491649627685547 -9.374649047851562 0.2
-0.2520296573638916 -6.296852111816406 -9.407949447631836 0.2
-0.17976975440979004 -6.120750427246094 -9.321349143981934 0.2
-0.2675597667694092 -6.02545166015625 -9.168848991394043 0.2
-0.46748971939086914 -6.060249328613281 -9.150849342346191 0.2
-0.6107196807861328 -6.172950744628906 -9.251749038696289 0.2
-0.6315798759460449 -6.3388519287109375 -9.381949424743652 0.2
-0.5527398586273193 -6.523952484130859 -9.437349319458008 0.2
-0.4638698101043701 -6.7095489501953125 -9.404449462890625 0.2
-0.4857797622680664 -6.8594512939453125 -9.265748977661133 0.2
-0.6746997833251953 -6.890850067138672 -9.205948829650879 0.2
-0.8450398445129395 -6.804050445556641 -9.285749435424805 0.2
-0.9161598682403564 -6.650352478027344 -9.412549018859863 0.2
-0.8750498294830322 -6.458251953125 -9.482349395751953 0.2
-0.7908897399902344 -6.266849517822266 -9.476449012756348 0.2
-0.7707297801971436 -6.1040496826171875 -9.352648735046387 0.2
-0.9186298847198486 -6.0581512451171875 -9.225049018859863 0.2
-1.1066699028015137 -6.139350891113281 -9.245248794555664 0.2
-1.2159099578857422 -6.281650543212891 -9.355849266052246 0.2
-1.20350980758667 -6.463951110839844 -9.457348823547363 0.2
-1.111069679260254 -6.646751403808594 -9.500649452209473 0.2
-1.0356998443603516 -6.8233489990234375 -9.42664909362793 0.2
-1.1111698150634766 -6.911552429199219 -9.261649131774902 0.2
-1.3003697395324707 -6.863552093505859 -9.200448989868164 0.2
-1.4576997756958008 -6.7362518310546875 -9.254549026489258 0.2
-1.5085597038269043 -6.554050445556641 -9.345949172973633 0.2
-1.449779987335205 -6.363250732421875 -9.408549308776855 0.2
-1.3644499778747559 -6.178150177001953 -9.374249458312988 0.2
-1.369959831237793 -6.076549530029297 -9.19844913482666 0.2
-1.5227198600769043 -6.117950439453125 -9.070749282836914 0.2
-1.6879196166992188 -6.244350433349609 -9.072548866271973 0.2
-1.7714495658874512 -6.421352386474609 -9.15324878692627 0.2
-1.7338595390319824 -6.606449127197266 -9.242448806762695 0.2
-1.6380796432495117 -6.789051055908203 -9.264549255371094 0.2
-1.5677995681762695 -6.915752410888672 -9.12044906616211 0.2
-1.660179615020752 -6.913150787353516 -8.940248489379883 0.2
-1.8279895782470703 -6.8146514892578125 -8.870149612426758 0.2
-1.9608697891235352 -6.655750274658203 -8.914449691772461 0.2
-1.9771299362182617 -6.467750549316406 -9.004348754882812 0.2
-1.9151897430419922 -6.276752471923828 -9.059948921203613 0.2
-1.8209996223449707 -6.119152069091797 -8.965848922729492 0.2
-1.8675899505615234 -6.083751678466797 -8.77334976196289 0.2
-2.0251898765563965 -6.168552398681641 -8.668548583984375 0.2
-2.1689395904541016 -6.317249298095703 -8.685850143432617 0.2
-2.1985697746276855 -6.506752014160156 -8.776248931884766 0.2
-2.13539981842041 -6.696449279785156 -8.837249755859375 0.2
-2.0213499069213867 -6.867851257324219 -8.799749374389648 0.2
-2.015859603881836 -6.9768524169921875 -8.630849838256836 0.2
-2.189509868621826 -6.974552154541016 -8.525749206542969 0.2
-2.3776698112487793 -6.889549255371094 -8.553548812866211 0.2
-2.4713997840881348 -6.7420501708984375 -8.669748306274414 0.2
-2.4460296630859375 -6.5527496337890625 -8.757648468017578 0.2
-2.3723297119140625 -6.357551574707031 -8.77094841003418 0.2
-2.3343095779418945 -6.187252044677734 -8.659448623657227 0.2
-2.474879741668701 -6.120250701904297 -8.533849716186523 0.2
-2.6677799224853516 -6.187751770019531 -8.55474853515625 0.2
-2.7779998779296875 -6.323249816894531 -8.669649124145508 0.2
-2.7666897773742676 -6.503650665283203 -8.77764892578125 0.2
-2.6687097549438477 -6.685352325439453 -8.81104850769043 0.2
-2.5890798568725586 -6.8634490966796875 -8.742948532104492 0.2
-2.6616597175598145 -6.976451873779297 -8.591148376464844 0.2
-2.859839916229248 -6.957752227783203 -8.551149368286133 0.2
-3.016849994659424 -6.847751617431641 -8.632148742675781 0.2
-3.072019577026367 -6.676849365234375 -8.743648529052734 0.2
-3.0140695571899414 -6.485950469970703 -8.805049896240234 0.2
-2.9364895820617676 -6.2951507568359375 -8.78074836730957 0.2
-2.9536499977111816 -6.165752410888672 -8.623449325561523 0.2
-3.1205296516418457 -6.180351257324219 -8.511249542236328 0.2
-3.2893495559692383 -6.297050476074219 -8.536949157714844 0.2
-3.373189926147461 -6.465751647949219 -8.634550094604492 0.2
-3.3295998573303223 -6.65264892578125 -8.715848922729492 0.2
-3.2309999465942383 -6.835052490234375 -8.73484992980957 0.2
-3.168579578399658 -6.982749938964844 -8.605949401855469 0.2
-3.2784199714660645 -7.017749786376953 -8.441648483276367 0.2
-3.46636962890625 -6.9407501220703125 -8.408248901367188 0.2
-3.609309673309326 -6.801151275634766 -8.477548599243164 0.2
-3.6311497688293457 -6.61614990234375 -8.57094955444336 0.2
-3.5687198638916016 -6.425849914550781 -8.630149841308594 0.2
-3.4877896308898926 -6.250049591064453 -8.557849884033203 0.2
-3.5286197662353516 -6.185150146484375 -8.371648788452148 0.2
-3.6891098022460938 -6.260749816894531 -8.269149780273438 0.2
-3.839979648590088 -6.407051086425781 -8.283248901367188 0.2
-3.8874998092651367 -6.594051361083984 -8.363048553466797 0.2
-3.8320698738098145 -6.7781524658203125 -8.44474983215332 0.2
-3.721409797668457 -6.951549530029297 -8.423849105834961 0.2
-3.677849769592285 -7.036350250244141 -8.24544906616211 0.2
-3.7950596809387207 -6.991649627685547 -8.084049224853516 0.2
-3.9592199325561523 -6.871452331542969 -8.038448333740234 0.2
-4.063699722290039 -6.6972503662109375 -8.096549987792969 0.2
-4.062429904937744 -6.509349822998047 -8.187149047851562 0.2
-3.980679988861084 -6.320850372314453 -8.218448638916016 0.2
-3.8929996490478516 -6.196449279785156 -8.083349227905273 0.2
-3.9611597061157227 -6.210151672363281 -7.8923492431640625 0.2
-4.109979629516602 -6.316852569580078 -7.793249130249023 0.2
-4.232699871063232 -6.4819488525390625 -7.828649520874023 0.2
-4.23915958404541 -6.673351287841797 -7.917148590087891 0.2
-4.163129806518555 -6.860950469970703 -7.969449996948242 0.2
-4.048029899597168 -7.018352508544922 -7.89954948425293 0.2
-4.091509819030762 -7.098651885986328 -7.721048355102539 0.2
-4.2784199714660645 -7.0675506591796875 -7.642549514770508 0.2
-4.451619625091553 -6.96514892578125 -7.690948486328125 0.2
-4.519479751586914 -6.799751281738281 -7.804849624633789 0.2
-4.477039813995361 -6.607452392578125 -7.874549865722656 0.2
-4.3978495597839355 -6.4154510498046875 -7.861949920654297 0.2
-4.391119956970215 -6.271251678466797 -7.7160491943359375 0.2
-4.555899620056152 -6.256752014160156 -7.6031494140625 0.2
-4.732769966125488 -6.357250213623047 -7.637149810791016 0.2
-4.826779842376709 -6.513751983642578 -7.745149612426758 0.2
-4.792119979858398 -6.698951721191406 -7.833549499511719 0.2
-4.693179607391357 -6.8802490234375 -7.861749649047852 0.2
-4.629279613494873 -7.04315185546875 -7.752649307250977 0.2
-4.730869770050049 -7.100849151611328 -7.589149475097656 0.2
-4.919749736785889 -7.03125 -7.549449920654297 0.2
-5.068419456481934 -6.892749786376953 -7.609249114990234 0.2
-5.096320152282715 -6.708251953125 -7.700649261474609 0.2
-5.034319877624512 -6.519451141357422 -7.7644500732421875 0.2
-4.952859878540039 -6.341548919677734 -7.699348449707031 0.2
-4.979629993438721 -6.276050567626953 -7.510349273681641 0.2
-5.128239631652832 -6.354450225830078 -7.39324951171875 0.2
-5.275050163269043 -6.503452301025391 -7.396049499511719 0.2
-5.32742977142334 -6.692852020263672 -7.471549987792969 0.2
-5.279069900512695 -6.880950927734375 -7.547849655151367 0.2
-5.164429664611816 -7.0534515380859375 -7.5379486083984375 0.2
-5.100569725036621 -7.146049499511719 -7.369850158691406 0.2
-5.216099739074707 -7.119152069091797 -7.205549240112305 0.2
-5.3932600021362305 -7.0191497802734375 -7.16404914855957 0.2
-5.521049499511719 -6.865650177001953 -7.233348846435547 0.2
-5.532179832458496 -6.683448791503906 -7.33384895324707 0.2
-5.46968936920166 -6.491649627685547 -7.38494873046875 0.2
-5.389780044555664 -6.334751129150391 -7.280550003051758 0.2
-5.459690093994141 -6.311851501464844 -7.094049453735352 0.2
-5.617509841918945 -6.4143524169921875 -7.008649826049805 0.2
-5.747049331665039 -6.579250335693359 -7.033449172973633 0.2
-5.760629653930664 -6.772151947021484 -7.111148834228516 0.2
-5.684809684753418 -6.957050323486328 -7.171548843383789 0.2
-5.562419891357422 -7.108951568603516 -7.107049942016602 0.2
-5.559929847717285 -7.159049987792969 -6.913049697875977 0.2
-5.708769798278809 -7.095451354980469 -6.7868499755859375 0.2
-5.876489639282227 -6.969348907470703 -6.782148361206055 0.2
-5.962160110473633 -6.795249938964844 -6.861349105834961 0.2
-5.948599815368652 -6.610649108886719 -6.958349227905273 0.2
-5.859399795532227 -6.425251007080078 -6.966650009155273 0.2
-5.797289848327637 -6.324649810791016 -6.802848815917969 0.2
-5.880000114440918 -6.372749328613281 -6.62244987487793 0.2
-6.019789695739746 -6.506649017333984 -6.549049377441406 0.2
-6.114219665527344 -6.6925506591796875 -6.587648391723633 0.2
-6.10161018371582 -6.884952545166016 -6.668249130249023 0.2
-6.005990028381348 -7.065151214599609 -6.705450057983398 0.2
-5.887869834899902 -7.181751251220703 -6.586750030517578 0.2
-5.93865966796875 -7.186649322509766 -6.392049789428711 0.2
-6.103650093078613 -7.102851867675781 -6.300249099731445 0.2
-6.2593793869018555 -6.964649200439453 -6.330648422241211 0.2
-6.309639930725098 -6.785350799560547 -6.426248550415039 0.2
-6.272749900817871 -6.596149444580078 -6.505449295043945 0.2
-6.174160003662109 -6.418449401855469 -6.462949752807617 0.2
-6.176329612731934 -6.341251373291016 -6.2785491943359375 0.2
-6.317739486694336 -6.409950256347656 -6.147548675537109 0.2
-6.46951961517334 -6.553852081298828 -6.136650085449219 0.2
-6.532340049743652 -6.742851257324219 -6.204549789428711 0.2
-6.486379623413086 -6.931251525878906 -6.281549453735352 0.2
-6.37278938293457 -7.104850769042969 -6.277750015258789 0.2
-6.303609848022461 -7.2037506103515625 -6.114849090576172 0.2
-6.414609909057617 -7.178951263427734 -5.947649002075195 0.2
-6.58843994140625 -7.073051452636719 -5.902149200439453 0.2
-6.713799476623535 -6.911651611328125 -5.954648971557617 0.2
-6.727109909057617 -6.728252410888672 -6.0527496337890625 0.2
-6.664219856262207 -6.537849426269531 -6.108049392700195 0.2
-6.566229820251465 -6.392250061035156 -6.003549575805664 0.2
-6.599089622497559 -6.39105224609375 -5.80474853515625 0.2
-6.728360176086426 -6.504852294921875 -5.689048767089844 0.2
-6.851289749145508 -6.677349090576172 -5.68644905090332 0.2
-6.875579833984375 -6.871551513671875 -5.758548736572266 0.2
-6.816379547119141 -7.059349060058594 -5.827848434448242 0.2
-6.677760124206543 -7.203052520751953 -5.780149459838867 0.2
-6.6379899978637695 -7.232952117919922 -5.585849761962891 0.2
-6.753259658813477 -7.155952453613281 -5.433248519897461 0.2
-6.911870002746582 -7.023052215576172 -5.396949768066406 0.2
-7.004599571228027 -6.846649169921875 -5.462549209594727 0.2
-7.007499694824219 -6.661449432373047 -5.559848785400391 0.2
-6.914549827575684 -6.478851318359375 -5.584148406982422 0.2
-6.824679374694824 -6.381252288818359 -5.432548522949219 0.2
-6.881699562072754 -6.429248809814453 -5.242149353027344 0.2
-7.011499404907227 -6.562950134277344 -5.14995002746582 0.2
-7.110899925231934 -6.749351501464844 -5.169349670410156 0.2
-7.112500190734863 -6.942352294921875 -5.249549865722656 0.2
-7.025599479675293 -7.123649597167969 -5.300849914550781 0.2
-6.8882293701171875 -7.2364501953125 -5.200550079345703 0.2
-6.899359703063965 -7.227649688720703 -4.999349594116211 0.2
-7.035900115966797 -7.129650115966797 -4.878749847412109 0.2
-7.183099746704102 -6.976650238037109 -4.873149871826172 0.2
-7.2428998947143555 -6.793750762939453 -4.9548492431640625 0.2
-7.220600128173828 -6.60565185546875 -5.041849136352539 0.2
-7.099800109863281 -6.4396514892578125 -5.016448974609375 0.2
-7.044699668884277 -6.389850616455078 -4.8298492431640625 0.2
-7.129899978637695 -6.473049163818359 -4.661149978637695 0.2
-7.261899948120117 -6.625148773193359 -4.602449417114258 0.2
-7.3324995040893555 -6.8182525634765625 -4.649749755859375 0.2
-7.314599990844727 -7.010951995849609 -4.728748321533203 0.2
-7.197400093078613 -7.181751251220703 -4.750848770141602 0.2
-7.087800025939941 -7.268352508544922 -4.605548858642578 0.2
-7.154199600219727 -7.234149932861328 -4.416248321533203 0.2
-7.30989933013916 -7.126251220703125 -4.329248428344727 0.2
-7.442699432373047 -6.963951110839844 -4.360748291015625 0.2
-7.47499942779541 -6.779350280761719 -4.4530487060546875 0.2
-7.424099922180176 -6.588649749755859 -4.520750045776367 0.2
-7.309199333190918 -6.436851501464844 -4.444250106811523 0.2
-7.318900108337402 -6.418449401855469 -4.243949890136719 0.2
-7.442999839782715 -6.520648956298828 -4.112548828125 0.2
-7.573999404907227 -6.686351776123047 -4.098649978637695 0.2
-7.610499382019043 -6.882450103759766 -4.163549423217773 0.2
-7.562199592590332 -7.072650909423828 -4.2366485595703125 0.2
-7.4285993576049805 -7.228450775146484 -4.214448928833008 0.2
-7.368899345397949 -7.283851623535156 -4.030948638916016 0.2
-7.477199554443359 -7.224151611328125 -3.866548538208008 0.2
-7.639900207519531 -7.1009521484375 -3.817150115966797 0.2
-7.745100021362305 -6.927051544189453 -3.8723487854003906 0.2
-7.756699562072754 -6.742351531982422 -3.9708499908447266 0.2
-7.680899620056152 -6.553951263427734 -4.01154899597168 0.2
-7.5802001953125 -6.438152313232422 -3.8786487579345703 0.2
-7.6190996170043945 -6.472049713134766 -3.6813488006591797 0.2
-7.741700172424316 -6.602149963378906 -3.574949264526367 0.2
-7.843799591064453 -6.788848876953125 -3.5793495178222656 0.2
-7.850500106811523 -6.985149383544922 -3.6518497467041016 0.2
-7.774700164794922 -7.1694488525390625 -3.712648391723633 0.2
-7.626199722290039 -7.2893524169921875 -3.6369495391845703 0.2
-7.60569953918457 -7.288951873779297 -3.436248779296875 0.2
-7.726200103759766 -7.197750091552734 -3.294748306274414 0.2
-7.877699851989746 -7.0509490966796875 -3.2680492401123047 0.2
-7.953100204467773 -6.870349884033203 -3.342449188232422 0.2
-7.951399803161621 -6.683349609375 -3.4360485076904297 0.2
-7.839799880981445 -6.508552551269531 -3.435649871826172 0.2
-7.759300231933594 -6.445549011230469 -3.262248992919922 0.2
-7.819199562072754 -6.522651672363281 -3.080148696899414 0.2
-7.938399314880371 -6.675750732421875 -2.998149871826172 0.2
-8.0068998336792 -6.873149871826172 -3.026449203491211 0.2
-7.994699478149414 -7.067951202392578 -3.1027488708496094 0.2
-7.8802995681762695 -7.238250732421875 -3.1401500701904297 0.2
-7.744899749755859 -7.318050384521484 -3.012948989868164 0.2
-7.773799896240234 -7.277549743652344 -2.8146495819091797 0.2
-7.908999443054199 -7.166751861572266 -2.699850082397461 0.2
-8.041600227355957 -7.001350402832031 -2.7076492309570312 0.2
-8.09280014038086 -6.817852020263672 -2.7949485778808594 0.2
-8.059399604797363 -6.627651214599609 -2.8751487731933594 0.2
-7.928500175476074 -6.478549957275391 -2.823049545288086 0.2
-7.89109992980957 -6.467250823974609 -2.624448776245117 0.2
-7.974499702453613 -6.571750640869141 -2.4643497467041016 0.2
-8.089699745178223 -6.744251251220703 -2.418548583984375 0.2
-8.129399299621582 -6.944149017333984 -2.469348907470703 0.2
-8.094099998474121 -7.1365509033203125 -2.5454483032226562 0.2
-7.9524993896484375 -7.287250518798828 -2.5468482971191406 0.2
-7.8578996658325195 -7.33074951171875 -2.3747501373291016 0.2
-7.929100036621094 -7.265750885009766 -2.191648483276367 0.2
-8.076700210571289 -7.139350891113281 -2.111448287963867 0.2
-8.185799598693848 -6.962551116943359 -2.149749755859375 0.2
-8.21519947052002 -6.77655029296875 -2.242748260498047 0.2
-8.148200035095215 -6.588249206542969 -2.300548553466797 0.2
-8.024499893188477 -6.469451904296875 -2.1918487548828125 0.2
-8.033499717712402 -6.496452331542969 -1.9895496368408203 0.2
-8.142099380493164 -6.621250152587891 -1.862548828125 0.2
-8.241999626159668 -6.808551788330078 -1.846649169921875 0.2
-8.2568998336792 -7.007652282714844 -1.9110488891601562 0.2
-8.196599960327148 -7.195350646972656 -1.9808483123779297 0.2
-8.039199829101562 -7.32135009765625 -1.9377498626708984 0.2
-7.973299980163574 -7.329250335693359 -1.7461490631103516 0.2
-8.050999641418457 -7.245849609375 -1.5727500915527344 0.2
-8.190099716186523 -7.097450256347656 -1.5127487182617188 0.2
-8.269899368286133 -6.9125518798828125 -1.5715484619140625 0.2
-8.276399612426758 -6.722949981689453 -1.6606483459472656 0.2
-8.163199424743652 -6.5478515625 -1.6810493469238281 0.2
-8.062199592590332 -6.478450775146484 -1.522348403930664 0.2
-8.113299369812012 -6.546150207519531 -1.3339500427246094 0.2
-8.231499671936035 -6.693450927734375 -1.2398490905761719 0.2
-8.302299499511719 -6.891349792480469 -1.2573490142822266 0.2
-8.298699378967285 -7.0881500244140625 -1.3305492401123047 0.2
-8.19890022277832 -7.263751983642578 -1.3853492736816406 0.2
-8.044899940490723 -7.354148864746094 -1.2880496978759766 0.2
-8.031399726867676 -7.325950622558594 -1.0850486755371094 0.2
-8.136300086975098 -7.22235107421875 -0.9372501373291016 0.2
-8.267499923706055 -7.055351257324219 -0.9220485687255859 0.2
-8.315899848937988 -6.8652496337890625 -0.9965496063232422 0.2
-8.280900001525879 -6.673252105712891 -1.0751495361328125 0.2
-8.148900032043457 -6.518550872802734 -1.037149429321289 0.2
-8.118599891662598 -6.488349914550781 -0.8394489288330078 0.2
-8.220799446105957 -6.573249816894531 -0.6781482696533203 0.2
-8.3464994430542 -6.735149383544922 -0.6280498504638672 0.2
-8.387800216674805 -6.934551239013672 -0.6790485382080078 0.2
-8.363699913024902 -7.127849578857422 -0.7591495513916016 0.2
-8.239099502563477 -7.2922515869140625 -0.7847499847412109 0.2
-8.104000091552734 -7.359649658203125 -0.6470489501953125 0.2
-8.091599464416504 -7.327449798583984 -0.4413490295410156 0.2
-8.197199821472168 -7.210849761962891 -0.3078498840332031 0.2
-8.307700157165527 -7.029949188232422 -0.3278484344482422 0.2
-8.324399948120117 -6.840850830078125 -0.41774940490722656 0.2
-8.242899894714355 -6.653251647949219 -0.4703483581542969 0.2
-8.134200096130371 -6.52764892578125 -0.3537483215332031 0.2
-8.16879940032959 -6.535350799560547 -0.1506500244140625 0.2
-8.293600082397461 -6.639350891113281 -0.019948959350585938 0.2
-8.397099494934082 -6.822052001953125 -0.015748977661132812 0.2
-8.409699440002441 -7.017551422119141 -0.09154891967773438 0.2
-8.356900215148926 -7.206748962402344 -0.16464996337890625 0.2
-8.204899787902832 -7.344749450683594 -0.1329498291015625 0.2
-8.096599578857422 -7.382652282714844 0.039150238037109375 0.2
-8.105599403381348 -7.332851409912109 0.23925018310546875 0.2
-8.234399795532227 -7.188751220703125 0.31585121154785156 0.2
-8.31089973449707 -7.002349853515625 0.2539501190185547 0.2
-8.298999786376953 -6.811450958251953 0.1667499542236328 0.2
-8.186200141906738 -6.631252288818359 0.15904998779296875 0.2
-8.120499610900879 -6.541049957275391 0.326751708984375 0.2
-8.199699401855469 -6.575950622558594 0.5159511566162109 0.2
-8.339300155639648 -6.700550079345703 0.6089515686035156 0.2
-8.415200233459473 -6.892250061035156 0.5742511749267578 0.2
-8.40619945526123 -7.085849761962891 0.4922504425048828 0.2
-8.31779956817627 -7.270050048828125 0.4472503662109375 0.2
-8.167099952697754 -7.385051727294922 0.5325508117675781 0.2
-8.086400032043457 -7.4134521484375 0.7231502532958984 0.2
-8.14699935913086 -7.342350006103516 0.9036502838134766 0.2
-8.28179931640625 -7.179649353027344 0.9152507781982422 0.2
-8.327199935913086 -6.991352081298828 0.8332500457763672 0.2
-8.289299964904785 -6.797351837158203 0.7601509094238281 0.2
-8.168099403381348 -6.632450103759766 0.8066501617431641 0.2
-8.137999534606934 -6.581851959228516 1.0032501220703125 0.2
-8.221799850463867 -6.6376495361328125 1.1862506866455078 0.2
-8.351499557495117 -6.791450500488281 1.2419509887695312 0.2
-8.393599510192871 -6.987850189208984 1.181051254272461 0.2
-8.365900039672852 -7.180950164794922 1.1018505096435547 0.2
-8.242499351501465 -7.349750518798828 1.092550277709961 0.2
-8.102399826049805 -7.435649871826172 1.220651626586914 0.2
-8.058199882507324 -7.437751770019531 1.4231510162353516 0.2
-8.170100212097168 -7.329051971435547 1.5541515350341797 0.2
-8.279699325561523 -7.149951934814453 1.5210514068603516 0.2
-8.299599647521973 -6.9591522216796875 1.4350509643554688 0.2
-8.227700233459473 -6.766448974609375 1.3869514465332031 0.2
-8.110799789428711 -6.634151458740234 1.4915504455566406 0.2
-8.102499961853027 -6.618049621582031 1.698751449584961 0.2
-8.199699401855469 -6.7019500732421875 1.8598499298095703 0.2
-8.31309986114502 -6.878452301025391 1.8705501556396484 0.2
-8.329500198364258 -7.0733489990234375 1.7938499450683594 0.2
-8.276100158691406 -7.264850616455078 1.7269515991210938 0.2
-8.130999565124512 -7.412052154541016 1.7635517120361328 0.2
-8.025199890136719 -7.47344970703125 1.9312515258789062 0.2
-8.042900085449219 -7.4443511962890625 2.133251190185547 0.2
-8.17959976196289 -7.305450439453125 2.2055511474609375 0.2
-8.251299858093262 -7.117549896240234 2.144550323486328 0.2
-8.248700141906738 -6.924152374267578 2.0620498657226562 0.2
-8.142099380493164 -6.740650177001953 2.0517501831054688 0.2
-8.037199974060059 -6.646049499511719 2.2001514434814453 0.2
-8.038000106811523 -6.655952453613281 2.4088516235351562 0.2
-8.14900016784668 -6.774349212646484 2.5350513458251953 0.2
-8.231999397277832 -6.9649505615234375 2.505451202392578 0.2
-8.230400085449219 -7.15875244140625 2.4228515625 0.2
-8.141900062561035 -7.344551086425781 2.3763504028320312 0.2
-7.9975996017456055 -7.464550018310547 2.465150833129883 0.2
-7.939099311828613 -7.494651794433594 2.663850784301758 0.2
-8.011899948120117 -7.426052093505859 2.842550277709961 0.2
-8.139299392700195 -7.259449005126953 2.8599510192871094 0.2
-8.181699752807617 -7.0682525634765625 2.7817516326904297 0.2
-8.15049934387207 -6.873149871826172 2.7084503173828125 0.2
-8.019100189208984 -6.712249755859375 2.740550994873047 0.2
-7.934399604797363 -6.6589508056640625 2.9229507446289062 0.2
-7.958799362182617 -6.7048492431640625 3.1246509552001953 0.2
-8.077899932861328 -6.858650207519531 3.201150894165039 0.2
-8.131199836730957 -7.054950714111328 3.1458511352539062 0.2
-8.11259937286377 -7.248851776123047 3.064950942993164 0.2
-7.990399360656738 -7.419750213623047 3.0461502075195312 0.2
-7.863100051879883 -7.504749298095703 3.185150146484375 0.2
-7.839900016784668 -7.500949859619141 3.3931503295898438 0.2
-7.947699546813965 -7.390750885009766 3.5303516387939453 0.2
-8.048600196838379 -7.206249237060547 3.5086517333984375 0.2
-8.07289981842041 -7.015449523925781 3.4218502044677734 0.2
-8.005399703979492 -6.824150085449219 3.3651504516601562 0.2
-7.862799644470215 -6.700050354003906 3.4485511779785156 0.2
-7.798199653625488 -6.685150146484375 3.647350311279297 0.2
-7.853400230407715 -6.769950866699219 3.826650619506836 0.2
-7.962299346923828 -6.9483489990234375 3.857450485229492 0.2
-7.993999481201172 -7.144248962402344 3.7858505249023438 0.2
-7.951399803161621 -7.3370513916015625 3.7125511169433594 0.2
-7.802599906921387 -7.482551574707031 3.7354507446289062 0.2
-7.695199966430664 -7.5321502685546875 3.906351089477539 0.2
-7.702199935913086 -7.493049621582031 4.109750747680664 0.2
-7.822299957275391 -7.34735107421875 4.199951171875 0.2
-7.8949995040893555 -7.157051086425781 4.146551132202148 0.2
-7.902899742126465 -6.96514892578125 4.059150695800781 0.2
-7.792599678039551 -6.786750793457031 4.029850006103516 0.2
-7.655399322509766 -6.7037506103515625 4.159250259399414 0.2
-7.612699508666992 -6.721752166748047 4.364049911499023 0.2
-7.694700241088867 -6.843250274658203 4.509950637817383 0.2
-7.780900001525879 -7.035251617431641 4.498750686645508 0.2
-7.799300193786621 -7.230350494384766 4.41925048828125 0.2
-7.719699859619141 -7.416851043701172 4.358251571655273 0.2
-7.560999870300293 -7.5303497314453125 4.428150177001953 0.2
-7.473999977111816 -7.549350738525391 4.6188507080078125 0.2
-7.512999534606934 -7.473152160644531 4.806951522827148 0.2
-7.627999305725098 -7.301250457763672 4.846651077270508 0.2
-7.683199882507324 -7.1105499267578125 4.7727508544921875 0.2
-7.664699554443359 -6.916950225830078 4.689950942993164 0.2
-7.521900177001953 -6.763252258300781 4.6961517333984375 0.2
-7.397500038146973 -6.719150543212891 4.858650207519531 0.2
-7.375499725341797 -6.768550872802734 5.0610504150390625 0.2
-7.472499847412109 -6.923252105712891 5.164051055908203 0.2
-7.537899971008301 -7.120349884033203 5.123149871826172 0.2
-7.541199684143066 -7.315952301025391 5.041851043701172 0.2
-7.423999786376953 -7.486351013183594 5.0003509521484375 0.2
-7.267999649047852 -7.564151763916016 5.113750457763672 0.2
-7.196800231933594 -7.554351806640625 5.311851501464844 0.2
-7.266200065612793 -7.4396514892578125 5.470251083374023 0.2
-7.3660993576049805 -7.252952575683594 5.468450546264648 0.2
-7.410900115966797 -7.063251495361328 5.384851455688477 0.2
-7.356100082397461 -6.873451232910156 5.310649871826172 0.2
-7.192999839782715 -6.755451202392578 5.360050201416016 0.2
-7.07919979095459 -6.743251800537109 5.537250518798828 0.2
-7.085199356079102 -6.825649261474609 5.727451324462891 0.2
-7.182299613952637 -7.003452301025391 5.788051605224609 0.2
-7.233399391174316 -7.200252532958984 5.727750778198242 0.2
-7.212100028991699 -7.394950866699219 5.648050308227539 0.2
-7.061200141906738 -7.540050506591797 5.639850616455078 0.2
-6.91609001159668 -7.586250305175781 5.783750534057617 0.2
-6.870729446411133 -7.547550201416016 5.984149932861328 0.2
-6.962209701538086 -7.402149200439453 6.103750228881836 0.2
-7.045599937438965 -7.211250305175781 6.066450119018555 0.2
-7.076000213623047 -7.020450592041016 5.978950500488281 0.2
-6.977129936218262 -6.842151641845703 5.921350479125977 0.2
-6.810329437255859 -6.759151458740234 6.012750625610352 0.2
-6.715519905090332 -6.773448944091797 6.205350875854492 0.2
-6.762089729309082 -6.898151397705078 6.379150390625 0.2
-6.8519697189331055 -7.1022491455078125 6.382251739501953 0.2
-6.885369300842285 -7.309650421142578 6.302450180053711 0.2
-6.789979934692383 -7.500652313232422 6.236650466918945 0.2
-6.610799789428711 -7.592449188232422 6.322050094604492 0.2
-6.509559631347656 -7.585151672363281 6.521251678466797 0.2
-6.561610221862793 -7.464252471923828 6.695751190185547 0.2
-6.661680221557617 -7.265048980712891 6.6925506591796875 0.2
-6.709770202636719 -7.064350128173828 6.602750778198242 0.2
-6.628049850463867 -6.870349884033203 6.527950286865234 0.2
-6.447360038757324 -6.7745513916015625 6.605350494384766 0.2
