-19.68079948425293 8.96084976196289 4.218151092529297 0.2
-19.620698928833008 9.101749420166016 4.09105110168457 0.2
-19.69339942932129 9.264350891113281 3.993650436401367 0.2
-19.8302001953125 9.403549194335938 3.9337501525878906 0.2
-19.967899322509766 9.53594970703125 3.988950729370117 0.2
-19.98419952392578 9.59885025024414 4.172750473022461 0.2
-19.860700607299805 9.548450469970703 4.3269500732421875 0.2
-19.69369888305664 9.46364974975586 4.407951354980469 0.2
-19.565399169921875 9.3094482421875 4.386051177978516 0.2
-19.53019905090332 9.11574935913086 4.340850830078125 0.2
-19.532400131225586 8.957950592041016 4.464351654052734 0.2
-19.545400619506836 8.878849029541016 4.65315055847168 0.2
-19.654199600219727 8.885547637939453 4.820850372314453 0.2
-19.80430030822754 9.011051177978516 4.880350112915039 0.2
-19.91499900817871 9.193950653076172 4.847751617431641 0.2
-19.906299591064453 9.383148193359375 4.752349853515625 0.2
-19.735599517822266 9.447250366210938 4.65355110168457 0.2
-19.544898986816406 9.346748352050781 4.65625 0.2
-19.370899200439453 9.229148864746094 4.712150573730469 0.2
-19.205900192260742 9.133350372314453 4.810550689697266 0.2
-19.065000534057617 9.141651153564453 4.972751617431641 0.2
-19.02079963684082 9.185848236083984 5.17595100402832 0.2
-19.159099578857422 9.151748657226562 5.327451705932617 0.2
-19.339399337768555 9.046249389648438 5.295949935913086 0.2
-19.45639991760254 8.937149047851562 5.15155029296875 0.2
-19.466800689697266 8.867050170898438 4.955650329589844 0.2
-19.33139991760254 8.8802490234375 4.809350967407227 0.2
-19.131000518798828 8.898948669433594 4.781551361083984 0.2
-18.932100296020508 8.863750457763672 4.810251235961914 0.2
-18.765499114990234 8.88344955444336 4.919651031494141 0.2
-18.72209930419922 8.96944808959961 5.097850799560547 0.2
-18.68709945678711 9.000648498535156 5.299449920654297 0.2
-18.591100692749023 9.01314926147461 5.477750778198242 0.2
-18.39929962158203 9.045650482177734 5.513450622558594 0.2
-18.25629997253418 9.02655029296875 5.377950668334961 0.2
-18.252399444580078 8.95574951171875 5.189750671386719 0.2
-18.329299926757812 8.860748291015625 5.0274505615234375 0.2
-18.442800521850586 8.722949981689453 4.934450149536133 0.2
-18.508800506591797 8.54745101928711 4.9967498779296875 0.2
-18.533300399780273 8.435649871826172 5.165950775146484 0.2
-18.600500106811523 8.410747528076172 5.355051040649414 0.2
-18.64699935913086 8.54494857788086 5.496650695800781 0.2
-18.599300384521484 8.678848266601562 5.6365509033203125 0.2
-18.47439956665039 8.681449890136719 5.800750732421875 0.2
-18.430700302124023 8.606849670410156 5.978351593017578 0.2
-18.521900177001953 8.456348419189453 6.068750381469727 0.2
-18.642499923706055 8.323749542236328 5.983449935913086 0.2
-18.697599411010742 8.273948669433594 5.795949935913086 0.2
-18.667999267578125 8.253650665283203 5.596950531005859 0.2
-18.52680015563965 8.187149047851562 5.475650787353516 0.2
-18.351999282836914 8.082847595214844 5.487251281738281 0.2
-18.15690040588379 8.026348114013672 5.546550750732422 0.2
-18.00819969177246 8.163948059082031 5.57965087890625 0.2
-18.05660057067871 8.367149353027344 5.587150573730469 0.2
-18.19649887084961 8.499347686767578 5.674551010131836 0.2
-18.25589942932129 8.506950378417969 5.873750686645508 0.2
-18.220600128173828 8.422847747802734 6.071651458740234 0.2
-18.090200424194336 8.364448547363281 6.230251312255859 0.2
-17.917600631713867 8.255950927734375 6.205150604248047 0.2
-17.849699020385742 8.166248321533203 6.026151657104492 0.2
-17.89419937133789 8.079349517822266 5.836650848388672 0.2
-18.039199829101562 7.947948455810547 5.76915168762207 0.2
-18.177200317382812 7.8305511474609375 5.882051467895508 0.2
-18.30620002746582 7.761447906494141 6.036750793457031 0.2
-18.44529914855957 7.872650146484375 6.140951156616211 0.2
-18.47760009765625 8.083049774169922 6.137851715087891 0.2
-18.40220069885254 8.276050567626953 6.175350189208984 0.2
-18.2864990234375 8.32965087890625 6.340551376342773 0.2
-18.22010040283203 8.219650268554688 6.509851455688477 0.2
-18.223499298095703 8.051349639892578 6.646051406860352 0.2
-18.31049919128418 7.863849639892578 6.6636505126953125 0.2
-18.400999069213867 7.753650665283203 6.506650924682617 0.2
-18.374300003051758 7.670448303222656 6.314750671386719 0.2
-18.203800201416016 7.5668487548828125 6.259851455688477 0.2
-18.029699325561523 7.474948883056641 6.3511505126953125 0.2
-17.847599029541016 7.490749359130859 6.454351425170898 0.2
-17.743499755859375 7.669948577880859 6.47035026550293 0.2
-17.78849983215332 7.874748229980469 6.428350448608398 0.2
-17.92099952697754 8.026649475097656 6.483449935913086 0.2
-18.022899627685547 8.009849548339844 6.662651062011719 0.2
-18.033100128173828 7.883750915527344 6.8399505615234375 0.2
-17.990699768066406 7.7532501220703125 7.008451461791992 0.2
-17.890100479125977 7.582149505615234 7.07185173034668 0.2
-17.776899337768555 7.4671478271484375 6.937950134277344 0.2
-17.763099670410156 7.411548614501953 6.732551574707031 0.2
-17.904399871826172 7.321647644042969 6.612051010131836 0.2
-18.086299896240234 7.221248626708984 6.6683502197265625 0.2
-18.282299041748047 7.183750152587891 6.769750595092773 0.2
-18.413000106811523 7.351947784423828 6.818450927734375 0.2
-18.361099243164062 7.572849273681641 6.820150375366211 0.2
-18.233200073242188 7.719749450683594 6.925251007080078 0.2
-18.17840003967285 7.687950134277344 7.13945198059082 0.2
-18.22170066833496 7.556850433349609 7.321451187133789 0.2
-18.354400634765625 7.404750823974609 7.420751571655273 0.2
-18.485000610351562 7.2684478759765625 7.307352066040039 0.2
-18.49449920654297 7.186748504638672 7.094549179077148 0.2
-18.373699188232422 7.053249359130859 6.966850280761719 0.2
-18.234699249267578 6.901248931884766 7.055349349975586 0.2
-18.108600616455078 6.816150665283203 7.23805046081543 0.2
-17.953100204467773 6.945148468017578 7.352151870727539 0.2
-17.921899795532227 7.183750152587891 7.335550308227539 0.2
-18.037899017333984 7.374050140380859 7.403852462768555 0.2
-18.1875 7.353450775146484 7.587152481079102 0.2
-18.275299072265625 7.204048156738281 7.760049819946289 0.2
-18.239599227905273 6.987548828125 7.84174919128418 0.2
-18.115400314331055 6.832847595214844 7.708650588989258 0.2
-18.101299285888672 6.735347747802734 7.491052627563477 0.2
-18.28890037536621 6.632350921630859 7.393548965454102 0.2
-18.52589988708496 6.5827484130859375 7.429750442504883 0.2
-18.69409942626953 6.743648529052734 7.439352035522461 0.2
-18.64080047607422 6.977748870849609 7.446950912475586 0.2
-18.5093994140625 7.148548126220703 7.551950454711914 0.2
-18.494699478149414 7.158748626708984 7.785150527954102 0.2
-18.61509895324707 7.03594970703125 7.957250595092773 0.2
-18.80500030517578 6.899547576904297 8.020151138305664 0.2
-18.931499481201172 6.771049499511719 7.869749069213867 0.2
-18.883399963378906 6.666248321533203 7.65424919128418 0.2
-18.755199432373047 6.484748840332031 7.573652267456055 0.2
-18.71269989013672 6.286251068115234 7.702451705932617 0.2
-18.678600311279297 6.192951202392578 7.919252395629883 0.2
-18.555299758911133 6.32135009765625 8.073652267456055 0.2
-18.489599227905273 6.557548522949219 8.077749252319336 0.2
-18.58679962158203 6.769550323486328 8.114652633666992 0.2
-18.792098999023438 6.772449493408203 8.236551284790039 0.2
-18.945499420166016 6.629051208496094 8.364850997924805 0.2
-18.957799911499023 6.404850006103516 8.44325065612793 0.2
-18.836200714111328 6.221950531005859 8.343751907348633 0.2
-18.772600173950195 6.105350494384766 8.140649795532227 0.2
-18.91900062561035 6.006050109863281 7.981950759887695 0.2
-19.15850067138672 5.954048156738281 7.966852188110352 0.2
-19.326099395751953 6.1170501708984375 7.950952529907227 0.2
-19.26490020751953 6.350849151611328 7.97395133972168 0.2
-19.141599655151367 6.530849456787109 8.084550857543945 0.2
-19.15869903564453 6.570148468017578 8.316652297973633 0.2
-19.323200225830078 6.464748382568359 8.464250564575195 0.2
-19.529300689697266 6.334148406982422 8.479551315307617 0.2
-19.63599967956543 6.200950622558594 8.311849594116211 0.2
-19.56060028076172 6.07135009765625 8.114950180053711 0.2
-19.438899993896484 5.877948760986328 8.036550521850586 0.2
-19.438899993896484 5.659149169921875 8.142049789428711 0.2
-19.480899810791016 5.546848297119141 8.352750778198242 0.2
-19.39389991760254 5.658748626708984 8.543149948120117 0.2
-19.304899215698242 5.887451171875 8.580049514770508 0.2
-19.34309959411621 6.125450134277344 8.596651077270508 0.2
-19.561500549316406 6.198650360107422 8.660451889038086 0.2
-19.762300491333008 6.082550048828125 8.746950149536133 0.2
-19.837900161743164 5.8652496337890625 8.825651168823242 0.2
-19.737899780273438 5.649650573730469 8.773149490356445 0.2
-19.624399185180664 5.498050689697266 8.612051010131836 0.2
-19.683500289916992 5.378547668457031 8.410051345825195 0.2
-19.904399871826172 5.302249908447266 8.330251693725586 0.2
-20.094600677490234 5.434749603271484 8.275152206420898 0.2
-20.064199447631836 5.676349639892578 8.29224967956543 0.2
-19.94499969482422 5.876049041748047 8.385549545288086 0.2
-19.936899185180664 5.991748809814453 8.594549179077148 0.2
-20.115400314331055 5.940948486328125 8.754549026489258 0.2
-20.337900161743164 5.830150604248047 8.768251419067383 0.2
-20.46780014038086 5.695648193359375 8.613149642944336 0.2
-20.404300689697266 5.538349151611328 8.431249618530273 0.2
-20.28730010986328 5.345951080322266 8.326051712036133 0.2
-20.261798858642578 5.112850189208984 8.39164924621582 0.2
-20.378799438476562 4.969348907470703 8.557649612426758 0.2
-20.373600006103516 5.0256500244140625 8.790151596069336 0.2
-20.279600143432617 5.2386474609375 8.877351760864258 0.2
-20.2239990234375 5.481250762939453 8.897150039672852 0.2
-20.37540054321289 5.667549133300781 8.901948928833008 0.2
-20.62030029296875 5.639747619628906 8.936250686645508 0.2
-20.78969955444336 5.473751068115234 9.007749557495117 0.2
-20.76609992980957 5.230751037597656 9.019552230834961 0.2
-20.640499114990234 5.035148620605469 8.922449111938477 0.2
-20.58650016784668 4.874050140380859 8.743051528930664 0.2
-20.74289894104004 4.781848907470703 8.575651168823242 0.2
-20.955598831176758 4.8475494384765625 8.472951889038086 0.2
-20.968599319458008 5.088748931884766 8.444250106811523 0.2
-20.858200073242188 5.300849914550781 8.528951644897461 0.2
-20.798999786376953 5.483551025390625 8.686349868774414 0.2
-20.94879913330078 5.53485107421875 8.870351791381836 0.2
-21.1914005279541 5.474849700927734 8.896451950073242 0.2
-21.373300552368164 5.371547698974609 8.763750076293945 0.2
-21.350200653076172 5.197151184082031 8.588449478149414 0.2
-21.239900588989258 4.999347686767578 8.474149703979492 0.2
-21.182600021362305 4.7579498291015625 8.481950759887695 0.2
-21.3164005279541 4.580348968505859 8.59105110168457 0.2
-21.448598861694336 4.572349548339844 8.795351028442383 0.2
-21.398700714111328 4.748950958251953 8.961252212524414 0.2
-21.296199798583984 4.973350524902344 9.021150588989258 0.2
-21.288999557495117 5.221050262451172 9.022451400756836 0.2
-21.49970054626465 5.339847564697266 8.972650527954102 0.2
-21.74519920349121 5.277149200439453 8.972051620483398 0.2
-21.86479949951172 5.065948486328125 9.014852523803711 0.2
-21.79159927368164 4.8262481689453125 8.985151290893555 0.2
-21.684900283813477 4.613349914550781 8.895452499389648 0.2
-21.68470001220703 4.476047515869141 8.69005012512207 0.2
-21.865400314331055 4.477348327636719 8.51085090637207 0.2
-21.93160057067871 4.681949615478516 8.397649765014648 0.2
-21.845699310302734 4.908847808837891 8.470449447631836 0.2
-21.75349998474121 5.106349945068359 8.602350234985352 0.2
-21.82779884338379 5.259651184082031 8.77924919128418 0.2
-22.07379913330078 5.2843475341796875 8.82225227355957 0.2
-22.288000106811523 5.247249603271484 8.695852279663086 0.2
-22.320899963378906 5.103248596191406 8.496549606323242 0.2
-22.222400665283203 4.890750885009766 8.395551681518555 0.2
-22.142099380493164 4.65374755859375 8.349248886108398 0.2
-22.243900299072266 4.435550689697266 8.404451370239258 0.2
-22.483699798583984 4.391948699951172 8.480951309204102 0.2
-22.56169891357422 4.5126495361328125 8.680349349975586 0.2
-22.469499588012695 4.716449737548828 8.806150436401367 0.2
-22.371599197387695 4.941150665283203 8.881551742553711 0.2
-22.425100326538086 5.172847747802734 8.820150375366211 0.2
-22.64940071105957 5.238147735595703 8.718351364135742 0.2
-22.879499435424805 5.137847900390625 8.691652297973633 0.2
-22.923999786376953 4.892250061035156 8.685850143432617 0.2
-22.8439998626709 4.652549743652344 8.640748977661133 0.2
-22.763898849487305 4.446147918701172 8.517549514770508 0.2
-22.813600540161133 4.3894500732421875 8.281251907348633 0.2
-22.928800582885742 4.516750335693359 8.098749160766602 0.2
-22.867599487304688 4.758251190185547 8.086751937866211 0.2
-22.77280044555664 4.950748443603516 8.227750778198242 0.2
-22.731698989868164 5.1385498046875 8.396051406860352 0.2
-22.913400650024414 5.267448425292969 8.506952285766602 0.2
-23.148700714111328 5.312747955322266 8.41765022277832 0.2
-23.256999969482422 5.273750305175781 8.195150375366211 0.2
-23.201799392700195 5.078548431396484 8.044450759887695 0.2
-23.117700576782227 4.844150543212891 7.977849960327148 0.2
-23.129499435424805 4.591648101806641 7.963048934936523 0.2
-23.352800369262695 4.474948883056641 7.95775032043457 0.2
-23.58370018005371 4.537548065185547 8.034250259399414 0.2
-23.590099334716797 4.702449798583984 8.224149703979492 0.2
-23.48390007019043 4.889549255371094 8.365850448608398 0.2
-23.39389991760254 5.115047454833984 8.440549850463867 0.2
-23.461200714111328 5.327247619628906 8.330251693725586 0.2
-23.675899505615234 5.385948181152344 8.203351974487305 0.2
-23.881999969482422 5.254447937011719 8.149049758911133 0.2
-23.89150047302246 5.002349853515625 8.112749099731445 0.2
-23.83180046081543 4.758350372314453 8.059152603149414 0.2
-23.767099380493164 4.583549499511719 7.889852523803711 0.2
-23.83370018005371 4.611351013183594 7.649450302124023 0.2
-23.849599838256836 4.810649871826172 7.503049850463867 0.2
-23.74250030517578 5.026050567626953 7.582551956176758 0.2
-23.64929962158203 5.19384765625 7.754152297973633 0.2
-23.648500442504883 5.369350433349609 7.937150955200195 0.2
-23.85249900817871 5.508647918701172 7.976949691772461 0.2
-24.038000106811523 5.591148376464844 7.820550918579102 0.2
-24.07670021057129 5.548347473144531 7.577951431274414 0.2
-24.022600173950195 5.333049774169922 7.45305061340332 0.2
-23.972000122070312 5.087551116943359 7.391450881958008 0.2
-24.04829978942871 4.849449157714844 7.364351272583008 0.2
-24.292499542236328 4.810447692871094 7.310850143432617 0.2
-24.5039005279541 4.9317474365234375 7.367151260375977 0.2
-24.49989891052246 5.0948486328125 7.560552597045898 0.2
-24.39419937133789 5.257648468017578 7.729150772094727 0.2
-24.286399841308594 5.468151092529297 7.81755256652832 0.2
-24.302099227905273 5.683948516845703 7.693750381469727 0.2
-24.476499557495117 5.775848388671875 7.530649185180664 0.2
-24.6747989654541 5.663848876953125 7.429250717163086 0.2
-24.7096004486084 5.414947509765625 7.384252548217773 0.2
-24.689699172973633 5.16455078125 7.333749771118164 0.2
-24.622299194335938 5.002250671386719 7.156351089477539 0.2
-24.623300552368164 5.0809478759765625 6.916450500488281 0.2
-24.524099349975586 5.287750244140625 6.824451446533203 0.2
-24.4064998626709 5.462348937988281 6.968050003051758 0.2
-24.332399368286133 5.60894775390625 7.166349411010742 0.2
-24.378299713134766 5.791149139404297 7.331350326538086 0.2
-24.55430030822754 5.964550018310547 7.282548904418945 0.2
-24.652299880981445 6.070247650146484 7.071950912475586 0.2
-24.62579917907715 5.983650207519531 6.8417510986328125 0.2
-24.589399337768555 5.745948791503906 6.751350402832031 0.2
-24.58690071105957 5.494148254394531 6.696050643920898 0.2
-24.75589942932129 5.320148468017578 6.645650863647461 0.2
-24.98150062561035 5.403350830078125 6.5581512451171875 0.2
-25.128799438476562 5.575050354003906 6.656949996948242 0.2
-25.083799362182617 5.721950531005859 6.8594512939453125 0.2
-24.978700637817383 5.864749908447266 7.042551040649414 0.2
-24.857900619506836 6.077850341796875 7.074552536010742 0.2
-24.869699478149414 6.26934814453125 6.911651611328125 0.2
-25.01959991455078 6.347450256347656 6.725250244140625 0.2
-25.177000045776367 6.195549011230469 6.612051010131836 0.2
-25.21780014038086 5.947650909423828 6.571550369262695 0.2
-25.202098846435547 5.706951141357422 6.494951248168945 0.2
-25.093900680541992 5.633449554443359 6.288450241088867 0.2
-25.00029945373535 5.787147521972656 6.1076507568359375 0.2
-24.832799911499023 5.9615478515625 6.158651351928711 0.2
-24.760900497436523 6.095348358154297 6.364351272583008 0.2
-24.751399993896484 6.243049621582031 6.571050643920898 0.2
-24.86680030822754 6.453647613525391 6.623950958251953 0.2
-24.94569969177246 6.633350372314453 6.464450836181641 0.2
-24.912799835205078 6.6918487548828125 6.224451065063477 0.2
-24.84869956970215 6.5137481689453125 6.066551208496094 0.2
-24.840700149536133 6.2637481689453125 6.016351699829102 0.2
-24.93000030517578 6.039051055908203 5.952150344848633 0.2
-25.136798858642578 6.02874755859375 5.824251174926758 0.2
-25.28569984436035 6.214450836181641 5.749151229858398 0.2
-25.37339973449707 6.387348175048828 5.901950836181641 0.2
-25.326499938964844 6.501850128173828 6.122951507568359 0.2
-25.212900161743164 6.647449493408203 6.290851593017578 0.2
-25.0846004486084 6.850048065185547 6.235450744628906 0.2
-25.08370018005371 7.0137481689453125 6.044050216674805 0.2
-25.2106990814209 7.027248382568359 5.836050033569336 0.2
-25.327699661254883 6.830047607421875 5.7409515380859375 0.2
-25.37769889831543 6.585750579833984 5.695550918579102 0.2
-25.288299560546875 6.390449523925781 5.579851150512695 0.2
-25.12190055847168 6.4407501220703125 5.403650283813477 0.2
-24.934499740600586 6.596950531005859 5.372951507568359 0.2
-24.82779884338379 6.720348358154297 5.5592498779296875 0.2
-24.830400466918945 6.834648132324219 5.784749984741211 0.2
-24.90679931640625 7.031150817871094 5.909049987792969 0.2
-24.954898834228516 7.250949859619141 5.807350158691406 0.2
-24.892398834228516 7.385047912597656 5.606349945068359 0.2
-24.775400161743164 7.306049346923828 5.40985107421875 0.2
-24.755199432373047 7.0675506591796875 5.339550018310547 0.2
-24.81220054626465 6.82965087890625 5.286951065063477 0.2
-24.98859977722168 6.748348236083984 5.144350051879883 0.2
-25.093599319458008 6.908451080322266 4.987850189208984 0.2
-25.209699630737305 7.119850158691406 5.017850875854492 0.2
-25.248498916625977 7.247047424316406 5.226850509643555 0.2
-25.195798873901367 7.34735107421875 5.449350357055664 0.2
-25.032699584960938 7.508350372314453 5.524450302124023 0.2
-24.910900115966797 7.681549072265625 5.394250869750977 0.2
-24.902099609375 7.788749694824219 5.172950744628906 0.2
-25.02280044555664 7.692951202392578 4.989250183105469 0.2
-25.13279914855957 7.476749420166016 4.927350997924805 0.2
-25.121599197387695 7.242347717285156 4.860151290893555 0.2
-24.92289924621582 7.1656494140625 4.750949859619141 0.2
-24.707199096679688 7.275447845458984 4.706451416015625 0.2
-24.558198928833008 7.374549865722656 4.869850158691406 0.2
-24.5802001953125 7.475547790527344 5.0964508056640625 0.2
-24.65839958190918 7.64794921875 5.250650405883789 0.2
-24.67609977722168 7.883949279785156 5.198551177978516 0.2
-24.573999404907227 8.046649932861328 5.04265022277832 0.2
-24.410499572753906 8.042247772216797 4.865751266479492 0.2
-24.345699310302734 7.829948425292969 4.772951126098633 0.2
-24.405399322509766 7.59124755859375 4.7353515625 0.2
-24.553800582885742 7.464149475097656 4.598051071166992 0.2
-24.634899139404297 7.582149505615234 4.405651092529297 0.2
-24.6830997467041 7.809749603271484 4.332250595092773 0.2
-24.78179931640625 7.981349945068359 4.468950271606445 0.2
-24.800800323486328 8.066448211669922 4.700450897216797 0.2
-24.66830062866211 8.182449340820312 4.861751556396484 0.2
-24.481800079345703 8.332450866699219 4.816450119018555 0.2
-24.36079978942871 8.460350036621094 4.645650863647461 0.2
-24.391698837280273 8.451148986816406 4.412050247192383 0.2
-24.533300399780273 8.286251068115234 4.300750732421875 0.2
-24.599699020385742 8.057849884033203 4.252450942993164 0.2
-24.43790054321289 7.8930511474609375 4.2084503173828125 0.2
-24.195999145507812 7.929847717285156 4.191051483154297 0.2
-24.024599075317383 7.992748260498047 4.34375 0.2
-24.052799224853516 8.084648132324219 4.566450119018555 0.2
-24.15220069885254 8.251548767089844 4.711250305175781 0.2
-24.14620018005371 8.4864501953125 4.677350997924805 0.2
-23.99989891052246 8.645950317382812 4.561651229858398 0.2
-23.798999786376953 8.668949127197266 4.432651519775391 0.2
-23.695600509643555 8.472949981689453 4.355951309204102 0.2
-23.763599395751953 8.238147735595703 4.333950042724609 0.2
-23.902299880981445 8.105548858642578 4.194751739501953 0.2
-23.951099395751953 8.19784927368164 3.9836502075195312 0.2
-23.93280029296875 8.408649444580078 3.8636512756347656 0.2
-24.034900665283203 8.612449645996094 3.9212512969970703 0.2
-24.115999221801758 8.702850341796875 4.132951736450195 0.2
-24.022899627685547 8.792247772216797 4.329151153564453 0.2
-23.807600021362305 8.901748657226562 4.328950881958008 0.2
-23.62579917907715 9.008350372314453 4.207050323486328 0.2
-23.574600219726562 9.007247924804688 3.979949951171875 0.2
-23.705400466918945 8.876251220703125 3.8280506134033203 0.2
-23.79509925842285 8.659248352050781 3.7839508056640625 0.2
-23.658199310302734 8.471549987792969 3.8053512573242188 0.2
-23.42020034790039 8.458248138427734 3.864351272583008 0.2
-23.28219985961914 8.488250732421875 4.050849914550781 0.2
-23.36210060119629 8.59054946899414 4.251951217651367 0.2
-23.475500106811523 8.781749725341797 4.339550018310547 0.2
-23.40999984741211 8.99734878540039 4.274850845336914 0.2
-23.216899871826172 9.122749328613281 4.194250106811523 0.2
-22.986900329589844 9.112850189208984 4.133951187133789 0.2
-22.88920021057129 8.904350280761719 4.109750747680664 0.2
-22.98710060119629 8.683448791503906 4.098150253295898 0.2
-23.10890007019043 8.57135009765625 3.9349498748779297 0.2
-23.085899353027344 8.664749145507812 3.721851348876953 0.2
-23.01020050048828 8.85384750366211 3.5863513946533203 0.2
-23.104299545288086 9.066349029541016 3.588550567626953 0.2
-23.234600067138672 9.176349639892578 3.758451461791992 0.2
-23.16790008544922 9.260848999023438 3.9620513916015625 0.2
-22.939800262451172 9.326950073242188 3.9951515197753906 0.2
-22.72170066833496 9.396949768066406 3.915050506591797 0.2
-22.617198944091797 9.360248565673828 3.7121505737304688 0.2
-22.733299255371094 9.233348846435547 3.5473499298095703 0.2
-22.829500198364258 9.020347595214844 3.524351119995117 0.2
-22.712099075317383 8.846649169921875 3.6263504028320312 0.2
-22.51420021057129 8.801849365234375 3.765451431274414 0.2
-22.467500686645508 8.84164810180664 3.9874515533447266 0.2
-22.613300323486328 8.97854995727539 4.119150161743164 0.2
-22.68160057067871 9.201648712158203 4.115251541137695 0.2
-22.5231990814209 9.355850219726562 4.03325080871582 0.2
-22.288799285888672 9.410850524902344 4.0021514892578125 0.2
-22.09320068359375 9.286449432373047 3.9996509552001953 0.2
-22.094999313354492 9.046249389648438 3.9825515747070312 0.2
-22.068099975585938 8.8990478515625 3.809650421142578 0.2
-21.899900436401367 8.959548950195312 3.6490516662597656 0.2
-21.80620002746582 9.110748291015625 3.486949920654297 0.2
-21.904600143432617 9.270648956298828 3.393850326538086 0.2
-22.094900131225586 9.370647430419922 3.4029502868652344 0.2
-22.272300720214844 9.448551177978516 3.4955501556396484 0.2
-22.3218994140625 9.520950317382812 3.6850509643554688 0.2
-22.170400619506836 9.545448303222656 3.822650909423828 0.2
-21.955598831176758 9.553348541259766 3.796649932861328 0.2
-21.770000457763672 9.505748748779297 3.7045516967773438 0.2
-21.68440055847168 9.354450225830078 3.577251434326172 0.2
-21.5856990814209 9.171947479248047 3.5953502655029297 0.2
-21.469999313354492 9.068649291992188 3.7479515075683594 0.2
-21.458200454711914 9.001750946044922 3.9491500854492188 0.2
-21.590900421142578 9.041748046875 4.1076507568359375 0.2
-21.764299392700195 9.160449981689453 4.155050277709961 0.2
-21.88119888305664 9.333148956298828 4.115251541137695 0.2
-21.82819938659668 9.494949340820312 3.9963512420654297 0.2
-21.642398834228516 9.504150390625 3.8924503326416016 0.2
-21.428800582885742 9.48904800415039 3.8735504150390625 0.2
-21.21820068359375 9.518447875976562 3.910449981689453 0.2
-21.021299362182617 9.581348419189453 3.979949951171875 0.2
-20.87190055847168 9.59695053100586 4.128950119018555 0.2
-20.854400634765625 9.468547821044922 4.291049957275391 0.2
-20.963600158691406 9.288150787353516 4.314350128173828 0.2
-21.103500366210938 9.145050048828125 4.235050201416016 0.2
-21.22570037841797 9.051651000976562 4.087350845336914 0.2
-21.245899200439453 9.089550018310547 3.8700504302978516 0.2
-21.113698959350586 9.215049743652344 3.7398509979248047 0.2
-20.920299530029297 9.330848693847656 3.717550277709961 0.2
-20.827499389648438 9.501049041748047 3.831350326538086 0.2
-20.701398849487305 9.601551055908203 3.990751266479492 0.2
-20.5093994140625 9.666748046875 4.088651657104492 0.2
-20.317298889160156 9.64645004272461 3.9915504455566406 0.2
-20.307199478149414 9.507850646972656 3.8204517364501953 0.2
-20.35759925842285 9.299747467041016 3.763050079345703 0.2
-20.28730010986328 9.117149353027344 3.8652515411376953 0.2
-20.237499237060547 9.03485107421875 4.071550369262695 0.2
-20.30660057067871 8.989547729492188 4.280050277709961 0.2
-20.467500686645508 9.098247528076172 4.383251190185547 0.2
-20.6033992767334 9.27505111694336 4.341550827026367 0.2
-20.6072998046875 9.489250183105469 4.283550262451172 0.2
-20.43120002746582 9.623348236083984 4.294351577758789 0.2
-20.21109962463379 9.609050750732422 4.346950531005859 0.2
-20.046199798583984 9.48394775390625 4.437250137329102 0.2
-20.07509994506836 9.278247833251953 4.512950897216797 0.2
-20.152700424194336 9.073848724365234 4.465850830078125 0.2
-20.02899932861328 8.93484878540039 4.353151321411133 0.2
-19.80590057373047 8.922950744628906 4.298450469970703 0.2
