-19.883800506591797 12.38425064086914 6.279750823974609 0.2
-19.677200317382812 12.443248748779297 6.165750503540039 0.2
-19.532400131225586 12.61724853515625 6.119649887084961 0.2
-19.564800262451172 12.84164810180664 6.195150375366211 0.2
-19.496700286865234 12.953750610351562 6.383150100708008 0.2
-19.33099937438965 12.91965103149414 6.557350158691406 0.2
-19.105499267578125 12.891250610351562 6.613950729370117 0.2
-18.979299545288086 12.796749114990234 6.448150634765625 0.2
-19.077899932861328 12.70644760131836 6.253351211547852 0.2
-19.265399932861328 12.587047576904297 6.169549942016602 0.2
-19.36199951171875 12.400848388671875 6.266351699829102 0.2
-19.326799392700195 12.27145004272461 6.469051361083984 0.2
-19.353099822998047 12.25374984741211 6.699251174926758 0.2
-19.447099685668945 12.436748504638672 6.803350448608398 0.2
-19.440099716186523 12.672050476074219 6.761751174926758 0.2
-19.264799118041992 12.814750671386719 6.7978515625 0.2
-19.048398971557617 12.776748657226562 6.89995002746582 0.2
-18.910999298095703 12.701950073242188 7.077550888061523 0.2
-18.96969985961914 12.50925064086914 7.187650680541992 0.2
-19.120500564575195 12.343151092529297 7.106752395629883 0.2
-19.205799102783203 12.229549407958984 6.915950775146484 0.2
-19.082799911499023 12.190750122070312 6.725950241088867 0.2
-18.847999572753906 12.218849182128906 6.6719512939453125 0.2
-18.670700073242188 12.366447448730469 6.648550033569336 0.2
-18.71619987487793 12.594249725341797 6.674150466918945 0.2
-18.761600494384766 12.741748809814453 6.846050262451172 0.2
-18.661699295043945 12.725448608398438 7.060949325561523 0.2
-18.479900360107422 12.685447692871094 7.216249465942383 0.2
-18.27560043334961 12.595447540283203 7.177549362182617 0.2
-18.250900268554688 12.497447967529297 6.9667510986328125 0.2
-18.3804988861084 12.396148681640625 6.793251037597656 0.2
-18.519800186157227 12.21554946899414 6.812749862670898 0.2
-18.5531005859375 12.084449768066406 7.011751174926758 0.2
-18.6210994720459 12.049549102783203 7.23484992980957 0.2
-18.754199981689453 12.208850860595703 7.333951950073242 0.2
-18.775800704956055 12.443347930908203 7.290449142456055 0.2
-18.642000198364258 12.621047973632812 7.350950241088867 0.2
-18.459400177001953 12.612449645996094 7.50465202331543 0.2
-18.345800399780273 12.51504898071289 7.69255256652832 0.2
-18.400400161743164 12.311748504638672 7.78434944152832 0.2
-18.52429962158203 12.142948150634766 7.670751571655273 0.2
-18.533599853515625 12.02334976196289 7.467851638793945 0.2
-18.338199615478516 11.960548400878906 7.361551284790039 0.2
-18.097599029541016 11.963748931884766 7.396951675415039 0.2
-17.925399780273438 12.115447998046875 7.387849807739258 0.2
-17.9862003326416 12.33755111694336 7.343851089477539 0.2
-18.13290023803711 12.502250671386719 7.424352645874023 0.2
-18.131898880004883 12.544548034667969 7.65315055847168 0.2
-18.014799118041992 12.477447509765625 7.85365104675293 0.2
-17.8356990814209 12.374950408935547 7.968050003051758 0.2
-17.70050048828125 12.230449676513672 7.850252151489258 0.2
-17.728199005126953 12.11214828491211 7.64415168762207 0.2
-17.87220001220703 11.942249298095703 7.584951400756836 0.2
-17.992000579833984 11.818450927734375 7.750452041625977 0.2
-18.129199981689453 11.793449401855469 7.942949295043945 0.2
-18.278200149536133 11.960750579833984 7.997251510620117 0.2
-18.27790069580078 12.1927490234375 7.937150955200195 0.2
-18.15180015563965 12.376148223876953 7.998052597045898 0.2
-18.02039909362793 12.385150909423828 8.19725227355957 0.2
-17.972299575805664 12.29534912109375 8.416051864624023 0.2
-18.061399459838867 12.117450714111328 8.530851364135742 0.2
-18.17919921875 11.948551177978516 8.41404914855957 0.2
-18.174699783325195 11.810848236083984 8.220449447631836 0.2
-17.989099502563477 11.687850952148438 8.162351608276367 0.2
-17.785200119018555 11.633548736572266 8.281148910522461 0.2
-17.5841007232666 11.721149444580078 8.357149124145508 0.2
-17.536800384521484 11.943050384521484 8.302949905395508 0.2
-17.651599884033203 12.149547576904297 8.272748947143555 0.2
-17.758800506591797 12.261550903320312 8.442350387573242 0.2
-17.762699127197266 12.21915054321289 8.679250717163086 0.2
-17.695199966430664 12.107948303222656 8.881551742553711 0.2
-17.560998916625977 11.92074966430664 8.890249252319336 0.2
-17.49639892578125 11.772350311279297 8.713350296020508 0.2
-17.593299865722656 11.618648529052734 8.566949844360352 0.2
-17.79050064086914 11.505550384521484 8.62605094909668 0.2
-17.989599227905273 11.493949890136719 8.758951187133789 0.2
-18.147600173950195 11.661449432373047 8.777952194213867 0.2
-18.109800338745117 11.890148162841797 8.717851638793945 0.2
-17.979400634765625 12.082149505615234 8.763051986694336 0.2
-17.915800094604492 12.129249572753906 8.984251022338867 0.2
-17.96470069885254 12.057849884033203 9.210050582885742 0.2
-18.110599517822266 11.922950744628906 9.335550308227539 0.2
-18.235700607299805 11.754947662353516 9.229951858520508 0.2
-18.225000381469727 11.606948852539062 9.04005241394043 0.2
-18.08329963684082 11.429149627685547 8.989751815795898 0.2
-17.956100463867188 11.310848236083984 9.155550003051758 0.2
-17.81279945373535 11.319950103759766 9.343252182006836 0.2
-17.6742000579834 11.50484848022461 9.370450973510742 0.2
-17.67009925842285 11.732349395751953 9.289251327514648 0.2
-17.791500091552734 11.92464828491211 9.33485221862793 0.2
-17.926898956298828 11.950550079345703 9.530351638793945 0.2
-18.011899948120117 11.862449645996094 9.740049362182617 0.2
-17.97920036315918 11.665748596191406 9.859750747680664 0.2
-17.868099212646484 11.47344970703125 9.770952224731445 0.2
-17.849300384521484 11.315650939941406 9.592649459838867 0.2
-18.03030014038086 11.202350616455078 9.498750686645508 0.2
-18.26930046081543 11.186649322509766 9.539651870727539 0.2
-18.4424991607666 11.34164810180664 9.516149520874023 0.2
-18.398700714111328 11.569747924804688 9.465848922729492 0.2
-18.256000518798828 11.760650634765625 9.503850936889648 0.2
-18.218000411987305 11.87125015258789 9.705350875854492 0.2
-18.340099334716797 11.852447509765625 9.91254997253418 0.2
-18.531299591064453 11.76144790649414 10.027952194213867 0.2
-18.67959976196289 11.602249145507812 9.942651748657227 0.2
-18.667699813842773 11.444549560546875 9.758352279663086 0.2
-18.56130027770996 11.246650695800781 9.682851791381836 0.2
-18.48710060119629 11.075847625732422 9.828451156616211 0.2
-18.4507999420166 11.027950286865234 10.060850143432617 0.2
-18.315000534057617 11.154850006103516 10.202951431274414 0.2
-18.217300415039062 11.371849060058594 10.159250259399414 0.2
-18.246200561523438 11.60354995727539 10.109651565551758 0.2
-18.42099952697754 11.730148315429688 10.205751419067383 0.2
-18.603899002075195 11.70254898071289 10.364652633666992 0.2
-18.700899124145508 11.54684829711914 10.516351699829102 0.2
-18.632999420166016 11.320350646972656 10.534250259399414 0.2
-18.534799575805664 11.132049560546875 10.41505241394043 0.2
-18.598800659179688 10.987049102783203 10.240549087524414 0.2
-18.8257999420166 10.944450378417969 10.168951034545898 0.2
-19.026899337768555 11.055549621582031 10.112451553344727 0.2
-19.018699645996094 11.282947540283203 10.049951553344727 0.2
-18.874099731445312 11.479148864746094 10.073450088500977 0.2
-18.805200576782227 11.639148712158203 10.233152389526367 0.2
-18.931499481201172 11.68484878540039 10.431550979614258 0.2
-19.144498825073242 11.639747619628906 10.54155158996582 0.2
-19.337499618530273 11.50994873046875 10.49424934387207 0.2
-19.351600646972656 11.340648651123047 10.322851181030273 0.2
-19.262800216674805 11.149749755859375 10.201051712036133 0.2
-19.195798873901367 10.937450408935547 10.281549453735352 0.2
-19.239398956298828 10.831951141357422 10.495950698852539 0.2
-19.184200286865234 10.8885498046875 10.718549728393555 0.2
-19.052400588989258 11.082149505615234 10.769250869750977 0.2
-18.979000091552734 11.308849334716797 10.711851119995117 0.2
-19.084800720214844 11.518749237060547 10.708349227905273 0.2
-19.301700592041016 11.568450927734375 10.807050704956055 0.2
-19.489700317382812 11.484149932861328 10.936849594116211 0.2
-19.524700164794922 11.266048431396484 11.020952224731445 0.2
-19.425399780273438 11.04745101928711 10.972551345825195 0.2
-19.380800247192383 10.862247467041016 10.824850082397461 0.2
-19.527799606323242 10.776451110839844 10.658151626586914 0.2
-19.74919891357422 10.829349517822266 10.573949813842773 0.2
-19.81239891052246 11.038150787353516 10.482549667358398 0.2
-19.688098907470703 11.248050689697266 10.49205207824707 0.2
-19.565099716186523 11.42864990234375 10.599451065063477 0.2
-19.630399703979492 11.540748596191406 10.798051834106445 0.2
-19.84160041809082 11.542747497558594 10.922449111938477 0.2
-20.072099685668945 11.468048095703125 10.917749404907227 0.2
-20.160200119018555 11.30794906616211 10.765050888061523 0.2
-20.08970069885254 11.126049041748047 10.613851547241211 0.2
-20.01020050048828 10.900650024414062 10.59644889831543 0.2
-20.052799224853516 10.733650207519531 10.763349533081055 0.2
-20.114599227905273 10.71514892578125 10.996549606323242 0.2
-20.014699935913086 10.858150482177734 11.157350540161133 0.2
-19.88719940185547 11.069149017333984 11.15424919128418 0.2
-19.869298934936523 11.306747436523438 11.117551803588867 0.2
-20.05620002746582 11.453849792480469 11.141149520874023 0.2
-20.287899017333984 11.441150665283203 11.223249435424805 0.2
-20.439699172973633 11.28125 11.319250106811523 0.2
-20.399099349975586 11.042747497558594 11.328351974487305 0.2
-20.303699493408203 10.831550598144531 11.24424934387207 0.2
-20.33489990234375 10.690650939941406 11.053350448608398 0.2
-20.526500701904297 10.691551208496094 10.903951644897461 0.2
-20.64550018310547 10.85744857788086 10.780851364135742 0.2
-20.5625 11.083549499511719 10.764249801635742 0.2
-20.421600341796875 11.265647888183594 10.855951309204102 0.2
-20.41029930114746 11.42245101928711 11.035150527954102 0.2
-20.604598999023438 11.477249145507812 11.171152114868164 0.2
-20.8489990234375 11.45254898071289 11.182950973510742 0.2
-21.000598907470703 11.332050323486328 11.044149398803711 0.2
-20.956499099731445 11.15114974975586 10.883550643920898 0.2
-20.86910057067871 10.93695068359375 10.801950454711914 0.2
-20.879199981689453 10.720649719238281 10.90355110168457 0.2
-21.017398834228516 10.646648406982422 11.093050003051758 0.2
-21.020898818969727 10.726348876953125 11.317049026489258 0.2
-20.891399383544922 10.916549682617188 11.398149490356445 0.2
-20.783100128173828 11.137847900390625 11.389951705932617 0.2
-20.871200561523438 11.356449127197266 11.360651016235352 0.2
-21.10770034790039 11.421749114990234 11.372049331665039 0.2
-21.33370018005371 11.341049194335938 11.418951034545898 0.2
-21.397300720214844 11.11404800415039 11.457551956176758 0.2
-21.311500549316406 10.883548736572266 11.427949905395508 0.2
-21.252300262451172 10.692649841308594 11.291349411010742 0.2
-21.349599838256836 10.64394760131836 11.07695198059082 0.2
-21.48859977722168 10.757049560546875 10.911249160766602 0.2
-21.439199447631836 10.98134994506836 10.84575080871582 0.2
-21.30459976196289 11.167449951171875 10.93855094909668 0.2
-21.23780059814453 11.338050842285156 11.099950790405273 0.2
-21.389598846435547 11.454048156738281 11.243749618530273 0.2
-21.635099411010742 11.477249145507812 11.248552322387695 0.2
-21.827999114990234 11.41455078125 11.116250991821289 0.2
-21.820600509643555 11.244247436523438 10.943849563598633 0.2
-21.725200653076172 11.03915023803711 10.841951370239258 0.2
-21.709199905395508 10.800849914550781 10.875349044799805 0.2
-21.865400314331055 10.67464828491211 11.009450912475586 0.2
-21.997600555419922 10.705150604248047 11.207849502563477 0.2
-21.929500579833984 10.860450744628906 11.378751754760742 0.2
-21.785799026489258 11.056449890136719 11.429052352905273 0.2
-21.742399215698242 11.292449951171875 11.408449172973633 0.2
-21.92020034790039 11.44594955444336 11.349851608276367 0.2
-22.165199279785156 11.451248168945312 11.318151473999023 0.2
-22.339599609375 11.287849426269531 11.328752517700195 0.2
-22.319700241088867 11.043548583984375 11.338750839233398 0.2
-22.2367000579834 10.817550659179688 11.285249710083008 0.2
-22.21430015563965 10.695148468017578 11.080850601196289 0.2
-22.31239891052246 10.74945068359375 10.861551284790039 0.2
-22.287500381469727 10.945247650146484 10.728349685668945 0.2
-22.164600372314453 11.14284896850586 10.801351547241211 0.2
-22.071300506591797 11.305950164794922 10.962652206420898 0.2
-22.157499313354492 11.46875 11.114049911499023 0.2
-22.388099670410156 11.550849914550781 11.110750198364258 0.2
-22.58970069885254 11.551048278808594 10.972051620483398 0.2
-22.62619972229004 11.41994857788086 10.775548934936523 0.2
-22.53380012512207 11.213748931884766 10.674650192260742 0.2
-22.48659896850586 10.97494888305664 10.659749984741211 0.2
-22.625999450683594 10.79964828491211 10.742849349975586 0.2
-22.851499557495117 10.799247741699219 10.841550827026367 0.2
-22.91510009765625 10.917949676513672 11.038152694702148 0.2
-22.796899795532227 11.09225082397461 11.165849685668945 0.2
-22.67129898071289 11.29854965209961 11.21135139465332 0.2
-22.713899612426758 11.517047882080078 11.128751754760742 0.2
-22.910400390625 11.604248046875 11.008649826049805 0.2
-23.13159942626953 11.545047760009766 10.924749374389648 0.2
-23.222000122070312 11.322750091552734 10.926950454711914 0.2
-23.177000045776367 11.079448699951172 10.941850662231445 0.2
-23.093700408935547 10.882850646972656 10.83015251159668 0.2
-23.077899932861328 10.860549926757812 10.590951919555664 0.2
-23.0497989654541 11.00265121459961 10.399148941040039 0.2
-22.919700622558594 11.204448699951172 10.41295051574707 0.2
-22.831499099731445 11.362247467041016 10.582052230834961 0.2
-22.85420036315918 11.535747528076172 10.750051498413086 0.2
-23.04330062866211 11.684650421142578 10.751649856567383 0.2
-23.22719955444336 11.743247985839844 10.599050521850586 0.2
-23.288599014282227 11.675548553466797 10.378252029418945 0.2
-23.211999893188477 11.475948333740234 10.260652542114258 0.2
-23.142900466918945 11.240447998046875 10.236852645874023 0.2
-23.24139976501465 11.02655029296875 10.279352188110352 0.2
-23.482398986816406 10.98904800415039 10.294549942016602 0.2
-23.669898986816406 11.08694839477539 10.405050277709961 0.2
-23.64299964904785 11.247550964355469 10.58234977722168 0.2
-23.50819969177246 11.417549133300781 10.700448989868164 0.2
-23.426799774169922 11.640251159667969 10.679952621459961 0.2
-23.51409912109375 11.796649932861328 10.516950607299805 0.2
-23.68779945373535 11.8271484375 10.345849990844727 0.2
-23.859899520874023 11.684349060058594 10.264852523803711 0.2
-23.897899627685547 11.444450378417969 10.29734992980957 0.2
-23.84600067138672 11.20644760131836 10.292051315307617 0.2
-23.740999221801758 11.084449768066406 10.116750717163086 0.2
-23.674400329589844 11.15195083618164 9.891050338745117 0.2
-23.519100189208984 11.32284927368164 9.831552505493164 0.2
-23.422500610351562 11.489151000976562 9.980852127075195 0.2
-23.417999267578125 11.651649475097656 10.165552139282227 0.2
-23.546100616455078 11.84634780883789 10.205450057983398 0.2
-23.691999435424805 11.959548950195312 10.045450210571289 0.2
-23.757400512695312 11.957450866699219 9.811651229858398 0.2
-23.69700050354004 11.786251068115234 9.65675163269043 0.2
-23.62190055847168 11.55215072631836 9.63905143737793 0.2
-23.679800033569336 11.319950103759766 9.662050247192383 0.2
-23.902799606323242 11.237350463867188 9.643949508666992 0.2
-24.12649917602539 11.3271484375 9.629350662231445 0.2
-24.216800689697266 11.48794937133789 9.779050827026367 0.2
-24.123199462890625 11.640350341796875 9.946752548217773 0.2
-23.989299774169922 11.827449798583984 10.018251419067383 0.2
-23.951799392700195 12.019248962402344 9.882650375366211 0.2
-24.03059959411621 12.106849670410156 9.66765022277832 0.2
-24.183198928833008 12.057147979736328 9.490251541137695 0.2
-24.30739974975586 11.85354995727539 9.470552444458008 0.2
-24.329898834228516 11.613449096679688 9.515451431274414 0.2
-24.2278995513916 11.411148071289062 9.44685173034668 0.2
-24.094600677490234 11.391349792480469 9.24635124206543 0.2
-23.92409896850586 11.507247924804688 9.127050399780273 0.2
-23.785400390625 11.668750762939453 9.232950210571289 0.2
-23.772199630737305 11.821449279785156 9.42485237121582 0.2
-23.855899810791016 12.024650573730469 9.516252517700195 0.2
-23.96299934387207 12.18954849243164 9.380552291870117 0.2
-24.00629997253418 12.238948822021484 9.145750045776367 0.2
-23.95319938659668 12.128047943115234 8.94365119934082 0.2
-23.876399993896484 11.899749755859375 8.912149429321289 0.2
-23.892000198364258 11.659950256347656 8.940649032592773 0.2
-24.083799362182617 11.524547576904297 8.911951065063477 0.2
-24.29199981689453 11.581550598144531 8.802350997924805 0.2
-24.461000442504883 11.743247985839844 8.836450576782227 0.2
-24.46339988708496 11.90304946899414 9.015050888061523 0.2
-24.348400115966797 12.052448272705078 9.168851852416992 0.2
-24.217300415039062 12.243350982666016 9.133649826049805 0.2
-24.19059944152832 12.367450714111328 8.927251815795898 0.2
-24.247600555419922 12.389747619628906 8.692949295043945 0.2
-24.39229965209961 12.256649017333984 8.565149307250977 0.2
-24.4955997467041 12.038349151611328 8.595651626586914 0.2
-24.469200134277344 11.802047729492188 8.611349105834961 0.2
-24.300899505615234 11.680347442626953 8.499052047729492 0.2
-24.109800338745117 11.72854995727539 8.360250473022461 0.2
-23.920299530029297 11.858047485351562 8.414350509643555 0.2
-23.89099884033203 12.007648468017578 8.601652145385742 0.2
-23.96150016784668 12.192951202392578 8.737951278686523 0.2
-24.03890037536621 12.39794921875 8.655351638793945 0.2
-24.043399810791016 12.48904800415039 8.430749893188477 0.2
-23.97319984436035 12.447650909423828 8.206850051879883 0.2
-23.880599975585938 12.243549346923828 8.132051467895508 0.2
-23.874500274658203 12.004249572753906 8.173849105834961 0.2
-24.02239990234375 11.822750091552734 8.152849197387695 0.2
-24.202098846435547 11.824249267578125 8.009450912475586 0.2
-24.334699630737305 11.946048736572266 7.894651412963867 0.2
-24.45050048828125 12.112850189208984 7.947351455688477 0.2
-24.454898834228516 12.245750427246094 8.115251541137695 0.2
-24.366199493408203 12.373847961425781 8.262151718139648 0.2
-24.222200393676758 12.524650573730469 8.25145149230957 0.2
-24.12660026550293 12.62514877319336 8.088151931762695 0.2
-24.08769989013672 12.663249969482422 7.880250930786133 0.2
-24.154499053955078 12.602447509765625 7.691450119018555 0.2
-24.2908992767334 12.447948455810547 7.641149520874023 0.2
-24.378999710083008 12.255550384521484 7.677850723266602 0.2
-24.318500518798828 12.055950164794922 7.690752029418945 0.2
-24.129600524902344 11.972850799560547 7.618951797485352 0.2
-23.89780044555664 12.013050079345703 7.569150924682617 0.2
-23.75079917907715 12.130748748779297 7.708051681518555 0.2
-23.787899017333984 12.283451080322266 7.890951156616211 0.2
-23.873199462890625 12.496650695800781 7.948751449584961 0.2
-23.86680030822754 12.674247741699219 7.796651840209961 0.2
-23.774799346923828 12.720848083496094 7.577550888061523 0.2
-23.653799057006836 12.618049621582031 7.403051376342773 0.2
-23.598899841308594 12.386249542236328 7.407751083374023 0.2
-23.672199249267578 12.163349151611328 7.448251724243164 0.2
-23.854400634765625 12.074748992919922 7.334951400756836 0.2
-23.951099395751953 12.171550750732422 7.138650894165039 0.2
-24.052000045776367 12.36214828491211 7.047052383422852 0.2
-24.136999130249023 12.537948608398438 7.178949356079102 0.2
-24.10379981994629 12.66455078125 7.37965202331543 0.2
-23.9242000579834 12.798748016357422 7.436750411987305 0.2
-23.728199005126953 12.873748779296875 7.315549850463867 0.2
-23.590099334716797 12.886550903320312 7.122152328491211 0.2
-23.654300689697266 12.795249938964844 6.920351028442383 0.2
-23.82859992980957 12.638248443603516 6.869050979614258 0.2
-23.878999710083008 12.412349700927734 6.89995002746582 0.2
-23.70319938659668 12.261150360107422 6.923151016235352 0.2
-23.462499618530273 12.250350952148438 6.939950942993164 0.2
-23.306798934936523 12.317649841308594 7.098749160766602 0.2
-23.347599029541016 12.453048706054688 7.29155158996582 0.2
-23.436500549316406 12.658649444580078 7.365850448608398 0.2
-23.40180015563965 12.850650787353516 7.242650985717773 0.2
-23.25269889831543 12.910148620605469 7.062250137329102 0.2
-23.073400497436523 12.847148895263672 6.921550750732422 0.2
-23.008899688720703 12.624748229980469 6.902151107788086 0.2
-23.104799270629883 12.407550811767578 6.929050445556641 0.2
-23.26889991760254 12.30904769897461 6.7998504638671875 0.2
-23.3169002532959 12.392948150634766 6.582651138305664 0.2
-23.339000701904297 12.56814956665039 6.423151016235352 0.2
-23.439899444580078 12.767749786376953 6.482151031494141 0.2
-23.47949981689453 12.882949829101562 6.688449859619141 0.2
-23.332300186157227 12.986549377441406 6.82965087890625 0.2
-23.10379981994629 13.040149688720703 6.778450012207031 0.2
-22.90760040283203 13.065448760986328 6.639751434326172 0.2
-22.876298904418945 13.0240478515625 6.4172515869140625 0.2
-23.041399002075195 12.905548095703125 6.295450210571289 0.2
-23.1614990234375 12.704151153564453 6.298551559448242 0.2
-23.04640007019043 12.51314926147461 6.356250762939453 0.2
-22.82149887084961 12.447349548339844 6.419750213623047 0.2
-22.677799224853516 12.4615478515625 6.601551055908203 0.2
-22.72920036315918 12.593650817871094 6.789251327514648 0.2
-22.81089973449707 12.808048248291016 6.846950531005859 0.2
-22.725900650024414 12.998550415039062 6.749851226806641 0.2
-22.5310001373291 13.062747955322266 6.624250411987305 0.2
-22.312299728393555 13.011550903320312 6.549150466918945 0.2
-22.24020004272461 12.792049407958984 6.555150985717773 0.2
-22.352100372314453 12.581951141357422 6.579250335693359 0.2
-22.511199951171875 12.467647552490234 6.455251693725586 0.2
-22.54170036315918 12.527450561523438 6.231349945068359 0.2
-22.48029899597168 12.66714859008789 6.044450759887695 0.2
-22.526899337768555 12.88705062866211 6.006950378417969 0.2
-22.623300552368164 13.03274917602539 6.1683502197265625 0.2
-22.542600631713867 13.135150909423828 6.357851028442383 0.2
-22.309499740600586 13.16244888305664 6.379550933837891 0.2
-22.086999893188477 13.161251068115234 6.286750793457031 0.2
-21.976600646972656 13.134750366210938 6.086851119995117 0.2
-22.096399307250977 13.019451141357422 5.923551559448242 0.2
-22.240299224853516 12.833549499511719 5.916450500488281 0.2
-22.175199508666992 12.632549285888672 6.010150909423828 0.2
-21.988399505615234 12.532848358154297 6.129251480102539 0.2
-21.88640022277832 12.533748626708984 6.336250305175781 0.2
-21.949899673461914 12.695148468017578 6.492851257324219 0.2
-22.021400451660156 12.922149658203125 6.50255012512207 0.2
-21.907800674438477 13.098350524902344 6.40785026550293 0.2
-21.68899917602539 13.119949340820312 6.3081512451171875 0.2
-21.45319938659668 13.088348388671875 6.30055046081543 0.2
-21.3572998046875 12.894451141357422 6.374750137329102 0.2
-21.468399047851562 12.687248229980469 6.413751602172852 0.2
-21.63789939880371 12.540950775146484 6.337551116943359 0.2
-21.701499938964844 12.53274917602539 6.116950988769531 0.2
-21.60449981689453 12.622047424316406 5.914451599121094 0.2
-21.53190040588379 12.805850982666016 5.79425048828125 0.2
-21.591299057006836 13.01894760131836 5.8688507080078125 0.2
-21.535099029541016 13.161750793457031 6.040349960327148 0.2
-21.313600540161133 13.187049865722656 6.120050430297852 0.2
-21.073598861694336 13.187549591064453 6.092250823974609 0.2
-20.936399459838867 13.137451171875 5.9172515869140625 0.2
-21.0447998046875 13.027549743652344 5.743949890136719 0.2
-21.23859977722168 12.890548706054688 5.719551086425781 0.2
-21.28380012512207 12.689350128173828 5.822551727294922 0.2
-21.152799606323242 12.554550170898438 5.974050521850586 0.2
-21.04010009765625 12.509349822998047 6.175149917602539 0.2
-21.07040023803711 12.649749755859375 6.355051040649414 0.2
-21.130199432373047 12.881050109863281 6.349950790405273 0.2
-21.026500701904297 13.071147918701172 6.269950866699219 0.2
-20.79680061340332 13.095050811767578 6.196451187133789 0.2
-20.56410026550293 13.10634994506836 6.240550994873047 0.2
-20.453699111938477 12.970848083496094 6.389251708984375 0.2
-20.547300338745117 12.763347625732422 6.455051422119141 0.2
-20.713199615478516 12.594947814941406 6.409950256347656 0.2
-20.822599411010742 12.491348266601562 6.232151031494141 0.2
-20.750200271606445 12.529647827148438 6.014551162719727 0.2
-20.584199905395508 12.631450653076172 5.869649887084961 0.2
-20.52560043334961 12.84804916381836 5.828451156616211 0.2
-20.55109977722168 13.051349639892578 5.94835090637207 0.2
-20.39550018310547 13.1197509765625 6.102849960327148 0.2
-20.174299240112305 13.10274887084961 6.201051712036133 0.2
-19.954898834228516 13.082050323486328 6.135250091552734 0.2
-19.934200286865234 12.975349426269531 5.932451248168945 0.2
-20.106399536132812 12.854148864746094 5.82185173034668 0.2
-20.243099212646484 12.669750213623047 5.860851287841797 0.2
-20.198699951171875 12.504947662353516 6.026451110839844 0.2
-20.131500244140625 12.413650512695312 6.238651275634766 0.2
-20.195098876953125 12.497848510742188 6.44325065612793 0.2
-20.260299682617188 12.723148345947266 6.461650848388672 0.2
-20.18829917907715 12.938247680664062 6.400550842285156 0.2
-19.962499618530273 12.993247985839844 6.389951705932617 0.2
-19.73189926147461 12.965850830078125 6.4537506103515625 0.2
-19.605600357055664 12.884349822998047 6.629951477050781 0.2
-19.687700271606445 12.689350128173828 6.726350784301758 0.2
-19.85059928894043 12.522148132324219 6.668951034545898 0.2
-19.960100173950195 12.399749755859375 6.498451232910156 0.2
-19.883800506591797 12.38425064086914 6.279750823974609 0.2
