-2.268009662628174 13.957649230957031 -9.667348861694336 0.2
-2.4245595932006836 13.939350128173828 -9.798648834228516 0.2
-2.4310998916625977 13.82754898071289 -9.973548889160156 0.2
-2.374419689178467 13.665149688720703 -10.08954906463623 0.2
-2.3251399993896484 13.481449127197266 -10.173048973083496 0.2
-2.368879795074463 13.280651092529297 -10.150349617004395 0.2
-2.550609588623047 13.198749542236328 -10.098649024963379 0.2
-2.752779960632324 13.244247436523438 -10.100849151611328 0.2
-2.84490966796875 13.425350189208984 -10.132549285888672 0.2
-2.7899398803710938 13.618949890136719 -10.080549240112305 0.2
-2.7022500038146973 13.781349182128906 -9.984949111938477 0.2
-2.638659954071045 13.916450500488281 -9.839249610900879 0.2
-2.709789752960205 13.961849212646484 -9.651349067687988 0.2
-2.9060497283935547 13.966548919677734 -9.583148956298828 0.2
-3.1058998107910156 13.962650299072266 -9.660948753356934 0.2
-3.158669948577881 13.87765121459961 -9.853649139404297 0.2
-3.1073498725891113 13.71255111694336 -9.990049362182617 0.2
-3.050619602203369 13.52614974975586 -10.092649459838867 0.2
-3.071169853210449 13.309547424316406 -10.090649604797363 0.2
-3.2524795532226562 13.205551147460938 -10.030649185180664 0.2
-3.4681496620178223 13.245349884033203 -10.02514934539795 0.2
-3.563309669494629 13.437549591064453 -10.05224895477295 0.2
-3.5002198219299316 13.63924789428711 -9.991349220275879 0.2
-3.4074196815490723 13.810550689697266 -9.889849662780762 0.2
-3.3542799949645996 13.939949035644531 -9.721549034118652 0.2
-3.47189998626709 13.965648651123047 -9.542149543762207 0.2
-3.6890597343444824 13.963348388671875 -9.509049415588379 0.2
-3.858419895172119 13.94124984741211 -9.6410493850708 0.2
-3.8652095794677734 13.820247650146484 -9.823348999023438 0.2
-3.807739734649658 13.648948669433594 -9.947449684143066 0.2
-3.7633795738220215 13.450347900390625 -10.0298490524292 0.2
-3.8381495475769043 13.250850677490234 -9.988749504089355 0.2
-4.043669700622559 13.193550109863281 -9.940749168395996 0.2
-4.240739822387695 13.283348083496094 -9.954548835754395 0.2
-4.272339820861816 13.498950958251953 -9.955049514770508 0.2
-4.188739776611328 13.684249877929688 -9.872249603271484 0.2
-4.099399566650391 13.850151062011719 -9.759649276733398 0.2
-4.093699932098389 13.941650390625 -9.561849594116211 0.2
-4.264589786529541 13.9427490234375 -9.428449630737305 0.2
-4.482509613037109 13.933250427246094 -9.448149681091309 0.2
-4.598389625549316 13.87874984741211 -9.623148918151855 0.2
-4.568399906158447 13.727649688720703 -9.779949188232422 0.2
-4.510649681091309 13.55044937133789 -9.896149635314941 0.2
-4.490520000457764 13.336048126220703 -9.938749313354492 0.2
-4.621009826660156 13.174148559570312 -9.876949310302734 0.2
-4.839349746704102 13.156547546386719 -9.849549293518066 0.2
-4.998189926147461 13.302749633789062 -9.872649192810059 0.2
-4.969639778137207 13.51675033569336 -9.833048820495605 0.2
-4.877289772033691 13.694648742675781 -9.741249084472656 0.2
-4.797769546508789 13.84914779663086 -9.604649543762207 0.2
-4.848799705505371 13.896350860595703 -9.39894962310791 0.2
-5.051019668579102 13.877147674560547 -9.31364917755127 0.2
-5.257559776306152 13.853248596191406 -9.382148742675781 0.2
-5.315369606018066 13.763248443603516 -9.573049545288086 0.2
-5.270569801330566 13.598350524902344 -9.713849067687988 0.2
-5.218599319458008 13.414447784423828 -9.825448989868164 0.2
-5.22421932220459 13.195648193359375 -9.835549354553223 0.2
-5.387809753417969 13.06235122680664 -9.775349617004395 0.2
-5.608449935913086 13.064449310302734 -9.762449264526367 0.2
-5.725250244140625 13.247550964355469 -9.779149055480957 0.2
-5.667819976806641 13.451950073242188 -9.715349197387695 0.2
-5.575550079345703 13.629051208496094 -9.622049331665039 0.2
-5.502309799194336 13.775249481201172 -9.473849296569824 0.2
-5.577459335327148 13.79534912109375 -9.271049499511719 0.2
-5.785120010375977 13.758949279785156 -9.204949378967285 0.2
-5.998729705810547 13.732250213623047 -9.312549591064453 0.2
-6.019809722900391 13.620750427246094 -9.528549194335938 0.2
-5.97145938873291 13.422748565673828 -9.667348861694336 0.2
-5.9257402420043945 13.201950073242188 -9.768448829650879 0.2
-5.984990119934082 12.96944808959961 -9.729649543762207 0.2
-6.204189300537109 12.86655044555664 -9.682649612426758 0.2
-6.427609443664551 12.95364761352539 -9.699949264526367 0.2
-6.426380157470703 13.19635009765625 -9.682649612426758 0.2
-6.315219879150391 13.405147552490234 -9.613149642944336 0.2
-6.219189643859863 13.60354995727539 -9.50114917755127 0.2
-6.320710182189941 13.685649871826172 -9.302449226379395 0.2
-6.55519962310791 13.677848815917969 -9.327149391174316 0.2
-6.760689735412598 13.578548431396484 -9.357648849487305 0.2
-6.817170143127441 13.356250762939453 -9.36414909362793 0.2
-6.745149612426758 13.179149627685547 -9.494548797607422 0.2
-6.668310165405273 13.021648406982422 -9.648448944091797 0.2
-6.684419631958008 12.79384994506836 -9.653348922729492 0.2
-6.881850242614746 12.685848236083984 -9.603849411010742 0.2
-7.108799934387207 12.72964859008789 -9.599349021911621 0.2
-7.184499740600586 12.94015121459961 -9.548449516296387 0.2
-7.159299850463867 13.1490478515625 -9.441948890686035 0.2
-7.176400184631348 13.337249755859375 -9.560749053955078 0.2
-7.109499931335449 13.240249633789062 -9.726849555969238 0.2
-7.138099670410156 13.120948791503906 -9.611248970031738 0.2
-7.318399429321289 13.15475082397461 -9.604948997497559 0.2
-7.391399383544922 13.009147644042969 -9.662949562072754 0.2
-7.379199981689453 12.834648132324219 -9.638749122619629 0.2
-7.426499366760254 12.697547912597656 -9.53804874420166 0.2
-7.574899673461914 12.672550201416016 -9.446148872375488 0.2
-7.742300033569336 12.711151123046875 -9.40584945678711 0.2
-7.906700134277344 12.773548126220703 -9.386448860168457 0.2
-8.015600204467773 12.907051086425781 -9.423449516296387 0.2
-7.966599464416504 13.069549560546875 -9.470549583435059 0.2
-7.834799766540527 13.18695068359375 -9.469749450683594 0.2
-7.69219970703125 13.287548065185547 -9.453848838806152 0.2
-7.5472002029418945 13.372650146484375 -9.40364933013916 0.2
-7.453700065612793 13.40945053100586 -9.259949684143066 0.2
-7.503899574279785 13.432048797607422 -9.093249320983887 0.2
-7.6352996826171875 13.482349395751953 -8.988948822021484 0.2
-7.791299819946289 13.548851013183594 -8.925949096679688 0.2
-7.955299377441406 13.61465072631836 -8.973448753356934 0.2
-8.061999320983887 13.576148986816406 -9.116748809814453 0.2
-8.109899520874023 13.439250946044922 -9.228448867797852 0.2
-8.143499374389648 13.281547546386719 -9.314349174499512 0.2
-8.18239974975586 13.106849670410156 -9.358549118041992 0.2
-8.249300003051758 12.961750030517578 -9.268749237060547 0.2
-8.356599807739258 12.960548400878906 -9.119349479675293 0.2
-8.471199989318848 13.028148651123047 -8.992349624633789 0.2
-8.586999893188477 13.13385009765625 -8.894449234008789 0.2
-8.64229965209961 13.308048248291016 -8.907548904418945 0.2
-8.555999755859375 13.446147918701172 -8.992548942565918 0.2
-8.413100242614746 13.547050476074219 -9.0475492477417 0.2
-8.264699935913086 13.633049011230469 -8.986848831176758 0.2
-8.245200157165527 13.592449188232422 -8.818748474121094 0.2
-8.420899391174316 13.55474853515625 -8.823848724365234 0.2
-8.445300102233887 13.730548858642578 -8.921548843383789 0.2
-8.326199531555176 13.77914810180664 -8.769948959350586 0.2
-8.450699806213379 13.650947570800781 -8.661649703979492 0.2
-8.629499435424805 13.533649444580078 -8.74074935913086 0.2
-8.785599708557129 13.417049407958984 -8.650949478149414 0.2
-8.867499351501465 13.496749877929688 -8.46084976196289 0.2
-8.879599571228027 13.692649841308594 -8.35934829711914 0.2
-8.73740005493164 13.855049133300781 -8.396749496459961 0.2
-8.517099380493164 13.876251220703125 -8.421449661254883 0.2
-8.305899620056152 13.927947998046875 -8.460948944091797 0.2
-8.188300132751465 14.112049102783203 -8.47024917602539 0.2
-8.158299446105957 14.269149780273438 -8.321849822998047 0.2
-8.198999404907227 14.369548797607422 -8.117149353027344 0.2
-8.42080020904541 14.421348571777344 -8.097148895263672 0.2
-8.593199729919434 14.282447814941406 -8.17704963684082 0.2
-8.734600067138672 14.111648559570312 -8.25214958190918 0.2
-8.882200241088867 13.935348510742188 -8.221149444580078 0.2
-8.974599838256836 13.93124771118164 -8.011249542236328 0.2
-9.003399848937988 14.102249145507812 -7.852048873901367 0.2
-8.940799713134766 14.323448181152344 -7.84214973449707 0.2
-8.748499870300293 14.446147918701172 -7.893148422241211 0.2
-8.531099319458008 14.52254867553711 -7.928749084472656 0.2
-8.30049991607666 14.545948028564453 -7.907249450683594 0.2
-8.178199768066406 14.556350708007812 -7.714649200439453 0.2
-8.213799476623535 14.667949676513672 -7.523448944091797 0.2
-8.364799499511719 14.805450439453125 -7.451250076293945 0.2
-8.569199562072754 14.796947479248047 -7.531148910522461 0.2
-8.728699684143066 14.675647735595703 -7.621149063110352 0.2
-8.883299827575684 14.53554916381836 -7.690948486328125 0.2
-9.019100189208984 14.384651184082031 -7.610448837280273 0.2
-9.088699340820312 14.404048919677734 -7.405149459838867 0.2
-9.112299919128418 14.56515121459961 -7.258249282836914 0.2
-9.028999328613281 14.766448974609375 -7.252248764038086 0.2
-8.837599754333496 14.865249633789062 -7.296649932861328 0.2
-8.628799438476562 14.923248291015625 -7.330549240112305 0.2
-8.415900230407715 14.934650421142578 -7.279150009155273 0.2
-8.32819938659668 14.956249237060547 -7.082948684692383 0.2
-8.387999534606934 15.058849334716797 -6.89794921875 0.2
-8.567599296569824 15.168148040771484 -6.848049163818359 0.2
-8.764399528503418 15.12554931640625 -6.933349609375 0.2
-8.9222993850708 15.005451202392578 -7.027448654174805 0.2
-9.074299812316895 14.853050231933594 -7.072050094604492 0.2
-9.180299758911133 14.723648071289062 -6.935449600219727 0.2
-9.233499526977539 14.775447845458984 -6.7290496826171875 0.2
-9.23799991607666 14.95064926147461 -6.60004997253418 0.2
-9.112099647521973 15.127147674560547 -6.616048812866211 0.2
-8.913899421691895 15.208248138427734 -6.665349960327148 0.2
-8.701099395751953 15.255149841308594 -6.693048477172852 0.2
-8.51140022277832 15.238948822021484 -6.590250015258789 0.2
-8.480799674987793 15.263851165771484 -6.376348495483398 0.2
-8.579299926757812 15.355850219726562 -6.205049514770508 0.2
-8.785599708557129 15.419147491455078 -6.2030487060546875 0.2
-8.969099998474121 15.346847534179688 -6.298549652099609 0.2
-9.129599571228027 15.231449127197266 -6.393148422241211 0.2
-9.265899658203125 15.06304931640625 -6.390249252319336 0.2
-9.335899353027344 14.974449157714844 -6.207149505615234 0.2
-9.367499351501465 15.045948028564453 -6.002849578857422 0.2
-9.328899383544922 15.233749389648438 -5.905948638916016 0.2
-9.167699813842773 15.376750946044922 -5.937749862670898 0.2
-8.96929931640625 15.449748992919922 -5.99114990234375 0.2
-8.753299713134766 15.47235107421875 -5.997549057006836 0.2
-8.604000091552734 15.429950714111328 -5.84954833984375 0.2
-8.609099388122559 15.447250366210938 -5.632848739624023 0.2
-8.743499755859375 15.529048919677734 -5.487649917602539 0.2
-8.956199645996094 15.553050994873047 -5.519948959350586 0.2
-9.131999969482422 15.47494888305664 -5.621448516845703 0.2
-9.294400215148926 15.357948303222656 -5.706348419189453 0.2
-9.404699325561523 15.18124771118164 -5.652750015258789 0.2
-9.447599411010742 15.124549865722656 -5.449748992919922 0.2
-9.45669937133789 15.21255111694336 -5.25255012512207 0.2
-9.376699447631836 15.399948120117188 -5.185249328613281 0.2
-9.19789981842041 15.51504898071289 -5.228748321533203 0.2
-8.998000144958496 15.58034896850586 -5.283048629760742 0.2
-8.782899856567383 15.566947937011719 -5.264049530029297 0.2
-8.672599792480469 15.511848449707031 -5.089948654174805 0.2
-8.704099655151367 15.529449462890625 -4.875749588012695 0.2
-8.865599632263184 15.606548309326172 -4.759649276733398 0.2
-9.07409954071045 15.605850219726562 -4.816949844360352 0.2
-9.24940013885498 15.529449462890625 -4.920949935913086 0.2
-9.407899856567383 15.39645004272461 -4.987049102783203 0.2
-9.49389934539795 15.228050231933594 -4.888149261474609 0.2
-9.520899772644043 15.201950073242188 -4.674749374389648 0.2
-9.50790023803711 15.313648223876953 -4.491548538208008 0.2
-9.391599655151367 15.49155044555664 -4.460948944091797 0.2
-9.204599380493164 15.587249755859375 -4.517848968505859 0.2
-8.998700141906738 15.635547637939453 -4.568349838256836 0.2
-8.79949951171875 15.58584976196289 -4.507648468017578 0.2
-8.741600036621094 15.543350219726562 -4.3056488037109375 0.2
-8.810799598693848 15.575347900390625 -4.103649139404297 0.2
-9.002999305725098 15.643550872802734 -4.041149139404297 0.2
-9.201799392700195 15.616050720214844 -4.122049331665039 0.2
-9.374099731445312 15.532649993896484 -4.2243499755859375 0.2
-9.510799407958984 15.369647979736328 -4.25054931640625 0.2
-9.564299583435059 15.234447479248047 -4.096149444580078 0.2
-9.573999404907227 15.24184799194336 -3.8804492950439453 0.2
-9.53279972076416 15.387149810791016 -3.731748580932617 0.2
-9.389800071716309 15.547248840332031 -3.740049362182617 0.2
-9.202799797058105 15.629749298095703 -3.8097496032714844 0.2
-8.991399765014648 15.648250579833984 -3.8432483673095703 0.2
-8.828899383544922 15.577449798583984 -3.7277488708496094 0.2
-8.812999725341797 15.55324935913086 -3.5150489807128906 0.2
-8.92199993133545 15.59994888305664 -3.3392486572265625 0.2
-9.13129997253418 15.641548156738281 -3.3292484283447266 0.2
-9.31659984588623 15.59164810180664 -3.4269485473632812 0.2
-9.479899406433105 15.483749389648438 -3.5155487060546875 0.2
-9.574899673461914 15.299049377441406 -3.472949981689453 0.2
-9.59429931640625 15.214248657226562 -3.278949737548828 0.2
-9.5802001953125 15.263248443603516 -3.0714492797851562 0.2
-9.500499725341797 15.43594741821289 -2.9790496826171875 0.2
-9.337499618530273 15.566150665283203 -3.0278491973876953 0.2
-9.146900177001953 15.633350372314453 -3.1012496948242188 0.2
-8.936800003051758 15.600048065185547 -3.0897483825683594 0.2
-8.829299926757812 15.53165054321289 -2.9217491149902344 0.2
-8.850500106811523 15.526248931884766 -2.708648681640625 0.2
-9.008999824523926 15.581050872802734 -2.5817489624023438 0.2
-9.216899871826172 15.581951141357422 -2.6282501220703125 0.2
-9.39229965209961 15.51614761352539 -2.7337493896484375 0.2
-9.53030014038086 15.361351013183594 -2.782949447631836 0.2
-9.573800086975098 15.195049285888672 -2.662748336791992 0.2
-9.562299728393555 15.16135025024414 -2.451448440551758 0.2
-9.516499519348145 15.262950897216797 -2.272249221801758 0.2
-9.39579963684082 15.436050415039062 -2.251249313354492 0.2
-9.223999977111816 15.540149688720703 -2.3268489837646484 0.2
-9.020699501037598 15.570049285888672 -2.385648727416992 0.2
-8.838399887084961 15.495250701904297 -2.3116493225097656 0.2
-8.781399726867676 15.443748474121094 -2.112649917602539 0.2
-8.848199844360352 15.456249237060547 -1.9123497009277344 0.2
-9.04699993133545 15.500049591064453 -1.8562488555908203 0.2
-9.241899490356445 15.472148895263672 -1.9401493072509766 0.2
-9.409099578857422 15.378650665283203 -2.0351486206054688 0.2
-9.500800132751465 15.189750671386719 -2.0201492309570312 0.2
-9.49899959564209 15.074050903320312 -1.8435497283935547 0.2
-9.459799766540527 15.084548950195312 -1.6341495513916016 0.2
-9.377799987792969 15.235748291015625 -1.5136489868164062 0.2
-9.229299545288086 15.384048461914062 -1.5502490997314453 0.2
-9.049799919128418 15.463951110839844 -1.6351490020751953 0.2
-8.841599464416504 15.436149597167969 -1.6588497161865234 0.2
-8.707799911499023 15.351348876953125 -1.5208492279052734 0.2
-8.689199447631836 15.315250396728516 -1.3115501403808594 0.2
-8.817699432373047 15.349048614501953 -1.1502494812011719 0.2
-9.028900146484375 15.365848541259766 -1.1613483428955078 0.2
-9.21239948272705 15.319648742675781 -1.2614498138427734 0.2
-9.356399536132812 15.179149627685547 -1.3252487182617188 0.2
-9.391399383544922 14.995647430419922 -1.2331485748291016 0.2
-9.356100082397461 14.928550720214844 -1.034149169921875 0.2
-9.291399955749512 14.995147705078125 -0.8459491729736328 0.2
-9.17549991607666 15.16524887084961 -0.7984485626220703 0.2
-9.014599800109863 15.283950805664062 -0.8728485107421875 0.2
-8.821100234985352 15.324447631835938 -0.9504489898681641 0.2
-8.630599975585938 15.246150970458984 -0.9129486083984375 0.2
-8.542799949645996 15.171947479248047 -0.7350482940673828 0.2
-8.573800086975098 15.157947540283203 -0.52764892578125 0.2
-8.756199836730957 15.197250366210938 -0.4311485290527344 0.2
-8.958600044250488 15.186248779296875 -0.49504852294921875 0.2
-9.133600234985352 15.111648559570312 -0.5903491973876953 0.2
-9.230199813842773 14.925048828125 -0.5982494354248047 0.2
-9.215899467468262 14.781349182128906 -0.4467487335205078 0.2
-9.156700134277344 14.759651184082031 -0.24394989013671875 0.2
-9.066299438476562 14.885547637939453 -0.10384941101074219 0.2
-8.925399780273438 15.041851043701172 -0.1262493133544922 0.2
-8.756199836730957 15.135547637939453 -0.21614837646484375 0.2
-8.551400184631348 15.116050720214844 -0.26564979553222656 0.2
-8.398399353027344 15.019950866699219 -0.1607494354248047 0.2
-8.351099967956543 14.962047576904297 0.03845024108886719 0.2
-8.450599670410156 14.973648071289062 0.22084999084472656 0.2
-8.659299850463867 14.994449615478516 0.23945045471191406 0.2
-8.851200103759766 14.963348388671875 0.15095138549804688 0.2
-9.004499435424805 14.837650299072266 0.07725143432617188 0.2
-9.041099548339844 14.641048431396484 0.13575172424316406 0.2
-8.990699768066406 14.543647766113281 0.3173503875732422 0.2
-8.910499572753906 14.574348449707031 0.5094509124755859 0.2
-8.795700073242188 14.73604965209961 0.57965087890625 0.2
-8.643799781799316 14.870048522949219 0.5141506195068359 0.2
-8.460599899291992 14.929950714111328 0.42475128173828125 0.2
-8.262899398803711 14.85995101928711 0.42315101623535156 0.2
-8.148900032043457 14.767547607421875 0.5756511688232422 0.2
-8.146200180053711 14.72385025024414 0.7819499969482422 0.2
-8.309700012207031 14.746650695800781 0.9108505249023438 0.2
-8.518599510192871 14.744049072265625 0.8734512329101562 0.2
-8.703299522399902 14.688549041748047 0.7826499938964844 0.2
-8.8149995803833 14.515850067138672 0.7407512664794922 0.2
-8.797499656677246 14.341449737548828 0.8537502288818359 0.2
-8.722899436950684 14.27764892578125 1.0423507690429688 0.2
-8.625399589538574 14.365650177001953 1.2043514251708984 0.2
-8.492899894714355 14.530548095703125 1.2148513793945312 0.2
-8.336400032043457 14.648548126220703 1.1311511993408203 0.2
-8.141499519348145 14.666248321533203 1.0518512725830078 0.2
-7.9654998779296875 14.566848754882812 1.1033515930175781 0.2
-7.881799697875977 14.476947784423828 1.276651382446289 0.2
-7.935799598693848 14.448249816894531 1.4754505157470703 0.2
-8.133899688720703 14.46255111694336 1.5465507507324219 0.2
-8.335299491882324 14.444950103759766 1.4801502227783203 0.2
-8.507499694824219 14.356147766113281 1.3955516815185547 0.2
-8.568099975585938 14.156547546386719 1.3913516998291016 0.2
-8.51569938659668 14.008251190185547 1.5311508178710938 0.2
-8.425999641418457 13.976150512695312 1.7192516326904297 0.2
-8.313899993896484 14.104450225830078 1.8409500122070312 0.2
-8.173399925231934 14.260150909423828 1.8095512390136719 0.2
-8.011199951171875 14.365249633789062 1.7210502624511719 0.2
-7.811699867248535 14.338150024414062 1.6587505340576172 0.2
-7.661099433898926 14.221248626708984 1.7451515197753906 0.2
-7.606499671936035 14.127147674560547 1.9271507263183594 0.2
-7.711400032043457 14.107250213623047 2.1054515838623047 0.2
-7.920899391174316 14.110450744628906 2.1282501220703125 0.2
-8.119099617004395 14.083351135253906 2.0546512603759766 0.2
-8.271499633789062 13.959247589111328 1.976449966430664 0.2
-8.291600227355957 13.75374984741211 2.002349853515625 0.2
-8.221699714660645 13.621047973632812 2.152750015258789 0.2
-8.120100021362305 13.618648529052734 2.3358516693115234 0.2
-7.994599342346191 13.768150329589844 2.415050506591797 0.2
-7.852899551391602 13.917747497558594 2.3611507415771484 0.2
-7.682799339294434 14.004051208496094 2.2679500579833984 0.2
-7.490200042724609 13.936248779296875 2.2207508087158203 0.2
-7.368399620056152 13.79935073852539 2.326051712036133 0.2
-7.347199440002441 13.69485092163086 2.508150100708008 0.2
-7.4910993576049805 13.682647705078125 2.6602516174316406 0.2
-7.703399658203125 13.682849884033203 2.6565513610839844 0.2
-7.900199890136719 13.645549774169922 2.583650588989258 0.2
-8.02750015258789 13.494647979736328 2.5105514526367188 0.2
-8.018699645996094 13.292549133300781 2.562650680541992 0.2
-7.941999435424805 13.167850494384766 2.7167510986328125 0.2
-7.831199645996094 13.202850341796875 2.889751434326172 0.2
-7.696399688720703 13.361648559570312 2.929750442504883 0.2
-7.554699897766113 13.503849029541016 2.8582515716552734 0.2
-7.376999855041504 13.550849914550781 2.754150390625 0.2
-7.208700180053711 13.430450439453125 2.7325515747070312 0.2
-7.125999450683594 13.274150848388672 2.850250244140625 0.2
-7.138899803161621 13.18695068359375 3.0523509979248047 0.2
-7.319899559020996 13.209949493408203 3.1760501861572266 0.2
-7.541500091552734 13.201850891113281 3.1400508880615234 0.2
-7.733699798583984 13.12594985961914 3.0533504486083984 0.2
-7.804299354553223 12.924247741699219 2.99945068359375 0.2
-7.759699821472168 12.729450225830078 3.099151611328125 0.2
-7.662799835205078 12.65884780883789 3.283651351928711 0.2
-7.535499572753906 12.79534912109375 3.404451370239258 0.2
-7.413800239562988 12.982250213623047 3.3695507049560547 0.2
-7.228499412536621 13.083148956298828 3.3006515502929688 0.2
-7.026999473571777 13.008750915527344 3.343151092529297 0.2
-6.973639488220215 12.927047729492188 3.5446510314941406 0.2
-7.001899719238281 12.761650085449219 3.687551498413086 0.2
-7.115399360656738 12.58034896850586 3.638650894165039 0.2
-7.317299842834473 12.578548431396484 3.5451507568359375 0.2
-7.521999359130859 12.570449829101562 3.4567508697509766 0.2
-7.583799362182617 12.371150970458984 3.3990516662597656 0.2
-7.498499870300293 12.212947845458984 3.5293502807617188 0.2
-7.352199554443359 12.223648071289062 3.6919498443603516 0.2
-7.184100151062012 12.369949340820312 3.768850326538086 0.2
-7.179800033569336 12.463348388671875 3.961050033569336 0.2
-7.347099304199219 12.363349914550781 4.041851043701172 0.2
-7.343599319458008 12.200248718261719 3.9049510955810547 0.2
-7.132200241088867 12.20895004272461 3.8471508026123047 0.2
-7.07919979095459 12.281547546386719 4.034450531005859 0.2
-7.235099792480469 12.170547485351562 4.130149841308594 0.2
-7.358499526977539 12.034347534179688 4.002050399780273 0.2
-7.363699913024902 11.867347717285156 3.856250762939453 0.2
-7.241499900817871 11.691349029541016 3.9047508239746094 0.2
-7.110499382019043 11.614948272705078 4.072650909423828 0.2
-7.021599769592285 11.692447662353516 4.25885009765625 0.2
-6.9852495193481445 11.908248901367188 4.304450988769531 0.2
-6.953100204467773 12.120147705078125 4.2326507568359375 0.2
-6.884339332580566 12.259048461914062 4.073551177978516 0.2
-6.723139762878418 12.218948364257812 3.9308509826660156 0.2
-6.527609825134277 12.120349884033203 3.976449966430664 0.2
-6.390279769897461 12.0511474609375 4.138650894165039 0.2
-6.4404096603393555 12.024948120117188 4.350851058959961 0.2
-6.624139785766602 11.931350708007812 4.435550689697266 0.2
-6.790149688720703 11.778450012207031 4.422651290893555 0.2
-6.854589462280273 11.58144760131836 4.339750289916992 0.2
-6.719649314880371 11.416450500488281 4.281351089477539 0.2
-6.51161003112793 11.335548400878906 4.3193511962890625 0.2
-6.353670120239258 11.380451202392578 4.464151382446289 0.2
-6.388629913330078 11.557849884033203 4.59375 0.2
-6.437259674072266 11.776248931884766 4.606250762939453 0.2
-6.334420204162598 11.909248352050781 4.472751617431641 0.2
-6.2213897705078125 11.754447937011719 4.393251419067383 0.2
-6.222249984741211 11.652450561523438 4.587650299072266 0.2
-6.228099822998047 11.825450897216797 4.711650848388672 0.2
-6.139510154724121 11.950450897216797 4.567050933837891 0.2
-6.049269676208496 11.792747497558594 4.452951431274414 0.2
-6.0391693115234375 11.561149597167969 4.4956512451171875 0.2
-5.878459930419922 11.413650512695312 4.5198516845703125 0.2
-5.663959503173828 11.434650421142578 4.578350067138672 0.2
-5.605609893798828 11.634349822998047 4.640951156616211 0.2
-5.718930244445801 11.796150207519531 4.538150787353516 0.2
-5.8487396240234375 11.939250946044922 4.423250198364258 0.2
-5.844229698181152 12.159149169921875 4.433250427246094 0.2
-5.658269882202148 12.277950286865234 4.419351577758789 0.2
-5.4248199462890625 12.26865005493164 4.363250732421875 0.2
-5.254129409790039 12.206748962402344 4.503049850463867 0.2
-5.300479888916016 12.042549133300781 4.664150238037109 0.2
-5.414480209350586 11.835647583007812 4.709650039672852 0.2
-5.402460098266602 11.600448608398438 4.698450088500977 0.2
-5.192429542541504 11.500747680664062 4.697351455688477 0.2
-4.972089767456055 11.578849792480469 4.750751495361328 0.2
-4.8904500007629395 11.796550750732422 4.775550842285156 0.2
-4.974699974060059 12.011650085449219 4.713350296020508 0.2
-5.059009552001953 12.186050415039062 4.575550079345703 0.2
-4.988999843597412 12.22195053100586 4.35835075378418 0.2
-4.806829929351807 12.121749877929688 4.257850646972656 0.2
-4.779069900512695 11.905250549316406 4.224651336669922 0.2
-4.8872599601745605 11.723350524902344 4.303251266479492 0.2
-4.966179847717285 11.57674789428711 4.453550338745117 0.2
-4.858509540557861 11.500247955322266 4.6318511962890625 0.2
-4.642469882965088 11.505348205566406 4.700151443481445 0.2
-4.446199893951416 11.549949645996094 4.608449935913086 0.2
-4.426819801330566 11.668949127197266 4.4219512939453125 0.2
-4.517859935760498 11.833450317382812 4.2951507568359375 0.2
-4.568729877471924 12.049747467041016 4.275350570678711 0.2
-4.452579975128174 12.207748413085938 4.375150680541992 0.2
-4.239429950714111 12.2198486328125 4.450151443481445 0.2
-4.058139801025391 12.106948852539062 4.455350875854492 0.2
-4.043039798736572 11.897350311279297 4.43855094909668 0.2
-4.143899917602539 11.714550018310547 4.488750457763672 0.2
-4.22344970703125 11.57965087890625 4.632551193237305 0.2
-4.150669574737549 11.535049438476562 4.824850082397461 0.2
-3.955239772796631 11.532447814941406 4.913249969482422 0.2
-3.7498698234558105 11.555248260498047 4.867351531982422 0.2
-3.6824698448181152 11.647148132324219 4.690450668334961 0.2
-3.7576799392700195 11.796249389648438 4.554950714111328 0.2
-3.8262295722961426 11.99264907836914 4.508350372314453 0.2
-3.7539095878601074 12.170848846435547 4.592950820922852 0.2
-3.560229778289795 12.207149505615234 4.676851272583008 0.2
-3.3629298210144043 12.1302490234375 4.703651428222656 0.2
-3.2950196266174316 11.932449340820312 4.677150726318359 0.2
-3.384469985961914 11.739448547363281 4.707151412963867 0.2
-3.47806978225708 11.593650817871094 4.83275032043457 0.2
-3.4224495887756348 11.530048370361328 5.026451110839844 0.2
-3.2292799949645996 11.513450622558594 5.120151519775391 0.2
-3.0199499130249023 11.527050018310547 5.080650329589844 0.2
-2.945039749145508 11.619148254394531 4.906551361083984 0.2
-3.0226197242736816 11.774749755859375 4.778051376342773 0.2
-3.070230007171631 11.981647491455078 4.759151458740234 0.2
-2.9517297744750977 12.13174819946289 4.849250793457031 0.2
-2.7456398010253906 12.136947631835938 4.914451599121094 0.2
-2.568849563598633 12.017448425292969 4.912450790405273 0.2
-2.5695295333862305 11.802547454833984 4.894750595092773 0.2
-2.680759906768799 11.614948272705078 4.967050552368164 0.2
-2.673099994659424 11.496849060058594 5.156650543212891 0.2
-2.4823999404907227 11.455848693847656 5.271051406860352 0.2
-2.257579803466797 11.454048156738281 5.238151550292969 0.2
-2.1524295806884766 11.556549072265625 5.068950653076172 0.2
-2.202789783477783 11.761249542236328 4.978549957275391 0.2
-2.209139823913574 11.98244857788086 5.024650573730469 0.2
-2.0525898933410645 12.093948364257812 5.144350051879883 0.2
-1.86014986038208 12.123748779296875 5.267850875854492 0.2
-1.737729549407959 12.075847625732422 5.453451156616211 0.2
-1.6483097076416016 11.902450561523438 5.5722503662109375 0.2
-1.5277199745178223 11.767349243164062 5.599151611328125 0.2
-1.4764399528503418 11.73175048828125 5.612451553344727 0.2
-1.4180397987365723 11.691448211669922 5.615150451660156 0.2
-1.358229637145996 11.65374755859375 5.622650146484375 0.2
-1.299109935760498 11.618247985839844 5.635650634765625 0.2
-1.239579677581787 11.58074951171875 5.637950897216797 0.2
-1.1803998947143555 11.546249389648438 5.652851104736328 0.2
-1.121159553527832 11.510650634765625 5.663551330566406 0.2
-1.061349868774414 11.47344970703125 5.667751312255859 0.2
-1.0022497177124023 11.43764877319336 5.679851531982422 0.2
-0.9422898292541504 11.399150848388672 5.683250427246094 0.2
-0.883159875869751 11.36104965209961 5.690351486206055 0.2
-0.8255698680877686 11.323348999023438 5.702350616455078 0.2
-0.76712965965271 11.28384780883789 5.71295166015625 0.2
-0.712169885635376 11.246448516845703 5.732551574707031 0.2
-0.6603498458862305 11.21084976196289 5.759050369262695 0.2
-0.611379861831665 11.17715072631836 5.803550720214844 0.2
-0.57958984375 11.155250549316406 5.867450714111328 0.2
-0.5705997943878174 11.152050018310547 5.937650680541992 0.2
-0.5855498313903809 11.166149139404297 6.008951187133789 0.2
-0.623809814453125 11.194549560546875 6.061349868774414 0.2
-0.6721796989440918 11.229850769042969 6.09535026550293 0.2
-0.7291598320007324 11.265850067138672 6.1206512451171875 0.2
-0.7911398410797119 11.301651000976562 6.12755012512207 0.2
-0.8517398834228516 11.336650848388672 6.125551223754883 0.2
-0.9125497341156006 11.371349334716797 6.114850997924805 0.2
-0.9681398868560791 11.40884780883789 6.090150833129883 0.2
-1.0198297500610352 11.449050903320312 6.0657501220703125 0.2
-1.069549560546875 11.490150451660156 6.036550521850586 0.2
-1.1157598495483398 11.533550262451172 6.003551483154297 0.2
-1.163759708404541 11.577949523925781 5.977251052856445 0.2
-1.21058988571167 11.62154769897461 5.946550369262695 0.2
-1.2556896209716797 11.666149139404297 5.916351318359375 0.2
-1.3029499053955078 11.710647583007812 5.889951705932617 0.2
-1.3475499153137207 11.754650115966797 5.856950759887695 0.2
-1.39139986038208 11.79935073852539 5.826051712036133 0.2
-1.4357695579528809 11.844749450683594 5.795051574707031 0.2
-1.4727797508239746 11.891548156738281 5.7550506591796875 0.2
-1.5001497268676758 11.942150115966797 5.714550018310547 0.2
-1.5086097717285156 11.996749877929688 5.668750762939453 0.2
-1.486879825592041 12.05364990234375 5.6217498779296875 0.2
-1.4382896423339844 12.10354995727539 5.593151092529297 0.2
-1.372809886932373 12.137348175048828 5.5870513916015625 0.2
-1.302079677581787 12.153247833251953 5.5993499755859375 0.2
-1.234919548034668 12.156047821044922 5.62755012512207 0.2
-1.1748099327087402 12.149547576904297 5.667850494384766 0.2
-1.1231799125671387 12.134449005126953 5.717151641845703 0.2
-1.0836796760559082 12.109149932861328 5.773651123046875 0.2
-1.0570697784423828 12.071647644042969 5.831350326538086 0.2
-1.0372295379638672 12.022350311279297 5.882450103759766 0.2
-1.0182499885559082 11.96445083618164 5.923351287841797 0.2
-0.998039722442627 11.902450561523438 5.956050872802734 0.2
-0.9760596752166748 11.839149475097656 5.984149932861328 0.2
-0.9522397518157959 11.775249481201172 6.00935173034668 0.2
-0.9266397953033447 11.711349487304688 6.03285026550293 0.2
-0.8974497318267822 11.647850036621094 6.053050994873047 0.2
-0.8605396747589111 11.585647583007812 6.065851211547852 0.2
-0.8124196529388428 11.528648376464844 6.066551208496094 0.2
-0.752849817276001 11.484149932861328 6.052450180053711 0.2
-0.6864898204803467 11.459449768066406 6.026151657104492 0.2
-0.6193697452545166 11.45724868774414 5.994251251220703 0.2
-0.5546996593475342 11.475547790527344 5.9631500244140625 0.2
-0.4961698055267334 11.51504898071289 5.938650131225586 0.2
-0.45431971549987793 11.576648712158203 5.926351547241211 0.2
-0.4419896602630615 11.651847839355469 5.92595100402832 0.2
-0.4613497257232666 11.724647521972656 5.931251525878906 0.2
-0.503889799118042 11.784950256347656 5.936651229858398 0.2
-0.559119701385498 11.832649230957031 5.940650939941406 0.2
-0.6197497844696045 11.872848510742188 5.942750930786133 0.2
-0.682039737701416 11.910247802734375 5.941650390625 0.2
-0.7436597347259521 11.948249816894531 5.933450698852539 0.2
-0.8012998104095459 11.988147735595703 5.912050247192383 0.2
-0.848139762878418 12.028949737548828 5.870550155639648 0.2
-0.8723597526550293 12.066448211669922 5.808750152587891 0.2
-0.8623597621917725 12.095447540283203 5.738750457763672 0.2
-0.8187997341156006 12.112751007080078 5.680150985717773 0.2
-0.7547297477722168 12.118049621582031 5.643650054931641 0.2
-0.6827497482299805 12.111747741699219 5.62605094909668 0.2
-0.6028997898101807 12.090351104736328 5.621450424194336 0.2
-0.5295896530151367 12.052848815917969 5.63115119934082 0.2
-0.4692196846008301 12.003948211669922 5.655651092529297 0.2
-0.42102980613708496 11.950248718261719 5.6907501220703125 0.2
-0.3800697326660156 11.894649505615234 5.730550765991211 0.2
-0.3428497314453125 11.837249755859375 5.771450042724609 0.2
-0.30917978286743164 11.775947570800781 5.810050964355469 0.2
-0.280139684677124 11.707950592041016 5.841550827026367 0.2
-0.2543296813964844 11.63385009765625 5.859951019287109 0.2
-0.22593975067138672 11.558547973632812 5.861351013183594 0.2
-0.1881697177886963 11.48904800415039 5.847551345825195 0.2
-0.13774967193603516 11.430747985839844 5.825151443481445 0.2
-0.07536983489990234 11.386051177978516 5.802051544189453 0.2
-0.004029750823974609 11.354248046875 5.784551620483398 0.2
0.0727701187133789 11.334148406982422 5.776050567626953 0.2
0.1523301601409912 11.327449798583984 5.776750564575195 0.2
0.2310502529144287 11.340850830078125 5.7857513427734375 0.2
0.29940032958984375 11.381851196289062 5.801750183105469 0.2
0.34266018867492676 11.449748992919922 5.819551467895508 0.2
0.3508601188659668 11.530651092529297 5.830150604248047 0.2
0.3264503479003906 11.607547760009766 5.828651428222656 0.2
0.2810401916503906 11.672649383544922 5.817649841308594 0.2
0.22573018074035645 11.727649688720703 5.801450729370117 0.2
0.16671013832092285 11.77764892578125 5.782751083374023 0.2
0.10654020309448242 11.825748443603516 5.762750625610352 0.2
0.04597020149230957 11.873050689697266 5.742151260375977 0.2
-0.014709711074829102 11.91994857788086 5.721151351928711 0.2
-0.07535982131958008 11.966548919677734 5.699451446533203 0.2
-0.13600969314575195 12.012847900390625 5.677350997924805 0.2
-0.19678974151611328 12.058849334716797 5.654850006103516 0.2
-0.258009672164917 12.104049682617188 5.631950378417969 0.2
-0.3205697536468506 12.147148132324219 5.608850479125977 0.2
-0.3859896659851074 12.186347961425781 5.586450576782227 0.2
-0.45544981956481934 12.21944808959961 5.566350936889648 0.2
-0.5287697315216064 12.244247436523438 5.5498504638671875 0.2
-0.6044998168945312 12.25954818725586 5.537050247192383 0.2
-0.6819498538970947 12.265148162841797 5.523550033569336 0.2
-0.7579197883605957 12.261348724365234 5.503551483154297 0.2
-0.830089807510376 12.251049041748047 5.47545051574707 0.2
-0.898979663848877 12.238849639892578 5.441249847412109 0.2
-0.9651596546173096 12.224750518798828 5.402551651000977 0.2
-1.0270299911499023 12.201850891113281 5.360851287841797 0.2
-1.0812597274780273 12.162750244140625 5.319751739501953 0.2
-1.1259698867797852 12.106647491455078 5.287351608276367 0.2
-1.1646499633789062 12.03955078125 5.273050308227539 0.2
-1.2049498558044434 11.971847534179688 5.280250549316406 0.2
-1.2529797554016113 11.911750793457031 5.301450729370117 0.2
-1.3094897270202637 11.860347747802734 5.323850631713867 0.2
-1.371840000152588 11.815750122070312 5.340950012207031 0.2
-1.4383397102355957 11.777851104736328 5.355350494384766 0.2
-1.5084099769592285 11.747947692871094 5.371150970458984 0.2
-1.5807199478149414 11.725948333740234 5.389551162719727 0.2
-1.6537299156188965 11.708248138427734 5.409450531005859 0.2
-1.7262797355651855 11.686450958251953 5.427051544189453 0.2
-1.794649600982666 11.650150299072266 5.436851501464844 0.2
-1.848869800567627 11.593849182128906 5.433950424194336 0.2
-1.8757596015930176 11.521648406982422 5.417951583862305 0.2
-1.8672099113464355 11.446647644042969 5.395650863647461 0.2
-1.8257098197937012 11.383251190185547 5.376649856567383 0.2
-1.7624897956848145 11.339149475097656 5.365650177001953 0.2
-1.6891698837280273 11.31414794921875 5.362550735473633 0.2
-1.6125297546386719 11.30434799194336 5.365550994873047 0.2
-1.5356698036193848 11.308650970458984 5.374250411987305 0.2
-1.4621796607971191 11.330150604248047 5.387750625610352 0.2
-1.3975896835327148 11.37154769897461 5.402050018310547 0.2
-1.3456497192382812 11.429950714111328 5.409351348876953 0.2
-1.3048796653747559 11.496749877929688 5.402650833129883 0.2
-1.2710795402526855 11.563648223876953 5.380950927734375 0.2
-1.2415099143981934 11.627147674560547 5.348150253295898 0.2
-1.2156696319580078 11.68804931640625 5.308050155639648 0.2
-1.1952595710754395 11.742450714111328 5.264551162719727 0.2
-1.1767396926879883 11.79104995727539 5.211851119995117 0.2
-1.1546196937561035 11.825050354003906 5.149150848388672 0.2
-1.120959758758545 11.83475112915039 5.083850860595703 0.2
-1.0716495513916016 11.819149017333984 5.03175163269043 0.2
-1.0107698440551758 11.788349151611328 5.005950927734375 0.2
-0.9468097686767578 11.754348754882812 5.009250640869141 0.2
-0.8876097202301025 11.723949432373047 5.036651611328125 0.2
-0.8386797904968262 11.697650909423828 5.081951141357422 0.2
-0.8047397136688232 11.673149108886719 5.140251159667969 0.2
-0.7913596630096436 11.648250579833984 5.207151412963867 0.2
-0.802269697189331 11.622047424316406 5.27545166015625 0.2
-0.8358497619628906 11.594947814941406 5.33595085144043 0.2
-0.8859996795654297 11.567951202392578 5.381950378417969 0.2
-0.9457597732543945 11.541549682617188 5.412351608276367 0.2
-1.0090999603271484 11.51314926147461 5.430351257324219 0.2
-1.0710396766662598 11.47774887084961 5.439350128173828 0.2
-1.125929832458496 11.430347442626953 5.439550399780273 0.2
-1.1659598350524902 11.36935043334961 5.43025016784668 0.2
-1.1821799278259277 11.299449920654297 5.413949966430664 0.2
-1.169219970703125 11.229850769042969 5.397050857543945 0.2
-1.1304197311401367 11.170150756835938 5.385250091552734 0.2
-1.0747199058532715 11.12514877319336 5.380651473999023 0.2
-1.0101299285888672 11.09444808959961 5.383251190185547 0.2
-0.9414398670196533 11.0771484375 5.393951416015625 0.2
-0.8722896575927734 11.075450897216797 5.4136505126953125 0.2
-0.8081197738647461 11.09415054321289 5.441051483154297 0.2
-0.756239652633667 11.135448455810547 5.470251083374023 0.2
-0.7213797569274902 11.195148468017578 5.493051528930664 0.2
-0.702359676361084 11.2646484375 5.503650665283203 0.2
-0.6945397853851318 11.336448669433594 5.501649856567383 0.2
-0.6922798156738281 11.40694808959961 5.489351272583008 0.2
-0.6895697116851807 11.475349426269531 5.468250274658203 0.2
-0.6807596683502197 11.539649963378906 5.437150955200195 0.2
-0.661489725112915 11.596050262451172 5.395750045776367 0.2
-0.6288998126983643 11.64004898071289 5.347751617431641 0.2
-0.5820498466491699 11.669147491455078 5.30095100402832 0.2
-0.5231997966766357 11.684249877929688 5.262750625610352 0.2
-0.45671987533569336 11.688148498535156 5.236949920654297 0.2
-0.3866698741912842 11.682449340820312 5.224451065063477 0.2
-0.31686973571777344 11.666549682617188 5.226751327514648 0.2
-0.25436973571777344 11.637748718261719 5.247150421142578 0.2
-0.21057987213134766 11.595447540283203 5.285951614379883 0.2
-0.19633984565734863 11.543750762939453 5.335550308227539 0.2
-0.21396970748901367 11.48965072631836 5.382850646972656 0.2
-0.25557971000671387 11.439647674560547 5.417850494384766 0.2
-0.3104398250579834 11.396949768066406 5.439550399780273 0.2
-0.37031984329223633 11.359249114990234 5.452751159667969 0.2
-0.42982983589172363 11.320148468017578 5.46095085144043 0.2
-0.48349976539611816 11.272350311279297 5.464151382446289 0.2
-0.5240797996520996 11.211750030517578 5.460750579833984 0.2
-0.5438597202301025 11.140949249267578 5.452350616455078 0.2
-0.5369796752929688 11.067951202392578 5.445451736450195 0.2
-0.5040197372436523 11.003448486328125 5.448450088500977 0.2
-0.45317983627319336 10.95534896850586 5.464550018310547 0.2
-0.3950798511505127 10.924949645996094 5.493051528930664 0.2
-0.33841967582702637 10.90884780883789 5.533550262451172 0.2
-0.290759801864624 10.903148651123047 5.586750030517578 0.2
-0.26027965545654297 10.906749725341797 5.651950836181641 0.2
-0.25441980361938477 10.921649932861328 5.722551345825195 0.2
-0.27563977241516113 10.950450897216797 5.785551071166992 0.2
-0.3172297477722168 10.99374771118164 5.826351165771484 0.2
-0.36488986015319824 11.047847747802734 5.835050582885742 0.2
-0.4020698070526123 11.106948852539062 5.813251495361328 0.2
-0.4175598621368408 11.16714859008789 5.773250579833984 0.2
-0.40829968452453613 11.225849151611328 5.7297515869140625 0.2
-0.3769097328186035 11.27975082397461 5.692850112915039 0.2
-0.3308298587799072 11.327049255371094 5.66455078125 0.2
-0.27809977531433105 11.369049072265625 5.64055061340332 0.2
-0.22403979301452637 11.408950805664062 5.6159515380859375 0.2
-0.17171978950500488 11.449249267578125 5.5881500244140625 0.2
-0.12282967567443848 11.491249084472656 5.556751251220703 0.2
-0.07737970352172852 11.53445053100586 5.522251129150391 0.2
-0.03287982940673828 11.576351165771484 5.485151290893555 0.2
0.01490020751953125 11.613849639892578 5.4472503662109375 0.2
0.06967020034790039 11.644248962402344 5.412651062011719 0.2
0.27279019355773926 11.684650421142578 5.369050979614258 0.2
0.4796302318572998 11.703750610351562 5.42125129699707 0.2
0.6763403415679932 11.734649658203125 5.50105094909668 0.2
0.825310230255127 11.72604751586914 5.64995002746582 0.2
0.8005001544952393 11.627250671386719 5.832151412963867 0.2
0.6761901378631592 11.470050811767578 5.906551361083984 0.2
0.6665003299713135 11.264350891113281 5.876750946044922 0.2
0.8410501480102539 11.148548126220703 5.849950790405273 0.2
1.0444802045822144 11.145450592041016 5.915250778198242 0.2
1.1735001802444458 11.280750274658203 6.009050369262695 0.2
1.1374702453613281 11.487648010253906 6.000751495361328 0.2
1.0712002515792847 11.646247863769531 5.874950408935547 0.2
1.1708202362060547 11.735748291015625 5.716951370239258 0.2
1.3804001808166504 11.74264907836914 5.691249847412109 0.2
1.567830204963684 11.708747863769531 5.7839508056640625 0.2
1.6119502782821655 11.619247436523438 5.965850830078125 0.2
1.4866502285003662 11.486747741699219 6.071950912475586 0.2
1.371590256690979 11.309547424316406 6.07655143737793 0.2
1.4390102624893188 11.117549896240234 6.033851623535156 0.2
1.634910225868225 11.03744888305664 6.042850494384766 0.2
1.8317002058029175 11.07244873046875 6.10835075378418 0.2
1.9075802564620972 11.253547668457031 6.177051544189453 0.2
1.8491302728652954 11.451950073242188 6.131050109863281 0.2
1.8250101804733276 11.607349395751953 5.991550445556641 0.2
1.9644402265548706 11.67184829711914 5.853151321411133 0.2
2.1931862831115723 11.65945053100586 5.850351333618164 0.2
2.365833282470703 11.583850860595703 5.98484992980957 0.2
2.316923141479492 11.437549591064453 6.156949996948242 0.2
2.1529440879821777 11.270748138427734 6.2008514404296875 0.2
2.1164002418518066 11.054450988769531 6.128850936889648 0.2
2.3026392459869385 10.930248260498047 6.0646514892578125 0.2
2.539255142211914 10.93294906616211 6.08165168762207 0.2
2.6790101528167725 11.097850799560547 6.1607513427734375 0.2
2.635242223739624 11.329448699951172 6.16765022277832 0.2
2.5887532234191895 11.523849487304688 6.046751022338867 0.2
2.6944351196289062 11.582748413085938 5.849550247192383 0.2
2.822580337524414 11.479351043701172 5.69005012512207 0.2
2.7731311321258545 11.279251098632812 5.618249893188477 0.2
2.6466403007507324 11.10995101928711 5.6943511962890625 0.2
2.6176891326904297 10.959648132324219 5.851951599121094 0.2
2.7869491577148438 10.875747680664062 5.964750289916992 0.2
3.0103394985198975 10.857250213623047 5.951450347900391 0.2
3.183619260787964 10.890750885009766 5.820150375366211 0.2
3.179659128189087 11.0240478515625 5.646251678466797 0.2
3.074108362197876 11.213951110839844 5.589250564575195 0.2
3.0507545471191406 11.427650451660156 5.63585090637207 0.2
3.214912176132202 11.55434799194336 5.705751419067383 0.2
3.4389772415161133 11.558849334716797 5.693750381469727 0.2
3.602907180786133 11.450847625732422 5.602750778198242 0.2
3.587015151977539 11.2552490234375 5.532751083374023 0.2
3.474515199661255 11.079750061035156 5.576650619506836 0.2
3.42696213722229 10.92934799194336 5.714450836181641 0.2
3.560065269470215 10.850448608398438 5.852750778198242 0.2
3.771961212158203 10.83504867553711 5.859750747680664 0.2
3.960559368133545 10.85675048828125 5.766351699829102 0.2
4.009227275848389 10.954849243164062 5.589550018310547 0.2
3.9167492389678955 11.123748779296875 5.502050399780273 0.2
3.8361563682556152 11.319549560546875 5.515050888061523 0.2
3.9168701171875 11.494850158691406 5.593650817871094 0.2
4.119620323181152 11.553550720214844 5.60365104675293 0.2
4.318840026855469 11.520347595214844 5.53754997253418 0.2
4.403420448303223 11.367847442626953 5.424350738525391 0.2
4.327630043029785 11.171749114990234 5.411050796508789 0.2
4.234630107879639 11.003948211669922 5.504650115966797 0.2
4.288290023803711 10.88134765625 5.665349960327148 0.2
4.48661994934082 10.843048095703125 5.72504997253418 0.2
4.692840099334717 10.850349426269531 5.668149948120117 0.2
4.810160160064697 10.907249450683594 5.504251480102539 0.2
4.748920440673828 11.051250457763672 5.364650726318359 0.2
4.639030456542969 11.234149932861328 5.344350814819336 0.2
4.6593403816223145 11.435050964355469 5.401350021362305 0.2
4.843060493469238 11.53664779663086 5.417850494384766 0.2
5.045860290527344 11.52975082397461 5.349250793457031 0.2
5.170080184936523 11.40264892578125 5.237451553344727 0.2
5.122119903564453 11.18764877319336 5.217050552368164 0.2
5.035590171813965 11.01034927368164 5.328851699829102 0.2
5.117080211639404 10.896049499511719 5.498451232910156 0.2
5.3368401527404785 10.876049041748047 5.536951065063477 0.2
5.547190189361572 10.892448425292969 5.453950881958008 0.2
5.625639915466309 10.963550567626953 5.260051727294922 0.2
5.538660049438477 11.130950927734375 5.135650634765625 0.2
5.5237603187561035 11.351947784423828 5.111551284790039 0.2
5.705710411071777 11.475151062011719 5.088050842285156 0.2
5.92318058013916 11.470447540283203 5.016950607299805 0.2
6.146719932556152 11.444549560546875 5.001951217651367 0.2
6.3383002281188965 11.34444808959961 5.07025146484375 0.2
6.394090175628662 11.304847717285156 5.0917510986328125 0.2
6.451180458068848 11.265251159667969 5.109951019287109 0.2
6.510670185089111 11.227447509765625 5.124650955200195 0.2
6.572680473327637 11.1927490234375 5.136150360107422 0.2
6.636650085449219 11.161148071289062 5.144550323486328 0.2
6.7017502784729 11.131549835205078 5.150251388549805 0.2
6.767240524291992 11.10274887084961 5.1542510986328125 0.2
6.8325300216674805 11.073448181152344 5.15785026550293 0.2
6.896780014038086 11.042049407958984 5.162750244140625 0.2
6.958000183105469 11.005550384521484 5.17125129699707 0.2
7.011730194091797 10.959648132324219 5.186349868774414 0.2
7.050270080566406 10.901649475097656 5.209850311279297 0.2
7.0661702156066895 10.833747863769531 5.238151550292969 0.2
7.058250427246094 10.760948181152344 5.257450103759766 0.2
7.032980442047119 10.691349029541016 5.250551223754883 0.2
7.003230094909668 10.637348175048828 5.211250305175781 0.2
6.981640338897705 10.60824966430664 5.148351669311523 0.2
6.973450183868408 10.60464859008789 5.076751708984375 0.2
6.976860046386719 10.622249603271484 5.007251739501953 0.2
6.986850261688232 10.656547546386719 4.945150375366211 0.2
6.998040199279785 10.705551147460938 4.89415168762207 0.2
7.004740238189697 10.767948150634766 4.85875129699707 0.2
7.000670433044434 10.83905029296875 4.843851089477539 0.2
6.980570316314697 10.909950256347656 4.848350524902344 0.2
6.943190574645996 10.97235107421875 4.863750457763672 0.2
6.892090320587158 11.022048950195312 4.880950927734375 0.2
6.832489967346191 11.059547424316406 4.896150588989258 0.2
6.768750190734863 11.089550018310547 4.909351348876953 0.2
6.703710556030273 11.117050170898438 4.921150207519531 0.2
6.639019966125488 11.14645004272461 4.931051254272461 0.2
6.576250076293945 11.18185043334961 4.935951232910156 0.2
6.519020080566406 11.226947784423828 4.929950714111328 0.2
6.474590301513672 11.281448364257812 4.906551361083984 0.2
6.453160285949707 11.339347839355469 4.865650177001953 0.2
6.462560176849365 11.392448425292969 4.816150665283203 0.2
6.500880241394043 11.433849334716797 4.770750045776367 0.2
6.55856990814209 11.46084976196289 4.7373504638671875 0.2
6.625870227813721 11.475849151611328 4.7176513671875 0.2
6.698240280151367 11.482048034667969 4.711551666259766 0.2
6.770740509033203 11.479351043701172 4.720550537109375 0.2
6.838800430297852 11.464950561523438 4.744350433349609 0.2
6.897970199584961 11.435848236083984 4.778350830078125 0.2
6.946229934692383 11.39175033569336 4.813850402832031 0.2
6.984420299530029 11.33584976196289 4.843650817871094 0.2
7.01515007019043 11.27294921875 4.865350723266602 0.2
7.042280197143555 11.206748962402344 4.879751205444336 0.2
7.0701003074646 11.139350891113281 4.886150360107422 0.2
7.102320194244385 11.073150634765625 4.880651473999023 0.2
7.142030239105225 11.0135498046875 4.860450744628906 0.2
7.191230297088623 10.96834945678711 4.827751159667969 0.2
7.249650001525879 10.944049835205078 4.789850234985352 0.2
7.313660144805908 10.941650390625 4.754051208496094 0.2
7.378500461578369 10.958351135253906 4.724950790405273 0.2
7.439840316772461 10.991649627685547 4.7037506103515625 0.2
7.49206018447876 11.041549682617188 4.691450119018555 0.2
7.526220321655273 11.106948852539062 4.690151214599609 0.2
7.532830238342285 11.180850982666016 4.700250625610352 0.2
7.509490013122559 11.251049041748047 4.717151641845703 0.2
7.462470054626465 11.307449340820312 4.733650207519531 0.2
7.401300430297852 11.34735107421875 4.745950698852539 0.2
7.333530426025391 11.374149322509766 4.753351211547852 0.2
7.263270378112793 11.394050598144531 4.755950927734375 0.2
7.1925201416015625 11.412250518798828 4.750751495361328 0.2
7.12384033203125 11.431648254394531 4.731651306152344 0.2
7.0625901222229 11.453449249267578 4.69365119934082 0.2
7.017840385437012 11.47774887084961 4.637151718139648 0.2
6.998640060424805 11.504650115966797 4.569850921630859 0.2
7.006920337677002 11.533649444580078 4.50255012512207 0.2
7.037410259246826 11.563648223876953 4.44325065612793 0.2
7.083730220794678 11.594947814941406 4.396450042724609 0.2
7.141499996185303 11.628547668457031 4.366350173950195 0.2
7.206540107727051 11.662548065185547 4.359149932861328 0.2
7.272760391235352 11.689647674560547 4.379051208496094 0.2
7.333150386810303 11.698150634765625 4.422250747680664 0.2
7.383500099182129 11.680950164794922 4.475250244140625 0.2
7.428840160369873 11.637950897216797 4.526950836181641 0.2
7.472450256347656 11.58144760131836 4.567750930786133 0.2
7.517670154571533 11.522350311279297 4.599550247192383 0.2
7.564930438995361 11.463150024414062 4.626649856567383 0.2
7.611910343170166 11.401248931884766 4.648550033569336 0.2
7.657590389251709 11.334850311279297 4.660150527954102 0.2
7.704920291900635 11.268348693847656 4.656551361083984 0.2
7.759210109710693 11.210750579833984 4.637451171875 0.2
7.822690010070801 11.169349670410156 4.608850479125977 0.2
7.8929901123046875 11.145248413085938 4.57765007019043 0.2
7.967240333557129 11.136749267578125 4.547950744628906 0.2
8.043279647827148 11.145950317382812 4.522550582885742 0.2
8.115220069885254 11.17934799194336 4.505950927734375 0.2
8.170499801635742 11.23965072631836 4.50255012512207 0.2
8.194450378417969 11.31814956665039 4.511150360107422 0.2
8.180280685424805 11.397850036621094 4.524351119995117 0.2
8.134559631347656 11.464149475097656 4.536050796508789 0.2
8.070540428161621 11.512847900390625 4.544950485229492 0.2
7.998900413513184 11.549049377441406 4.553050994873047 0.2
7.925020217895508 11.579849243164062 4.562950134277344 0.2
7.850840091705322 11.608848571777344 4.575750350952148 0.2
7.776830196380615 11.637248992919922 4.590450286865234 0.2
7.702930450439453 11.665950775146484 4.604949951171875 0.2
7.628920078277588 11.696449279785156 4.616250991821289 0.2
7.555290222167969 11.73175048828125 4.6206512451171875 0.2
7.48559045791626 11.776248931884766 4.618350982666016 0.2
7.4245100021362305 11.831649780273438 4.619050979614258 0.2
7.372900009155273 11.89284896850586 4.63585090637207 0.2
7.326230049133301 11.948047637939453 4.673551559448242 0.2
7.2778401374816895 11.98685073852539 4.726551055908203 0.2
7.224240303039551 12.00564956665039 4.784950256347656 0.2
7.166460037231445 12.00844955444336 4.8417510986328125 0.2
7.106010437011719 12.004447937011719 4.895450592041016 0.2
7.04286003112793 12.001949310302734 4.946250915527344 0.2
6.978610038757324 12.002147674560547 4.991950988769531 0.2
6.910860061645508 12.000450134277344 5.03125 0.2
6.839230537414551 11.992347717285156 5.063251495361328 0.2
6.767280578613281 11.975547790527344 5.090150833129883 0.2
6.6984405517578125 11.94955062866211 5.116350173950195 0.2
6.634059906005859 11.915451049804688 5.144050598144531 0.2
6.574220180511475 11.87514877319336 5.173551559448242 0.2
6.51800012588501 11.831050872802734 5.204351425170898 0.2
6.46388053894043 11.78485107421875 5.235851287841797 0.2
6.410600185394287 11.73794937133789 5.267551422119141 0.2
6.357370376586914 11.690448760986328 5.298749923706055 0.2
6.303790092468262 11.642547607421875 5.328651428222656 0.2
6.250030517578125 11.594249725341797 5.3576507568359375 0.2
6.196510314941406 11.545547485351562 5.386350631713867 0.2
6.143840312957764 11.495750427246094 5.41455078125 0.2
6.093420028686523 11.442848205566406 5.441450119018555 0.2
6.049110412597656 11.382949829101562 5.464651107788086 0.2
6.018380165100098 11.31235122680664 5.479650497436523 0.2
6.011260032653809 11.233448028564453 5.481151580810547 0.2
6.034709930419922 11.158248901367188 5.468151092529297 0.2
6.086470127105713 11.101551055908203 5.447151184082031 0.2
6.156060218811035 11.071449279785156 5.426351547241211 0.2
6.232170104980469 11.064949035644531 5.409749984741211 0.2
6.308620452880859 11.075149536132812 5.399250030517578 0.2
6.383260250091553 11.097549438476562 5.396650314331055 0.2
6.453020095825195 11.132148742675781 5.403450012207031 0.2
6.512850284576416 11.180850982666016 5.417350769042969 0.2
6.558210372924805 11.243247985839844 5.432050704956055 0.2
6.588789939880371 11.315547943115234 5.438650131225586 0.2
6.609400272369385 11.391349792480469 5.429851531982422 0.2
6.626160144805908 11.46405029296875 5.404651641845703 0.2
6.642660140991211 11.530651092529297 5.3670501708984375 0.2
6.6603102684021 11.592449188232422 5.323051452636719 0.2
6.680960178375244 11.651847839355469 5.277151107788086 0.2
6.709140300750732 11.709247589111328 5.232250213623047 0.2
6.75091028213501 11.761947631835938 5.192251205444336 0.2
6.808620452880859 11.803749084472656 5.161550521850586 0.2
6.879800319671631 11.830047607421875 5.141450881958008 0.2
6.956120491027832 11.839149475097656 5.133050918579102 0.2
7.031370162963867 11.832950592041016 5.14015007019043 0.2
7.098510265350342 11.813350677490234 5.169549942016602 0.2
7.1450700759887695 11.7823486328125 5.222650527954102 0.2
7.159640312194824 11.742149353027344 5.2886505126953125 0.2
7.141550064086914 11.696548461914062 5.349451065063477 0.2
7.100190162658691 11.650249481201172 5.394250869750977 0.2
7.046300411224365 11.606250762939453 5.423450469970703 0.2
6.9873504638671875 11.563949584960938 5.442850112915039 0.2
6.927670478820801 11.520748138427734 5.457151412963867 0.2
6.870759963989258 11.472648620605469 5.466650009155273 0.2
6.822160243988037 11.41455078125 5.468650817871094 0.2
6.7906999588012695 11.345149993896484 5.459751129150391 0.2
6.786870002746582 11.269847869873047 5.440851211547852 0.2
6.816510200500488 11.201549530029297 5.420650482177734 0.2
6.873920440673828 11.15264892578125 5.409151077270508 0.2
6.9452104568481445 11.127449035644531 5.40985107421875 0.2
7.019700050354004 11.122249603271484 5.420751571655273 0.2
7.092830181121826 11.133949279785156 5.438350677490234 0.2
7.160510063171387 11.164749145507812 5.458551406860352 0.2
7.216590404510498 11.216548919677734 5.473850250244141 0.2
7.257030010223389 11.282447814941406 5.476251602172852 0.2
7.282980442047119 11.353050231933594 5.464250564575195 0.2
7.298730373382568 11.423149108886719 5.442150115966797 0.2
7.308950424194336 11.492050170898438 5.41455078125 0.2
7.316510200500488 11.559650421142578 5.383050918579102 0.2
7.322000026702881 11.624649047851562 5.34575080871582 0.2
7.325960159301758 11.683948516845703 5.298450469970703 0.2
7.332050323486328 11.732048034667969 5.239250183105469 0.2
7.347360134124756 11.764850616455078 5.1719512939453125 0.2
7.377960205078125 11.782249450683594 5.104949951171875 0.2
7.424190044403076 11.787651062011719 5.045949935913086 0.2
7.4823102951049805 11.784149169921875 4.998950958251953 0.2
7.548690319061279 11.771549224853516 4.966350555419922 0.2
7.619100093841553 11.747447967529297 4.954151153564453 0.2
7.684120178222656 11.710750579833984 4.970050811767578 0.2
7.729310035705566 11.665550231933594 5.013750076293945 0.2
7.745950222015381 11.618049621582031 5.072851181030273 0.2
7.737400054931641 11.571548461914062 5.133050918579102 0.2
7.712710380554199 11.526348114013672 5.187950134277344 0.2
7.679960250854492 11.481548309326172 5.238151550292969 0.2
7.643950462341309 11.436748504638672 5.285951614379883 0.2
7.606640338897705 11.391948699951172 5.33275032043457 0.2
7.56872034072876 11.347148895263672 5.379150390625 0.2
7.5302300453186035 11.30215072631836 5.424751281738281 0.2
7.490610122680664 11.256549835205078 5.468851089477539 0.2
7.448430061340332 11.209548950195312 5.509050369262695 0.2
7.402590274810791 11.15945053100586 5.541351318359375 0.2
7.354530334472656 11.105148315429688 5.561550140380859 0.2
7.308040142059326 11.04644775390625 5.567750930786133 0.2
7.267480373382568 10.983848571777344 5.559350967407227 0.2
7.235830307006836 10.920047760009766 5.534950256347656 0.2
7.215010166168213 10.862049102783203 5.491250991821289 0.2
7.207350254058838 10.821147918701172 5.42755126953125 0.2
7.215880393981934 10.807750701904297 5.352550506591797 0.2
7.24124002456665 10.824249267578125 5.281650543212891 0.2
7.279139995574951 10.863048553466797 5.228050231933594 0.2
7.324090003967285 10.913749694824219 5.195150375366211 0.2
7.372180461883545 10.968151092529297 5.176549911499023 0.2
7.421930313110352 11.022647857666016 5.163051605224609 0.2
7.472470283508301 11.076248168945312 5.1495513916015625 0.2
7.523280143737793 11.128948211669922 5.135150909423828 0.2
7.574460029602051 11.180850982666016 5.119251251220703 0.2
7.626100063323975 11.231647491455078 5.101350784301758 0.2
7.677980422973633 11.281349182128906 5.08125114440918 0.2
7.729420185089111 11.330947875976562 5.060050964355469 0.2
7.778970241546631 11.382450103759766 5.038751602172852 0.2
7.823960304260254 11.43804931640625 5.017250061035156 0.2
7.860870361328125 11.498847961425781 4.993350982666016 0.2
7.887540340423584 11.562549591064453 4.963550567626953 0.2
7.906020164489746 11.623950958251953 4.924150466918945 0.2
7.963050365447998 11.74114990234375 4.753850936889648 0.2
8.10634994506836 11.76314926147461 4.594850540161133 0.2
8.295610427856445 11.76504898071289 4.489650726318359 0.2
8.49724006652832 11.704948425292969 4.453851699829102 0.2
8.58230972290039 11.523548126220703 4.522150039672852 0.2
8.529430389404297 11.31344985961914 4.534049987792969 0.2
8.587320327758789 11.13385009765625 4.4396514892578125 0.2
8.784150123596191 11.092350006103516 4.369251251220703 0.2
8.983739852905273 11.166648864746094 4.387050628662109 0.2
9.047940254211426 11.352249145507812 4.465950012207031 0.2
8.9581298828125 11.547847747802734 4.4732513427734375 0.2
8.87267017364502 11.718650817871094 4.377651214599609 0.2
8.944860458374023 11.819049835205078 4.206750869750977 0.2
9.14011001586914 11.851150512695312 4.123149871826172 0.2
9.345479965209961 11.826850891113281 4.168550491333008 0.2
9.407630920410156 11.703948974609375 4.328451156616211 0.2
9.313640594482422 11.534049987792969 4.421649932861328 0.2
9.24802017211914 11.33224868774414 4.409049987792969 0.2
9.359649658203125 11.185848236083984 4.3081512451171875 0.2
9.570110321044922 11.184150695800781 4.267850875854492 0.2
9.744180679321289 11.298450469970703 4.305351257324219 0.2
9.758430480957031 11.505550384521484 4.349750518798828 0.2
9.66609001159668 11.694450378417969 4.304750442504883 0.2
9.605910301208496 11.844551086425781 4.166450500488281 0.2
9.703580856323242 11.92034912109375 3.996450424194336 0.2
9.922760009765625 11.954948425292969 3.9290504455566406 0.2
10.126460075378418 11.921749114990234 4.035551071166992 0.2
10.123080253601074 11.772048950195312 4.216251373291016 0.2
10.007169723510742 11.580047607421875 4.304450988769531 0.2
9.988849639892578 11.350349426269531 4.265350341796875 0.2
10.177300453186035 11.25014877319336 4.168951034545898 0.2
10.407609939575195 11.31235122680664 4.14375114440918 0.2
10.512319564819336 11.520549774169922 4.159151077270508 0.2
10.438470840454102 11.747249603271484 4.135051727294922 0.2
10.342320442199707 11.93124771118164 4.019651412963867 0.2
10.36893081665039 11.992450714111328 3.795450210571289 0.2
10.461280822753906 11.88644790649414 3.612150192260742 0.2
10.42162036895752 11.669548034667969 3.5875511169433594 0.2
10.345510482788086 11.494949340820312 3.7109508514404297 0.2
10.344550132751465 11.342449188232422 3.8754501342773438 0.2
10.529769897460938 11.270851135253906 3.9771499633789062 0.2
10.750280380249023 11.277149200439453 3.927051544189453 0.2
10.87427043914795 11.31705093383789 3.7480506896972656 0.2
10.81427001953125 11.44205093383789 3.5729503631591797 0.2
10.697450637817383 11.624549865722656 3.5051498413085938 0.2
10.650640487670898 11.843849182128906 3.501150131225586 0.2
10.790849685668945 12.0146484375 3.5139503479003906 0.2
11.001880645751953 12.051948547363281 3.442251205444336 0.2
11.153940200805664 11.948749542236328 3.324951171875 0.2
11.15310001373291 11.738750457763672 3.298250198364258 0.2
11.087810516357422 11.559650421142578 3.3964500427246094 0.2
11.050470352172852 11.40665054321289 3.5415515899658203 0.2
11.158720016479492 11.32864761352539 3.7049503326416016 0.2
11.36991024017334 11.321647644042969 3.7201499938964844 0.2
11.552380561828613 11.333049774169922 3.6093502044677734 0.2
11.597390174865723 11.380847930908203 3.4096508026123047 0.2
11.503800392150879 11.51824951171875 3.27655029296875 0.2
11.395090103149414 11.695449829101562 3.221151351928711 0.2
11.366869926452637 11.90694808959961 3.2156505584716797 0.2
11.508279800415039 12.062747955322266 3.2103500366210938 0.2
11.704339981079102 12.088951110839844 3.1270503997802734 0.2
11.84985065460205 11.993350982666016 3.007150650024414 0.2
11.852370262145996 11.784950256347656 2.9725513458251953 0.2
11.796060562133789 11.605049133300781 3.076650619506836 0.2
11.759530067443848 11.453048706054688 3.2250499725341797 0.2
11.853750228881836 11.36104965209961 3.390850067138672 0.2
12.063179969787598 11.3365478515625 3.4112510681152344 0.2
12.246200561523438 11.329948425292969 3.2989501953125 0.2
12.296950340270996 11.357547760009766 3.0963516235351562 0.2
12.203310012817383 11.483551025390625 2.9515514373779297 0.2
12.091400146484375 11.658348083496094 2.893951416015625 0.2
12.046890258789062 11.866348266601562 2.873849868774414 0.2
12.176980018615723 12.031349182128906 2.8589515686035156 0.2
12.370250701904297 12.053050994873047 2.7692508697509766 0.2
12.520540237426758 11.949447631835938 2.6405506134033203 0.2
12.521380424499512 11.72884750366211 2.6077499389648438 0.2
12.46664047241211 11.54644775390625 2.731250762939453 0.2
12.444860458374023 11.395347595214844 2.8994503021240234 0.2
12.581940650939941 11.309150695800781 3.052949905395508 0.2
12.801609992980957 11.270549774169922 3.0250511169433594 0.2
12.959500312805176 11.260250091552734 2.861949920654297 0.2
12.944580078125 11.351848602294922 2.659749984741211 0.2
12.816949844360352 11.51424789428711 2.5645503997802734 0.2
12.71438980102539 11.710350036621094 2.514150619506836 0.2
12.792710304260254 11.918449401855469 2.516651153564453 0.2
13.010900497436523 11.98175048828125 2.5414505004882812 0.2
13.139500617980957 11.932449340820312 2.7309513092041016 0.2
13.101500511169434 11.760547637939453 2.896350860595703 0.2
13.043800354003906 11.551448822021484 3.0044498443603516 0.2
13.095499992370605 11.323150634765625 2.9750499725341797 0.2
13.282000541687012 11.215648651123047 2.8628501892089844 0.2
13.500500679016113 11.27294921875 2.790250778198242 0.2
13.54520034790039 11.50374984741211 2.780550003051758 0.2
13.430999755859375 11.717750549316406 2.7627506256103516 0.2
13.317200660705566 11.902549743652344 2.6606502532958984 0.2
13.377099990844727 11.971649169921875 2.4444503784179688 0.2
13.61400032043457 11.981647491455078 2.399150848388672 0.2
13.82859992980957 11.905349731445312 2.3760509490966797 0.2
13.883999824523926 11.692649841308594 2.338350296020508 0.2
13.809300422668457 11.516250610351562 2.456850051879883 0.2
13.735700607299805 11.385749816894531 2.630950927734375 0.2
13.722599983215332 11.164447784423828 2.6435508728027344 0.2
13.881800651550293 11.044349670410156 2.5362510681152344 0.2
14.085800170898438 11.081649780273438 2.4418506622314453 0.2
14.146400451660156 11.281047821044922 2.3442516326904297 0.2
14.140900611877441 11.507148742675781 2.3039512634277344 0.2
14.192399978637695 11.66054916381836 2.4592514038085938 0.2
14.142300605773926 11.595447540283203 2.658550262451172 0.2
14.073500633239746 11.431049346923828 2.564149856567383 0.2
14.2253999710083 11.457347869873047 2.4283504486083984 0.2
14.392399787902832 11.366950988769531 2.4549503326416016 0.2
14.37909984588623 11.172050476074219 2.447050094604492 0.2
14.331999778747559 11.006450653076172 2.353250503540039 0.2
14.408300399780273 10.924449920654297 2.195150375366211 0.2
14.572000503540039 10.943950653076172 2.08795166015625 0.2
14.741399765014648 11.033451080322266 2.0476512908935547 0.2
14.805800437927246 11.205448150634766 2.1106510162353516 0.2
14.713800430297852 11.363548278808594 2.182849884033203 0.2
14.572600364685059 11.491748809814453 2.2313499450683594 0.2
14.403800010681152 11.587448120117188 2.211050033569336 0.2
14.29580020904541 11.61684799194336 2.052949905395508 0.2
14.351600646972656 11.645851135253906 1.8678512573242188 0.2
14.487000465393066 11.697349548339844 1.7340507507324219 0.2
14.661200523376465 11.75374984741211 1.6870498657226562 0.2
14.82390022277832 11.742347717285156 1.7768516540527344 0.2
14.90570068359375 11.613349914550781 1.885751724243164 0.2
14.938300132751465 11.440849304199219 1.9531517028808594 0.2
14.95580005645752 11.253948211669922 1.9565505981445312 0.2
14.977300643920898 11.122749328613281 1.8253517150878906 0.2
15.049300193786621 11.119949340820312 1.6513500213623047 0.2
15.1451997756958 11.173748016357422 1.4978504180908203 0.2
15.26240062713623 11.286548614501953 1.405050277709961 0.2
15.328400611877441 11.44704818725586 1.4725513458251953 0.2
15.270100593566895 11.561050415039062 1.6116504669189453 0.2
15.151300430297852 11.676849365234375 1.701150894165039 0.2
15.00610065460205 11.77334976196289 1.6441516876220703 0.2
14.985799789428711 11.72195053100586 1.4744510650634766 0.2
15.154300689697266 11.662948608398438 1.4512500762939453 0.2
15.234000205993652 11.823448181152344 1.5705509185791016 0.2
15.082200050354004 11.938549041748047 1.4856510162353516 0.2
15.123800277709961 11.8177490234375 1.3146514892578125 0.2
15.301199913024902 11.66094970703125 1.3234500885009766 0.2
15.434900283813477 11.536849975585938 1.1927509307861328 0.2
15.507200241088867 11.624950408935547 0.9947509765625 0.2
15.525400161743164 11.839950561523438 0.9303512573242188 0.2
15.390299797058105 11.987850189208984 1.0362510681152344 0.2
15.173299789428711 11.991348266601562 1.1201515197753906 0.2
15.000900268554688 12.091949462890625 1.225351333618164 0.2
14.942100524902344 12.306949615478516 1.1976509094238281 0.2
14.934200286865234 12.438648223876953 1.0064506530761719 0.2
15.098000526428223 12.525447845458984 0.8991508483886719 0.2
15.295499801635742 12.434650421142578 0.9077510833740234 0.2
15.424400329589844 12.259048461914062 0.9232501983642578 0.2
15.539800643920898 12.084148406982422 0.8637504577636719 0.2
15.614900588989258 12.051250457763672 0.6651515960693359 0.2
15.660799980163574 12.198650360107422 0.5102500915527344 0.2
15.664100646972656 12.413249969482422 0.49575042724609375 0.2
15.541000366210938 12.55794906616211 0.6023502349853516 0.2
15.355299949645996 12.62125015258789 0.6973514556884766 0.2
15.148699760437012 12.658248901367188 0.7574501037597656 0.2
14.958200454711914 12.671550750732422 0.6583499908447266 0.2
14.927499771118164 12.775249481201172 0.47175025939941406 0.2
15.017800331115723 12.927249908447266 0.3450508117675781 0.2
15.219600677490234 13.000850677490234 0.3527507781982422 0.2
15.406100273132324 12.898048400878906 0.39985084533691406 0.2
15.559900283813477 12.745750427246094 0.4262504577636719 0.2
15.689900398254395 12.582950592041016 0.36155128479003906 0.2
15.763999938964844 12.550350189208984 0.16245079040527344 0.2
15.817800521850586 12.688751220703125 0.0019512176513671875 0.2
15.817399978637695 12.903247833251953 -0.0155487060546875 0.2
15.678299903869629 13.037147521972656 0.08445167541503906 0.2
15.486000061035156 13.089550018310547 0.17514991760253906 0.2
15.273099899291992 13.123348236083984 0.2136516571044922 0.2
15.108500480651855 13.164649963378906 0.08115005493164062 0.2
15.119800567626953 13.283748626708984 -0.10114860534667969 0.2
15.256500244140625 13.418949127197266 -0.2008495330810547 0.2
15.470399856567383 13.423648834228516 -0.16884994506835938 0.2
15.642900466918945 13.294147491455078 -0.1295490264892578 0.2
15.79520034790039 13.136848449707031 -0.11754989624023438 0.2
15.901900291442871 12.988948822021484 -0.23424911499023438 0.2
15.966500282287598 13.013050079345703 -0.43994903564453125 0.2
16.01599884033203 13.173748016357422 -0.5791492462158203 0.2
15.972400665283203 13.382450103759766 -0.5481491088867188 0.2
15.8056001663208 13.48134994506836 -0.44644927978515625 0.2
15.61240005493164 13.531349182128906 -0.3563499450683594 0.2
15.396599769592285 13.559150695800781 -0.3563499450683594 0.2
15.282299995422363 13.610149383544922 -0.5309486389160156 0.2
15.333800315856934 13.724449157714844 -0.7100486755371094 0.2
15.510900497436523 13.826850891113281 -0.775848388671875 0.2
15.719500541687012 13.775749206542969 -0.7385482788085938 0.2
15.886700630187988 13.64004898071289 -0.7030487060546875 0.2
16.032899856567383 13.478347778320312 -0.7144489288330078 0.2
16.11240005493164 13.359249114990234 -0.8758487701416016 0.2
16.16349983215332 13.416648864746094 -1.0796489715576172 0.2
16.190200805664062 13.59954833984375 -1.1905498504638672 0.2
16.097400665283203 13.785747528076172 -1.1293487548828125 0.2
15.919899940490723 13.86185073852539 -1.0273494720458984 0.2
15.725000381469727 13.911251068115234 -0.9422492980957031 0.2
15.513999938964844 13.9261474609375 -0.9909496307373047 0.2
15.4443998336792 13.976448059082031 -1.1884498596191406 0.2
15.524700164794922 14.082050323486328 -1.3612499237060547 0.2
15.727499961853027 14.145050048828125 -1.4007492065429688 0.2
15.924600601196289 14.057350158691406 -1.3645496368408203 0.2
16.0935001373291 13.922348022460938 -1.332448959350586 0.2
16.223600387573242 13.752548217773438 -1.3769493103027344 0.2
16.276500701904297 13.668350219726562 -1.5682487487792969 0.2
16.311500549316406 13.752250671386719 -1.768148422241211 0.2
16.302499771118164 13.953948974609375 -1.8438491821289062 0.2
16.16900062561035 14.10464859008789 -1.7597484588623047 0.2
15.98840045928955 14.171749114990234 -1.6542491912841797 0.2
15.784200668334961 14.21364974975586 -1.5835494995117188 0.2
15.592000007629395 14.213348388671875 -1.6828498840332031 0.2
15.56410026550293 14.267749786376953 -1.8930492401123047 0.2
15.67710018157959 14.367347717285156 -2.050548553466797 0.2
15.893899917602539 14.382450103759766 -2.062448501586914 0.2
16.08340072631836 14.27614974975586 -2.0256500244140625 0.2
16.253700256347656 14.137950897216797 -2.002748489379883 0.2
16.355199813842773 13.968048095703125 -2.0932483673095703 0.2
16.38409996032715 13.935848236083984 -2.307149887084961 0.2
16.398099899291992 14.052650451660156 -2.4926490783691406 0.2
16.340599060058594 14.260448455810547 -2.510448455810547 0.2
16.180299758911133 14.372650146484375 -2.408649444580078 0.2
15.998600006103516 14.435050964355469 -2.301149368286133 0.2
15.783300399780273 14.454849243164062 -2.2662487030029297 0.2
15.635100364685059 14.451950073242188 -2.4241485595703125 0.2
15.6451997756958 14.516548156738281 -2.634349822998047 0.2
15.803999900817871 14.605247497558594 -2.751850128173828 0.2
16.020299911499023 14.56814956665039 -2.7401485443115234 0.2
16.206199645996094 14.45644760131836 -2.7042484283447266 0.2
16.36600112915039 14.305450439453125 -2.7095489501953125 0.2
16.425100326538086 14.166549682617188 -2.865549087524414 0.2
16.433300018310547 14.19424819946289 -3.0834484100341797 0.2
16.417200088500977 14.360748291015625 -3.2218494415283203 0.2
16.302101135253906 14.539848327636719 -3.172548294067383 0.2
16.128101348876953 14.615447998046875 -3.0610485076904297 0.2
15.937000274658203 14.664249420166016 -2.9631500244140625 0.2
15.722800254821777 14.65005111694336 -3.002248764038086 0.2
15.63640022277832 14.667049407958984 -3.201749801635742 0.2
15.69480037689209 14.754348754882812 -3.3934497833251953 0.2
15.897900581359863 14.806148529052734 -3.4537487030029297 0.2
16.10179901123047 14.726348876953125 -3.428049087524414 0.2
16.287799835205078 14.61185073852539 -3.400848388671875 0.2
16.414100646972656 14.443347930908203 -3.4620494842529297 0.2
16.431400299072266 14.36655044555664 -3.664949417114258 0.2
16.419898986816406 14.448448181152344 -3.869649887084961 0.2
16.358299255371094 14.6468505859375 -3.9330501556396484 0.2
16.202800750732422 14.771049499511719 -3.8385486602783203 0.2
16.024900436401367 14.83184814453125 -3.7230491638183594 0.2
15.817000389099121 14.852848052978516 -3.6507492065429688 0.2
15.6318998336792 14.823150634765625 -3.761049270629883 0.2
15.590900421142578 14.865550994873047 -3.9743499755859375 0.2
15.703100204467773 14.961349487304688 -4.135349273681641 0.2
15.922100067138672 14.956748962402344 -4.154748916625977 0.2
16.121601104736328 14.864749908447266 -4.128149032592773 0.2
16.303800582885742 14.738349914550781 -4.119649887084961 0.2
16.382400512695312 14.571048736572266 -4.235649108886719 0.2
16.36370086669922 14.547248840332031 -4.454549789428711 0.2
16.321701049804688 14.668750762939453 -4.633449554443359 0.2
16.213199615478516 14.858150482177734 -4.624849319458008 0.2
16.045799255371094 14.949848175048828 -4.511148452758789 0.2
15.866700172424316 15.00844955444336 -4.394248962402344 0.2
15.650300025939941 14.997047424316406 -4.356149673461914 0.2
15.499700546264648 14.96725082397461 -4.512948989868164 0.2
15.482900619506836 15.019649505615234 -4.727649688720703 0.2
15.64330005645752 15.096748352050781 -4.853849411010742 0.2
15.860799789428711 15.052249908447266 -4.856349945068359 0.2
16.06209945678711 14.962947845458984 -4.835948944091797 0.2
16.22920036315918 14.81924819946289 -4.852548599243164 0.2
16.2539005279541 14.668647766113281 -5.008749008178711 0.2
16.203100204467773 14.675548553466797 -5.224649429321289 0.2
16.12969970703125 14.830650329589844 -5.359348297119141 0.2
15.991600036621094 14.992050170898438 -5.300548553466797 0.2
15.824700355529785 15.071647644042969 -5.179948806762695 0.2
15.64169979095459 15.123550415039062 -5.066648483276367 0.2
15.42609977722168 15.08184814453125 -5.069049835205078 0.2
15.301199913024902 15.060447692871094 -5.248849868774414 0.2
15.316800117492676 15.125747680664062 -5.457649230957031 0.2
15.510100364685059 15.170150756835938 -5.55204963684082 0.2
15.721199989318848 15.103450775146484 -5.549449920654297 0.2
15.922100067138672 15.011848449707031 -5.538848876953125 0.2
16.060400009155273 14.845748901367188 -5.583549499511719 0.2
16.041000366210938 14.720748901367188 -5.76194953918457 0.2
15.969400405883789 14.756851196289062 -5.9689483642578125 0.2
15.87130069732666 14.933250427246094 -6.053749084472656 0.2
15.719300270080566 15.065650939941406 -5.961248397827148 0.2
15.554100036621094 15.144149780273438 -5.8363494873046875 0.2
15.363500595092773 15.181049346923828 -5.727048873901367 0.2
15.155900001525879 15.121150970458984 -5.764549255371094 0.2
15.04990005493164 15.111549377441406 -5.960149765014648 0.2
15.102900505065918 15.181449890136719 -6.161748886108398 0.2
15.313700675964355 15.188549041748047 -6.228849411010742 0.2
15.52299976348877 15.112648010253906 -6.227849960327148 0.2
15.723000526428223 15.012950897216797 -6.2272491455078125 0.2
15.827799797058105 14.830150604248047 -6.29224967956543 0.2
15.773099899291992 14.728649139404297 -6.481449127197266 0.2
15.683700561523438 14.78704833984375 -6.676748275756836 0.2
15.567299842834473 14.970348358154297 -6.71204948425293 0.2
15.413100242614746 15.08864974975586 -6.601949691772461 0.2
15.252400398254395 15.174549102783203 -6.475149154663086 0.2
15.056099891662598 15.196250915527344 -6.373350143432617 0.2
14.86050033569336 15.12704849243164 -6.445949554443359 0.2
14.774499893188477 15.122249603271484 -6.65104866027832 0.2
14.871000289916992 15.181148529052734 -6.838249206542969 0.2
15.08590030670166 15.155750274658203 -6.8896484375 0.2
15.292600631713867 15.077049255371094 -6.893348693847656 0.2
15.484000205993652 14.965049743652344 -6.901149749755859 0.2
15.546000480651855 14.769451141357422 -6.979148864746094 0.2
15.463800430297852 14.680347442626953 -7.16404914855957 0.2
15.358400344848633 14.753948211669922 -7.342649459838867 0.2
15.230999946594238 14.933948516845703 -7.347448348999023 0.2
15.082900047302246 15.051250457763672 -7.231649398803711 0.2
14.928400039672852 15.145950317382812 -7.104648590087891 0.2
14.72920036315918 15.15195083618164 -7.007848739624023 0.2
14.543600082397461 15.071548461914062 -7.092248916625977 0.2
14.46820068359375 15.05514907836914 -7.300249099731445 0.2
14.588399887084961 15.086750030517578 -7.48124885559082 0.2
14.80090045928955 15.037948608398438 -7.524648666381836 0.2
15.007100105285645 14.95724868774414 -7.532949447631836 0.2
15.187200546264648 14.826248168945312 -7.543949127197266 0.2
15.204400062561035 14.623550415039062 -7.625648498535156 0.2
15.09689998626709 14.545047760009766 -7.80474853515625 0.2
14.973400115966797 14.63344955444336 -7.964849472045898 0.2
14.838399887084961 14.80685043334961 -7.9371490478515625 0.2
14.696599960327148 14.929550170898438 -7.816749572753906 0.2
14.544600486755371 15.029850006103516 -7.687549591064453 0.2
14.343600273132324 15.011150360107422 -7.598049163818359 0.2
14.170300483703613 14.918048858642578 -7.700349807739258 0.2
14.108600616455078 14.888050079345703 -7.9118499755859375 0.2
14.254199981689453 14.894050598144531 -8.0771484375 0.2
14.466899871826172 14.834850311279297 -8.11414909362793 0.2
14.674500465393066 14.75634765625 -8.128950119018555 0.2
14.836100578308105 14.60464859008789 -8.142448425292969 0.2
14.806699752807617 14.405548095703125 -8.231048583984375 0.2
14.679900169372559 14.336650848388672 -8.401649475097656 0.2
14.540599822998047 14.44675064086914 -8.53074836730957 0.2
14.401599884033203 14.610748291015625 -8.473148345947266 0.2
14.266500473022461 14.738548278808594 -8.352449417114258 0.2
14.113100051879883 14.832847595214844 -8.222049713134766 0.2
13.912300109863281 14.777549743652344 -8.151548385620117 0.2
13.755800247192383 14.67464828491211 -8.269649505615234 0.2
13.723400115966797 14.6385498046875 -8.483848571777344 0.2
13.890399932861328 14.622947692871094 -8.627748489379883 0.2
14.099800109863281 14.558547973632812 -8.661748886108398 0.2
14.305200576782227 14.477649688720703 -8.68174934387207 0.2
14.439800262451172 14.302749633789062 -8.6927490234375 0.2
14.380300521850586 14.110549926757812 -8.780649185180664 0.2
14.242700576782227 14.048347473144531 -8.943748474121094 0.2
14.090700149536133 14.171249389648438 -9.044349670410156 0.2
13.953499794006348 14.328350067138672 -8.967148780822754 0.2
13.823400497436523 14.462348937988281 -8.848148345947266 0.2
13.668900489807129 14.548347473144531 -8.712348937988281 0.2
13.475600242614746 14.467147827148438 -8.648550033569336 0.2
13.33080005645752 14.34885025024414 -8.770248413085938 0.2
13.313400268554688 14.29684829711914 -8.983649253845215 0.2
13.490300178527832 14.268447875976562 -9.114648818969727 0.2
13.699999809265137 14.202449798583984 -9.151549339294434 0.2
13.90570068359375 14.118949890136719 -9.17544937133789 0.2
14.033300399780273 13.938549041748047 -9.175249099731445 0.2
13.967700004577637 13.740650177001953 -9.250349044799805 0.2
13.825699806213379 13.663749694824219 -9.404349327087402 0.2
13.666299819946289 13.78664779663086 -9.49364948272705 0.2
13.53130054473877 13.946949005126953 -9.41504955291748 0.2
13.405000686645508 14.091449737548828 -9.304049491882324 0.2
13.254700660705566 14.183547973632812 -9.168449401855469 0.2
13.070600509643555 14.090351104736328 -9.096049308776855 0.2
12.928620338439941 13.942150115966797 -9.221949577331543 0.2
12.929560661315918 13.887748718261719 -9.456849098205566 0.2
13.140999794006348 13.855548858642578 -9.57914924621582 0.2
13.368900299072266 13.765647888183594 -9.612849235534668 0.2
13.584799766540527 13.643848419189453 -9.624349594116211 0.2
13.648799896240234 13.409347534179688 -9.614048957824707 0.2
13.536499977111816 13.21725082397461 -9.723349571228027 0.2
13.361300468444824 13.22665023803711 -9.88814926147461 0.2
13.215100288391113 13.424850463867188 -9.878249168395996 0.2
13.101400375366211 13.623748779296875 -9.784449577331543 0.2
12.938950538635254 13.767349243164062 -9.66464900970459 0.2
12.727370262145996 13.68124771118164 -9.655549049377441 0.2
12.654009819030762 13.581951141357422 -9.817949295043945 0.2
12.630730628967285 13.41634750366211 -9.927148818969727 0.2
12.725850105285645 13.240947723388672 -9.93134880065918 0.2
12.915240287780762 13.17824935913086 -9.946649551391602 0.2
13.111000061035156 13.15665054321289 -9.98694896697998 0.2
13.269800186157227 13.034549713134766 -9.978448867797852 0.2
13.258800506591797 12.836650848388672 -9.99644947052002 0.2
13.141400337219238 12.712947845458984 -10.103249549865723 0.2
12.983380317687988 12.738548278808594 -10.221949577331543 0.2
12.85239028930664 12.885650634765625 -10.18114948272705 0.2
12.716170310974121 13.016448974609375 -10.110849380493164 0.2
12.64072036743164 13.108348846435547 -10.257248878479004 0.2
12.721429824829102 12.982547760009766 -10.363849639892578 0.2
12.673870086669922 12.860649108886719 -10.233348846435547 0.2
12.525010108947754 12.932350158691406 -10.208148956298828 0.2
12.503890037536621 12.955650329589844 -10.372749328613281 0.2
12.610710144042969 12.850948333740234 -10.461149215698242 0.2
12.742950439453125 12.739151000976562 -10.437149047851562 0.2
12.83711051940918 12.610450744628906 -10.364048957824707 0.2
12.791840553283691 12.453250885009766 -10.300848960876465 0.2
12.651599884033203 12.352149963378906 -10.33444881439209 0.2
12.506549835205078 12.302947998046875 -10.420148849487305 0.2
12.38071060180664 12.330150604248047 -10.539249420166016 0.2
12.322640419006348 12.477249145507812 -10.615049362182617 0.2
12.308489799499512 12.649749755859375 -10.585749626159668 0.2
12.30232048034668 12.810150146484375 -10.51724910736084 0.2
12.282890319824219 12.94314956665039 -10.405749320983887 0.2
12.205470085144043 12.978748321533203 -10.253149032592773 0.2
12.053380012512207 12.932048797607422 -10.180549621582031 0.2
11.882400512695312 12.88385009765625 -10.207049369812012 0.2
11.72584056854248 12.851150512695312 -10.311348915100098 0.2
11.707099914550781 12.828147888183594 -10.498148918151855 0.2
11.825690269470215 12.740150451660156 -10.618349075317383 0.2
11.960949897766113 12.613449096679688 -10.660649299621582 0.2
12.086629867553711 12.471549987792969 -10.677449226379395 0.2
12.129899978637695 12.29534912109375 -10.619648933410645 0.2
12.003950119018555 12.173748016357422 -10.54574966430664 0.2
11.817920684814453 12.133647918701172 -10.532249450683594 0.2
11.628439903259277 12.127948760986328 -10.554348945617676 0.2
11.498430252075195 12.218448638916016 -10.658248901367188 0.2
11.521230697631836 12.388648986816406 -10.739949226379395 0.2
11.583030700683594 12.569549560546875 -10.738049507141113 0.2
11.55994987487793 12.71725082397461 -10.62804889678955 0.2
11.458100318908691 12.641651153564453 -10.502348899841309 0.2
11.397720336914062 12.526248931884766 -10.642048835754395 0.2
11.378530502319336 12.686847686767578 -10.75014877319336 0.2
11.313700675964355 12.771148681640625 -10.59074878692627 0.2
11.242420196533203 12.594551086425781 -10.541749000549316 0.2
11.241320610046387 12.39474868774414 -10.633548736572266 0.2
11.103110313415527 12.24184799194336 -10.617749214172363 0.2
10.896140098571777 12.265350341796875 -10.592649459838867 0.2
10.753870010375977 12.414249420166016 -10.61884880065918 0.2
10.790420532226562 12.617450714111328 -10.5962495803833 0.2
10.90015983581543 12.748348236083984 -10.47244930267334 0.2
10.987310409545898 12.919448852539062 -10.393049240112305 0.2
10.93025016784668 13.11874771118164 -10.384149551391602 0.2
10.759320259094238 13.217548370361328 -10.317548751831055 0.2
10.561980247497559 13.245849609375 -10.237648963928223 0.2
10.397109985351562 13.220649719238281 -10.373449325561523 0.2
10.431270599365234 13.05794906616211 -10.517748832702637 0.2
10.516480445861816 12.868949890136719 -10.593249320983887 0.2
10.564990043640137 12.658050537109375 -10.639649391174316 0.2
10.435430526733398 12.4886474609375 -10.60154914855957 0.2
10.217880249023438 12.519649505615234 -10.580549240112305 0.2
10.056270599365234 12.665348052978516 -10.612849235534668 0.2
10.055330276489258 12.883949279785156 -10.621949195861816 0.2
10.127429962158203 13.07204818725586 -10.530949592590332 0.2
10.202840805053711 13.238147735595703 -10.40584945678711 0.2
10.219480514526367 13.327049255371094 -10.206149101257324 0.2
10.05309009552002 13.358848571777344 -10.069149017333984 0.2
9.839059829711914 13.413848876953125 -10.077349662780762 0.2
9.706110000610352 13.431549072265625 -10.247249603271484 0.2
9.737210273742676 13.308250427246094 -10.42664909362793 0.2
9.810540199279785 13.133148193359375 -10.537249565124512 0.2
9.854390144348145 12.931747436523438 -10.613849639892578 0.2
9.739400863647461 12.749748229980469 -10.586249351501465 0.2
9.521390914916992 12.752750396728516 -10.563749313354492 0.2
9.356639862060547 12.891349792480469 -10.596649169921875 0.2
9.356809616088867 13.109748840332031 -10.591349601745605 0.2
9.433389663696289 13.287750244140625 -10.487849235534668 0.2
9.504220008850098 13.44205093383789 -10.348249435424805 0.2
9.467639923095703 13.520950317382812 -10.148149490356445 0.2
9.273480415344238 13.555450439453125 -10.055849075317383 0.2
9.066459655761719 13.595348358154297 -10.115348815917969 0.2
8.991230010986328 13.561649322509766 -10.315849304199219 0.2
9.04800033569336 13.407848358154297 -10.46204948425293 0.2
9.120450019836426 13.22774887084961 -10.564148902893066 0.2
9.122570037841797 13.01205062866211 -10.599649429321289 0.2
8.952390670776367 12.885948181152344 -10.558448791503906 0.2
8.736930847167969 12.92824935913086 -10.56364917755127 0.2
8.619950294494629 13.105449676513672 -10.606849670410156 0.2
8.66411018371582 13.31414794921875 -10.557649612426758 0.2
8.744950294494629 13.48284912109375 -10.442449569702148 0.2
8.793689727783203 13.619148254394531 -10.277149200439453 0.2
8.686300277709961 13.667949676513672 -10.095949172973633 0.2
8.470290184020996 13.695648193359375 -10.065849304199219 0.2
8.293609619140625 13.712047576904297 -10.19114875793457 0.2
8.287389755249023 13.620548248291016 -10.388648986816406 0.2
8.357500076293945 13.450248718261719 -10.509649276733398 0.2
8.419360160827637 13.257850646972656 -10.597549438476562 0.2
8.366300582885742 13.047748565673828 -10.588449478149414 0.2
8.160909652709961 12.981849670410156 -10.558749198913574 0.2
7.959280014038086 13.06155014038086 -10.588648796081543 0.2
7.905890464782715 13.269149780273438 -10.620049476623535 0.2
7.973740100860596 13.462348937988281 -10.54004955291748 0.2
8.052800178527832 13.627849578857422 -10.418949127197266 0.2
8.063390731811523 13.741447448730469 -10.23324966430664 0.2
7.897440433502197 13.77254867553711 -10.098649024963379 0.2
7.680680274963379 13.793350219726562 -10.124249458312988 0.2
7.558850288391113 13.77614974975586 -10.300848960876465 0.2
7.593420028686523 13.642749786376953 -10.470648765563965 0.2
7.665670394897461 13.465248107910156 -10.575749397277832 0.2
7.706320285797119 13.258750915527344 -10.634649276733398 0.2
7.595180034637451 13.078750610351562 -10.594449043273926 0.2
7.3786301612854 13.058048248291016 -10.582249641418457 0.2
7.207330226898193 13.17905044555664 -10.631548881530762 0.2
7.204970359802246 13.396350860595703 -10.637248992919922 0.2
7.283370018005371 13.577850341796875 -10.544448852539062 0.2
7.354610443115234 13.73904800415039 -10.415349006652832 0.2
7.312350273132324 13.825950622558594 -10.22144889831543 0.2
7.11421012878418 13.846149444580078 -10.13814926147461 0.2
6.9102702140808105 13.855049133300781 -10.212149620056152 0.2
6.843170166015625 13.793251037597656 -10.407849311828613 0.2
6.899280548095703 13.631649017333984 -10.543449401855469 0.2
6.96953010559082 13.446548461914062 -10.634749412536621 0.2
6.974870204925537 13.229351043701172 -10.647149085998535 0.2
6.8142805099487305 13.097850799560547 -10.593449592590332 0.2
6.596970558166504 13.117847442626953 -10.597949028015137 0.2
6.470010280609131 13.2823486328125 -10.652949333190918 0.2
6.509830474853516 13.49435043334961 -10.624349594116211 0.2
6.5938401222229 13.672149658203125 -10.529149055480957 0.2
6.6465301513671875 13.821647644042969 -10.378849029541016 0.2
6.545650482177734 13.87704849243164 -10.197349548339844 0.2
6.330360412597656 13.885448455810547 -10.162348747253418 0.2
6.151000022888184 13.8697509765625 -10.281449317932129 0.2
6.138750076293945 13.758647918701172 -10.467248916625977 0.2
6.207150459289551 13.583351135253906 -10.579349517822266 0.2
6.26930046081543 13.385948181152344 -10.650849342346191 0.2
6.2245001792907715 13.178447723388672 -10.612648963928223 0.2
6.026800155639648 13.104450225830078 -10.563448905944824 0.2
5.819860458374023 13.167747497558594 -10.583949089050293 0.2
5.755410194396973 13.368850708007812 -10.627248764038086 0.2
5.822669982910156 13.569549560546875 -10.572249412536621 0.2
5.90578031539917 13.74625015258789 -10.473649024963379 0.2
5.921730041503906 13.869247436523438 -10.295848846435547 0.2
5.762500286102295 13.895149230957031 -10.153948783874512 0.2
5.544650077819824 13.891250610351562 -10.163949012756348 0.2
5.415380477905273 13.841049194335938 -10.32754898071289 0.2
5.445260047912598 13.693347930908203 -10.484949111938477 0.2
5.517980575561523 13.512348175048828 -10.582348823547363 0.2
5.558600425720215 13.301448822021484 -10.614849090576172 0.2
5.4487199783325195 13.132247924804688 -10.5431489944458 0.2
5.234889984130859 13.108848571777344 -10.512049674987793 0.2
5.06112003326416 13.22604751586914 -10.555449485778809 0.2
5.057660102844238 13.44234848022461 -10.570549011230469 0.2
5.139440536499023 13.631050109863281 -10.499849319458008 0.2
5.212330341339111 13.799747467041016 -10.383149147033691 0.2
5.166970252990723 13.883949279785156 -10.190349578857422 0.2
4.970020294189453 13.892047882080078 -10.1031494140625 0.2
4.765280246734619 13.875850677490234 -10.168549537658691 0.2
4.699490070343018 13.785350799560547 -10.35274887084961 0.2
4.75691032409668 13.61574935913086 -10.476348876953125 0.2
4.827030181884766 13.4261474609375 -10.55634880065918 0.2
4.824090003967285 13.210948944091797 -10.533549308776855 0.2
4.657440185546875 13.09804916381836 -10.461548805236816 0.2
4.441810131072998 13.122447967529297 -10.459349632263184 0.2
4.324360370635986 13.29214859008789 -10.515949249267578 0.2
4.370770454406738 13.503047943115234 -10.49384880065918 0.2
4.45775032043457 13.685550689697266 -10.413249015808105 0.2
4.504240036010742 13.833648681640625 -10.261149406433105 0.2
4.388910293579102 13.882247924804688 -10.0879487991333 0.2
4.17326021194458 13.881649017333984 -10.05894947052002 0.2
4.002754211425781 13.844947814941406 -10.183749198913574 0.2
4.001110076904297 13.713150024414062 -10.35534954071045 0.2
4.072030067443848 13.532649993896484 -10.455549240112305 0.2
4.129330158233643 13.327949523925781 -10.503849029541016 0.2
4.0626702308654785 13.135150909423828 -10.437549591064453 0.2
3.8581621646881104 13.081550598144531 -10.389948844909668 0.2
3.6589221954345703 13.159049987792969 -10.419349670410156 0.2
3.6157851219177246 13.365150451660156 -10.464448928833008 0.2
3.691026210784912 13.56344985961914 -10.413349151611328 0.2
3.774163246154785 13.740848541259766 -10.31714916229248 0.2
3.7706072330474854 13.855949401855469 -10.134749412536621 0.2
3.5943872928619385 13.879947662353516 -10.01414966583252 0.2
3.3791213035583496 13.87125015258789 -10.041849136352539 0.2
3.2717032432556152 13.8011474609375 -10.213349342346191 0.2
3.313561201095581 13.639148712158203 -10.35274887084961 0.2
3.386808156967163 13.451648712158203 -10.436049461364746 0.2
3.411482334136963 13.236648559570312 -10.436948776245117 0.2
3.2726120948791504 13.09444808959961 -10.358949661254883 0.2
3.056033134460449 13.092449188232422 -10.34274959564209 0.2
2.9044861793518066 13.230449676513672 -10.401349067687988 0.2
2.9254519939422607 13.44594955444336 -10.411149024963379 0.2
3.012669563293457 13.632450103759766 -10.34174919128418 0.2
3.0776610374450684 13.796550750732422 -10.21574878692627 0.2
3.0000391006469727 13.872447967529297 -10.031349182128906 0.2
2.7923712730407715 13.882648468017578 -9.972549438476562 0.2
2.6008412837982178 13.860450744628906 -10.065649032592773 0.2
2.5639102458953857 13.748847961425781 -10.246648788452148 0.2
2.6288211345672607 13.570549011230469 -10.352349281311035 0.2
2.6936841011047363 13.37234878540039 -10.412949562072754 0.2
2.6580913066864014 13.165748596191406 -10.363649368286133 0.2
2.4683592319488525 13.08475112915039 -10.305949211120605 0.2
2.25948429107666 13.134750366210938 -10.326949119567871 0.2
2.178873300552368 13.32284927368164 -10.389849662780762 0.2
2.2432901859283447 13.527347564697266 -10.356649398803711 0.2
2.3313562870025635 13.70684814453125 -10.271849632263184 0.2
2.355598211288452 13.844249725341797 -10.106149673461914 0.2
2.207768201828003 13.88814926147461 -9.959049224853516 0.2
1.99068021774292 13.890251159667969 -9.961849212646484 0.2
1.8486902713775635 13.841548919677734 -10.113849639892578 0.2
1.8707802295684814 13.691650390625 -10.268548965454102 0.2
1.9434902667999268 13.505149841308594 -10.354349136352539 0.2
1.9840202331542969 13.292747497558594 -10.376648902893066 0.2
1.875630259513855 13.123748779296875 -10.303548812866211 0.2
1.6610602140426636 13.100151062011719 -10.280448913574219 0.2
1.4838502407073975 13.209049224853516 -10.333048820495605 0.2
1.4800702333450317 13.422348022460938 -10.364349365234375 0.2
1.5651001930236816 13.613250732421875 -10.301349639892578 0.2
1.6428502798080444 13.784549713134766 -10.19114875793457 0.2
1.6036702394485474 13.883251190185547 -10.004249572753906 0.2
1.407090187072754 13.904449462890625 -9.917348861694336 0.2
1.1999402046203613 13.894149780273438 -9.978949546813965 0.2
1.129420280456543 13.805347442626953 -10.161449432373047 0.2
1.1846402883529663 13.632850646972656 -10.28274917602539 0.2
1.2538602352142334 13.439048767089844 -10.355449676513672 0.2
1.2475502490997314 13.22454833984375 -10.332249641418457 0.2
1.0748802423477173 13.115150451660156 -10.26784896850586 0.2
0.8593401908874512 13.141651153564453 -10.274349212646484 0.2
0.7458102703094482 13.31094741821289 -10.338048934936523 0.2
0.7953801155090332 13.5218505859375 -10.320749282836914 0.2
0.8857402801513672 13.702850341796875 -10.240549087524414 0.2
0.9360301494598389 13.852951049804688 -10.092449188232422 0.2
0.8225002288818359 13.908950805664062 -9.92034912109375 0.2
0.6078603267669678 13.915050506591797 -9.88814926147461 0.2
0.4368703365325928 13.885047912597656 -10.012349128723145 0.2
0.42953014373779297 13.757148742675781 -10.187149047851562 0.2
0.4979403018951416 13.577049255371094 -10.287649154663086 0.2
0.5505502223968506 13.372650146484375 -10.339249610900879 0.2
0.47541022300720215 13.18014907836914 -10.281349182128906 0.2
0.2693002223968506 13.129348754882812 -10.243049621582031 0.2
0.07441020011901855 13.212249755859375 -10.27864933013916 0.2
0.03594017028808594 13.42034912109375 -10.31874942779541 0.2
0.11454033851623535 13.613849639892578 -10.258249282836914 0.2
0.20051026344299316 13.78554916381836 -10.156449317932129 0.2
0.1996002197265625 13.896949768066406 -9.970949172973633 0.2
0.028060197830200195 13.922550201416016 -9.845449447631836 0.2
-0.18719983100891113 13.921649932861328 -9.870649337768555 0.2
-0.2994396686553955 13.864250183105469 -10.04374885559082 0.2
-0.2622396945953369 13.708148956298828 -10.1902494430542 0.2
-0.19324970245361328 13.523750305175781 -10.282949447631836 0.2
-0.17406988143920898 13.30794906616211 -10.299348831176758 0.2
-0.31419968605041504 13.160049438476562 -10.234649658203125 0.2
-0.5316996574401855 13.159748077392578 -10.224449157714844 0.2
-0.6833598613739014 13.302047729492188 -10.275548934936523 0.2
-0.6574196815490723 13.517047882080078 -10.26784896850586 0.2
-0.5676097869873047 13.697151184082031 -10.182748794555664 0.2
-0.49539971351623535 13.85354995727539 -10.048449516296387 0.2
-0.5585596561431885 13.922748565673828 -9.854948997497559 0.2
-0.763859748840332 13.933448791503906 -9.78394889831543 0.2
-0.96347975730896 13.924549102783203 -9.866449356079102 0.2
-1.0110397338867188 13.832550048828125 -10.055949211120605 0.2
-0.9535996913909912 13.662948608398438 -10.18174934387207 0.2
-0.8923096656799316 13.471050262451172 -10.267349243164062 0.2
-0.9193596839904785 13.257450103759766 -10.248549461364746 0.2
-1.1061596870422363 13.163448333740234 -10.194748878479004 0.2
-1.319009780883789 13.208747863769531 -10.203749656677246 0.2
-1.4075498580932617 13.399650573730469 -10.246648788452148 0.2
-1.3440799713134766 13.602447509765625 -10.195448875427246 0.2
-1.252819538116455 13.774749755859375 -10.09644889831543 0.2
-1.2081599235534668 13.905147552490234 -9.92824935913086 0.2
-1.3351197242736816 13.939750671386719 -9.758349418640137 0.2
-1.552189826965332 13.944351196289062 -9.734748840332031 0.2
-1.7170000076293945 13.916248321533203 -9.885649681091309 0.2
-1.7047595977783203 13.776050567626953 -10.067249298095703 0.2
-1.6365299224853516 13.58945083618164 -10.184549331665039 0.2
-1.6056199073791504 13.366950988769531 -10.232648849487305 0.2
-1.7432198524475098 13.199150085449219 -10.169849395751953 0.2
-1.9729700088500977 13.197750091552734 -10.15014934539795 0.2
-2.1210498809814453 13.362449645996094 -10.191649436950684 0.2
-2.0791096687316895 13.585750579833984 -10.156649589538574 0.2
-1.9823899269104004 13.768749237060547 -10.054449081420898 0.2
-1.9210896492004395 13.913848876953125 -9.886749267578125 0.2
-2.0391297340393066 13.95254898071289 -9.697548866271973 0.2
-2.268009662628174 13.957649230957031 -9.667348861694336 0.2
