-6.504380226135254 -3.9518508911132812 6.615550994873047 0.2
-6.464079856872559 -4.010250091552734 6.802350997924805 0.2
-6.536499977111816 -4.166751861572266 6.905950546264648 0.2
-6.595939636230469 -4.3576507568359375 6.8753509521484375 0.2
-6.610630035400391 -4.546451568603516 6.803550720214844 0.2
-6.50840950012207 -4.711750030517578 6.747550964355469 0.2
-6.339240074157715 -4.788249969482422 6.8193511962890625 0.2
-6.2281999588012695 -4.785850524902344 6.98845100402832 0.2
-6.23622989654541 -4.6983489990234375 7.167051315307617 0.2
-6.335020065307617 -4.529350280761719 7.215150833129883 0.2
-6.4068098068237305 -4.350250244140625 7.150850296020508 0.2
-6.4203596115112305 -4.166648864746094 7.065851211547852 0.2
-6.29734992980957 -4.011749267578125 7.029651641845703 0.2
-6.139239311218262 -3.9550514221191406 7.138952255249023 0.2
-6.046870231628418 -3.980152130126953 7.325651168823242 0.2
-6.089129447937012 -4.112152099609375 7.483251571655273 0.2
-6.165180206298828 -4.311450958251953 7.485349655151367 0.2
-6.198189735412598 -4.510650634765625 7.413751602172852 0.2
-6.121230125427246 -4.695350646972656 7.342950820922852 0.2
-5.941499710083008 -4.788749694824219 7.396249771118164 0.2
-5.812469482421875 -4.791751861572266 7.566251754760742 0.2
-5.810659408569336 -4.702850341796875 7.755552291870117 0.2
-5.911399841308594 -4.523651123046875 7.80885124206543 0.2
-5.986209869384766 -4.335750579833984 7.738950729370117 0.2
-5.988679885864258 -4.142250061035156 7.650449752807617 0.2
-5.8396196365356445 -3.9954490661621094 7.633451461791992 0.2
-5.680309295654297 -3.9571495056152344 7.768049240112305 0.2
-5.60867977142334 -4.002651214599609 7.961950302124023 0.2
-5.670129776000977 -4.157352447509766 8.091150283813477 0.2
-5.738160133361816 -4.358051300048828 8.066652297973633 0.2
-5.760749816894531 -4.556850433349609 7.991151809692383 0.2
-5.650699615478516 -4.728549957275391 7.933252334594727 0.2
-5.470429420471191 -4.798851013183594 8.015249252319336 0.2
-5.353839874267578 -4.786350250244141 8.193750381469727 0.2
-5.373939514160156 -4.675048828125 8.369852066040039 0.2
-5.47145938873291 -4.487850189208984 8.39015007019043 0.2
-5.541810035705566 -4.300048828125 8.313749313354492 0.2
-5.518969535827637 -4.107749938964844 8.225149154663086 0.2
-5.351069450378418 -3.9820518493652344 8.228952407836914 0.2
-5.192349433898926 -3.9620513916015625 8.375951766967773 0.2
-5.134269714355469 -4.034351348876953 8.578649520874023 0.2
-5.20851993560791 -4.221649169921875 8.672449111938477 0.2
-5.274749755859375 -4.432750701904297 8.622652053833008 0.2
-5.26371955871582 -4.641551971435547 8.539251327514648 0.2
-5.092450141906738 -4.7803497314453125 8.521749496459961 0.2
-4.913529872894287 -4.802249908447266 8.65715217590332 0.2
-4.821979999542236 -4.7095489501953125 8.841352462768555 0.2
-4.882109642028809 -4.510349273681641 8.91724967956543 0.2
-4.988309860229492 -4.313850402832031 8.875349044799805 0.2
-5.01038932800293 -4.113151550292969 8.778951644897461 0.2
-4.841319561004639 -3.998149871826172 8.695150375366211 0.2
-4.629539966583252 -4.047950744628906 8.658849716186523 0.2
-4.55804967880249 -4.223850250244141 8.565351486206055 0.2
-4.622369766235352 -4.423851013183594 8.521249771118164 0.2
-4.6982197761535645 -4.62335205078125 8.537149429321289 0.2
-4.681139945983887 -4.776851654052734 8.682352066040039 0.2
-4.543579578399658 -4.817951202392578 8.841951370239258 0.2
-4.3486199378967285 -4.7727508544921875 8.912050247192383 0.2
-4.227409839630127 -4.616851806640625 8.83704948425293 0.2
-4.271179676055908 -4.425350189208984 8.750852584838867 0.2
-4.361679553985596 -4.235851287841797 8.704851150512695 0.2
-4.427339553833008 -4.057350158691406 8.799951553344727 0.2
-4.344649791717529 -3.9800491333007812 8.977750778198242 0.2
-4.162819862365723 -3.99114990234375 9.091550827026367 0.2
-3.980189800262451 -4.095951080322266 9.078950881958008 0.2
-3.946399688720703 -4.290149688720703 8.997350692749023 0.2
-4.0100998878479 -4.492149353027344 8.954751968383789 0.2
-4.082319736480713 -4.689849853515625 8.997350692749023 0.2
-4.056819915771484 -4.814552307128906 9.165952682495117 0.2
-3.8923096656799316 -4.843650817871094 9.301050186157227 0.2
-3.6870899200439453 -4.797351837158203 9.334749221801758 0.2
-3.585019588470459 -4.640048980712891 9.236150741577148 0.2
-3.6434197425842285 -4.447151184082031 9.158449172973633 0.2
-3.73691987991333 -4.254451751708984 9.127450942993164 0.2
-3.782719612121582 -4.073051452636719 9.228052139282227 0.2
-3.6646599769592285 -3.995349884033203 9.385950088500977 0.2
-3.464369773864746 -4.0061492919921875 9.465250015258789 0.2
-3.287289619445801 -4.113651275634766 9.421449661254883 0.2
-3.2679295539855957 -4.310352325439453 9.339151382446289 0.2
-3.3401999473571777 -4.511749267578125 9.309350967407227 0.2
-3.4067797660827637 -4.709949493408203 9.357851028442383 0.2
-3.3587498664855957 -4.8363494873046875 9.520650863647461 0.2
-3.1773595809936523 -4.865852355957031 9.632150650024414 0.2
-2.9678397178649902 -4.824550628662109 9.64164924621582 0.2
-2.867389678955078 -4.672149658203125 9.533449172973633 0.2
-2.929199695587158 -4.478252410888672 9.46245002746582 0.2
-3.0242199897766113 -4.28594970703125 9.436849594116211 0.2
-3.0627098083496094 -4.097148895263672 9.52855110168457 0.2
-2.9392995834350586 -4.005149841308594 9.674352645874023 0.2
-2.7294697761535645 -4.0050506591796875 9.740049362182617 0.2
-2.537529945373535 -4.1087493896484375 9.69005012512207 0.2
-2.524789810180664 -4.317352294921875 9.607549667358398 0.2
-2.6081595420837402 -4.529350280761719 9.582952499389648 0.2
-2.673609733581543 -4.737548828125 9.64415168762207 0.2
-2.595860004425049 -4.8605499267578125 9.813051223754883 0.2
-2.392749786376953 -4.882152557373047 9.914251327514648 0.2
-2.1693496704101562 -4.8531494140625 9.945852279663086 0.2
-2.032749652862549 -4.710849761962891 9.843751907348633 0.2
-2.0930299758911133 -4.511451721191406 9.753049850463867 0.2
-2.2090697288513184 -4.318752288818359 9.70884895324707 0.2
-2.283519744873047 -4.114849090576172 9.766351699829102 0.2
-2.1840896606445312 -3.995849609375 9.926752090454102 0.2
-2.0223798751831055 -4.015552520751953 10.086950302124023 0.2
-1.9890398979187012 -4.178951263427734 10.238149642944336 0.2
-2.0014495849609375 -4.4042510986328125 10.27495002746582 0.2
-1.994119644165039 -4.632350921630859 10.267251968383789 0.2
-1.8706798553466797 -4.8045501708984375 10.195749282836914 0.2
-1.6470398902893066 -4.829250335693359 10.185251235961914 0.2
-1.456629753112793 -4.75885009765625 10.287450790405273 0.2
-1.4494895935058594 -4.588352203369141 10.432249069213867 0.2
-1.583019733428955 -4.402751922607422 10.434350967407227 0.2
-1.7226495742797852 -4.234249114990234 10.369749069213867 0.2
-1.7994399070739746 -4.057552337646484 10.25145149230957 0.2
-1.6738996505737305 -3.930450439453125 10.125749588012695 0.2
-1.464439868927002 -3.891448974609375 10.15315055847168 0.2
-1.3128795623779297 -3.925048828125 10.298250198364258 0.2
-1.2912096977233887 -4.078350067138672 10.450750350952148 0.2
-1.3060898780822754 -4.285449981689453 10.508951187133789 0.2
-1.302499771118164 -4.5003509521484375 10.525350570678711 0.2
-1.1885600090026855 -4.667049407958984 10.455350875854492 0.2
-0.9782898426055908 -4.65985107421875 10.447649002075195 0.2
-0.8454697132110596 -4.536251068115234 10.558950424194336 0.2
-0.8906698226928711 -4.346950531005859 10.660650253295898 0.2
-0.9987797737121582 -4.166149139404297 10.613550186157227 0.2
-1.0976099967956543 -4.0014495849609375 10.516149520874023 0.2
-1.1184797286987305 -3.8642501831054688 10.350950241088867 0.2
-0.9609997272491455 -3.7923507690429688 10.230749130249023 0.2
-0.7510998249053955 -3.7787513732910156 10.269651412963867 0.2
-0.6431498527526855 -3.857250213623047 10.437650680541992 0.2
-0.668569803237915 -4.013950347900391 10.584650039672852 0.2
-0.7121796607971191 -4.197349548339844 10.68855094909668 0.2
-0.6937997341156006 -4.405952453613281 10.649751663208008 0.2
-0.5758097171783447 -4.439449310302734 10.478952407836914 0.2
-0.4603097438812256 -4.269451141357422 10.390451431274414 0.2
-0.4752998352050781 -4.052150726318359 10.395151138305664 0.2
-0.5033597946166992 -3.854450225830078 10.305150985717773 0.2
-0.35379981994628906 -3.765552520751953 10.188051223754883 0.2
-0.1491696834564209 -3.8064498901367188 10.232751846313477 0.2
-0.10399985313415527 -3.9677505493164062 10.363851547241211 0.2
-0.20743966102600098 -4.161048889160156 10.383352279663086 0.2
-0.30835986137390137 -4.350151062011719 10.35474967956543 0.2
-0.4658198356628418 -4.504550933837891 10.330549240112305 0.2
-0.5363597869873047 -4.651451110839844 10.197149276733398 0.2
-0.4089796543121338 -4.784149169921875 10.087751388549805 0.2
-0.22122979164123535 -4.847148895263672 10.153852462768555 0.2
-0.16252970695495605 -4.727352142333984 10.318151473999023 0.2
-0.14328980445861816 -4.521350860595703 10.391351699829102 0.2
-0.07241988182067871 -4.326549530029297 10.452352523803711 0.2
-0.012749671936035156 -4.123050689697266 10.490152359008789 0.2
0.06277012825012207 -3.9259490966796875 10.436151504516602 0.2
0.2537102699279785 -3.8469505310058594 10.388952255249023 0.2
0.44471025466918945 -3.884449005126953 10.478151321411133 0.2
0.4320201873779297 -3.9972496032714844 10.652952194213867 0.2
0.2773101329803467 -4.150951385498047 10.66505241394043 0.2
0.17634034156799316 -4.324851989746094 10.583749771118164 0.2
0.08266019821166992 -4.496650695800781 10.493551254272461 0.2
-0.003209829330444336 -4.667850494384766 10.385351181030273 0.2
0.07269024848937988 -4.8612518310546875 10.32444953918457 0.2
0.21580028533935547 -4.921051025390625 10.468050003051758 0.2
0.27123022079467773 -4.828948974609375 10.655149459838867 0.2
0.30215024948120117 -4.6358489990234375 10.748052597045898 0.2
0.3470802307128906 -4.428749084472656 10.790750503540039 0.2
0.40296030044555664 -4.221549987792969 10.817449569702148 0.2
0.5387201309204102 -4.06195068359375 10.75935173034668 0.2
0.7356703281402588 -4.124752044677734 10.716852188110352 0.2
0.8013601303100586 -4.326850891113281 10.767850875854492 0.2
0.7088301181793213 -4.523448944091797 10.775850296020508 0.2
0.560800313949585 -4.6719512939453125 10.721952438354492 0.2
0.43195033073425293 -4.807048797607422 10.60875129699707 0.2
0.4767303466796875 -4.898750305175781 10.418050765991211 0.2
0.6834301948547363 -4.924350738525391 10.372751235961914 0.2
0.8485603332519531 -4.851051330566406 10.479452133178711 0.2
0.8708603382110596 -4.672050476074219 10.597749710083008 0.2
0.8589301109313965 -4.458850860595703 10.629449844360352 0.2
0.7881402969360352 -4.255649566650391 10.572649002075195 0.2
0.7647202014923096 -4.156349182128906 10.383749008178711 0.2
0.9224503040313721 -4.127952575683594 10.254049301147461 0.2
1.0709402561187744 -4.231651306152344 10.358652114868164 0.2
1.0518401861190796 -4.430751800537109 10.45665168762207 0.2
1.0074002742767334 -4.642749786376953 10.477052688598633 0.2
1.1038202047348022 -4.831748962402344 10.429250717163086 0.2
1.3117302656173706 -4.872749328613281 10.459451675415039 0.2
1.44631028175354 -4.766349792480469 10.581350326538086 0.2
1.3911702632904053 -4.566951751708984 10.640748977661133 0.2
1.2911102771759033 -4.385749816894531 10.576250076293945 0.2
1.2038302421569824 -4.219951629638672 10.464750289916992 0.2
1.2496302127838135 -4.0805511474609375 10.301851272583008 0.2
1.4464101791381836 -3.9968490600585938 10.292951583862305 0.2
1.5980002880096436 -3.99945068359375 10.442750930786133 0.2
1.6085902452468872 -4.1441497802734375 10.601152420043945 0.2
1.5912102460861206 -4.353549957275391 10.65675163269043 0.2
1.5893502235412598 -4.570850372314453 10.668050765991211 0.2
1.6823402643203735 -4.756252288818359 10.601949691772461 0.2
1.8908802270889282 -4.810649871826172 10.586648941040039 0.2
2.0743391513824463 -4.7384490966796875 10.669649124145508 0.2
2.0713253021240234 -4.5462493896484375 10.762250900268555 0.2
1.9518102407455444 -4.367149353027344 10.729951858520508 0.2
1.8279101848602295 -4.205150604248047 10.652750015258789 0.2
1.8061902523040771 -4.046749114990234 10.503149032592773 0.2
1.9807002544403076 -3.9550514221191406 10.417951583862305 0.2
2.1864702701568604 -3.9349517822265625 10.484350204467773 0.2
2.2951903343200684 -4.017848968505859 10.648252487182617 0.2
2.2949633598327637 -4.218849182128906 10.750051498413086 0.2
2.275649309158325 -4.445652008056641 10.78394889831543 0.2
2.3153882026672363 -4.6656494140625 10.735452651977539 0.2
2.5061111450195312 -4.768451690673828 10.668149948120117 0.2
2.7341811656951904 -4.754451751708984 10.695451736450195 0.2
2.8481361865997314 -4.601451873779297 10.811750411987305 0.2
2.755549192428589 -4.396049499511719 10.841951370239258 0.2
2.609328269958496 -4.224250793457031 10.79515266418457 0.2
2.5126261711120605 -4.0480499267578125 10.685251235961914 0.2
2.6292812824249268 -3.929351806640625 10.534051895141602 0.2
2.8582231998443604 -3.89794921875 10.513452529907227 0.2
3.09028697013855 -3.9014511108398438 10.504850387573242 0.2
3.2493932247161865 -4.014652252197266 10.409051895141602 0.2
3.2300822734832764 -4.223949432373047 10.357851028442383 0.2
3.144477128982544 -4.423648834228516 10.389852523803711 0.2
3.0888607501983643 -4.616249084472656 10.477151870727539 0.2
3.187868118286133 -4.732452392578125 10.628751754760742 0.2
3.401311159133911 -4.752750396728516 10.672250747680664 0.2
3.609950304031372 -4.724651336669922 10.613649368286133 0.2
3.686591148376465 -4.598049163818359 10.457551956176758 0.2
3.61253023147583 -4.406551361083984 10.380651473999023 0.2
3.5154452323913574 -4.210350036621094 10.357049942016602 0.2
3.4953761100769043 -4.004249572753906 10.42125129699707 0.2
3.6586902141571045 -3.8982505798339844 10.513952255249023 0.2
3.8788182735443115 -3.8940505981445312 10.518850326538086 0.2
4.074040412902832 -3.9597511291503906 10.448549270629883 0.2
4.11667013168335 -4.145851135253906 10.347150802612305 0.2
4.041630268096924 -4.351749420166016 10.355249404907227 0.2
3.966799259185791 -4.549652099609375 10.413152694702148 0.2
4.013440132141113 -4.705852508544922 10.555150985717773 0.2
4.212100028991699 -4.756752014160156 10.627050399780273 0.2
4.426350116729736 -4.7492523193359375 10.579950332641602 0.2
4.534760475158691 -4.6466522216796875 10.424551010131836 0.2
4.4764604568481445 -4.455650329589844 10.336549758911133 0.2
4.381860256195068 -4.258049011230469 10.319452285766602 0.2
4.357530117034912 -4.049350738525391 10.376749038696289 0.2
4.514970302581787 -3.9322509765625 10.466249465942383 0.2
4.734650135040283 -3.9325523376464844 10.454851150512695 0.2
4.90410041809082 -4.024951934814453 10.355649948120117 0.2
4.9039201736450195 -4.225349426269531 10.274148941040039 0.2
4.8222503662109375 -4.42864990234375 10.298349380493164 0.2
4.766200065612793 -4.625450134277344 10.377950668334961 0.2
4.864360332489014 -4.758152008056641 10.51664924621582 0.2
5.0787200927734375 -4.793949127197266 10.542551040649414 0.2
5.280320167541504 -4.774749755859375 10.459749221801758 0.2
5.339390277862549 -4.6466522216796875 10.297052383422852 0.2
5.261710166931152 -4.450450897216797 10.236749649047852 0.2
5.171740531921387 -4.249351501464844 10.234949111938477 0.2
5.183890342712402 -4.047752380371094 10.311750411987305 0.2
5.370779991149902 -3.958751678466797 10.372652053833008 0.2
5.595100402832031 -3.971149444580078 10.331850051879883 0.2
5.730380058288574 -4.098850250244141 10.202451705932617 0.2
5.687180519104004 -4.317649841308594 10.152349472045898 0.2
5.59643030166626 -4.526649475097656 10.195249557495117 0.2
5.5801801681518555 -4.7232513427734375 10.310552597045898 0.2
5.757329940795898 -4.816650390625 10.41505241394043 0.2
5.987220287322998 -4.831352233886719 10.38694953918457 0.2
6.202600479125977 -4.819450378417969 10.302751541137695 0.2
6.2904205322265625 -4.709251403808594 10.127252578735352 0.2
6.208430290222168 -4.508251190185547 10.054449081420898 0.2
6.100790023803711 -4.303852081298828 10.062349319458008 0.2
6.084070205688477 -4.0899505615234375 10.138051986694336 0.2
6.256010055541992 -3.9760513305664062 10.208551406860352 0.2
6.474699974060059 -3.9677505493164062 10.190450668334961 0.2
6.671500205993652 -4.034549713134766 10.248052597045898 0.2
6.738260269165039 -4.215751647949219 10.346750259399414 0.2
6.729040145874023 -4.431251525878906 10.382349014282227 0.2
6.722860336303711 -4.647651672363281 10.359651565551758 0.2
6.795000076293945 -4.79315185546875 10.219549179077148 0.2
6.977660179138184 -4.807651519775391 10.102949142456055 0.2
7.178310394287109 -4.726551055908203 10.095048904418945 0.2
7.226080417633057 -4.542449951171875 10.199251174926758 0.2
7.1137003898620605 -4.364952087402344 10.260049819946289 0.2
6.9782304763793945 -4.195049285888672 10.283151626586914 0.2
6.898270130157471 -4.023151397705078 10.183351516723633 0.2
7.0126800537109375 -3.9409523010253906 10.024049758911133 0.2
7.223320007324219 -3.9520492553710938 9.97144889831543 0.2
7.391740322113037 -4.061248779296875 10.048151016235352 0.2
7.4308600425720215 -4.261951446533203 10.124650955200195 0.2
7.42779016494751 -4.477851867675781 10.148149490356445 0.2
7.424150466918945 -4.684051513671875 10.083250045776367 0.2
7.517060279846191 -4.783149719238281 9.917951583862305 0.2
7.703270435333252 -4.7521514892578125 9.81464958190918 0.2
7.828060150146484 -4.584949493408203 9.872350692749023 0.2
7.7660603523254395 -4.394050598144531 9.962251663208008 0.2
7.6534600257873535 -4.216949462890625 10.018049240112305 0.2
7.551940441131592 -4.033851623535156 9.966550827026367 0.2
7.612260341644287 -3.932849884033203 9.792051315307617 0.2
7.8107500076293945 -3.95465087890625 9.711950302124023 0.2
7.971280097961426 -4.082752227783203 9.77235221862793 0.2
7.999260425567627 -4.289451599121094 9.842248916625977 0.2
8.004020690917969 -4.505851745605469 9.85004997253418 0.2
7.977860450744629 -4.708850860595703 9.778249740600586 0.2
8.063870429992676 -4.809349060058594 9.614049911499023 0.2
8.27263069152832 -4.802848815917969 9.568151473999023 0.2
8.421119689941406 -4.7138519287109375 9.685552597045898 0.2
8.325360298156738 -4.555751800537109 9.789651870727539 0.2
8.212249755859375 -4.371250152587891 9.775548934936523 0.2
8.161439895629883 -4.160549163818359 9.759149551391602 0.2
8.134490013122559 -3.9791488647460938 9.642148971557617 0.2
8.270750045776367 -3.8836517333984375 9.511751174926758 0.2
8.480409622192383 -3.8696517944335938 9.527250289916992 0.2
8.547280311584473 -3.9743499755859375 9.702852249145508 0.2
8.456119537353516 -4.158050537109375 9.768651962280273 0.2
8.388349533081055 -4.363948822021484 9.794549942016602 0.2
8.482290267944336 -4.507152557373047 9.93745231628418 0.2
8.585540771484375 -4.409149169921875 10.097349166870117 0.2
8.642800331115723 -4.204250335693359 10.095251083374023 0.2
8.659139633178711 -4.029750823974609 9.969049453735352 0.2
8.666170120239258 -3.878650665283203 9.815549850463867 0.2
8.70635986328125 -3.7985496520996094 9.619951248168945 0.2
8.86223030090332 -3.817852020263672 9.474851608276367 0.2
9.055910110473633 -3.8873519897460938 9.52385139465332 0.2
9.071300506591797 -3.9897499084472656 9.719949722290039 0.2
8.976110458374023 -4.115650177001953 9.868650436401367 0.2
8.870400428771973 -4.248451232910156 10.001951217651367 0.2
8.74841022491455 -4.41815185546875 10.055952072143555 0.2
8.709220886230469 -4.610649108886719 9.955049514770508 0.2
8.844550132751465 -4.741851806640625 9.858652114868164 0.2
9.048290252685547 -4.688449859619141 9.865449905395508 0.2
9.146699905395508 -4.496051788330078 9.857351303100586 0.2
9.202630043029785 -4.300449371337891 9.78754997253418 0.2
9.250840187072754 -4.108051300048828 9.704351425170898 0.2
9.249799728393555 -3.9259490966796875 9.588651657104492 0.2
9.208290100097656 -3.8712501525878906 9.385652542114258 0.2
9.2718505859375 -3.979351043701172 9.212949752807617 0.2
9.385480880737305 -4.155250549316406 9.227251052856445 0.2
9.355960845947266 -4.290752410888672 9.405149459838867 0.2
9.266070365905762 -4.426551818847656 9.548551559448242 0.2
9.173530578613281 -4.576450347900391 9.675149917602539 0.2
9.065740585327148 -4.769752502441406 9.687150955200195 0.2
9.1496000289917 -4.929851531982422 9.580949783325195 0.2
9.359270095825195 -4.9479522705078125 9.543149948120117 0.2
9.504980087280273 -4.804450988769531 9.599451065063477 0.2
9.520700454711914 -4.588352203369141 9.588850021362305 0.2
9.518280029296875 -4.390949249267578 9.503252029418945 0.2
9.537360191345215 -4.224750518798828 9.364252090454102 0.2
9.653230667114258 -4.210651397705078 9.189050674438477 0.2
9.827699661254883 -4.3027496337890625 9.246549606323242 0.2
9.849969863891602 -4.4035491943359375 9.436651229858398 0.2
9.767280578613281 -4.575050354003906 9.550352096557617 0.2
9.67435073852539 -4.770648956298828 9.55994987487793 0.2
9.68319034576416 -4.947151184082031 9.437849044799805 0.2
9.870500564575195 -4.996952056884766 9.349149703979492 0.2
10.065790176391602 -4.9432525634765625 9.410051345825195 0.2
10.088859558105469 -4.7933502197265625 9.56035041809082 0.2
9.999080657958984 -4.607250213623047 9.622949600219727 0.2
9.93058967590332 -4.404651641845703 9.595849990844727 0.2
9.979740142822266 -4.223751068115234 9.486650466918945 0.2
10.161330223083496 -4.129451751708984 9.439352035522461 0.2
10.323670387268066 -4.236850738525391 9.519350051879883 0.2
10.326040267944336 -4.449851989746094 9.54515266418457 0.2
10.276840209960938 -4.657951354980469 9.51875114440918 0.2
10.253700256347656 -4.837852478027344 9.39845085144043 0.2
10.362449645996094 -4.903350830078125 9.227449417114258 0.2
10.561100006103516 -4.868350982666016 9.155050277709961 0.2
10.705360412597656 -4.737049102783203 9.235349655151367 0.2
10.672210693359375 -4.552150726318359 9.339349746704102 0.2
10.570930480957031 -4.372249603271484 9.402151107788086 0.2
10.451910018920898 -4.191051483154297 9.407251358032227 0.2
10.39933967590332 -4.043750762939453 9.259950637817383 0.2
10.533950805664062 -3.9732513427734375 9.108251571655273 0.2
10.743169784545898 -3.9759521484375 9.064950942993164 0.2
10.889850616455078 -4.112949371337891 9.142751693725586 0.2
10.905340194702148 -4.335849761962891 9.189149856567383 0.2
10.883020401000977 -4.563350677490234 9.191850662231445 0.2
10.872220039367676 -4.759952545166016 9.079751968383789 0.2
10.996450424194336 -4.831951141357422 8.906450271606445 0.2
11.203510284423828 -4.810050964355469 8.813852310180664 0.2
11.365290641784668 -4.668949127197266 8.868551254272461 0.2
11.323190689086914 -4.470249176025391 8.965848922729492 0.2
11.196310043334961 -4.292549133300781 9.030752182006836 0.2
11.063270568847656 -4.1087493896484375 9.032350540161133 0.2
11.028830528259277 -3.9703521728515625 8.861852645874023 0.2
11.179190635681152 -3.937450408935547 8.69474983215332 0.2
11.349170684814453 -3.9619522094726562 8.549352645874023 0.2
11.397379875183105 -4.092750549316406 8.390951156616211 0.2
11.331930160522461 -4.29534912109375 8.368852615356445 0.2
11.260049819946289 -4.487251281738281 8.439451217651367 0.2
11.25691032409668 -4.678150177001953 8.538351058959961 0.2
11.420120239257812 -4.799949645996094 8.596651077270508 0.2
11.61913013458252 -4.821651458740234 8.516550064086914 0.2
11.754409790039062 -4.779048919677734 8.355852127075195 0.2
11.733070373535156 -4.633449554443359 8.203451156616211 0.2
11.639969825744629 -4.438850402832031 8.189950942993164 0.2
11.564730644226074 -4.239551544189453 8.231351852416992 0.2
11.626239776611328 -4.0478515625 8.30055046081543 0.2
11.82278060913086 -3.9709510803222656 8.274049758911133 0.2
12.002480506896973 -3.9881515502929688 8.154951095581055 0.2
12.07766056060791 -4.101249694824219 7.992452621459961 0.2
12.018710136413574 -4.299449920654297 7.938051223754883 0.2
11.944169998168945 -4.491851806640625 8.002950668334961 0.2
11.939420700073242 -4.6806488037109375 8.104349136352539 0.2
12.101170539855957 -4.803951263427734 8.16185188293457 0.2
12.29485034942627 -4.8341522216796875 8.074151992797852 0.2
12.417440414428711 -4.798450469970703 7.903249740600586 0.2
12.384010314941406 -4.655551910400391 7.750749588012695 0.2
12.290780067443848 -4.461750030517578 7.746549606323242 0.2
12.226190567016602 -4.262950897216797 7.799352645874023 0.2
12.311920166015625 -4.079551696777344 7.864049911499023 0.2
12.507209777832031 -4.013851165771484 7.814050674438477 0.2
12.66670036315918 -4.040550231933594 7.672052383422852 0.2
12.705039978027344 -4.165851593017578 7.506952285766602 0.2
12.631070137023926 -4.3634490966796875 7.477949142456055 0.2
12.562610626220703 -4.553550720214844 7.554349899291992 0.2
12.59160041809082 -4.737651824951172 7.658349990844727 0.2
12.770390510559082 -4.8475494384765625 7.67704963684082 0.2
12.944640159606934 -4.871150970458984 7.553750991821289 0.2
13.029300689697266 -4.8222503662109375 7.365652084350586 0.2
12.96427059173584 -4.664451599121094 7.241250991821289 0.2
12.875320434570312 -4.469551086425781 7.262651443481445 0.2
12.8368501663208 -4.268852233886719 7.329252243041992 0.2
12.95797061920166 -4.102550506591797 7.375349044799805 0.2
13.147700309753418 -4.057151794433594 7.28285026550293 0.2
13.280799865722656 -4.1031494140625 7.105951309204102 0.2
13.257500648498535 -4.263950347900391 6.9555511474609375 0.2
13.171000480651855 -4.4707489013671875 6.979949951171875 0.2
13.126399993896484 -4.669849395751953 7.079450607299805 0.2
13.241499900817871 -4.840751647949219 7.161149978637695 0.2
13.437700271606445 -4.905750274658203 7.077051162719727 0.2
13.56659984588623 -4.881649017333984 6.892751693725586 0.2
13.559200286865234 -4.731651306152344 6.730550765991211 0.2
13.462300300598145 -4.52764892578125 6.725250244140625 0.2
13.399900436401367 -4.319450378417969 6.788051605224609 0.2
13.514900207519531 -4.1470489501953125 6.864351272583008 0.2
13.739700317382812 -4.127449035644531 6.852849960327148 0.2
13.90000057220459 -4.258552551269531 6.927751541137695 0.2
13.876399993896484 -4.458148956298828 7.026250839233398 0.2
13.78439998626709 -4.659149169921875 7.072851181030273 0.2
13.742899894714355 -4.84844970703125 6.967750549316406 0.2
13.835200309753418 -4.920051574707031 6.77545166015625 0.2
14.011500358581543 -4.889152526855469 6.641851425170898 0.2
14.165800094604492 -4.733451843261719 6.663051605224609 0.2
14.15310001373291 -4.525051116943359 6.7447509765625 0.2
14.06879997253418 -4.320549011230469 6.786951065063477 0.2
13.98490047454834 -4.155849456787109 6.665550231933594 0.2
14.0447998046875 -4.108951568603516 6.457250595092773 0.2
14.204700469970703 -4.1441497802734375 6.309650421142578 0.2
14.368599891662598 -4.273151397705078 6.315851211547852 0.2
14.392800331115723 -4.460651397705078 6.410850524902344 0.2
14.332099914550781 -4.6488494873046875 6.491350173950195 0.2
14.238200187683105 -4.8341522216796875 6.453651428222656 0.2
14.229300498962402 -4.93585205078125 6.271450042724609 0.2
14.343400001525879 -4.9454498291015625 6.091650009155273 0.2
14.517200469970703 -4.866352081298828 6.00615119934082 0.2
14.611900329589844 -4.687049865722656 6.062250137329102 0.2
14.577000617980957 -4.491649627685547 6.140750885009766 0.2
14.491100311279297 -4.298252105712891 6.157350540161133 0.2
14.419400215148926 -4.162849426269531 6.014751434326172 0.2
14.485099792480469 -4.133251190185547 5.815549850463867 0.2
14.636000633239746 -4.179248809814453 5.674551010131836 0.2
14.786900520324707 -4.323749542236328 5.689350128173828 0.2
14.798700332641602 -4.513252258300781 5.784551620483398 0.2
14.734700202941895 -4.702449798583984 5.859350204467773 0.2
14.634300231933594 -4.878452301025391 5.803251266479492 0.2
14.633399963378906 -4.961051940917969 5.611249923706055 0.2
14.746100425720215 -4.957752227783203 5.430749893188477 0.2
14.916399955749512 -4.859249114990234 5.362550735473633 0.2
14.993800163269043 -4.6730499267578125 5.426050186157227 0.2
14.954899787902832 -4.479251861572266 5.505550384521484 0.2
14.864399909973145 -4.2886505126953125 5.504951477050781 0.2
14.805000305175781 -4.1712493896484375 5.343650817871094 0.2
14.878399848937988 -4.1553497314453125 5.145551681518555 0.2
15.032999992370605 -4.220149993896484 5.020450592041016 0.2
15.162099838256836 -4.382450103759766 5.054250717163086 0.2
15.15369987487793 -4.571651458740234 5.149850845336914 0.2
15.079999923706055 -4.761249542236328 5.210050582885742 0.2
14.97920036315918 -4.920452117919922 5.118051528930664 0.2
14.997099876403809 -4.979549407958984 4.918050765991211 0.2
15.119500160217285 -4.9573516845703125 4.747251510620117 0.2
15.282800674438477 -4.833950042724609 4.710451126098633 0.2
15.329800605773926 -4.642551422119141 4.785150527954102 0.2
15.283599853515625 -4.448951721191406 4.860151290893555 0.2
15.184000015258789 -4.266151428222656 4.825750350952148 0.2
15.147500038146973 -4.173351287841797 4.643550872802734 0.2
15.235199928283691 -4.175251007080078 4.450550079345703 0.2
15.394499778747559 -4.267452239990234 4.354249954223633 0.2
15.48840045928955 -4.4461517333984375 4.41295051574707 0.2
15.461199760437012 -4.634052276611328 4.508550643920898 0.2
15.371500015258789 -4.822750091552734 4.541749954223633 0.2
15.281200408935547 -4.9573516845703125 4.4107513427734375 0.2
15.323699951171875 -4.99005126953125 4.206750869750977 0.2
15.458800315856934 -4.940849304199219 4.054050445556641 0.2
15.60260009765625 -4.788551330566406 4.056449890136719 0.2
15.619999885559082 -4.5946502685546875 4.139350891113281 0.2
15.562000274658203 -4.400150299072266 4.200050354003906 0.2
15.455900192260742 -4.2353515625 4.125551223754883 0.2
15.44789981842041 -4.1739501953125 3.926250457763672 0.2
15.546700477600098 -4.199352264404297 3.7414512634277344 0.2
15.702600479125977 -4.325450897216797 3.6872501373291016 0.2
15.759400367736816 -4.513648986816406 3.7640514373779297 0.2
15.71820068359375 -4.700252532958984 3.856050491333008 0.2
15.611200332641602 -4.880851745605469 3.8517513275146484 0.2
15.544400215148926 -4.981151580810547 3.6837501525878906 0.2
15.602900505065918 -4.9862518310546875 3.4809513092041016 0.2
15.748700141906738 -4.901752471923828 3.361051559448242 0.2
15.859700202941895 -4.725849151611328 3.394651412963867 0.2
15.853400230407715 -4.532951354980469 3.4814510345458984 0.2
15.775700569152832 -4.3406524658203125 3.515850067138672 0.2
15.673200607299805 -4.2073516845703125 3.394350051879883 0.2
15.685800552368164 -4.178352355957031 3.1870498657226562 0.2
15.797699928283691 -4.2353515625 3.0214500427246094 0.2
15.935500144958496 -4.3923492431640625 3.011350631713867 0.2
15.957799911499023 -4.581050872802734 3.1022510528564453 0.2
15.902400016784668 -4.768451690673828 3.1814498901367188 0.2
15.77970027923584 -4.929649353027344 3.1276512145996094 0.2
15.739200592041016 -4.992149353027344 2.934551239013672 0.2
15.812100410461426 -4.9678497314453125 2.7391510009765625 0.2
15.959799766540527 -4.845550537109375 2.661550521850586 0.2
16.03030014038086 -4.656951904296875 2.7203502655029297 0.2
16.007801055908203 -4.464351654052734 2.804250717163086 0.2
15.902000427246094 -4.282451629638672 2.8005504608154297 0.2
15.815299987792969 -4.186351776123047 2.6400508880615234 0.2
15.844400405883789 -4.186351776123047 2.431550979614258 0.2
15.970300674438477 -4.280448913574219 2.2981510162353516 0.2
16.076900482177734 -4.458148956298828 2.3298511505126953 0.2
16.077999114990234 -4.644351959228516 2.429349899291992 0.2
15.997400283813477 -4.831050872802734 2.483051300048828 0.2
15.873499870300293 -4.962150573730469 2.3807506561279297 0.2
15.859000205993652 -4.989452362060547 2.1736507415771484 0.2
15.948699951171875 -4.931652069091797 1.9949512481689453 0.2
16.084800720214844 -4.775749206542969 1.9653511047363281 0.2
16.122501373291016 -4.583148956298828 2.0410499572753906 0.2
16.077999114990234 -4.390048980712891 2.1118507385253906 0.2
15.950900077819824 -4.231151580810547 2.064950942993164 0.2
15.890100479125977 -4.172752380371094 1.8751506805419922 0.2
15.935800552368164 -4.202049255371094 1.6730499267578125 0.2
16.07149887084961 -4.333652496337891 1.5882511138916016 0.2
16.14440155029297 -4.520351409912109 1.6511516571044922 0.2
16.128000259399414 -4.705852508544922 1.7499504089355469 0.2
16.017101287841797 -4.882251739501953 1.7685508728027344 0.2
15.909700393676758 -4.974948883056641 1.6201515197753906 0.2
15.914600372314453 -4.971149444580078 1.4104499816894531 0.2
16.0260009765625 -4.876552581787109 1.2657508850097656 0.2
16.13759994506836 -4.698650360107422 1.2763500213623047 0.2
16.151100158691406 -4.506649017333984 1.3612499237060547 0.2
16.075599670410156 -4.317451477050781 1.4091510772705078 0.2
15.945099830627441 -4.191349029541016 1.3116512298583984 0.2
15.908100128173828 -4.165752410888672 1.107950210571289 0.2
15.979499816894531 -4.2297515869140625 0.925750732421875 0.2
16.108600616455078 -4.390850067138672 0.8924503326416016 0.2
16.149900436401367 -4.5776519775390625 0.9783515930175781 0.2
16.10900115966797 -4.763751983642578 1.0656509399414062 0.2
15.971700668334961 -4.918048858642578 1.0364513397216797 0.2
15.8902006149292 -4.972049713134766 0.8553504943847656 0.2
15.919700622558594 -4.938251495361328 0.6518516540527344 0.2
16.047401428222656 -4.809749603271484 0.5530509948730469 0.2
16.127399444580078 -4.6217498779296875 0.5978507995605469 0.2
16.12110137939453 -4.4295501708984375 0.6822509765625 0.2
16.01020050048828 -4.251850128173828 0.6953506469726562 0.2
15.895899772644043 -4.160449981689453 0.5520515441894531 0.2
15.88479995727539 -4.163951873779297 0.3431510925292969 0.2
15.984000205993652 -4.266151428222656 0.19605064392089844 0.2
16.089599609375 -4.445949554443359 0.21325111389160156 0.2
16.106201171875 -4.6307525634765625 0.3117504119873047 0.2
16.02790069580078 -4.813850402832031 0.37745094299316406 0.2
15.884099960327148 -4.937049865722656 0.2962512969970703 0.2
15.83430004119873 -4.956150054931641 0.09495162963867188 0.2
15.894800186157227 -4.891151428222656 -0.091949462890625 0.2
16.025299072265625 -4.734851837158203 -0.13864898681640625 0.2
16.077999114990234 -4.543849945068359 -0.07094955444335938 0.2
16.044700622558594 -4.350849151611328 0.0030498504638671875 0.2
15.911600112915039 -4.193752288818359 -0.026548385620117188 0.2
15.824800491333008 -4.136451721191406 -0.20534896850585938 0.2
15.839900016784668 -4.170249938964844 -0.40994834899902344 0.2
15.958600044250488 -4.309349060058594 -0.5064487457275391 0.2
16.034099578857422 -4.496952056884766 -0.4516487121582031 0.2
16.0260009765625 -4.680950164794922 -0.351348876953125 0.2
15.910099983215332 -4.851348876953125 -0.3171501159667969 0.2
15.781800270080566 -4.937049865722656 -0.45044898986816406 0.2
15.762499809265137 -4.926052093505859 -0.6580486297607422 0.2
15.858400344848633 -4.829051971435547 -0.8110485076904297 0.2
15.974699974060059 -4.6542510986328125 -0.8139495849609375 0.2
16.0044002532959 -4.462852478027344 -0.7340488433837891 0.2
15.937399864196777 -4.27294921875 -0.6794490814208984 0.2
15.799500465393066 -4.145351409912109 -0.7615489959716797 0.2
15.739700317382812 -4.120349884033203 -0.9589500427246094 0.2
15.788200378417969 -4.190650939941406 -1.1447486877441406 0.2
15.907299995422363 -4.357151031494141 -1.18804931640625 0.2
15.952799797058105 -4.5440521240234375 -1.1064491271972656 0.2
15.915200233459473 -4.727550506591797 -1.0143489837646484 0.2
15.769599914550781 -4.875652313232422 -1.0257492065429688 0.2
15.669700622558594 -4.9228515625 -1.19744873046875 0.2
15.6850004196167 -4.881450653076172 -1.4002494812011719 0.2
15.805700302124023 -4.753849029541016 -1.5089492797851562 0.2
15.896400451660156 -4.568950653076172 -1.4758491516113281 0.2
15.905900001525879 -4.376552581787109 -1.3941497802734375 0.2
15.80090045928955 -4.197151184082031 -1.3699493408203125 0.2
15.674699783325195 -4.105949401855469 -1.501150131225586 0.2
15.643799781799316 -4.116851806640625 -1.7068500518798828 0.2
15.723899841308594 -4.228549957275391 -1.8580493927001953 0.2
15.824100494384766 -4.411949157714844 -1.8502483367919922 0.2
15.846799850463867 -4.596351623535156 -1.754049301147461 0.2
15.770299911499023 -4.775352478027344 -1.6774482727050781 0.2
15.613200187683105 -4.891349792480469 -1.7390499114990234 0.2
15.547800064086914 -4.898651123046875 -1.9347496032714844 0.2
15.597000122070312 -4.825050354003906 -2.1218490600585938 0.2
15.72450065612793 -4.670848846435547 -2.1834487915039062 0.2
15.792600631713867 -4.482051849365234 -2.1264495849609375 0.2
15.775199890136719 -4.288249969482422 -2.051248550415039 0.2
15.64109992980957 -4.130851745605469 -2.0644493103027344 0.2
15.529800415039062 -4.078052520751953 -2.2296485900878906 0.2
15.513999938964844 -4.121650695800781 -2.4314498901367188 0.2
15.613300323486328 -4.269950866699219 -2.5367488861083984 0.2
15.690999984741211 -4.458751678466797 -2.4914493560791016 0.2
15.694900512695312 -4.642250061035156 -2.3913497924804688 0.2
15.580500602722168 -4.807750701904297 -2.337148666381836 0.2
15.432700157165527 -4.883552551269531 -2.451749801635742 0.2
15.401700019836426 -4.853351593017578 -2.6546497344970703 0.2
15.484100341796875 -4.748149871826172 -2.8115501403808594 0.2
15.600700378417969 -4.574951171875 -2.8346500396728516 0.2
15.65000057220459 -4.384449005126953 -2.764049530029297 0.2
15.59689998626709 -4.194149017333984 -2.699949264526367 0.2
15.446200370788574 -4.070850372314453 -2.7602500915527344 0.2
15.356500625610352 -4.060649871826172 -2.946249008178711 0.2
15.374199867248535 -4.146152496337891 -3.1312484741210938 0.2
15.478700637817383 -4.318950653076172 -3.189249038696289 0.2
15.536100387573242 -4.5061492919921875 -3.1171493530273438 0.2
15.515000343322754 -4.688449859619141 -3.018848419189453 0.2
15.365500450134277 -4.830249786376953 -2.998350143432617 0.2
15.239100456237793 -4.864051818847656 -3.152050018310547 0.2
15.2406005859375 -4.8027496337890625 -3.3500499725341797 0.2
15.345100402832031 -4.671749114990234 -3.473848342895508 0.2
15.44420051574707 -4.488552093505859 -3.464649200439453 0.2
15.47800064086914 -4.2962493896484375 -3.3905487060546875 0.2
15.384699821472168 -4.116352081298828 -3.3435497283935547 0.2
15.231300354003906 -4.030750274658203 -3.4449501037597656 0.2
15.160099983215332 -4.057048797607422 -3.638448715209961 0.2
15.203800201416016 -4.178951263427734 -3.797548294067383 0.2
15.299300193786621 -4.36505126953125 -3.8111495971679688 0.2
15.342700004577637 -4.549652099609375 -3.72344970703125 0.2
15.285300254821777 -4.726348876953125 -3.6283493041992188 0.2
15.114999771118164 -4.836250305175781 -3.649148941040039 0.2
15.020000457763672 -4.828651428222656 -3.829648971557617 0.2
15.048999786376953 -4.742252349853516 -4.016448974609375 0.2
15.164899826049805 -4.590450286865234 -4.104848861694336 0.2
15.249800682067871 -4.402950286865234 -4.071649551391602 0.2
15.259099960327148 -4.208751678466797 -3.9961490631103516 0.2
15.131000518798828 -4.048851013183594 -3.9767494201660156 0.2
14.994600296020508 -4.005950927734375 -4.121549606323242 0.2
14.957600593566895 -4.0693511962890625 -4.316049575805664 0.2
15.03130054473877 -4.22125244140625 -4.438148498535156 0.2
15.114700317382812 -4.411552429199219 -4.41404914855957 0.2
15.143199920654297 -4.594051361083984 -4.315948486328125 0.2
15.049300193786621 -4.757652282714844 -4.230649948120117 0.2
14.874800682067871 -4.830451965332031 -4.299249649047852 0.2
14.807700157165527 -4.790149688720703 -4.489948272705078 0.2
14.860899925231934 -4.682849884033203 -4.65894889831543 0.2
14.972800254821777 -4.514350891113281 -4.71824836730957 0.2
15.0447998046875 -4.3240509033203125 -4.670448303222656 0.2
15.024300575256348 -4.131649017333984 -4.595548629760742 0.2
14.8681001663208 -4.002052307128906 -4.609949111938477 0.2
14.744900703430176 -4.002349853515625 -4.773349761962891 0.2
14.730299949645996 -4.099750518798828 -4.954750061035156 0.2
14.811200141906738 -4.273750305175781 -5.0415496826171875 0.2
14.883800506591797 -4.462249755859375 -4.989849090576172 0.2
14.893500328063965 -4.642951965332031 -4.886848449707031 0.2
14.756999969482422 -4.783050537109375 -4.819648742675781 0.2
14.590499877929688 -4.81304931640625 -4.927848815917969 0.2
14.550700187683105 -4.744152069091797 -5.118949890136719 0.2
14.62440013885498 -4.616550445556641 -5.267448425292969 0.2
14.728500366210938 -4.437450408935547 -5.295549392700195 0.2
14.79010009765625 -4.246051788330078 -5.239349365234375 0.2
14.728300094604492 -4.062049865722656 -5.166049957275391 0.2
14.556500434875488 -3.9707489013671875 -5.219049453735352 0.2
14.454999923706055 -4.012248992919922 -5.393749237060547 0.2
14.464200019836426 -4.140552520751953 -5.556650161743164 0.2
14.54699993133545 -4.328052520751953 -5.602649688720703 0.2
14.611800193786621 -4.5133514404296875 -5.531648635864258 0.2
14.587900161743164 -4.688850402832031 -5.422548294067383 0.2
14.418499946594238 -4.795951843261719 -5.386049270629883 0.2
14.27500057220459 -4.783649444580078 -5.528749465942383 0.2
14.258700370788574 -4.694049835205078 -5.715749740600586 0.2
14.348000526428223 -4.5480499267578125 -5.838949203491211 0.2
14.445600509643555 -4.363948822021484 -5.839448928833008 0.2
14.488800048828125 -4.1712493896484375 -5.772449493408203 0.2
14.383999824523926 -4.005649566650391 -5.711750030517578 0.2
14.213000297546387 -3.9612503051757812 -5.808549880981445 0.2
14.139300346374512 -4.040149688720703 -5.985248565673828 0.2
14.174300193786621 -4.19525146484375 -6.121349334716797 0.2
14.254899978637695 -4.387851715087891 -6.128849029541016 0.2
14.308199882507324 -4.570850372314453 -6.043048858642578 0.2
14.24120044708252 -4.730751037597656 -5.93174934387207 0.2
14.051199913024902 -4.795452117919922 -5.942649841308594 0.2
13.935500144958496 -4.747852325439453 -6.105348587036133 0.2
13.945799827575684 -4.6412506103515625 -6.282848358154297 0.2
14.043499946594238 -4.479351043701172 -6.3764495849609375 0.2
14.1358003616333 -4.293552398681641 -6.3540496826171875 0.2
14.148099899291992 -4.102451324462891 -6.275449752807617 0.2
13.999600410461426 -3.967449188232422 -6.245149612426758 0.2
13.843100547790527 -3.9715499877929688 -6.37394905090332 0.2
13.800800323486328 -4.081550598144531 -6.543849945068359 0.2
13.854300498962402 -4.257350921630859 -6.647348403930664 0.2
13.931600570678711 -4.448650360107422 -6.619449615478516 0.2
13.961000442504883 -4.6289520263671875 -6.520050048828125 0.2
13.838900566101074 -4.761150360107422 -6.420448303222656 0.2
13.6496000289917 -4.7810516357421875 -6.484348297119141 0.2
13.569700241088867 -4.7084503173828125 -6.660549163818359 0.2
13.612199783325195 -4.5852508544921875 -6.82404899597168 0.2
13.717700004577637 -4.4134521484375 -6.878349304199219 0.2
13.801400184631348 -4.227352142333984 -6.835748672485352 0.2
13.759300231933594 -4.043251037597656 -6.751348495483398 0.2
13.581399917602539 -3.9511489868164062 -6.772449493408203 0.2
13.444000244140625 -3.9919509887695312 -6.920648574829102 0.2
13.41610050201416 -4.123748779296875 -7.0780487060546875 0.2
13.483799934387207 -4.313350677490234 -7.135250091552734 0.2
13.560700416564941 -4.498649597167969 -7.078548431396484 0.2
13.550300598144531 -4.671150207519531 -6.9642486572265625 0.2
13.383100509643555 -4.764049530029297 -6.896848678588867 0.2
13.21500015258789 -4.7362518310546875 -7.00684928894043 0.2
13.163200378417969 -4.641349792480469 -7.1842498779296875 0.2
13.230700492858887 -4.495151519775391 -7.320049285888672 0.2
13.330699920654297 -4.313449859619141 -7.338048934936523 0.2
13.38640022277832 -4.122550964355469 -7.276649475097656 0.2
13.291800498962402 -3.9592514038085938 -7.197750091552734 0.2
13.110099792480469 -3.9167518615722656 -7.272150039672852 0.2
13.021100044250488 -4.000450134277344 -7.438650131225586 0.2
13.04069995880127 -4.158149719238281 -7.575048446655273 0.2
13.117000579833984 -4.351551055908203 -7.592548370361328 0.2
13.179100036621094 -4.53485107421875 -7.514249801635742 0.2
13.123300552368164 -4.690849304199219 -7.392848968505859 0.2
12.931130409240723 -4.746952056884766 -7.377248764038086 0.2
12.794859886169434 -4.6932525634765625 -7.520750045776367 0.2
12.78258991241455 -4.586849212646484 -7.697948455810547 0.2
12.870980262756348 -4.428249359130859 -7.805349349975586 0.2
12.970640182495117 -4.245349884033203 -7.796449661254883 0.2
12.994560241699219 -4.054950714111328 -7.719449996948242 0.2
12.850820541381836 -3.9189491271972656 -7.676048278808594 0.2
12.680970191955566 -3.9200515747070312 -7.787649154663086 0.2
12.613739967346191 -4.028350830078125 -7.9501495361328125 0.2
12.651110649108887 -4.2066497802734375 -8.055948257446289 0.2
12.733530044555664 -4.396350860595703 -8.034049987792969 0.2
12.775040626525879 -4.575752258300781 -7.938348770141602 0.2
12.663390159606934 -4.7037506103515625 -7.823249816894531 0.2
12.466110229492188 -4.714649200439453 -7.858949661254883 0.2
12.362040519714355 -4.635250091552734 -8.018949508666992 0.2
12.38135051727295 -4.509052276611328 -8.183849334716797 0.2
12.4764404296875 -4.335350036621094 -8.251749038696289 0.2
12.560770034790039 -4.1470489501953125 -8.223148345947266 0.2
12.535910606384277 -3.963550567626953 -8.1302490234375 0.2
12.361320495605469 -3.8654518127441406 -8.125848770141602 0.2
12.223090171813965 -3.909648895263672 -8.269048690795898 0.2
12.199830055236816 -4.042152404785156 -8.427848815917969 0.2
12.26117992401123 -4.229949951171875 -8.499549865722656 0.2
12.340080261230469 -4.416950225830078 -8.453248977661133 0.2
12.348710060119629 -4.591152191162109 -8.341548919677734 0.2
12.197400093078613 -4.693851470947266 -8.252948760986328 0.2
12.016180038452148 -4.675449371337891 -8.339948654174805 0.2
11.94714069366455 -4.5841522216796875 -8.51314926147461 0.2
11.998189926147461 -4.444049835205078 -8.662149429321289 0.2
12.101059913635254 -4.266849517822266 -8.697649002075195 0.2
12.17197036743164 -4.077751159667969 -8.647649765014648 0.2
12.092510223388672 -3.9095497131347656 -8.562448501586914 0.2
11.901679992675781 -3.8618507385253906 -8.607049942016602 0.2
11.774630546569824 -3.939350128173828 -8.750450134277344 0.2
11.76041030883789 -4.099651336669922 -8.885149002075195 0.2
11.83297061920166 -4.292549133300781 -8.910449981689453 0.2
11.909629821777344 -4.475151062011719 -8.845048904418945 0.2
11.870710372924805 -4.628551483154297 -8.714849472045898 0.2
11.681660652160645 -4.670249938964844 -8.661949157714844 0.2
11.519929885864258 -4.601551055908203 -8.768449783325195 0.2
11.470820426940918 -4.483051300048828 -8.931449890136719 0.2
11.530990600585938 -4.315849304199219 -9.044849395751953 0.2
11.626180648803711 -4.130550384521484 -9.054749488830566 0.2
11.664520263671875 -3.943450927734375 -8.975849151611328 0.2
11.53145980834961 -3.8176498413085938 -8.890748977661133 0.2
11.33981990814209 -3.828948974609375 -8.956850051879883 0.2
11.242780685424805 -3.9427490234375 -9.100049018859863 0.2
11.253640174865723 -4.121250152587891 -9.212449073791504 0.2
11.338630676269531 -4.311248779296875 -9.216649055480957 0.2
11.401249885559082 -4.4931488037109375 -9.13914966583252 0.2
11.319250106811523 -4.619251251220703 -8.99994945526123 0.2
11.119110107421875 -4.620151519775391 -8.981948852539062 0.2
10.978799819946289 -4.529850006103516 -9.103549003601074 0.2
10.954620361328125 -4.392749786376953 -9.260649681091309 0.2
11.027000427246094 -4.214752197265625 -9.342649459838867 0.2
11.118050575256348 -4.027549743652344 -9.333048820495605 0.2
11.115680694580078 -3.8506507873535156 -9.226049423217773 0.2
10.943460464477539 -3.7673492431640625 -9.16624927520752 0.2
10.767000198364258 -3.8217506408691406 -9.254849433898926 0.2
10.69242000579834 -3.9596519470214844 -9.39324951171875 0.2
10.728410720825195 -4.148651123046875 -9.475249290466309 0.2
10.819169998168945 -4.335948944091797 -9.462449073791504 0.2
10.854570388793945 -4.510250091552734 -9.356749534606934 0.2
10.72719955444336 -4.59735107421875 -9.225648880004883 0.2
10.530010223388672 -4.555450439453125 -9.249349594116211 0.2
10.412429809570312 -4.445949554443359 -9.381149291992188 0.2
10.416560173034668 -4.288848876953125 -9.522549629211426 0.2
10.500810623168945 -4.105751037597656 -9.574549674987793 0.2
10.579070091247559 -3.9171524047851562 -9.534648895263672 0.2
10.524909973144531 -3.763751983642578 -9.411149024963379 0.2
10.326919555664062 -3.7331504821777344 -9.393749237060547 0.2
10.17411994934082 -3.8227500915527344 -9.500749588012695 0.2
10.131570816040039 -3.9847488403320312 -9.628449440002441 0.2
10.191760063171387 -4.178249359130859 -9.677449226379395 0.2
10.277040481567383 -4.365451812744141 -9.642349243164062 0.2
10.275420188903809 -4.518550872802734 -9.50564956665039 0.2
10.107669830322266 -4.558250427246094 -9.403149604797363 0.2
9.924489974975586 -4.4862518310546875 -9.463048934936523 0.2
9.837770462036133 -4.365451812744141 -9.607748985290527 0.2
9.872350692749023 -4.198551177978516 -9.732549667358398 0.2
9.965049743652344 -4.014350891113281 -9.764749526977539 0.2
10.02202033996582 -3.8275489807128906 -9.696549415588379 0.2
9.912469863891602 -3.699249267578125 -9.585248947143555 0.2
9.711740493774414 -3.708148956298828 -9.612849235534668 0.2
9.591070175170898 -3.822052001953125 -9.736649513244629 0.2
9.581250190734863 -4.000949859619141 -9.849248886108398 0.2
9.659560203552246 -4.1932525634765625 -9.867448806762695 0.2
9.73192024230957 -4.376152038574219 -9.800949096679688 0.2
9.677419662475586 -4.502651214599609 -9.648448944091797 0.2
9.483449935913086 -4.507251739501953 -9.597349166870117 0.2
9.326889991760254 -4.418849945068359 -9.69884967803955 0.2
9.281599998474121 -4.284950256347656 -9.854049682617188 0.2
9.342170715332031 -4.109050750732422 -9.950448989868164 0.2
9.434000015258789 -3.9220504760742188 -9.958748817443848 0.2
9.453250885009766 -3.741748809814453 -9.858348846435547 0.2
9.296699523925781 -3.6490516662597656 -9.774148941040039 0.2
9.109620094299316 -3.698650360107422 -9.839448928833008 0.2
9.018270492553711 -3.834949493408203 -9.969348907470703 0.2
9.039449691772461 -4.024150848388672 -10.057249069213867 0.2
9.128310203552246 -4.21295166015625 -10.054849624633789 0.2
9.17888069152832 -4.388751983642578 -9.957749366760254 0.2
9.074630737304688 -4.48175048828125 -9.810449600219727 0.2
8.875590324401855 -4.444549560546875 -9.80674934387207 0.2
8.743480682373047 -4.335151672363281 -9.924149513244629 0.2
8.727270126342773 -4.179149627685547 -10.06614875793457 0.2
8.803369522094727 -3.9969520568847656 -10.132649421691895 0.2
8.8887300491333 -3.808349609375 -10.110349655151367 0.2
8.85947036743164 -3.6525497436523438 -9.981149673461914 0.2
8.668970108032227 -3.6207504272460938 -9.925349235534668 0.2
8.498910903930664 -3.7119522094726562 -10.000049591064453 0.2
8.431600570678711 -3.8747520446777344 -10.116449356079102 0.2
8.480430603027344 -4.068450927734375 -10.17544937133789 0.2
8.56924057006836 -4.256752014160156 -10.157849311828613 0.2
8.589940071105957 -4.410152435302734 -10.023049354553223 0.2
8.442150115966797 -4.446250915527344 -9.89224910736084 0.2
8.253280639648438 -4.368049621582031 -9.916049003601074 0.2
8.145210266113281 -4.2384490966796875 -10.038349151611328 0.2
8.157390594482422 -4.065650939941406 -10.1587495803833 0.2
8.243280410766602 -3.8811492919921875 -10.205849647521973 0.2
8.313870429992676 -3.6972503662109375 -10.143049240112305 0.2
8.227230072021484 -3.5793495178222656 -10.003849029541016 0.2
8.02593994140625 -3.5993499755859375 -9.982449531555176 0.2
7.880840301513672 -3.7176513671875 -10.07184886932373 0.2
7.847790241241455 -3.898448944091797 -10.177349090576172 0.2
7.9193501472473145 -4.090751647949219 -10.215949058532715 0.2
8.001270294189453 -4.275352478027344 -10.1681489944458 0.2
7.974760055541992 -4.397850036621094 -10.00584888458252 0.2
7.794250011444092 -4.39215087890625 -9.917448997497559 0.2
7.623560428619385 -4.293552398681641 -9.979449272155762 0.2
7.55141019821167 -4.1477508544921875 -10.113849639892578 0.2
7.59535026550293 -3.9673500061035156 -10.21044921875 0.2
7.685110092163086 -3.7801513671875 -10.230849266052246 0.2
7.721120357513428 -3.6066513061523438 -10.1233491897583 0.2
7.578100204467773 -3.5290489196777344 -10.006649017333984 0.2
7.383700370788574 -3.5893516540527344 -10.032249450683594 0.2
7.27193021774292 -3.730548858642578 -10.139749526977539 0.2
7.280750274658203 -3.921550750732422 -10.227249145507812 0.2
7.363900184631348 -4.112548828125 -10.24264907836914 0.2
7.428530216217041 -4.287849426269531 -10.152149200439453 0.2
7.347130298614502 -4.376750946044922 -9.98914909362793 0.2
7.1508402824401855 -4.335849761962891 -9.957049369812012 0.2
7.003890037536621 -4.223548889160156 -10.052449226379395 0.2
6.973600387573242 -4.064849853515625 -10.18964958190918 0.2
7.040570259094238 -3.8813514709472656 -10.263449668884277 0.2
7.126780033111572 -3.6919517517089844 -10.250449180603027 0.2
7.114580154418945 -3.5350494384765625 -10.119049072265625 0.2
6.930520057678223 -3.4996490478515625 -10.046849250793457 0.2
6.755160331726074 -3.5888519287109375 -10.111148834228516 0.2
6.681119918823242 -3.748249053955078 -10.228249549865723 0.2
6.724490165710449 -3.9417495727539062 -10.294249534606934 0.2
6.813610076904297 -4.1307525634765625 -10.28434944152832 0.2
6.846590042114258 -4.290248870849609 -10.15834903717041 0.2
6.708820343017578 -4.342948913574219 -10.022149085998535 0.2
6.516160011291504 -4.2745513916015625 -10.041648864746094 0.2
6.40362024307251 -4.147651672363281 -10.162849426269531 0.2
6.408090114593506 -3.9743499755859375 -10.284249305725098 0.2
6.488560199737549 -3.7873497009277344 -10.332348823547363 0.2
6.561000347137451 -3.6011505126953125 -10.277548789978027 0.2
6.48799991607666 -3.4777488708496094 -10.134149551391602 0.2
6.288490295410156 -3.4926490783691406 -10.100849151611328 0.2
6.1396403312683105 -3.6081504821777344 -10.187748908996582 0.2
6.099720001220703 -3.7844505310058594 -10.299348831176758 0.2
6.1686601638793945 -3.975749969482422 -10.347148895263672 0.2
6.254990577697754 -4.161949157714844 -10.313549041748047 0.2
6.243840217590332 -4.295951843261719 -10.157849311828613 0.2
6.070760250091553 -4.302848815917969 -10.056049346923828 0.2
5.8952202796936035 -4.206249237060547 -10.105949401855469 0.2
5.811790466308594 -4.057849884033203 -10.231749534606934 0.2
5.845100402832031 -3.8735504150390625 -10.32564926147461 0.2
5.93073034286499 -3.684551239013672 -10.349349021911621 0.2
5.976380348205566 -3.5121498107910156 -10.24324893951416 0.2
5.84807014465332 -3.4388504028320312 -10.107549667358398 0.2
5.652700424194336 -3.5015525817871094 -10.11194896697998 0.2
5.530940055847168 -3.6413497924804688 -10.210749626159668 0.2
5.530529975891113 -3.8297500610351562 -10.304549217224121 0.2
5.611130237579346 -4.020149230957031 -10.336349487304688 0.2
5.686970233917236 -4.1983489990234375 -10.26134967803955 0.2
5.627440452575684 -4.293048858642578 -10.092049598693848 0.2
5.436750411987305 -4.2539520263671875 -10.0337495803833 0.2
5.279829978942871 -4.137851715087891 -10.106449127197266 0.2
5.2317304611206055 -3.9731521606445312 -10.231449127197266 0.2
5.288240432739258 -3.786449432373047 -10.306448936462402 0.2
5.374250411987305 -3.5965499877929688 -10.297849655151367 0.2
5.377120018005371 -3.446552276611328 -10.158049583435059 0.2
5.2037200927734375 -3.421550750732422 -10.059049606323242 0.2
5.022860527038574 -3.514850616455078 -10.099248886108398 0.2
4.937650203704834 -3.6753501892089844 -10.207448959350586 0.2
4.973420143127441 -3.868549346923828 -10.280348777770996 0.2
5.061260223388672 -4.058448791503906 -10.28554916381836 0.2
5.113030433654785 -4.218452453613281 -10.166049003601074 0.2
4.994379997253418 -4.2727508544921875 -10.013349533081055 0.2
4.800090312957764 -4.205451965332031 -10.00744915008545 0.2
4.672650337219238 -4.078151702880859 -10.112548828125 0.2
4.663020133972168 -3.903850555419922 -10.23284912109375 0.2
4.7361602783203125 -3.715850830078125 -10.288649559020996 0.2
4.811960220336914 -3.5285491943359375 -10.241148948669434 0.2
4.752040386199951 -3.4047508239746094 -10.091949462890625 0.2
4.55573034286499 -3.4200515747070312 -10.042949676513672 0.2
4.4018402099609375 -3.536449432373047 -10.119449615478516 0.2
4.356950283050537 -3.7136497497558594 -10.228549003601074 0.2
4.421250343322754 -3.906452178955078 -10.277749061584473 0.2
4.510180473327637 -4.092750549316406 -10.249149322509766 0.2
4.516460418701172 -4.229148864746094 -10.09424877166748 0.2
4.351480484008789 -4.245948791503906 -9.981149673461914 0.2
4.169930458068848 -4.157649993896484 -10.024848937988281 0.2
4.077950477600098 -4.016151428222656 -10.15204906463623 0.2
4.102440357208252 -3.8339500427246094 -10.254049301147461 0.2
4.182300090789795 -3.643749237060547 -10.287749290466309 0.2
4.233750343322754 -3.4643516540527344 -10.195849418640137 0.2
4.117330074310303 -3.3783493041992188 -10.05634880065918 0.2
3.9206202030181885 -3.435150146484375 -10.05204963684082 0.2
3.7947263717651367 -3.5730514526367188 -10.147748947143555 0.2
3.789006233215332 -3.7609519958496094 -10.243749618530273 0.2
3.870185375213623 -3.9511489868164062 -10.275749206542969 0.2
3.9513163566589355 -4.1307525634765625 -10.209049224853516 0.2
3.904670238494873 -4.2364501953125 -10.04124927520752 0.2
3.71413516998291 -4.2113494873046875 -9.977048873901367 0.2
3.552011251449585 -4.102352142333984 -10.049049377441406 0.2
3.49509334564209 -3.941650390625 -10.175949096679688 0.2
3.544994354248047 -3.7545509338378906 -10.254949569702148 0.2
3.627798080444336 -3.5626487731933594 -10.256349563598633 0.2
3.6391472816467285 -3.405750274658203 -10.12394905090332 0.2
3.4738893508911133 -3.3743515014648438 -10.014049530029297 0.2
3.2909581661224365 -3.467052459716797 -10.04374885559082 0.2
3.1992292404174805 -3.6265525817871094 -10.148049354553223 0.2
3.230440139770508 -3.8194503784179688 -10.224148750305176 0.2
3.320115327835083 -4.008350372314453 -10.236349105834961 0.2
3.381314277648926 -4.171852111816406 -10.125948905944824 0.2
3.2756752967834473 -4.234550476074219 -9.96674919128418 0.2
3.0806448459625244 -4.1730499267578125 -9.948049545288086 0.2
2.9450409412384033 -4.046749114990234 -10.044349670410156 0.2
2.9233241081237793 -3.8712501525878906 -10.161349296569824 0.2
2.989962100982666 -3.6821517944335938 -10.22184944152832 0.2
3.067568778991699 -3.49365234375 -10.182848930358887 0.2
3.0224597454071045 -3.3705520629882812 -10.027449607849121 0.2
2.8337433338165283 -3.3895492553710938 -9.955248832702637 0.2
2.673680305480957 -3.5086517333984375 -10.012649536132812 0.2
2.6180591583251953 -3.6865501403808594 -10.11574935913086 0.2
2.6776223182678223 -3.8784523010253906 -10.174348831176758 0.2
2.770517349243164 -4.064350128173828 -10.15954875946045 0.2
2.7933993339538574 -4.201652526855469 -10.007349014282227 0.2
2.6423652172088623 -4.216449737548828 -9.87554931640625 0.2
2.4580342769622803 -4.124851226806641 -9.893349647521973 0.2
2.350266218185425 -3.9781494140625 -10.002649307250977 0.2
2.3638291358947754 -3.7938499450683594 -10.101849555969238 0.2
2.439732313156128 -3.6034507751464844 -10.143149375915527 0.2
2.4979190826416016 -3.427051544189453 -10.049849510192871 0.2
2.392305374145508 -3.3542518615722656 -9.895149230957031 0.2
2.200749158859253 -3.4229507446289062 -9.865249633789062 0.2
2.069859266281128 -3.5692520141601562 -9.939748764038086 0.2
2.0609841346740723 -3.761951446533203 -10.026649475097656 0.2
2.1367321014404297 -3.9538497924804688 -10.062349319458008 0.2
2.228438377380371 -4.129451751708984 -9.99734878540039 0.2
2.201409339904785 -4.226551055908203 -9.820849418640137 0.2
2.017526149749756 -4.199451446533203 -9.738749504089355 0.2
1.846360206604004 -4.095050811767578 -9.79574966430664 0.2
1.7786701917648315 -3.9396514892578125 -9.924049377441406 0.2
1.8183302879333496 -3.7540512084960938 -10.013049125671387 0.2
1.8963302373886108 -3.5604515075683594 -10.027749061584473 0.2
1.9165701866149902 -3.3959503173828125 -9.905348777770996 0.2
1.7575502395629883 -3.355152130126953 -9.78964900970459 0.2
1.5726401805877686 -3.4459495544433594 -9.81144905090332 0.2
1.477770209312439 -3.605152130126953 -9.912348747253418 0.2
1.507480263710022 -3.7989501953125 -9.988248825073242 0.2
1.6004202365875244 -3.9865493774414062 -9.998249053955078 0.2
1.667770266532898 -4.150749206542969 -9.892048835754395 0.2
1.5689501762390137 -4.224651336669922 -9.73284912109375 0.2
1.3703502416610718 -4.177051544189453 -9.716548919677734 0.2
1.230930209159851 -4.0599517822265625 -9.81834888458252 0.2
1.203470230102539 -3.8888511657714844 -9.94114875793457 0.2
1.2657701969146729 -3.6990509033203125 -10.004348754882812 0.2
1.3390902280807495 -3.5068511962890625 -9.974248886108398 0.2
1.296830177307129 -3.3745498657226562 -9.824748992919922 0.2
1.10899019241333 -3.387451171875 -9.750449180603027 0.2
0.9492101669311523 -3.5067520141601562 -9.807649612426758 0.2
0.8934102058410645 -3.683849334716797 -9.912249565124512 0.2
0.9543001651763916 -3.875652313232422 -9.969649314880371 0.2
1.0505802631378174 -4.060352325439453 -9.956648826599121 0.2
1.0805602073669434 -4.2026519775390625 -9.809749603271484 0.2
0.9329402446746826 -4.23065185546875 -9.676548957824707 0.2
0.7443602085113525 -4.149250030517578 -9.696649551391602 0.2
0.6305601596832275 -4.009849548339844 -9.808849334716797 0.2
0.6363201141357422 -3.826549530029297 -9.910649299621582 0.2
0.7080702781677246 -3.6352500915527344 -9.956149101257324 0.2
0.7665703296661377 -3.4536514282226562 -9.873649597167969 0.2
0.6705701351165771 -3.3735504150390625 -9.715848922729492 0.2
0.4808802604675293 -3.440349578857422 -9.675649642944336 0.2
0.345900297164917 -3.5868492126464844 -9.743349075317383 0.2
0.3298301696777344 -3.778949737548828 -9.82914924621582 0.2
0.4064202308654785 -3.968952178955078 -9.872549057006836 0.2
0.5030603408813477 -4.1448516845703125 -9.817449569702148 0.2
0.4903402328491211 -4.240348815917969 -9.638349533081055 0.2
0.3182501792907715 -4.207851409912109 -9.53494930267334 0.2
0.14403033256530762 -4.098049163818359 -9.569249153137207 0.2
0.060140132904052734 -3.9371490478515625 -9.679649353027344 0.2
0.09124016761779785 -3.752849578857422 -9.773649215698242 0.2
0.16860032081604004 -3.5598487854003906 -9.794949531555176 0.2
0.19788026809692383 -3.4059524536132812 -9.662649154663086 0.2
0.05609011650085449 -3.39105224609375 -9.519749641418457 0.2
-0.12128973007202148 -3.498149871826172 -9.500049591064453 0.2
-0.21829986572265625 -3.672649383544922 -9.570049285888672 0.2
-0.19176983833312988 -3.8716506958007812 -9.633648872375488 0.2
-0.10241985321044922 -4.06085205078125 -9.64634895324707 0.2
-0.01085972785949707 -4.208850860595703 -9.534049034118652 0.2
-0.08714985847473145 -4.2597503662109375 -9.355249404907227 0.2
-0.2809298038482666 -4.206150054931641 -9.309449195861816 0.2
-0.43750977516174316 -4.09735107421875 -9.39164924621582 0.2
-0.48022985458374023 -3.936351776123047 -9.524449348449707 0.2
-0.4332597255706787 -3.7496490478515625 -9.607449531555176 0.2
-0.3615896701812744 -3.554351806640625 -9.599848747253418 0.2
-0.3892097473144531 -3.4071502685546875 -9.461149215698242 0.2
-0.5731396675109863 -3.4066505432128906 -9.377449035644531 0.2
-0.737149715423584 -3.5245513916015625 -9.424249649047852 0.2
-0.7964198589324951 -3.7026519775390625 -9.524249076843262 0.2
-0.7351298332214355 -3.896350860595703 -9.57504940032959 0.2
-0.6335797309875488 -4.077850341796875 -9.55514907836914 0.2
-0.5923898220062256 -4.22125244140625 -9.410649299621582 0.2
-0.7345998287200928 -4.268650054931641 -9.277548789978027 0.2
-0.9292697906494141 -4.209651947021484 -9.309349060058594 0.2
-1.0466599464416504 -4.088050842285156 -9.435949325561523 0.2
-1.0499796867370605 -3.9112510681152344 -9.550148963928223 0.2
-0.9851198196411133 -3.719348907470703 -9.603049278259277 0.2
-0.9307596683502197 -3.527851104736328 -9.542049407958984 0.2
-1.0192198753356934 -3.4259490966796875 -9.391549110412598 0.2
-1.210209846496582 -3.482349395751953 -9.34684944152832 0.2
-1.3468499183654785 -3.626750946044922 -9.413148880004883 0.2
-1.3673295974731445 -3.8174514770507812 -9.502248764038086 0.2
-1.2860298156738281 -4.0057525634765625 -9.544049263000488 0.2
-1.1857399940490723 -4.182350158691406 -9.497849464416504 0.2
-1.1889595985412598 -4.292549133300781 -9.326148986816406 0.2
-1.3616299629211426 -4.2810516357421875 -9.22144889831543 0.2
-1.5420498847961426 -4.184150695800781 -9.25934886932373 0.2
-1.6375598907470703 -4.031650543212891 -9.372049331665039 0.2
-1.613809585571289 -3.8472518920898438 -9.4673490524292 0.2
-1.5417499542236328 -3.653350830078125 -9.49894905090332 0.2
-1.507469654083252 -3.488849639892578 -9.380748748779297 0.2
-1.637049674987793 -3.4618492126464844 -9.229148864746094 0.2
-1.81318998336792 -3.566650390625 -9.197349548339844 0.2
-1.919839859008789 -3.739349365234375 -9.258049011230469 0.2
-1.9018898010253906 -3.9371490478515625 -9.325448989868164 0.2
-1.8128399848937988 -4.124851226806641 -9.353049278259277 0.2
-1.713249683380127 -4.275951385498047 -9.254049301147461 0.2
-1.7634096145629883 -4.3211517333984375 -9.064549446105957 0.2
-1.942159652709961 -4.256950378417969 -8.984549522399902 0.2
-2.1067299842834473 -4.137851715087891 -9.035248756408691 0.2
-2.1688599586486816 -3.9714508056640625 -9.150049209594727 0.2
-2.1322898864746094 -3.7885513305664062 -9.245649337768555 0.2
-2.0558595657348633 -3.5957489013671875 -9.241949081420898 0.2
-2.0656399726867676 -3.46875 -9.084349632263184 0.2
-2.2225899696350098 -3.497150421142578 -8.957048416137695 0.2
-2.3812499046325684 -3.6305503845214844 -8.947750091552734 0.2
-2.4437198638916016 -3.8233489990234375 -9.013049125671387 0.2
-2.38962984085083 -4.020351409912109 -9.060449600219727 0.2
-2.28371000289917 -4.199748992919922 -9.046149253845215 0.2
-2.2121496200561523 -4.319049835205078 -8.893348693847656 0.2
-2.333739757537842 -4.3417510986328125 -8.735248565673828 0.2
-2.5310397148132324 -4.278949737548828 -8.730449676513672 0.2
-2.6688899993896484 -4.164150238037109 -8.839149475097656 0.2
-2.688809871673584 -3.995250701904297 -8.964649200439453 0.2
-2.638629913330078 -3.8055496215820312 -9.037549018859863 0.2
-2.5794596672058105 -3.609649658203125 -8.995849609375 0.2
-2.6552796363830566 -3.4931488037109375 -8.84994888305664 0.2
-2.8450798988342285 -3.5415496826171875 -8.793649673461914 0.2
-2.9855599403381348 -3.6860504150390625 -8.848348617553711 0.2
-3.007899761199951 -3.8784523010253906 -8.93494987487793 0.2
-2.923419952392578 -4.066650390625 -8.96924877166748 0.2
-2.8170199394226074 -4.239749908447266 -8.92184829711914 0.2
-2.807079792022705 -4.35675048828125 -8.753849029541016 0.2
-2.979879856109619 -4.369251251220703 -8.651350021362305 0.2
-3.1664299964904785 -4.2933502197265625 -8.7021484375 0.2
-3.267939567565918 -4.1582489013671875 -8.83034896850586 0.2
-3.253579616546631 -3.9773521423339844 -8.934148788452148 0.2
-3.189159870147705 -3.782550811767578 -8.976149559020996 0.2
-3.1600699424743652 -3.6023521423339844 -8.88064956665039 0.2
-3.2898898124694824 -3.5505523681640625 -8.736549377441406 0.2
-3.4697799682617188 -3.6482505798339844 -8.709949493408203 0.2
-3.5783095359802246 -3.8163490295410156 -8.776548385620117 0.2
-3.561969757080078 -4.0135498046875 -8.84684944152832 0.2
-3.4646596908569336 -4.197452545166016 -8.871648788452148 0.2
-3.365449905395508 -4.354949951171875 -8.782249450683594 0.2
-3.4129796028137207 -4.422950744628906 -8.59844970703125 0.2
-3.5997395515441895 -4.3807525634765625 -8.526548385620117 0.2
-3.7701597213745117 -4.275150299072266 -8.58704948425293 0.2
-3.8429698944091797 -4.114749908447266 -8.703149795532227 0.2
-3.80679988861084 -3.9321517944335938 -8.799148559570312 0.2
-3.7369799613952637 -3.7368507385253906 -8.805648803710938 0.2
-3.7414498329162598 -3.600749969482422 -8.65424919128418 0.2
-3.8891396522521973 -3.6248512268066406 -8.517049789428711 0.2
-4.045049667358398 -3.7607498168945312 -8.497549057006836 0.2
-4.116299629211426 -3.9542503356933594 -8.549848556518555 0.2
-4.067439556121826 -4.150352478027344 -8.604049682617188 0.2
-3.9602999687194824 -4.328849792480469 -8.604148864746094 0.2
-3.871029853820801 -4.437450408935547 -8.454349517822266 0.2
-3.957129955291748 -4.4295501708984375 -8.272150039672852 0.2
-4.137089729309082 -4.3428497314453125 -8.21875 0.2
-4.290159702301025 -4.213050842285156 -8.287649154663086 0.2
-4.329549789428711 -4.046550750732422 -8.408248901367188 0.2
-4.29164981842041 -3.8634490966796875 -8.501249313354492 0.2
-4.217289924621582 -3.6760520935058594 -8.452949523925781 0.2
-4.26276969909668 -3.596649169921875 -8.273948669433594 0.2
-4.414680004119873 -3.673450469970703 -8.156949996948242 0.2
-4.5453596115112305 -3.8363494873046875 -8.148649215698242 0.2
-4.563169956207275 -4.041252136230469 -8.200048446655273 0.2
-4.4859299659729 -4.233348846435547 -8.230749130249023 0.2
-4.356359958648682 -4.388648986816406 -8.177448272705078 0.2
-4.316869735717773 -4.464550018310547 -7.994049072265625 0.2
-4.474329948425293 -4.452152252197266 -7.866949081420898 0.2
-4.6692795753479 -4.381649017333984 -7.887048721313477 0.2
-4.790069580078125 -4.258350372314453 -8.009849548339844 0.2
-4.7975897789001465 -4.086750030517578 -8.130048751831055 0.2
-4.749119758605957 -3.8940505981445312 -8.195549011230469 0.2
-4.709249973297119 -3.7065505981445312 -8.118749618530273 0.2
-4.823549747467041 -3.643749237060547 -7.966548919677734 0.2
-4.998569488525391 -3.7407493591308594 -7.915748596191406 0.2
-5.110149383544922 -3.9130516052246094 -7.96204948425293 0.2
-5.096320152282715 -4.113552093505859 -8.023748397827148 0.2
-4.9940595626831055 -4.294952392578125 -8.045848846435547 0.2
-4.881679534912109 -4.445549011230469 -7.959848403930664 0.2
-4.909060001373291 -4.5126495361328125 -7.771450042724609 0.2
-5.092669486999512 -4.481151580810547 -7.687950134277344 0.2
-5.271539688110352 -4.3883514404296875 -7.742748260498047 0.2
-5.360650062561035 -4.2384490966796875 -7.862449645996094 0.2
-5.340169906616211 -4.059150695800781 -7.968648910522461 0.2
-5.27947998046875 -3.8623504638671875 -7.99424934387207 0.2
-5.272279739379883 -3.7126502990722656 -7.855649948120117 0.2
-5.406700134277344 -3.7251510620117188 -7.704750061035156 0.2
-5.5600996017456055 -3.8595504760742188 -7.667949676513672 0.2
-5.637399673461914 -4.052249908447266 -7.714349746704102 0.2
-5.591099739074707 -4.24945068359375 -7.766849517822266 0.2
-5.481649398803711 -4.426849365234375 -7.772748947143555 0.2
-5.379639625549316 -4.543449401855469 -7.636449813842773 0.2
-5.456520080566406 -4.558849334716797 -7.451749801635742 0.2
-5.644559860229492 -4.492351531982422 -7.399448394775391 0.2
-5.808889389038086 -4.377651214599609 -7.467748641967773 0.2
-5.862299919128418 -4.21405029296875 -7.586648941040039 0.2
-5.831870079040527 -4.032051086425781 -7.685150146484375 0.2
-5.763319969177246 -3.8378524780273438 -7.65934944152832 0.2
-5.790889739990234 -3.7392501831054688 -7.48594856262207 0.2
-5.934239387512207 -3.807750701904297 -7.35624885559082 0.2
-6.068550109863281 -3.9680519104003906 -7.334749221801758 0.2
-6.102250099182129 -4.171649932861328 -7.376649856567383 0.2
-6.033679962158203 -4.363750457763672 -7.42344856262207 0.2
-5.904950141906738 -4.523952484130859 -7.39164924621582 0.2
-5.835399627685547 -4.589752197265625 -7.212749481201172 0.2
-5.952569961547852 -4.548648834228516 -7.051549911499023 0.2
-6.134249687194824 -4.4508514404296875 -7.019449234008789 0.2
-6.267910003662109 -4.306751251220703 -7.097648620605469 0.2
-6.293729782104492 -4.138450622558594 -7.2189483642578125 0.2
-6.2470293045043945 -3.949249267578125 -7.293249130249023 0.2
-6.173069953918457 -3.78375244140625 -7.198450088500977 0.2
-6.227459907531738 -3.7654495239257812 -7.0043487548828125 0.2
-6.354740142822266 -3.8777503967285156 -6.88385009765625 0.2
-6.454339981079102 -4.064449310302734 -6.874948501586914 0.2
-6.444620132446289 -4.268749237060547 -6.921449661254883 0.2
-6.355460166931152 -4.455051422119141 -6.955450057983398 0.2
-6.211249351501465 -4.578948974609375 -6.875148773193359 0.2
-6.207220077514648 -4.599052429199219 -6.675548553466797 0.2
-6.3635101318359375 -4.536151885986328 -6.556249618530273 0.2
-6.5435895919799805 -4.430149078369141 -6.568449020385742 0.2
-6.642519950866699 -4.27545166015625 -6.6730499267578125 0.2
-6.644959449768066 -4.1000518798828125 -6.787748336791992 0.2
-6.579770088195801 -3.9058494567871094 -6.82135009765625 0.2
-6.547220230102539 -3.7675514221191406 -6.677249908447266 0.2
-6.654879570007324 -3.792449951171875 -6.505748748779297 0.2
-6.795370101928711 -3.930450439453125 -6.4389495849609375 0.2
-6.868189811706543 -4.129150390625 -6.463048934936523 0.2
-6.824219703674316 -4.327350616455078 -6.514348983764648 0.2
-6.711870193481445 -4.502651214599609 -6.525949478149414 0.2
-6.594079971313477 -4.603351593017578 -6.390748977661133 0.2
-6.6553497314453125 -4.597652435302734 -6.19904899597168 0.2
-6.832189559936523 -4.518951416015625 -6.12554931640625 0.2
-6.996600151062012 -4.391551971435547 -6.170848846435547 0.2
-7.054399490356445 -4.224552154541016 -6.282848358154297 0.2
-7.036499977111816 -4.042549133300781 -6.384449005126953 0.2
-6.954929351806641 -3.8539505004882812 -6.356048583984375 0.2
-6.9557695388793945 -3.7756500244140625 -6.170749664306641 0.2
-7.0718994140625 -3.8563499450683594 -6.020448684692383 0.2
-7.1930999755859375 -4.023750305175781 -5.974748611450195 0.2
-7.21929931640625 -4.230152130126953 -6.004949569702148 0.2
-7.158599853515625 -4.424549102783203 -6.05474853515625 0.2
-7.0199995040893555 -4.578651428222656 -6.03394889831543 0.2
-6.92842960357666 -4.627952575683594 -5.8605499267578125 0.2
-7.022199630737305 -4.573951721191406 -5.686649322509766 0.2
-7.194299697875977 -4.469249725341797 -5.629449844360352 0.2
-7.328100204467773 -4.317451477050781 -5.69114875793457 0.2
-7.365799903869629 -4.145648956298828 -5.805149078369141 0.2
-7.324399948120117 -3.9556503295898438 -5.88224983215332 0.2
-7.227999687194824 -3.795452117919922 -5.798648834228516 0.2
-7.259599685668945 -3.7802505493164062 -5.59954833984375 0.2
-7.381400108337402 -3.8938522338867188 -5.473848342895508 0.2
-7.478499412536621 -4.081550598144531 -5.448450088500977 0.2
-7.4716997146606445 -4.2875518798828125 -5.486148834228516 0.2
-7.392199516296387 -4.476951599121094 -5.52924919128418 0.2
-7.235899925231934 -4.600349426269531 -5.474649429321289 0.2
-7.184299468994141 -4.607349395751953 -5.279949188232422 0.2
-7.296199798583984 -4.530750274658203 -5.1228485107421875 0.2
-7.463899612426758 -4.407649993896484 -5.088649749755859 0.2
-7.566899299621582 -4.242252349853516 -5.168548583984375 0.2
-7.584599494934082 -4.0639495849609375 -5.277948379516602 0.2
-7.505899429321289 -3.8751487731933594 -5.318849563598633 0.2
-7.429399490356445 -3.755352020263672 -5.176149368286133 0.2
-7.50309944152832 -3.7896499633789062 -4.987848281860352 0.2
-7.6321001052856445 -3.92755126953125 -4.897649765014648 0.2
-7.699699401855469 -4.1289520263671875 -4.899349212646484 0.2
-7.667699813842773 -4.331150054931641 -4.945650100708008 0.2
-7.56089973449707 -4.508251190185547 -4.975549697875977 0.2
-7.410299301147461 -4.600151062011719 -4.870449066162109 0.2
-7.418499946594238 -4.581851959228516 -4.668548583984375 0.2
-7.562899589538574 -4.496849060058594 -4.545749664306641 0.2
-7.726300239562988 -4.361850738525391 -4.55474853515625 0.2
-7.792900085449219 -4.185249328613281 -4.647249221801758 0.2
-7.777099609375 -3.9969520568847656 -4.738748550415039 0.2
-7.679299354553223 -3.811351776123047 -4.723848342895508 0.2
-7.674200057983398 -3.72125244140625 -4.545448303222656 0.2
-7.810500144958496 -3.782451629638672 -4.40264892578125 0.2
-7.952300071716309 -3.934551239013672 -4.367448806762695 0.2
-7.9882001876831055 -4.139152526855469 -4.401248931884766 0.2
-7.931699752807617 -4.335651397705078 -4.450550079345703 0.2
-7.808699607849121 -4.5052490234375 -4.455450057983398 0.2
-7.687099456787109 -4.587650299072266 -4.312349319458008 0.2
-7.734199523925781 -4.566249847412109 -4.112749099731445 0.2
-7.886899948120117 -4.478950500488281 -4.001049041748047 0.2
-8.03380012512207 -4.329952239990234 -4.040248870849609 0.2
-8.06470012664795 -4.148651123046875 -4.141448974609375 0.2
-8.014999389648438 -3.9544525146484375 -4.208250045776367 0.2
-7.938499450683594 -3.7805519104003906 -4.123449325561523 0.2
-8.00879955291748 -3.7410507202148438 -3.936248779296875 0.2
-8.159500122070312 -3.8281517028808594 -3.8197498321533203 0.2
-8.268099784851074 -4.007152557373047 -3.811349868774414 0.2
-8.253899574279785 -4.209251403808594 -3.8670482635498047 0.2
-8.178999900817871 -4.399051666259766 -3.9204483032226562 0.2
-8.035699844360352 -4.544151306152344 -3.8798484802246094 0.2
-7.937899589538574 -4.589252471923828 -3.7025489807128906 0.2
-7.965000152587891 -4.55615234375 -3.498849868774414 0.2
-8.117199897766113 -4.443149566650391 -3.4207496643066406 0.2
-8.22499942779541 -4.277549743652344 -3.5014495849609375 0.2
-8.228400230407715 -4.094852447509766 -3.605649948120117 0.2
-8.153499603271484 -3.8983497619628906 -3.6366500854492188 0.2
-8.114299774169922 -3.7567520141601562 -3.4959487915039062 0.2
-8.215099334716797 -3.7545509338378906 -3.3144493103027344 0.2
-8.363900184631348 -3.8647499084472656 -3.219148635864258 0.2
-8.434499740600586 -4.060749053955078 -3.2391490936279297 0.2
-8.397199630737305 -4.258350372314453 -3.300748825073242 0.2
-8.30270004272461 -4.443351745605469 -3.3298492431640625 0.2
-8.154500007629395 -4.558650970458984 -3.2372493743896484 0.2
-8.073299407958984 -4.585350036621094 -3.047149658203125 0.2
-8.141300201416016 -4.528850555419922 -2.864349365234375 0.2
-8.302000045776367 -4.394248962402344 -2.860349655151367 0.2
-8.368000030517578 -4.220249176025391 -2.9596500396728516 0.2
-8.354999542236328 -4.0301513671875 -3.0490493774414062 0.2
-8.269700050354004 -3.8358497619628906 -3.0274486541748047 0.2
-8.268099784851074 -3.7334518432617188 -2.8515491485595703 0.2
-8.380899429321289 -3.7587509155273438 -2.677949905395508 0.2
-8.518499374389648 -3.9012489318847656 -2.613849639892578 0.2
-8.545700073242188 -4.104148864746094 -2.6582489013671875 0.2
-8.494799613952637 -4.299152374267578 -2.719949722290039 0.2
-8.379199981689453 -4.474052429199219 -2.721048355102539 0.2
-8.237799644470215 -4.563152313232422 -2.5951499938964844 0.2
-8.190499305725098 -4.568550109863281 -2.3922500610351562 0.2
-8.303899765014648 -4.483951568603516 -2.247549057006836 0.2
-8.444299697875977 -4.330249786376953 -2.2927494049072266 0.2
-8.481599807739258 -4.148551940917969 -2.392749786376953 0.2
-8.445499420166016 -3.951251983642578 -2.4614486694335938 0.2
-8.362899780273438 -3.772449493408203 -2.389049530029297 0.2
-8.40369987487793 -3.7184524536132812 -2.1946487426757812 0.2
-8.534899711608887 -3.7857513427734375 -2.046049118041992 0.2
-8.651299476623535 -3.9585494995117188 -2.0266494750976562 0.2
-8.646100044250488 -4.161048889160156 -2.0845489501953125 0.2
-8.579500198364258 -4.353851318359375 -2.138948440551758 0.2
-8.44279956817627 -4.509651184082031 -2.1077499389648438 0.2
-8.317699432373047 -4.576450347900391 -1.9529495239257812 0.2
-8.314199447631836 -4.565952301025391 -1.747049331665039 0.2
-8.46780014038086 -4.461650848388672 -1.6607494354248047 0.2
-8.579599380493164 -4.29425048828125 -1.7315483093261719 0.2
-8.601900100708008 -4.107349395751953 -1.8265495300292969 0.2
-8.54699993133545 -3.9054489135742188 -1.8628482818603516 0.2
-8.479299545288086 -3.755950927734375 -1.737649917602539 0.2
-8.52400016784668 -3.73175048828125 -1.5350494384765625 0.2
-8.64799976348877 -3.830150604248047 -1.4023494720458984 0.2
-8.725600242614746 -4.025051116943359 -1.4143486022949219 0.2
-8.69729995727539 -4.223651885986328 -1.4788494110107422 0.2
-8.614299774169922 -4.412250518798828 -1.521148681640625 0.2
-8.457599639892578 -4.540248870849609 -1.4602489471435547 0.2
-8.34749984741211 -4.582252502441406 -1.2881488800048828 0.2
-8.388199806213379 -4.542449951171875 -1.0927486419677734 0.2
-8.54990005493164 -4.414451599121094 -1.058349609375 0.2
-8.631799697875977 -4.237850189208984 -1.1403484344482422 0.2
-8.642399787902832 -4.045848846435547 -1.226348876953125 0.2
-8.565400123596191 -3.8457489013671875 -1.2258491516113281 0.2
-8.519599914550781 -3.7331504821777344 -1.0614490509033203 0.2
-8.58489990234375 -3.748149871826172 -0.8633499145507812 0.2
-8.71049976348877 -3.8841514587402344 -0.7696495056152344 0.2
-8.751500129699707 -4.086452484130859 -0.8089485168457031 0.2
-8.708600044250488 -4.281749725341797 -0.8766498565673828 0.2
-8.599100112915039 -4.4602508544921875 -0.9003486633300781 0.2
-8.44540023803711 -4.562950134277344 -0.8007488250732422 0.2
-8.379499435424805 -4.5863494873046875 -0.6036491394042969 0.2
-8.477700233459473 -4.521049499511719 -0.43834877014160156 0.2
-8.626099586486816 -4.370449066162109 -0.45405006408691406 0.2
-8.6806001663208 -4.185451507568359 -0.5405483245849609 0.2
-8.669499397277832 -3.9865493774414062 -0.6120491027832031 0.2
-8.573100090026855 -3.8022499084472656 -0.5702495574951172 0.2
-8.534099578857422 -3.726451873779297 -0.38014984130859375 0.2
-8.5964994430542 -3.768951416015625 -0.18614959716796875 0.2
-8.709099769592285 -3.936248779296875 -0.1318492889404297 0.2
-8.722299575805664 -4.139549255371094 -0.18764877319335938 0.2
-8.670499801635742 -4.334049224853516 -0.2516498565673828 0.2
-8.53439998626709 -4.496150970458984 -0.2509498596191406 0.2
-8.392099380493164 -4.574748992919922 -0.11894989013671875 0.2
-8.361599922180176 -4.5776519775390625 0.08625030517578125 0.2
-8.498199462890625 -4.482452392578125 0.20425033569335938 0.2
-8.621199607849121 -4.314052581787109 0.15775108337402344 0.2
-8.657899856567383 -4.125049591064453 0.07145118713378906 0.2
-8.61870002746582 -3.9229507446289062 0.02085113525390625 0.2
-8.52180004119873 -3.766551971435547 0.11675071716308594 0.2
-8.518499374389648 -3.7385520935058594 0.323150634765625 0.2
-8.612799644470215 -3.8268508911132812 0.48435020446777344 0.2
-8.708499908447266 -4.014850616455078 0.49375152587890625 0.2
-8.698999404907227 -4.214450836181641 0.42635154724121094 0.2
-8.630800247192383 -4.405052185058594 0.3677501678466797 0.2
-8.479199409484863 -4.547752380371094 0.40545082092285156 0.2
-8.375299453735352 -4.605350494384766 0.5759506225585938 0.2
-8.40619945526123 -4.582752227783203 0.7781505584716797 0.2
-8.560099601745605 -4.458251953125 0.8442516326904297 0.2
-8.645899772644043 -4.276248931884766 0.7802505493164062 0.2
-8.66510009765625 -4.083549499511719 0.6965503692626953 0.2
-8.589900016784668 -3.8847503662109375 0.6747512817382812 0.2
-8.493199348449707 -3.7679519653320312 0.8136501312255859 0.2
-8.497599601745605 -3.7748489379882812 1.0231513977050781 0.2
-8.598599433898926 -3.8989524841308594 1.1540508270263672 0.2
-8.664400100708008 -4.098152160644531 1.131551742553711 0.2
-8.643599510192871 -4.295650482177734 1.0591506958007812 0.2
-8.548799514770508 -4.479652404785156 1.014251708984375 0.2
-8.393400192260742 -4.595951080322266 1.0927505493164062 0.2
-8.325300216674805 -4.628749847412109 1.2884502410888672 0.2
-8.401599884033203 -4.5722503662109375 1.4702510833740234 0.2
-8.546299934387207 -4.418750762939453 1.4866504669189453 0.2
-8.60629940032959 -4.231250762939453 1.4089508056640625 0.2
-8.603799819946289 -4.034252166748047 1.3318500518798828 0.2
-8.496899604797363 -3.8519515991210938 1.3481502532958984 0.2
-8.416600227355957 -3.781848907470703 1.5261516571044922 0.2
-8.43970012664795 -3.8260498046875 1.7296504974365234 0.2
-8.546599388122559 -3.9847488403320312 1.8140506744384766 0.2
-8.584199905395508 -4.1878509521484375 1.7674503326416016 0.2
-8.551799774169922 -4.383750915527344 1.6944503784179688 0.2
-8.4266996383667 -4.553050994873047 1.6715507507324219 0.2
-8.287199974060059 -4.639350891113281 1.7987499237060547 0.2
-8.257699966430664 -4.644550323486328 2.0062503814697266 0.2
-8.373700141906738 -4.5505523681640625 2.148050308227539 0.2
-8.49389934539795 -4.3764495849609375 2.126850128173828 0.2
-8.535399436950684 -4.188152313232422 2.0404510498046875 0.2
-8.498600006103516 -3.9896507263183594 1.9780502319335938 0.2
-8.372599601745605 -3.84014892578125 2.049051284790039 0.2
-8.31470012664795 -3.8141517639160156 2.248149871826172 0.2
-8.366199493408203 -3.8970489501953125 2.430551528930664 0.2
-8.465299606323242 -4.080150604248047 2.4673500061035156 0.2
-8.478899955749512 -4.281349182128906 2.404451370239258 0.2
-8.42710018157959 -4.474552154541016 2.3362503051757812 0.2
-8.275300025939941 -4.620552062988281 2.3517513275146484 0.2
-8.164400100708008 -4.676349639892578 2.517850875854492 0.2
-8.17710018157959 -4.651050567626953 2.7238502502441406 0.2
-8.313699722290039 -4.523349761962891 2.8168506622314453 0.2
-8.40310001373291 -4.339649200439453 2.7638511657714844 0.2
-8.42770004272461 -4.149349212646484 2.675050735473633 0.2
-8.347000122070312 -3.9556503295898438 2.6401500701904297 0.2
-8.223899841308594 -3.8480491638183594 2.765350341796875 0.2
-8.194000244140625 -3.8597488403320312 2.9732513427734375 0.2
-8.273599624633789 -3.9795494079589844 3.1224498748779297 0.2
-8.3503999710083 -4.176448822021484 3.115650177001953 0.2
-8.348999977111816 -4.375251770019531 3.042551040649414 0.2
-8.26550006866455 -4.561450958251953 2.9849510192871094 0.2
-8.105400085449219 -4.6784515380859375 3.0493507385253906 0.2
-8.026000022888184 -4.705852508544922 3.242250442504883 0.2
-8.078100204467773 -4.645751953125 3.433351516723633 0.2
-8.212800025939941 -4.4880523681640625 3.4733505249023438 0.2
-8.278499603271484 -4.301151275634766 3.398151397705078 0.2
-8.278800010681152 -4.10675048828125 3.314149856567383 0.2
-8.160099983215332 -3.9323501586914062 3.317350387573242 0.2
-8.05109977722168 -3.8709487915039062 3.4838504791259766 0.2
-8.041699409484863 -3.9156494140625 3.6890506744384766 0.2
-8.136899948120117 -4.069950103759766 3.793550491333008 0.2
-8.188899993896484 -4.271949768066406 3.756450653076172 0.2
-8.174699783325195 -4.469249725341797 3.679950714111328 0.2
-8.0556001663208 -4.639850616455078 3.6423511505126953 0.2
-7.903900146484375 -4.722652435302734 3.7573509216308594 0.2
-7.849900245666504 -4.721752166748047 3.9609508514404297 0.2
-7.938499450683594 -4.622348785400391 4.119350433349609 0.2
-8.054399490356445 -4.444751739501953 4.114950180053711 0.2
-8.104700088500977 -4.258152008056641 4.027950286865234 0.2
-8.068300247192383 -4.063152313232422 3.955850601196289 0.2
-7.923799514770508 -3.9236488342285156 4.009050369262695 0.2
-7.830100059509277 -3.901752471923828 4.195751190185547 0.2
-7.847999572753906 -3.9808502197265625 4.386751174926758 0.2
-7.942699432373047 -4.160449981689453 4.445751190185547 0.2
-7.975399971008301 -4.361351013183594 4.387350082397461 0.2
-7.940699577331543 -4.556251525878906 4.312650680541992 0.2
-7.7888994216918945 -4.7019500732421875 4.310951232910156 0.2
-7.655200004577637 -4.751850128173828 4.463050842285156 0.2
-7.631500244140625 -4.719348907470703 4.667951583862305 0.2
-7.742099761962891 -4.583148956298828 4.781949996948242 0.2
-7.83329963684082 -4.397350311279297 4.739250183105469 0.2
-7.868399620056152 -4.208950042724609 4.648750305175781 0.2
-7.7826995849609375 -4.021949768066406 4.597051620483398 0.2
-7.630399703979492 -3.925048828125 4.698051452636719 0.2
-7.553799629211426 -3.935649871826172 4.894550323486328 0.2
-7.600600242614746 -4.050651550292969 5.0610504150390625 0.2
-7.68179988861084 -4.245449066162109 5.074251174926758 0.2
-7.704799652099609 -4.444549560546875 5.003950119018555 0.2
-7.636099815368652 -4.633251190185547 4.935050964355469 0.2
-7.467199325561523 -4.747650146484375 4.9779510498046875 0.2
-7.352299690246582 -4.767848968505859 5.1542510986328125 0.2
-7.360899925231934 -4.6983489990234375 5.35004997253418 0.2
-7.475600242614746 -4.5321502685546875 5.411149978637695 0.2
-7.550000190734863 -4.344951629638672 5.343050003051758 0.2
-7.559000015258789 -4.152549743652344 5.253850936889648 0.2
-7.429299354553223 -3.988250732421875 5.232250213623047 0.2
-7.282199859619141 -3.933551788330078 5.371551513671875 0.2
-7.224199295043945 -3.9738502502441406 5.570350646972656 0.2
-7.2957000732421875 -4.123451232910156 5.698650360107422 0.2
-7.3613996505737305 -4.324352264404297 5.676851272583008 0.2
-7.372799873352051 -4.523151397705078 5.601751327514648 0.2
-7.265899658203125 -4.696949005126953 5.546051025390625 0.2
-7.094699859619141 -4.776451110839844 5.6347503662109375 0.2
-6.99739933013916 -4.7698516845703125 5.822750091552734 0.2
-7.042900085449219 -4.6634521484375 5.995349884033203 0.2
-7.149999618530273 -4.480751037597656 6.010950088500977 0.2
-7.212900161743164 -4.29425048828125 5.929851531982422 0.2
-7.185500144958496 -4.10205078125 5.84575080871582 0.2
-7.026000022888184 -3.9697494506835938 5.866550445556641 0.2
-6.891759872436523 -3.9461517333984375 6.02815055847168 0.2
-6.868129730224609 -4.02294921875 6.232351303100586 0.2
-6.956709861755371 -4.212150573730469 6.310050964355469 0.2
-7.00629997253418 -4.423549652099609 6.251649856567383 0.2
-6.972749710083008 -4.629550933837891 6.170751571655273 0.2
-6.798830032348633 -4.763648986816406 6.179250717163086 0.2
-6.650469779968262 -4.788150787353516 6.34425163269043 0.2
-6.631979942321777 -4.714252471923828 6.549751281738281 0.2
-6.74070930480957 -4.533851623535156 6.622550964355469 0.2
-6.8196001052856445 -4.335849761962891 6.550149917602539 0.2
-6.817019462585449 -4.132350921630859 6.457151412963867 0.2
-6.6565399169921875 -3.9820518493652344 6.455051422119141 0.2
-6.504380226135254 -3.9518508911132812 6.615550994873047 0.2
