-19.325899124145508 8.10744857788086 2.25775146484375 0.2
-19.276199340820312 8.0406494140625 2.4554500579833984 0.2
-19.417299270629883 7.941551208496094 2.5799503326416016 0.2
-19.58690071105957 7.812549591064453 2.546649932861328 0.2
-19.65329933166504 7.666450500488281 2.4043502807617188 0.2
-19.549400329589844 7.5527496337890625 2.253551483154297 0.2
-19.36910057067871 7.449550628662109 2.196451187133789 0.2
-19.193099975585938 7.389049530029297 2.2963504791259766 0.2
-19.17289924621582 7.446849822998047 2.4939498901367188 0.2
-19.28190040588379 7.6114501953125 2.5846500396728516 0.2
-19.276500701904297 7.816150665283203 2.6348514556884766 0.2
-19.12299919128418 7.909549713134766 2.758150100708008 0.2
-19.020099639892578 7.9053497314453125 2.948650360107422 0.2
-19.09160041809082 7.775150299072266 3.1166515350341797 0.2
-19.20279884338379 7.597747802734375 3.0444507598876953 0.2
-19.215900421142578 7.504650115966797 2.8352508544921875 0.2
-19.08799934387207 7.404449462890625 2.677949905395508 0.2
-18.87299919128418 7.335849761962891 2.694551467895508 0.2
-18.700300216674805 7.309047698974609 2.8426513671875 0.2
-18.701000213623047 7.354148864746094 3.0605506896972656 0.2
-18.848800659179688 7.4707489013671875 3.1953506469726562 0.2
-18.946800231933594 7.669548034667969 3.22235107421875 0.2
-18.845399856567383 7.841548919677734 3.1228504180908203 0.2
-18.62339973449707 7.827949523925781 3.1197509765625 0.2
-18.499399185180664 7.705249786376953 3.264850616455078 0.2
-18.546899795532227 7.535148620605469 3.4054508209228516 0.2
-18.642099380493164 7.346549987792969 3.330251693725586 0.2
-18.598100662231445 7.217350006103516 3.145050048828125 0.2
-18.428199768066406 7.083648681640625 3.096750259399414 0.2
-18.26409912109375 6.980247497558594 3.2176513671875 0.2
-18.22920036315918 6.913349151611328 3.427450180053711 0.2
-18.394498825073242 6.947048187255859 3.564250946044922 0.2
-18.54800033569336 7.11614990234375 3.5474510192871094 0.2
-18.576398849487305 7.340950012207031 3.5516510009765625 0.2
-18.426599502563477 7.496650695800781 3.611949920654297 0.2
-18.28380012512207 7.4866485595703125 3.7893505096435547 0.2
-18.298799514770508 7.448650360107422 4.012050628662109 0.2
-18.482500076293945 7.359951019287109 4.102350234985352 0.2
-18.617300033569336 7.259147644042969 3.958250045776367 0.2
-18.594799041748047 7.1369476318359375 3.7727508544921875 0.2
-18.480998992919922 6.943550109863281 3.759950637817383 0.2
-18.392799377441406 6.8222503662109375 3.9289512634277344 0.2
-18.420700073242188 6.804950714111328 4.152050018310547 0.2
-18.492399215698242 6.970848083496094 4.283151626586914 0.2
-18.431900024414062 7.189250946044922 4.296550750732422 0.2
-18.28809928894043 7.343349456787109 4.21875 0.2
-18.116300582885742 7.310150146484375 4.075651168823242 0.2
-17.937299728393555 7.177349090576172 4.025850296020508 0.2
-17.836000442504883 7.018848419189453 4.140251159667969 0.2
-17.9153995513916 6.971347808837891 4.340950012207031 0.2
-18.109399795532227 7.045749664306641 4.42915153503418 0.2
-18.308300018310547 6.97235107421875 4.386850357055664 0.2
-18.298500061035156 6.758750915527344 4.308950424194336 0.2
-18.125099182128906 6.608448028564453 4.2969512939453125 0.2
-17.914400100708008 6.6582489013671875 4.257150650024414 0.2
-17.709199905395508 6.740650177001953 4.224950790405273 0.2
-17.5580997467041 6.618450164794922 4.330150604248047 0.2
-17.59670066833496 6.4754486083984375 4.504550933837891 0.2
-17.771099090576172 6.368049621582031 4.601951599121094 0.2
-17.958799362182617 6.3334503173828125 4.485151290893555 0.2
-18.039899826049805 6.287548065185547 4.276851654052734 0.2
-17.95170021057129 6.131950378417969 4.14055061340332 0.2
-17.792200088500977 5.969150543212891 4.160251617431641 0.2
-17.739900588989258 5.845050811767578 4.33595085144043 0.2
-17.797800064086914 5.925647735595703 4.53955078125 0.2
-17.774099349975586 6.115348815917969 4.66615104675293 0.2
-17.614999771118164 6.272148132324219 4.683250427246094 0.2
-17.416500091552734 6.228748321533203 4.596351623535156 0.2
-17.30929946899414 6.026248931884766 4.602251052856445 0.2
-17.217199325561523 5.8981475830078125 4.765651702880859 0.2
-17.293699264526367 5.926750183105469 4.970050811767578 0.2
-17.511798858642578 5.953948974609375 4.952951431274414 0.2
-17.636600494384766 5.923149108886719 4.763851165771484 0.2
-17.65329933166504 5.791248321533203 4.575250625610352 0.2
-17.573299407958984 5.596050262451172 4.48375129699707 0.2
-17.522300720214844 5.400150299072266 4.575950622558594 0.2
-17.583900451660156 5.3952484130859375 4.789649963378906 0.2
-17.575199127197266 5.563449859619141 4.946550369262695 0.2
-17.433500289916992 5.723049163818359 5.022050857543945 0.2
-17.210599899291992 5.720149993896484 4.969551086425781 0.2
-17.047399520874023 5.561649322509766 4.942251205444336 0.2
-16.97920036315918 5.3764495849609375 5.0545501708984375 0.2
-17.122299194335938 5.291248321533203 5.200651168823242 0.2
-17.339599609375 5.338348388671875 5.158851623535156 0.2
-17.4783992767334 5.342350006103516 4.980251312255859 0.2
-17.485700607299805 5.1889495849609375 4.80565071105957 0.2
-17.38909912109375 4.995449066162109 4.728151321411133 0.2
-17.242000579833984 4.872348785400391 4.845451354980469 0.2
-17.134300231933594 4.920249938964844 5.042449951171875 0.2
-16.999099731445312 5.082050323486328 5.122751235961914 0.2
-16.90239906311035 5.205448150634766 4.966350555419922 0.2
-16.900699615478516 5.103450775146484 4.761951446533203 0.2
-16.934099197387695 4.894550323486328 4.687749862670898 0.2
-17.091299057006836 4.745449066162109 4.6896514892578125 0.2
-17.287799835205078 4.7709503173828125 4.603351593017578 0.2
-17.401899337768555 4.794948577880859 4.42234992980957 0.2
-17.413799285888672 4.64794921875 4.269250869750977 0.2
-17.391199111938477 4.433948516845703 4.292051315307617 0.2
-17.391698837280273 4.248847961425781 4.409351348876953 0.2
-17.39699935913086 4.160850524902344 4.605350494384766 0.2
-17.369600296020508 4.285247802734375 4.776151657104492 0.2
-17.25040054321289 4.465950012207031 4.806850433349609 0.2
-17.06719970703125 4.562549591064453 4.743650436401367 0.2
-16.91629981994629 4.462749481201172 4.627750396728516 0.2
-16.855199813842773 4.252048492431641 4.602251052856445 0.2
-16.811599731445312 4.091148376464844 4.737850189208984 0.2
-16.894899368286133 4.1145477294921875 4.931951522827148 0.2
-17.066200256347656 4.237648010253906 4.989250183105469 0.2
-17.276199340820312 4.2449493408203125 4.953451156616211 0.2
-17.40180015563965 4.074550628662109 4.898151397705078 0.2
-17.39929962158203 3.856548309326172 4.89215087890625 0.2
-17.224899291992188 3.7321510314941406 4.915550231933594 0.2
-17.01759910583496 3.7927474975585938 4.895750045776367 0.2
-16.887699127197266 3.9064483642578125 4.7662506103515625 0.2
-16.906700134277344 3.902149200439453 4.550849914550781 0.2
-16.973800659179688 3.738048553466797 4.42085075378418 0.2
-17.017200469970703 3.527050018310547 4.437950134277344 0.2
-17.08679962158203 3.452850341796875 4.629051208496094 0.2
-17.215599060058594 3.5492477416992188 4.775850296020508 0.2
-17.411800384521484 3.6468505859375 4.777351379394531 0.2
-17.569299697875977 3.552349090576172 4.676851272583008 0.2
-17.572999954223633 3.3369483947753906 4.689250946044922 0.2
-17.44369888305664 3.1747474670410156 4.756551742553711 0.2
-17.22949981689453 3.158649444580078 4.72545051574707 0.2
-17.088499069213867 3.2569503784179688 4.588750839233398 0.2
-17.062599182128906 3.2748489379882812 4.3735504150390625 0.2
-17.09510040283203 3.10784912109375 4.2391510009765625 0.2
-17.097999572753906 2.889049530029297 4.252651214599609 0.2
-17.079599380493164 2.776050567626953 4.424751281738281 0.2
-17.129199981689453 2.8457489013671875 4.61345100402832 0.2
-17.267499923706055 2.9530487060546875 4.7279510498046875 0.2
-17.468900680541992 2.9271507263183594 4.772651672363281 0.2
-17.59709930419922 2.7626495361328125 4.780750274658203 0.2
-17.583799362182617 2.557849884033203 4.78955078125 0.2
-17.40329933166504 2.4619483947753906 4.760650634765625 0.2
-17.234600067138672 2.523548126220703 4.653251647949219 0.2
-17.14189910888672 2.60205078125 4.482250213623047 0.2
-17.151399612426758 2.554248809814453 4.2792510986328125 0.2
-17.19890022277832 2.3735504150390625 4.186250686645508 0.2
-17.231399536132812 2.1739501953125 4.232749938964844 0.2
-17.252199172973633 2.09954833984375 4.425451278686523 0.2
-17.32939910888672 2.181549072265625 4.603351593017578 0.2
-17.472000122070312 2.289447784423828 4.715950012207031 0.2
-17.68090057373047 2.292449951171875 4.73845100402832 0.2
-17.827600479125977 2.142749786376953 4.726350784301758 0.2
-17.840999603271484 1.935150146484375 4.720951080322266 0.2
-17.672300338745117 1.8151512145996094 4.6972503662109375 0.2
-17.488100051879883 1.8511505126953125 4.599750518798828 0.2
-17.357099533081055 1.9244499206542969 4.449451446533203 0.2
-17.34160041809082 1.9176483154296875 4.238250732421875 0.2
-17.406200408935547 1.7665481567382812 4.107551574707031 0.2
-17.465999603271484 1.5644493103027344 4.111949920654297 0.2
-17.501998901367188 1.4512481689453125 4.2839508056640625 0.2
-17.577098846435547 1.5076484680175781 4.474550247192383 0.2
-17.694599151611328 1.6169509887695312 4.6159515380859375 0.2
-17.89459991455078 1.6749496459960938 4.663249969482422 0.2
-18.074899673461914 1.5692481994628906 4.635650634765625 0.2
-18.14419937133789 1.3695487976074219 4.609251022338867 0.2
-18.02560043334961 1.1987495422363281 4.583950042724609 0.2
-17.831199645996094 1.1908493041992188 4.4967498779296875 0.2
-17.66939926147461 1.2550506591796875 4.370349884033203 0.2
-17.593399047851562 1.3016510009765625 4.175050735473633 0.2
-17.65530014038086 1.2212486267089844 3.989351272583008 0.2
-17.74519920349121 1.0367507934570312 3.925251007080078 0.2
-17.803600311279297 0.863250732421875 4.030550003051758 0.2
-17.868799209594727 0.8572502136230469 4.234550476074219 0.2
-17.96430015563965 0.9466476440429688 4.407051086425781 0.2
-18.12150001525879 1.0425491333007812 4.520450592041016 0.2
-18.33449935913086 1.0273475646972656 4.508550643920898 0.2
-18.470300674438477 0.8651504516601562 4.460451126098633 0.2
-18.448400497436523 0.6573486328125 4.419450759887695 0.2
-18.26449966430664 0.5780487060546875 4.342851638793945 0.2
-18.086000442504883 0.6195487976074219 4.224851608276367 0.2
-17.94369888305664 0.6823501586914062 4.0722503662109375 0.2
-17.946300506591797 0.7016487121582031 3.8575515747070312 0.2
-18.055599212646484 0.5756492614746094 3.718151092529297 0.2
-18.152299880981445 0.382049560546875 3.7138500213623047 0.2
-18.215200424194336 0.2750511169433594 3.8895511627197266 0.2
-18.2987003326416 0.32035064697265625 4.086750030517578 0.2
-18.402999877929688 0.4039497375488281 4.26045036315918 0.2
-18.58880043029785 0.4862480163574219 4.338251113891602 0.2
-18.79159927368164 0.4245491027832031 4.288351058959961 0.2
-18.89859962463379 0.24554824829101562 4.220951080322266 0.2
-18.805200576782227 0.06565093994140625 4.149150848388672 0.2
-18.617198944091797 0.0462493896484375 4.038051605224609 0.2
-18.44179916381836 0.08974838256835938 3.9137516021728516 0.2
-18.320199966430664 0.1553497314453125 3.743450164794922 0.2
-18.379499435424805 0.16464996337890625 3.5345516204833984 0.2
-18.515399932861328 0.036647796630859375 3.416950225830078 0.2
-18.619800567626953 -0.1495513916015625 3.4554500579833984 0.2
-18.697500228881836 -0.21274948120117188 3.6499500274658203 0.2
-18.782499313354492 -0.166351318359375 3.843851089477539 0.2
-18.881898880004883 -0.09925079345703125 4.014951705932617 0.2
-19.061100006103516 -0.016551971435546875 4.084650039672852 0.2
-19.25779914855957 -0.05464935302734375 4.025051116943359 0.2
-19.377300262451172 -0.20615005493164062 3.941751480102539 0.2
-19.313400268554688 -0.3807525634765625 3.849750518798828 0.2
-19.14069938659668 -0.41175079345703125 3.734750747680664 0.2
-18.970600128173828 -0.380950927734375 3.615449905395508 0.2
-18.820098876953125 -0.328948974609375 3.475950241088867 0.2
-18.808300018310547 -0.2575492858886719 3.278850555419922 0.2
-18.94219970703125 -0.305450439453125 3.122051239013672 0.2
-19.081600189208984 -0.4531517028808594 3.062650680541992 0.2
-19.177900314331055 -0.5933494567871094 3.184650421142578 0.2
-19.259899139404297 -0.5974502563476562 3.3801498413085938 0.2
-19.338199615478516 -0.5623512268066406 3.5616512298583984 0.2
-19.439599990844727 -0.5016517639160156 3.724750518798828 0.2
-19.616498947143555 -0.4172515869140625 3.771951675415039 0.2
-19.80259895324707 -0.4430503845214844 3.697650909423828 0.2
-19.920700073242188 -0.5728492736816406 3.5975513458251953 0.2
-19.861099243164062 -0.7276496887207031 3.4845504760742188 0.2
-19.700300216674805 -0.755950927734375 3.3659515380859375 0.2
-19.53660011291504 -0.7370491027832031 3.250051498413086 0.2
-19.380699157714844 -0.7018508911132812 3.124950408935547 0.2
-19.31760025024414 -0.6152496337890625 2.9527511596679688 0.2
-19.429800033569336 -0.5915489196777344 2.78485107421875 0.2
-19.584199905395508 -0.6778488159179688 2.682849884033203 0.2
-19.71299934387207 -0.8277511596679688 2.725851058959961 0.2
-19.80259895324707 -0.8800506591796875 2.9006500244140625 0.2
-19.877500534057617 -0.8671493530273438 3.077850341796875 0.2
-19.954599380493164 -0.8403511047363281 3.2527503967285156 0.2
-20.064899444580078 -0.766448974609375 3.395151138305664 0.2
-20.237998962402344 -0.6774520874023438 3.3978500366210938 0.2
-20.407400131225586 -0.6947517395019531 3.302051544189453 0.2
-20.50659942626953 -0.8096504211425781 3.179349899291992 0.2
-20.427799224853516 -0.9305496215820312 3.0492515563964844 0.2
-20.273300170898438 -0.9521522521972656 2.9320507049560547 0.2
-20.115999221801758 -0.9474525451660156 2.8193511962890625 0.2
-19.964500427246094 -0.925750732421875 2.7000503540039062 0.2
-19.886600494384766 -0.8353500366210938 2.544950485229492 0.2
-19.98040008544922 -0.7674522399902344 2.386850357055664 0.2
-20.136999130249023 -0.8035507202148438 2.2737503051757812 0.2
-20.290800094604492 -0.9253501892089844 2.277151107788086 0.2
-20.39349937438965 -0.9906501770019531 2.430450439453125 0.2
-20.47089958190918 -0.991851806640625 2.6093502044677734 0.2
-20.546899795532227 -0.9809494018554688 2.7880516052246094 0.2
-20.63759994506836 -0.9318504333496094 2.954050064086914 0.2
-20.781700134277344 -0.8091506958007812 3.0063514709472656 0.2
-20.949800491333008 -0.7574501037597656 2.9178504943847656 0.2
-21.08209991455078 -0.8117523193359375 2.7822513580322266 0.2
-21.0531005859375 -0.930450439453125 2.628551483154297 0.2
-20.90839958190918 -0.9704513549804688 2.5027503967285156 0.2
-20.75189971923828 -0.9811515808105469 2.386751174926758 0.2
-20.595800399780273 -0.9796524047851562 2.268251419067383 0.2
-20.475099563598633 -0.9063491821289062 2.130451202392578 0.2
-20.523300170898438 -0.7827491760253906 1.982950210571289 0.2
-20.676198959350586 -0.7474517822265625 1.8610515594482422 0.2
-20.856399536132812 -0.8217506408691406 1.8233509063720703 0.2
-20.983600616455078 -0.8971519470214844 1.9551506042480469 0.2
-21.066699981689453 -0.9130516052246094 2.132251739501953 0.2
-21.145999908447266 -0.9170494079589844 2.3115501403808594 0.2
-21.230899810791016 -0.8897514343261719 2.488851547241211 0.2
-21.348600387573242 -0.7580490112304688 2.5792503356933594 0.2
-21.502599716186523 -0.65625 2.5031509399414062 0.2
-21.6476993560791 -0.6510505676269531 2.365550994873047 0.2
-21.65679931640625 -0.7489509582519531 2.1925506591796875 0.2
-21.521900177001953 -0.7982521057128906 2.0540504455566406 0.2
-21.368999481201172 -0.8171501159667969 1.9314498901367188 0.2
-21.215299606323242 -0.8253517150878906 1.8086509704589844 0.2
-21.077299118041992 -0.7659492492675781 1.67755126953125 0.2
-21.087799072265625 -0.6174507141113281 1.54425048828125 0.2
-21.22170066833496 -0.5322494506835938 1.4223499298095703 0.2
-21.398300170898438 -0.5246505737304688 1.3258514404296875 0.2
-21.55889892578125 -0.6018524169921875 1.377349853515625 0.2
-21.658599853515625 -0.6382522583007812 1.5274505615234375 0.2
-21.742799758911133 -0.6549491882324219 1.6873512268066406 0.2
-21.825899124145508 -0.663848876953125 1.8483505249023438 0.2
-21.91200065612793 -0.6290512084960938 2.0075511932373047 0.2
-22.015499114990234 -0.4897499084472656 2.0733509063720703 0.2
-22.143699645996094 -0.38014984130859375 1.9975509643554688 0.2
-22.274900436401367 -0.32135009765625 1.8825511932373047 0.2
-22.351900100708008 -0.36064910888671875 1.7173500061035156 0.2
-22.267398834228516 -0.4248504638671875 1.5650501251220703 0.2
-22.13089942932129 -0.449249267578125 1.4466514587402344 0.2
-21.990299224853516 -0.4653511047363281 1.3317508697509766 0.2
-21.84749984741211 -0.4689521789550781 1.2166500091552734 0.2
-21.725299835205078 -0.38825225830078125 1.1024513244628906 0.2
-21.750699996948242 -0.23744964599609375 0.9951515197753906 0.2
-21.86680030822754 -0.13845062255859375 0.8904514312744141 0.2
-22.011098861694336 -0.089752197265625 0.7954502105712891 0.2
-22.184499740600586 -0.13864898681640625 0.7984504699707031 0.2
-22.30139923095703 -0.18265151977539062 0.9243507385253906 0.2
-22.393400192260742 -0.20615005493164062 1.0717506408691406 0.2
-22.48259925842285 -0.22465133666992188 1.2212505340576172 0.2
-22.569900512695312 -0.22714996337890625 1.3735504150390625 0.2
-22.652599334716797 -0.139251708984375 1.505350112915039 0.2
-22.747699737548828 0.012847900390625 1.4985504150390625 0.2
-22.8572998046875 0.11824798583984375 1.4089508056640625 0.2
-22.9685001373291 0.18404769897460938 1.2859516143798828 0.2
-22.999500274658203 0.1459503173828125 1.1127510070800781 0.2
-22.895099639892578 0.0975494384765625 0.9764499664306641 0.2
-22.761199951171875 0.07075119018554688 0.8669509887695312 0.2
-22.623699188232422 0.049648284912109375 0.7603511810302734 0.2
-22.482398986816406 0.04074859619140625 0.6552505493164062 0.2
-22.34939956665039 0.11304855346679688 0.5597515106201172 0.2
-22.35059928894043 0.27764892578125 0.4716510772705078 0.2
-22.46739959716797 0.40834808349609375 0.36875152587890625 0.2
-22.656599044799805 0.43614959716796875 0.30245018005371094 0.2
-22.824899673461914 0.38385009765625 0.4008502960205078 0.2
-22.939800262451172 0.35015106201171875 0.5595512390136719 0.2
-23.04800033569336 0.32254791259765625 0.7238502502441406 0.2
-23.150100708007812 0.3171501159667969 0.8968505859375 0.2
-23.22679901123047 0.4425506591796875 1.033651351928711 0.2
-23.31060028076172 0.6214485168457031 0.9914512634277344 0.2
-23.4064998626709 0.760650634765625 0.8849506378173828 0.2
-23.492198944091797 0.8215484619140625 0.7132511138916016 0.2
-23.434499740600586 0.7720489501953125 0.5278511047363281 0.2
-23.29010009765625 0.7287483215332031 0.39875030517578125 0.2
-23.136600494384766 0.6925506591796875 0.27845001220703125 0.2
-22.9739990234375 0.6729507446289062 0.162750244140625 0.2
-22.822399139404297 0.7718505859375 0.074951171875 0.2
-22.83329963684082 0.957550048828125 -0.0039501190185546875 0.2
-22.941999435424805 1.0992507934570312 -0.09684944152832031 0.2
-23.1382999420166 1.1259498596191406 -0.12884902954101562 0.2
-23.293399810791016 1.0851478576660156 -0.008449554443359375 0.2
-23.409000396728516 1.0512504577636719 0.14815139770507812 0.2
-23.519100189208984 1.0221481323242188 0.30935096740722656 0.2
-23.611000061035156 1.0390510559082031 0.48635101318359375 0.2
-23.65530014038086 1.2043495178222656 0.5884513854980469 0.2
-23.71380043029785 1.3852500915527344 0.5264511108398438 0.2
-23.78929901123047 1.5176506042480469 0.3970508575439453 0.2
-23.802000045776367 1.5165481567382812 0.19825172424316406 0.2
-23.68389892578125 1.4585494995117188 0.04855155944824219 0.2
-23.537899017333984 1.4067497253417969 -0.07284927368164062 0.2
-23.385398864746094 1.3623504638671875 -0.18904876708984375 0.2
-23.203899383544922 1.3969497680664062 -0.2839488983154297 0.2
-23.13559913635254 1.5821495056152344 -0.3471488952636719 0.2
-23.215099334716797 1.7553482055664062 -0.431549072265625 0.2
-23.404800415039062 1.8234481811523438 -0.4790496826171875 0.2
-23.57670021057129 1.7903480529785156 -0.36874961853027344 0.2
-23.69770050048828 1.7529487609863281 -0.2066497802734375 0.2
-23.81220054626465 1.7189483642578125 -0.03904914855957031 0.2
-23.893699645996094 1.7510490417480469 0.14805030822753906 0.2
-23.91659927368164 1.9390487670898438 0.2297515869140625 0.2
-23.963499069213867 2.125049591064453 0.15105056762695312 0.2
-24.0177001953125 2.208648681640625 -0.028348922729492188 0.2
-23.951799392700195 2.159149169921875 -0.21654891967773438 0.2
-23.811199188232422 2.0940475463867188 -0.34924888610839844 0.2
-23.660600662231445 2.032848358154297 -0.4720497131347656 0.2
-23.480199813842773 2.0277481079101562 -0.5703487396240234 0.2
-23.358600616455078 2.1837501525878906 -0.6211490631103516 0.2
-23.39739990234375 2.3747482299804688 -0.6869487762451172 0.2
-23.55739974975586 2.488250732421875 -0.7443485260009766 0.2
-23.746200561523438 2.4725494384765625 -0.668548583984375 0.2
-23.873600006103516 2.4305496215820312 -0.5151500701904297 0.2
-23.987899780273438 2.3905487060546875 -0.3522491455078125 0.2
-24.067899703979492 2.4030494689941406 -0.16554832458496094 0.2
-24.074800491333008 2.568248748779297 -0.04874992370605469 0.2
-24.097400665283203 2.7642478942871094 -0.09944915771484375 0.2
-24.142398834228516 2.8785476684570312 -0.2595500946044922 0.2
-24.1028995513916 2.847747802734375 -0.45574951171875 0.2
-23.976099014282227 2.7779502868652344 -0.5958499908447266 0.2
-23.83329963684082 2.709850311279297 -0.7198486328125 0.2
-23.644899368286133 2.6923484802246094 -0.8157501220703125 0.2
-23.501699447631836 2.8423500061035156 -0.8494491577148438 0.2
-23.5221004486084 3.048248291015625 -0.89794921875 0.2
-23.684200286865234 3.1760482788085938 -0.9377498626708984 0.2
-23.87579917907715 3.1608505249023438 -0.8514499664306641 0.2
-24.01099967956543 3.1088485717773438 -0.6984500885009766 0.2
-24.128299713134766 3.063751220703125 -0.5287494659423828 0.2
-24.168498992919922 3.1114501953125 -0.32924842834472656 0.2
-24.14349937438965 3.306049346923828 -0.2579498291015625 0.2
-24.148500442504883 3.499347686767578 -0.3406486511230469 0.2
-24.156700134277344 3.568347930908203 -0.5367488861083984 0.2
-24.06909942626953 3.5102500915527344 -0.7180500030517578 0.2
-23.938199996948242 3.4313507080078125 -0.8590488433837891 0.2
-23.763999938964844 3.373249053955078 -0.9740486145019531 0.2
-23.5669002532959 3.461048126220703 -0.9962501525878906 0.2
-23.517499923706055 3.6741485595703125 -1.0067501068115234 0.2
-23.631399154663086 3.8563499450683594 -1.0321483612060547 0.2
-23.84000015258789 3.879749298095703 -0.9718494415283203 0.2
-23.994699478149414 3.8202476501464844 -0.8299484252929688 0.2
-24.1210994720459 3.7637481689453125 -0.6615486145019531 0.2
-24.13749885559082 3.8028488159179688 -0.4496498107910156 0.2
-24.077199935913086 3.992748260498047 -0.3699493408203125 0.2
-24.052099227905273 4.192050933837891 -0.4508495330810547 0.2
-24.038999557495117 4.260250091552734 -0.6554489135742188 0.2
-23.944499969482422 4.196647644042969 -0.8403491973876953 0.2
-23.811100006103516 4.1123504638671875 -0.9892482757568359 0.2
-23.610198974609375 4.0787506103515625 -1.0615501403808594 0.2
-23.444299697875977 4.211750030517578 -1.044149398803711 0.2
-23.42409896850586 4.427547454833984 -1.0366497039794922 0.2
-23.57309913635254 4.580650329589844 -1.0263500213623047 0.2
-23.7677001953125 4.568748474121094 -0.9340496063232422 0.2
-23.919599533081055 4.497348785400391 -0.7976493835449219 0.2
-24.007999420166016 4.446750640869141 -0.6079483032226562 0.2
-23.950899124145508 4.524448394775391 -0.41974830627441406 0.2
-23.865999221801758 4.719749450683594 -0.3901500701904297 0.2
-23.827499389648438 4.896648406982422 -0.5033493041992188 0.2
-23.79129981994629 4.923748016357422 -0.7131500244140625 0.2
-23.696399688720703 4.850151062011719 -0.8919486999511719 0.2
-23.545900344848633 4.769050598144531 -1.0220489501953125 0.2
-23.33489990234375 4.7821502685546875 -1.0316486358642578 0.2
-23.214399337768555 4.953948974609375 -0.9913482666015625 0.2
-23.2367000579834 5.163349151611328 -0.9589500427246094 0.2
-23.419599533081055 5.259449005126953 -0.90625 0.2
-23.59950065612793 5.210548400878906 -0.8003482818603516 0.2
-23.736299514770508 5.130748748779297 -0.65625 0.2
-23.74049949645996 5.097450256347656 -0.4481487274169922 0.2
-23.62649917602539 5.219947814941406 -0.3226490020751953 0.2
-23.529199600219727 5.409149169921875 -0.3385486602783203 0.2
-23.492799758911133 5.545448303222656 -0.49614906311035156 0.2
-23.442298889160156 5.533451080322266 -0.7026500701904297 0.2
-23.342199325561523 5.4537506103515625 -0.8730487823486328 0.2
-23.15489959716797 5.389747619628906 -0.9456501007080078 0.2
-22.969799041748047 5.4772491455078125 -0.9055500030517578 0.2
-22.895999908447266 5.667449951171875 -0.8467483520507812 0.2
-22.99139976501465 5.843151092529297 -0.7852497100830078 0.2
-23.18470001220703 5.864048004150391 -0.7007484436035156 0.2
-23.348899841308594 5.784648895263672 -0.5917491912841797 0.2
-23.420799255371094 5.697547912597656 -0.4156494140625 0.2
-23.32699966430664 5.717449188232422 -0.2339496612548828 0.2
-23.194799423217773 5.8719482421875 -0.18124961853027344 0.2
-23.114900588989258 6.050750732421875 -0.2530498504638672 0.2
-23.085599899291992 6.13134765625 -0.4461498260498047 0.2
-23.025999069213867 6.084247589111328 -0.64324951171875 0.2
-22.886499404907227 6.000049591064453 -0.7749500274658203 0.2
-22.68079948425293 6.0043487548828125 -0.7685489654541016 0.2
-22.548200607299805 6.152347564697266 -0.7013492584228516 0.2
-22.54949951171875 6.342449188232422 -0.6201496124267578 0.2
-22.714099884033203 6.438549041748047 -0.5325489044189453 0.2
-22.896499633789062 6.383049011230469 -0.44425010681152344 0.2
-23.012100219726562 6.277149200439453 -0.30754852294921875 0.2
-22.960399627685547 6.216148376464844 -0.11804962158203125 0.2
-22.809499740600586 6.308650970458984 -0.013349533081054688 0.2
-22.689899444580078 6.479450225830078 -0.017549514770507812 0.2
-22.646299362182617 6.626850128173828 -0.15834999084472656 0.2
-22.622600555419922 6.634849548339844 -0.3657493591308594 0.2
-22.526500701904297 6.5632476806640625 -0.5350494384765625 0.2
-22.324499130249023 6.526248931884766 -0.5575485229492188 0.2
-22.163700103759766 6.643348693847656 -0.46665000915527344 0.2
-22.139299392700195 6.821048736572266 -0.3457489013671875 0.2
-22.29290008544922 6.913749694824219 -0.22084999084472656 0.2
-22.47760009765625 6.845249176025391 -0.12335014343261719 0.2
-22.562599182128906 6.699550628662109 0.01255035400390625 0.2
-22.45240020751953 6.610847473144531 0.1721515655517578 0.2
-22.27280044555664 6.683250427246094 0.27335166931152344 0.2
-22.165599822998047 6.8681488037109375 0.2920513153076172 0.2
-22.17409896850586 7.026348114013672 0.14275169372558594 0.2
-22.170799255371094 7.043048858642578 -0.07555007934570312 0.2
-22.03569984436035 6.988548278808594 -0.23514938354492188 0.2
-21.82390022277832 7.006248474121094 -0.20854949951171875 0.2
-21.696199417114258 7.140850067138672 -0.09254837036132812 0.2
-21.737998962402344 7.293949127197266 0.051250457763671875 0.2
-21.92490005493164 7.309749603271484 0.16335105895996094 0.2
-22.07939910888672 7.1842498779296875 0.2532501220703125 0.2
-22.070999145507812 7.043849945068359 0.4156513214111328 0.2
-21.9247989654541 7.090450286865234 0.5609512329101562 0.2
-21.816598892211914 7.276248931884766 0.6064510345458984 0.2
-21.761600494384766 7.462749481201172 0.5111503601074219 0.2
-21.761699676513672 7.511249542236328 0.3009510040283203 0.2
-21.664899826049805 7.449848175048828 0.11925125122070312 0.2
-21.45709991455078 7.411350250244141 0.12905120849609375 0.2
-21.32469940185547 7.5050506591796875 0.2723503112792969 0.2
-21.3346004486084 7.610248565673828 0.4618511199951172 0.2
-21.474699020385742 7.5865478515625 0.6230506896972656 0.2
-21.623600006103516 7.448047637939453 0.7000503540039062 0.2
-21.645898818969727 7.23394775390625 0.7079505920410156 0.2
-21.534000396728516 7.048648834228516 0.6808509826660156 0.2
-21.334999084472656 6.979248046875 0.7042503356933594 0.2
-21.19339942932129 7.118949890136719 0.7704505920410156 0.2
-21.219600677490234 7.332950592041016 0.7683506011962891 0.2
-21.242198944091797 7.50885009765625 0.6490516662597656 0.2
-21.113100051879883 7.574848175048828 0.4873504638671875 0.2
-20.912399291992188 7.568050384521484 0.403350830078125 0.2
-20.718000411987305 7.5274505615234375 0.48165130615234375 0.2
-20.7096004486084 7.432750701904297 0.6658515930175781 0.2
-20.87769889831543 7.3121490478515625 0.7203502655029297 0.2
-21.027599334716797 7.165149688720703 0.6634502410888672 0.2
-21.024599075317383 6.96044921875 0.6047515869140625 0.2
-20.84980010986328 6.853050231933594 0.6447505950927734 0.2
-20.66950035095215 6.9111480712890625 0.7475509643554688 0.2
-20.539499282836914 7.067050933837891 0.8189506530761719 0.2
-20.50790023803711 7.271549224853516 0.7595500946044922 0.2
-20.4512996673584 7.452350616455078 0.6589508056640625 0.2
-20.28030014038086 7.565448760986328 0.7125511169433594 0.2
-20.183399200439453 7.6340484619140625 0.8926506042480469 0.2
-20.239900588989258 7.7113494873046875 1.0845508575439453 0.2
-20.45349884033203 7.694950103759766 1.1511516571044922 0.2
-20.57029914855957 7.526050567626953 1.0668506622314453 0.2
-20.525800704956055 7.317951202392578 0.9849510192871094 0.2
-20.396699905395508 7.145648956298828 1.0521507263183594 0.2
-20.24329948425293 7.112949371337891 1.2181510925292969 0.2
-20.1564998626709 7.200248718261719 1.408151626586914 0.2
-20.232200622558594 7.378150939941406 1.5217514038085938 0.2
-20.40839958190918 7.523948669433594 1.502950668334961 0.2
-20.471099853515625 7.699748992919922 1.3830509185791016 0.2
-20.2997989654541 7.808048248291016 1.2939510345458984 0.2
-20.0841007232666 7.764949798583984 1.353851318359375 0.2
-19.957599639892578 7.629947662353516 1.4842510223388672 0.2
-19.96179962158203 7.402248382568359 1.5146503448486328 0.2
-19.87820053100586 7.212848663330078 1.593851089477539 0.2
-19.7273006439209 7.1889495849609375 1.7635517120361328 0.2
-19.671600341796875 7.282550811767578 1.9612503051757812 0.2
-19.803800582885742 7.432350158691406 2.0550498962402344 0.2
-19.930200576782227 7.553749084472656 1.915151596069336 0.2
-19.907499313354492 7.672748565673828 1.7202510833740234 0.2
-19.744699478149414 7.764350891113281 1.5958499908447266 0.2
-19.540300369262695 7.752651214599609 1.6825504302978516 0.2
-19.442298889160156 7.767848968505859 1.890451431274414 0.2
-19.392398834228516 7.9566497802734375 2.014850616455078 0.2
-19.53459930419922 8.133750915527344 1.9536514282226562 0.2
-19.75860023498535 8.069648742675781 1.9073505401611328 0.2
-19.885499954223633 7.862751007080078 1.9141502380371094 0.2
-19.897899627685547 7.687049865722656 2.073251724243164 0.2
-19.855100631713867 7.684848785400391 2.3135509490966797 0.2
-19.814599990844727 7.847648620605469 2.4833507537841797 0.2
-19.803199768066406 8.073348999023438 2.4144515991210938 0.2
-19.74209976196289 8.199848175048828 2.2174510955810547 0.2
-19.52549934387207 8.183147430419922 2.1346511840820312 0.2
-19.325899124145508 8.10744857788086 2.25775146484375 0.2
