-6.647839546203613 -1.7225494384765625 6.475851058959961 0.2
-6.591639518737793 -1.7727508544921875 6.661350250244141 0.2
-6.656179428100586 -1.9217491149902344 6.779651641845703 0.2
-6.720990180969238 -2.112751007080078 6.762050628662109 0.2
-6.743450164794922 -2.3035507202148438 6.697750091552734 0.2
-6.648670196533203 -2.473651885986328 6.642950057983398 0.2
-6.478300094604492 -2.5529518127441406 6.708950042724609 0.2
-6.360159873962402 -2.549549102783203 6.873451232910156 0.2
-6.355730056762695 -2.459949493408203 7.051252365112305 0.2
-6.4495697021484375 -2.2887496948242188 7.10154914855957 0.2
-6.521649360656738 -2.1110496520996094 7.033451080322266 0.2
-6.538969993591309 -1.93115234375 6.940851211547852 0.2
-6.419149398803711 -1.7778511047363281 6.890251159667969 0.2
-6.254149436950684 -1.7179489135742188 6.986850738525391 0.2
-6.15071964263916 -1.7362518310546875 7.168649673461914 0.2
-6.184189796447754 -1.8577499389648438 7.336450576782227 0.2
-6.265589714050293 -2.0540504455566406 7.354951858520508 0.2
-6.307929992675781 -2.255451202392578 7.294950485229492 0.2
-6.240059852600098 -2.4459495544433594 7.230852127075195 0.2
-6.061649322509766 -2.54315185546875 7.281949996948242 0.2
-5.927309989929199 -2.5435523986816406 7.44795036315918 0.2
-5.914669990539551 -2.4484519958496094 7.633951187133789 0.2
-6.008279800415039 -2.2646522521972656 7.684049606323242 0.2
-6.079939842224121 -2.078449249267578 7.606550216674805 0.2
-6.082419395446777 -1.8899497985839844 7.507349014282227 0.2
-5.932429313659668 -1.7464523315429688 7.47545051574707 0.2
-5.766539573669434 -1.7047500610351562 7.600652694702148 0.2
-5.686709403991699 -1.7410507202148438 7.793451309204102 0.2
-5.745739936828613 -1.8849525451660156 7.935552597045898 0.2
-5.822010040283203 -2.0840492248535156 7.92664909362793 0.2
-5.855319976806641 -2.2858505249023438 7.86414909362793 0.2
-5.754280090332031 -2.46514892578125 7.812749862670898 0.2
-5.573780059814453 -2.5373497009277344 7.892450332641602 0.2
-5.451169967651367 -2.5190505981445312 8.066450119018555 0.2
-5.460760116577148 -2.3988494873046875 8.237649917602539 0.2
-5.551329612731934 -2.2076492309570312 8.251649856567383 0.2
-5.616990089416504 -2.0221519470214844 8.165750503540039 0.2
-5.592419624328613 -1.8358497619628906 8.065252304077148 0.2
-5.4224395751953125 -1.7131500244140625 8.056051254272461 0.2
-5.259039878845215 -1.68695068359375 8.196950912475586 0.2
-5.195889472961426 -1.7475509643554688 8.40205192565918 0.2
-5.272719383239746 -1.9263496398925781 8.50975227355957 0.2
-5.348219871520996 -2.1373519897460938 8.475149154663086 0.2
-5.347999572753906 -2.3512496948242188 8.404851913452148 0.2
-5.181679725646973 -2.4961509704589844 8.389749526977539 0.2
-4.998859405517578 -2.5128517150878906 8.520452499389648 0.2
-4.900269985198975 -2.4117507934570312 8.696352005004883 0.2
-4.9519195556640625 -2.207050323486328 8.763051986694336 0.2
-5.052889823913574 -2.0099525451660156 8.711751937866211 0.2
-5.070439338684082 -1.813751220703125 8.605451583862305 0.2
-4.899989604949951 -1.703948974609375 8.517049789428711 0.2
-4.688809871673584 -1.7557525634765625 8.481149673461914 0.2
-4.622959613800049 -1.9370498657226562 8.394052505493164 0.2
-4.695779800415039 -2.1359519958496094 8.359651565551758 0.2
-4.7798895835876465 -2.331451416015625 8.383150100708008 0.2
-4.767339706420898 -2.479450225830078 8.533750534057617 0.2
-4.628469944000244 -2.5114517211914062 8.69434928894043 0.2
-4.432699680328369 -2.4628524780273438 8.760549545288086 0.2
-4.306609630584717 -2.3151512145996094 8.677450180053711 0.2
-4.342159748077393 -2.125751495361328 8.583150863647461 0.2
-4.4255499839782715 -1.9345512390136719 8.531251907348633 0.2
-4.483969688415527 -1.7489509582519531 8.617650985717773 0.2
-4.3960795402526855 -1.6582489013671875 8.786748886108398 0.2
-4.211089611053467 -1.6571502685546875 8.896051406860352 0.2
-4.028669834136963 -1.7618522644042969 8.882852554321289 0.2
-4.0029296875 -1.9602508544921875 8.808549880981445 0.2
-4.075989723205566 -2.16094970703125 8.775751113891602 0.2
-4.154339790344238 -2.3546524047851562 8.825551986694336 0.2
-4.131609916687012 -2.469951629638672 9.000852584838867 0.2
-3.965449810028076 -2.485950469970703 9.135751724243164 0.2
-3.7603297233581543 -2.4339523315429688 9.161951065063477 0.2
-3.6572699546813965 -2.2839508056640625 9.053449630737305 0.2
-3.7092995643615723 -2.0925521850585938 8.967950820922852 0.2
-3.7953696250915527 -1.8972511291503906 8.93275260925293 0.2
-3.8306198120117188 -1.7105522155761719 9.028749465942383 0.2
-3.701669692993164 -1.6234512329101562 9.173151016235352 0.2
-3.4967899322509766 -1.6253509521484375 9.240449905395508 0.2
-3.3245797157287598 -1.7366523742675781 9.188749313354492 0.2
-3.3192696571350098 -1.9382514953613281 9.115549087524414 0.2
-3.401749610900879 -2.1375503540039062 9.102052688598633 0.2
-3.473139762878418 -2.3300514221191406 9.164350509643555 0.2
-3.422499656677246 -2.445850372314453 9.33384895324707 0.2
-3.2369298934936523 -2.46514892578125 9.440252304077148 0.2
-3.028090000152588 -2.4209518432617188 9.433252334594727 0.2
-2.933689594268799 -2.2768516540527344 9.309152603149414 0.2
-2.9924798011779785 -2.08544921875 9.229249954223633 0.2
-3.0796098709106445 -1.890350341796875 9.197549819946289 0.2
-3.1049399375915527 -1.6965522766113281 9.28434944152832 0.2
-2.9661598205566406 -1.6008491516113281 9.41295051574707 0.2
-2.75068998336792 -1.5999488830566406 9.457651138305664 0.2
-2.5662498474121094 -1.7084503173828125 9.392950057983398 0.2
-2.568659782409668 -1.9213523864746094 9.319650650024414 0.2
-2.6604795455932617 -2.1312522888183594 9.32295036315918 0.2
-2.729519844055176 -2.332050323486328 9.40315055847168 0.2
-2.648249626159668 -2.4496498107910156 9.574151992797852 0.2
-2.435389995574951 -2.4715499877929688 9.653051376342773 0.2
-2.2213997840881348 -2.420551300048828 9.602949142456055 0.2
-2.1658897399902344 -2.2509498596191406 9.469350814819336 0.2
-2.247529983520508 -2.0488510131835938 9.397649765014648 0.2
-2.3301897048950195 -1.8366508483886719 9.379449844360352 0.2
-2.2935495376586914 -1.6481513977050781 9.492650985717773 0.2
-2.092789649963379 -1.5972518920898438 9.584150314331055 0.2
-1.900519847869873 -1.6501502990722656 9.691251754760742 0.2
-1.9025797843933105 -1.801849365234375 9.854951858520508 0.2
-2.0380196571350098 -1.9800491333007812 9.902349472045898 0.2
-2.1759395599365234 -2.1630516052246094 9.90315055847168 0.2
-2.1897196769714355 -2.3719520568847656 9.829351425170898 0.2
-2.0011096000671387 -2.4780502319335938 9.771852493286133 0.2
-1.7779698371887207 -2.463550567626953 9.816949844360352 0.2
-1.65101957321167 -2.3176498413085938 9.929750442504883 0.2
-1.6522798538208008 -2.090850830078125 9.952852249145508 0.2
-1.6746597290039062 -1.8682518005371094 9.906850814819336 0.2
-1.6428399085998535 -1.68115234375 9.784952163696289 0.2
-1.4714999198913574 -1.6268501281738281 9.657350540161133 0.2
-1.2596697807312012 -1.6630516052246094 9.662050247192383 0.2
-1.141819953918457 -1.7710494995117188 9.802850723266602 0.2
-1.213789939880371 -1.9338493347167969 9.928552627563477 0.2
-1.3454999923706055 -2.0981521606445312 9.975252151489258 0.2
-1.4502296447753906 -2.2860488891601562 9.972349166870117 0.2
-1.398289680480957 -2.4686508178710938 9.878950119018555 0.2
-1.1949596405029297 -2.52545166015625 9.852251052856445 0.2
-1.0056695938110352 -2.4565505981445312 9.920450210571289 0.2
-0.9448196887969971 -2.2610511779785156 9.993551254272461 0.2
-0.954399824142456 -2.0467491149902344 9.970449447631836 0.2
-0.9680097103118896 -1.8414497375488281 9.905950546264648 0.2
-0.9276998043060303 -1.7052497863769531 9.745351791381836 0.2
-0.7507297992706299 -1.7101516723632812 9.631349563598633 0.2
-0.5611798763275146 -1.7920494079589844 9.682649612426758 0.2
-0.5340597629547119 -1.9211502075195312 9.853349685668945 0.2
-0.6353096961975098 -2.083751678466797 9.955652236938477 0.2
-0.7393498420715332 -2.2645492553710938 10.008451461791992 0.2
-0.7846798896789551 -2.470050811767578 9.959951400756836 0.2
-0.6426398754119873 -2.600849151611328 9.879049301147461 0.2
-0.430999755859375 -2.5833511352539062 9.898950576782227 0.2
-0.3302597999572754 -2.4061508178710938 9.968648910522461 0.2
-0.37477970123291016 -2.195850372314453 9.935251235961914 0.2
-0.40150976181030273 -2.0045509338378906 9.833349227905273 0.2
-0.2593996524810791 -1.864349365234375 9.75615119934082 0.2
-0.1323697566986084 -1.8427505493164062 9.915151596069336 0.2
-0.21318984031677246 -1.8938522338867188 10.10515022277832 0.2
-0.3178398609161377 -2.0687522888183594 10.178552627563477 0.2
-0.30160975456237793 -2.282550811767578 10.167150497436523 0.2
-0.2403697967529297 -2.4807510375976562 10.110250473022461 0.2
-0.12543988227844238 -2.6265525817871094 10.00255012512207 0.2
0.08289027214050293 -2.661449432373047 9.990751266479492 0.2
0.23722028732299805 -2.614452362060547 10.125551223754883 0.2
0.16547012329101562 -2.500652313232422 10.296449661254883 0.2
0.0023102760314941406 -2.3600502014160156 10.311349868774414 0.2
-0.14306974411010742 -2.2038497924804688 10.281251907348633 0.2
-0.16237974166870117 -1.9822502136230469 10.258352279663086 0.2
-0.03961968421936035 -1.8172492980957031 10.325551986694336 0.2
0.10393023490905762 -1.8802490234375 10.470949172973633 0.2
0.1833202838897705 -2.0800514221191406 10.49675178527832 0.2
0.24192023277282715 -2.28594970703125 10.473649978637695 0.2
0.29931020736694336 -2.4885520935058594 10.427549362182617 0.2
0.3866403102874756 -2.634552001953125 10.294450759887695 0.2
0.5438401699066162 -2.648651123046875 10.150049209594727 0.2
0.6741201877593994 -2.4872512817382812 10.157449722290039 0.2
0.5924701690673828 -2.2978515625 10.246149063110352 0.2
0.4706602096557617 -2.1301498413085938 10.304849624633789 0.2
0.3557002544403076 -1.9560508728027344 10.358449935913086 0.2
0.21021032333374023 -1.7952499389648438 10.362749099731445 0.2
0.11310029029846191 -1.6861495971679688 10.20305061340332 0.2
0.2643003463745117 -1.608551025390625 10.078248977661133 0.2
0.47523021697998047 -1.6033515930175781 10.117151260375977 0.2
0.5887901782989502 -1.7336502075195312 10.244749069213867 0.2
0.6434102058410645 -1.9388504028320312 10.287649154663086 0.2
0.7327702045440674 -2.134449005126953 10.269651412963867 0.2
0.811610221862793 -2.332752227783203 10.233251571655273 0.2
0.8607602119445801 -2.5261497497558594 10.139348983764648 0.2
1.0239102840423584 -2.5586509704589844 10.01765251159668 0.2
1.181630253791809 -2.4306488037109375 10.079751968383789 0.2
1.1736801862716675 -2.271350860595703 10.221750259399414 0.2
1.0011601448059082 -2.135051727294922 10.240449905395508 0.2
0.8668601512908936 -1.9692497253417969 10.198152542114258 0.2
0.749110221862793 -1.7857513427734375 10.168550491333008 0.2
0.7285902500152588 -1.6036491394042969 10.047449111938477 0.2
0.9129002094268799 -1.5066490173339844 10.001352310180664 0.2
1.0847601890563965 -1.5234489440917969 10.124750137329102 0.2
1.0712902545928955 -1.6821517944335938 10.273649215698242 0.2
1.0352702140808105 -1.8978500366210938 10.283750534057617 0.2
1.1142501831054688 -2.094249725341797 10.366949081420898 0.2
1.211260199546814 -2.1280517578125 10.553850173950195 0.2
1.2314502000808716 -1.9399490356445312 10.650350570678711 0.2
1.2077902555465698 -1.74945068359375 10.54985237121582 0.2
1.1931102275848389 -1.5958518981933594 10.396749496459961 0.2
1.288350224494934 -1.5001487731933594 10.226350784301758 0.2
1.500440239906311 -1.4917488098144531 10.192350387573242 0.2
1.667040228843689 -1.5334510803222656 10.319551467895508 0.2
1.6461502313613892 -1.6408500671386719 10.504751205444336 0.2
1.5368402004241943 -1.800048828125 10.604650497436523 0.2
1.4245002269744873 -1.9785499572753906 10.657049179077148 0.2
1.3883801698684692 -2.1836509704589844 10.585050582885742 0.2
1.5361902713775635 -2.324451446533203 10.516050338745117 0.2
1.7435302734375 -2.3364524841308594 10.565649032592773 0.2
1.839650273323059 -2.1631507873535156 10.646051406860352 0.2
1.8387802839279175 -1.9487495422363281 10.608850479125977 0.2
1.8281002044677734 -1.7489509582519531 10.52345085144043 0.2
1.8753101825714111 -1.6099510192871094 10.362051010131836 0.2
2.058016300201416 -1.5870513916015625 10.250749588012695 0.2
2.26981520652771 -1.6212501525878906 10.280050277709961 0.2
2.3570802211761475 -1.7233505249023438 10.444452285766602 0.2
2.2597193717956543 -1.8882522583007812 10.562349319458008 0.2
2.1162242889404297 -2.0586509704589844 10.617151260375977 0.2
2.00199031829834 -2.257152557373047 10.601449966430664 0.2
2.078054189682007 -2.436450958251953 10.488649368286133 0.2
2.298131227493286 -2.497051239013672 10.461149215698242 0.2
2.4977662563323975 -2.4290504455566406 10.54265022277832 0.2
2.5640642642974854 -2.218952178955078 10.596151351928711 0.2
2.553471326828003 -1.9931488037109375 10.554449081420898 0.2
2.5540332794189453 -1.7835502624511719 10.460149765014648 0.2
2.667391300201416 -1.6778488159179688 10.29475212097168 0.2
2.8874831199645996 -1.6765518188476562 10.226350784301758 0.2
3.079659938812256 -1.7652511596679688 10.142049789428711 0.2
3.0980117321014404 -1.9671516418457031 10.062051773071289 0.2
3.0094692707061768 -2.1652488708496094 10.08635139465332 0.2
2.924821138381958 -2.356151580810547 10.150152206420898 0.2
2.9627442359924316 -2.509349822998047 10.296049118041992 0.2
3.1579911708831787 -2.5568504333496094 10.376249313354492 0.2
3.376173257827759 -2.5581512451171875 10.367151260375977 0.2
3.585207223892212 -2.5363502502441406 10.308450698852539 0.2
3.6779942512512207 -2.4265518188476562 10.148752212524414 0.2
3.613720178604126 -2.238250732421875 10.05885124206543 0.2
3.518897294998169 -2.0417518615722656 10.03394889831543 0.2
3.49655818939209 -1.8311500549316406 10.079950332641602 0.2
3.6546010971069336 -1.7069511413574219 10.157548904418945 0.2
3.8736252784729004 -1.6964492797851562 10.147951126098633 0.2
4.042840003967285 -1.792449951171875 10.05415153503418 0.2
4.043430328369141 -1.99835205078125 9.988149642944336 0.2
3.9591012001037598 -2.1980514526367188 10.021051406860352 0.2
3.9005613327026367 -2.3907508850097656 10.106550216674805 0.2
4.000238418579102 -2.5107498168945312 10.254949569702148 0.2
4.215320110321045 -2.5264511108398438 10.29005241394043 0.2
4.418100357055664 -2.4928512573242188 10.216249465942383 0.2
4.4830002784729 -2.36614990234375 10.054349899291992 0.2
4.406440258026123 -2.174449920654297 9.981351852416992 0.2
4.317700386047363 -1.9743499755859375 9.96605110168457 0.2
4.340000152587891 -1.7710494995117188 10.036649703979492 0.2
4.528380393981934 -1.6780509948730469 10.090051651000977 0.2
4.744720458984375 -1.6845512390136719 10.052152633666992 0.2
4.873440265655518 -1.8167495727539062 9.940752029418945 0.2
4.832560062408447 -2.0286521911621094 9.91185188293457 0.2
4.746129989624023 -2.2248497009277344 9.961149215698242 0.2
4.726710319519043 -2.40625 10.08015251159668 0.2
4.884660243988037 -2.4886512756347656 10.20155143737793 0.2
5.10420036315918 -2.4883499145507812 10.18964958190918 0.2
5.269830226898193 -2.4265518188476562 10.064050674438477 0.2
5.259990215301514 -2.2615509033203125 9.924650192260742 0.2
5.1665802001953125 -2.0662498474121094 9.883150100708008 0.2
5.101400375366211 -1.8570518493652344 9.896551132202148 0.2
5.197770118713379 -1.6847496032714844 9.983251571655273 0.2
5.410460472106934 -1.6364517211914062 9.995050430297852 0.2
5.629159927368164 -1.6617507934570312 9.93644905090332 0.2
5.723660469055176 -1.8299522399902344 9.818849563598633 0.2
5.655230522155762 -2.050750732421875 9.818449020385742 0.2
5.567440032958984 -2.2561492919921875 9.884149551391602 0.2
5.597860336303711 -2.4276504516601562 10.029550552368164 0.2
5.806540489196777 -2.4836502075195312 10.10405158996582 0.2
6.0317702293396 -2.4732513427734375 10.049749374389648 0.2
6.139300346374512 -2.3617515563964844 9.885149002075195 0.2
6.072959899902344 -2.1612510681152344 9.793352127075195 0.2
5.975100517272949 -1.9519500732421875 9.76915168762207 0.2
5.972189903259277 -1.7336502075195312 9.832151412963867 0.2
6.162139892578125 -1.6336517333984375 9.90424919128418 0.2
6.39408016204834 -1.6333503723144531 9.89634895324707 0.2
6.625760078430176 -1.6506500244140625 9.892148971557617 0.2
6.7995405197143555 -1.7361488342285156 10.007650375366211 0.2
6.754199981689453 -1.9101524353027344 10.147550582885742 0.2
6.618269920349121 -2.089649200439453 10.201051712036133 0.2
6.49608039855957 -2.2852516174316406 10.205251693725586 0.2
6.5247602462768555 -2.4688491821289062 10.080949783325195 0.2
6.731659889221191 -2.522449493408203 9.998552322387695 0.2
6.953350067138672 -2.4727516174316406 10.027952194213867 0.2
7.044260025024414 -2.2855491638183594 10.121549606323242 0.2
7.0287604331970215 -2.0555496215820312 10.127851486206055 0.2
7.0091400146484375 -1.8316497802734375 10.077749252319336 0.2
7.069930076599121 -1.6926498413085938 9.922651290893555 0.2
7.260630130767822 -1.6931495666503906 9.823652267456055 0.2
7.4605302810668945 -1.7638511657714844 9.865850448608398 0.2
7.50553035736084 -1.9073524475097656 10.021451950073242 0.2
7.40500020980835 -2.0860519409179688 10.095849990844727 0.2
7.285520076751709 -2.266551971435547 10.115251541137695 0.2
7.207500457763672 -2.45465087890625 10.044450759887695 0.2
7.306879997253418 -2.5775489807128906 9.903051376342773 0.2
7.517840385437012 -2.5972518920898438 9.861150741577148 0.2
7.688510417938232 -2.4997520446777344 9.948450088500977 0.2
7.714950084686279 -2.3016510009765625 10.035451889038086 0.2
7.687170028686523 -2.0888519287109375 10.066751480102539 0.2
7.685850143432617 -1.8881492614746094 9.990751266479492 0.2
7.810720443725586 -1.8544502258300781 9.827352523803711 0.2
7.978600025177002 -1.9877510070800781 9.815351486206055 0.2
8.034879684448242 -2.1849517822265625 9.892850875854492 0.2
7.954980373382568 -2.3783493041992188 9.946451187133789 0.2
7.846530437469482 -2.5604515075683594 9.904550552368164 0.2
7.865090370178223 -2.6779518127441406 9.730352401733398 0.2
8.050500869750977 -2.6866493225097656 9.623350143432617 0.2
8.218360900878906 -2.5611495971679688 9.65315055847168 0.2
8.200799942016602 -2.3565521240234375 9.727151870727539 0.2
8.093799591064453 -2.1672515869140625 9.724752426147461 0.2
7.950230121612549 -2.035449981689453 9.615449905395508 0.2
7.9274702072143555 -1.9644508361816406 9.418352127075195 0.2
8.118709564208984 -1.9281501770019531 9.36454963684082 0.2
8.270259857177734 -2.0552520751953125 9.469350814819336 0.2
8.340350151062012 -2.2338523864746094 9.565649032592773 0.2
8.375980377197266 -2.4379501342773438 9.622751235961914 0.2
8.431800842285156 -2.62335205078125 9.530950546264648 0.2
8.608880043029785 -2.643352508544922 9.418851852416992 0.2
8.775790214538574 -2.5156517028808594 9.422750473022461 0.2
8.742730140686035 -2.314350128173828 9.504751205444336 0.2
8.605640411376953 -2.145252227783203 9.487649917602539 0.2
8.467320442199707 -1.9843521118164062 9.446649551391602 0.2
8.299670219421387 -1.8568496704101562 9.384550094604492 0.2
8.216779708862305 -1.7433509826660156 9.218851089477539 0.2
8.36262035369873 -1.6024513244628906 9.15715217590332 0.2
8.525779724121094 -1.5412521362304688 9.282449722290039 0.2
8.60359001159668 -1.6401519775390625 9.458749771118164 0.2
8.680160522460938 -1.8259506225585938 9.539949417114258 0.2
8.773260116577148 -2.0141525268554688 9.589448928833008 0.2
8.856389999389648 -2.2107505798339844 9.618051528930664 0.2
8.94182014465332 -2.3959503173828125 9.546850204467773 0.2
9.107280731201172 -2.4066505432128906 9.420049667358398 0.2
9.246259689331055 -2.2456512451171875 9.429052352905273 0.2
9.23512077331543 -2.0396499633789062 9.512651443481445 0.2
9.087650299072266 -1.8825492858886719 9.507349014282227 0.2
8.920270919799805 -1.7554512023925781 9.460550308227539 0.2
8.75575065612793 -1.6380500793457031 9.376550674438477 0.2
8.71449089050293 -1.5618515014648438 9.174749374389648 0.2
8.904260635375977 -1.5314521789550781 9.086549758911133 0.2
9.103139877319336 -1.5555496215820312 9.168752670288086 0.2
9.232919692993164 -1.667449951171875 9.300352096557617 0.2
9.336410522460938 -1.8198509216308594 9.412149429321289 0.2
9.414239883422852 -2.0110511779785156 9.472650527954102 0.2
9.418350219726562 -2.2056503295898438 9.384050369262695 0.2
9.384969711303711 -2.2259521484375 9.176351547241211 0.2
9.344110488891602 -2.029651641845703 9.079648971557617 0.2
9.260140419006348 -1.833251953125 9.115152359008789 0.2
9.14076042175293 -1.6711502075195312 9.03795051574707 0.2
9.165639877319336 -1.6384506225585938 8.83384895324707 0.2
9.355100631713867 -1.6974525451660156 8.754350662231445 0.2
9.505020141601562 -1.8252525329589844 8.830450057983398 0.2
9.509540557861328 -2.018951416015625 8.932249069213867 0.2
9.471250534057617 -2.2209510803222656 8.996149063110352 0.2
9.35750961303711 -2.3831520080566406 9.09425163269043 0.2
9.267200469970703 -2.544952392578125 9.000749588012695 0.2
9.378080368041992 -2.62554931640625 8.837949752807617 0.2
9.586170196533203 -2.621051788330078 8.806951522827148 0.2
9.700480461120605 -2.472949981689453 8.905950546264648 0.2
9.705560684204102 -2.2587509155273438 8.933351516723633 0.2
9.702590942382812 -2.045452117919922 8.905550003051758 0.2
9.685700416564941 -1.8522491455078125 8.804651260375977 0.2
9.796870231628418 -1.7517509460449219 8.655050277709961 0.2
10.00564956665039 -1.7516517639160156 8.610349655151367 0.2
10.142959594726562 -1.8605499267578125 8.724851608276367 0.2
10.08633041381836 -2.0380516052246094 8.831350326538086 0.2
9.964410781860352 -2.2128524780273438 8.864850997924805 0.2
9.858160018920898 -2.402851104736328 8.847848892211914 0.2
9.902549743652344 -2.583251953125 8.737051010131836 0.2
10.105920791625977 -2.6312522888183594 8.692350387573242 0.2
10.292730331420898 -2.548450469970703 8.750951766967773 0.2
10.346229553222656 -2.348949432373047 8.80775260925293 0.2
10.332820892333984 -2.1342506408691406 8.788850784301758 0.2
10.314240455627441 -1.9305496215820312 8.717752456665039 0.2
10.368020057678223 -1.8034515380859375 8.553449630737305 0.2
10.55010986328125 -1.783050537109375 8.440851211547852 0.2
10.75391960144043 -1.8413505554199219 8.453950881958008 0.2
10.808120727539062 -2.0019493103027344 8.597452163696289 0.2
10.693540573120117 -2.178150177001953 8.686250686645508 0.2
10.555459976196289 -2.355449676513672 8.729349136352539 0.2
10.494359970092773 -2.5546493530273438 8.641950607299805 0.2
10.641550064086914 -2.6628494262695312 8.512052536010742 0.2
10.865699768066406 -2.663349151611328 8.473852157592773 0.2
11.033670425415039 -2.5286521911621094 8.532548904418945 0.2
11.053720474243164 -2.3046493530273438 8.558252334594727 0.2
11.020279884338379 -2.0803489685058594 8.53285026550293 0.2
11.005510330200195 -1.8960494995117188 8.404050827026367 0.2
11.119080543518066 -1.8456497192382812 8.215551376342773 0.2
11.22367000579834 -1.9410514831542969 8.04155158996582 0.2
11.172690391540527 -2.1341514587402344 7.971952438354492 0.2
11.080289840698242 -2.3216514587402344 8.02855110168457 0.2
11.013959884643555 -2.5039520263671875 8.124452590942383 0.2
11.095359802246094 -2.6508522033691406 8.252351760864258 0.2
11.301780700683594 -2.7014503479003906 8.261651992797852 0.2
11.498320579528809 -2.7019500732421875 8.171751022338867 0.2
11.624360084533691 -2.6542510986328125 8.00724983215332 0.2
11.58784008026123 -2.5085525512695312 7.857351303100586 0.2
11.491360664367676 -2.317150115966797 7.83704948425293 0.2
11.417180061340332 -2.116851806640625 7.864351272583008 0.2
11.486790657043457 -1.9279518127441406 7.930952072143555 0.2
11.68513011932373 -1.8532524108886719 7.914552688598633 0.2
11.869110107421875 -1.8714523315429688 7.803750991821289 0.2
11.946160316467285 -1.9944496154785156 7.650548934936523 0.2
11.890890121459961 -2.1964492797851562 7.612951278686523 0.2
11.817100524902344 -2.3873519897460938 7.68275260925293 0.2
11.806990623474121 -2.570049285888672 7.79515266418457 0.2
11.962560653686523 -2.6832504272460938 7.88224983215332 0.2
12.16487979888916 -2.7085494995117188 7.815649032592773 0.2
12.307559967041016 -2.6807518005371094 7.658552169799805 0.2
12.292970657348633 -2.5599517822265625 7.485750198364258 0.2
12.198740005493164 -2.3705520629882812 7.447549819946289 0.2
12.120750427246094 -2.1712493896484375 7.477350234985352 0.2
12.163820266723633 -1.9731521606445312 7.539949417114258 0.2
12.3512601852417 -1.8768501281738281 7.523149490356445 0.2
12.52927017211914 -1.8823509216308594 7.40245246887207 0.2
12.604720115661621 -1.9890518188476562 7.237051010131836 0.2
12.547450065612793 -2.185649871826172 7.179750442504883 0.2
12.474209785461426 -2.375049591064453 7.250650405883789 0.2
12.461100578308105 -2.5584487915039062 7.360151290893555 0.2
12.612310409545898 -2.6832504272460938 7.437551498413086 0.2
12.807220458984375 -2.716350555419922 7.357751846313477 0.2
12.93578052520752 -2.692150115966797 7.189249038696289 0.2
12.912110328674316 -2.5741500854492188 7.016550064086914 0.2
12.81859016418457 -2.3846511840820312 6.9853515625 0.2
12.747910499572754 -2.185749053955078 7.025751113891602 0.2
12.802209854125977 -1.9898490905761719 7.087350845336914 0.2
12.98705005645752 -1.8944511413574219 7.05565071105957 0.2
13.157600402832031 -1.9041519165039062 6.9071502685546875 0.2
13.203900337219238 -2.024951934814453 6.728151321411133 0.2
13.12660026550293 -2.2316513061523438 6.697050094604492 0.2
13.05620002746582 -2.4279518127441406 6.787250518798828 0.2
13.092500686645508 -2.6149520874023438 6.905250549316406 0.2
13.286600112915039 -2.7184524536132812 6.918149948120117 0.2
13.459799766540527 -2.7284507751464844 6.77385139465332 0.2
13.52910041809082 -2.6399497985839844 6.579450607299805 0.2
13.455599784851074 -2.4485511779785156 6.493751525878906 0.2
13.355199813842773 -2.2461509704589844 6.513950347900391 0.2
13.36620044708252 -2.0368499755859375 6.589450836181641 0.2
13.556500434875488 -1.9338493347167969 6.634950637817383 0.2
13.763400077819824 -1.9966506958007812 6.684150695800781 0.2
13.811300277709961 -2.1777496337890625 6.803350448608398 0.2
13.730199813842773 -2.3761520385742188 6.876251220703125 0.2
13.661100387573242 -2.5863494873046875 6.851951599121094 0.2
13.719400405883789 -2.718952178955078 6.681951522827148 0.2
13.876399993896484 -2.727550506591797 6.520650863647461 0.2
14.060600280761719 -2.6139488220214844 6.483051300048828 0.2
14.101300239562988 -2.40625 6.553350448608398 0.2
14.025500297546387 -2.2011489868164062 6.610651016235352 0.2
13.925700187683105 -2.011951446533203 6.551851272583008 0.2
13.932499885559082 -1.925750732421875 6.349651336669922 0.2
14.07490062713623 -1.9355506896972656 6.175651550292969 0.2
14.257699966430664 -2.026752471923828 6.133150100708008 0.2
14.338700294494629 -2.2000503540039062 6.222850799560547 0.2
14.296700477600098 -2.3855514526367188 6.3193511962890625 0.2
14.215300559997559 -2.5793495178222656 6.342950820922852 0.2
14.170599937438965 -2.7261505126953125 6.20155143737793 0.2
14.2608003616333 -2.7680511474609375 6.014650344848633 0.2
14.424600601196289 -2.7244491577148438 5.889850616455078 0.2
14.561600685119629 -2.5670509338378906 5.907649993896484 0.2
14.551000595092773 -2.3681488037109375 5.980051040649414 0.2
14.473899841308594 -2.174549102783203 6.022651672363281 0.2
14.379899978637695 -2.0125503540039062 5.926450729370117 0.2
14.404500007629395 -1.95465087890625 5.727251052856445 0.2
14.539100646972656 -1.9767494201660156 5.564451217651367 0.2
14.713900566101074 -2.0847511291503906 5.532751083374023 0.2
14.774100303649902 -2.2645492553710938 5.624549865722656 0.2
14.728899955749512 -2.450450897216797 5.718650817871094 0.2
14.640000343322754 -2.6423492431640625 5.722150802612305 0.2
14.599800109863281 -2.7715492248535156 5.563850402832031 0.2
14.69159984588623 -2.7993507385253906 5.374650955200195 0.2
14.854499816894531 -2.7380523681640625 5.258150100708008 0.2
14.972200393676758 -2.567352294921875 5.2904510498046875 0.2
14.952099800109863 -2.3697509765625 5.365751266479492 0.2
14.87190055847168 -2.1759490966796875 5.398550033569336 0.2
14.77970027923584 -2.027751922607422 5.282649993896484 0.2
14.817000389099121 -1.9867515563964844 5.080150604248047 0.2
14.95300006866455 -2.0233497619628906 4.92234992980957 0.2
15.116399765014648 -2.1524505615234375 4.913450241088867 0.2
15.154500007629395 -2.337451934814453 5.008951187133789 0.2
15.10319995880127 -2.524150848388672 5.097150802612305 0.2
15.00610065460205 -2.7091522216796875 5.073251724243164 0.2
14.982100486755371 -2.813549041748047 4.895351409912109 0.2
15.079100608825684 -2.8230514526367188 4.707050323486328 0.2
15.242600440979004 -2.7353515625 4.614351272583008 0.2
15.334600448608398 -2.5516510009765625 4.661750793457031 0.2
15.302300453186035 -2.3564491271972656 4.73845100402832 0.2
15.213300704956055 -2.165752410888672 4.7503509521484375 0.2
15.132800102233887 -2.041351318359375 4.604450225830078 0.2
15.185700416564941 -2.0210494995117188 4.401851654052734 0.2
15.329500198364258 -2.0788497924804688 4.261850357055664 0.2
15.472900390625 -2.229949951171875 4.282350540161133 0.2
15.484000205993652 -2.4159507751464844 4.381750106811523 0.2
15.422599792480469 -2.6039505004882812 4.457050323486328 0.2
15.319600105285645 -2.7743492126464844 4.390451431274414 0.2
15.317999839782715 -2.848949432373047 4.196451187133789 0.2
15.425200462341309 -2.8346519470214844 4.015451431274414 0.2
15.584099769592285 -2.7155494689941406 3.956350326538086 0.2
15.640100479125977 -2.523151397705078 4.019651412963867 0.2
15.597200393676758 -2.3292503356933594 4.093650817871094 0.2
15.492799758911133 -2.1476516723632812 4.070350646972656 0.2
15.433899879455566 -2.053852081298828 3.8955516815185547 0.2
15.503000259399414 -2.0563507080078125 3.6960506439208984 0.2
15.654300689697266 -2.1440505981445312 3.584850311279297 0.2
15.76360034942627 -2.3155517578125 3.6364517211914062 0.2
15.753000259399414 -2.5002517700195312 3.7392501831054688 0.2
15.673399925231934 -2.6890525817871094 3.788850784301758 0.2
15.573100090026855 -2.833251953125 3.6771507263183594 0.2
15.594400405883789 -2.8745498657226562 3.4724502563476562 0.2
15.711299896240234 -2.829151153564453 3.3050498962402344 0.2
15.85300064086914 -2.6767501831054688 3.2863502502441406 0.2
15.877400398254395 -2.4814491271972656 3.3618507385253906 0.2
15.821000099182129 -2.287750244140625 3.4239501953125 0.2
15.704400062561035 -2.126850128173828 3.358551025390625 0.2
15.673800468444824 -2.069549560546875 3.1611499786376953 0.2
15.752799987792969 -2.0985488891601562 2.9684505462646484 0.2
15.903600692749023 -2.2232513427734375 2.900850296020508 0.2
15.973800659179688 -2.4070510864257812 2.9756507873535156 0.2
15.946000099182129 -2.5906524658203125 3.076650619506836 0.2
15.840900421142578 -2.771350860595703 3.0875511169433594 0.2
15.758100509643555 -2.876251220703125 2.9307498931884766 0.2
15.793900489807129 -2.8848495483398438 2.7236499786376953 0.2
15.923800468444824 -2.8008499145507812 2.587350845336914 0.2
16.036300659179688 -2.6243515014648438 2.605051040649414 0.2
16.036701202392578 -2.430950164794922 2.6890506744384766 0.2
15.957500457763672 -2.2404518127441406 2.725351333618164 0.2
15.84320068359375 -2.1129493713378906 2.609651565551758 0.2
15.837300300598145 -2.089649200439453 2.402151107788086 0.2
15.933100700378418 -2.152050018310547 2.2296504974365234 0.2
16.069000244140625 -2.3093490600585938 2.211650848388672 0.2
16.10110092163086 -2.494251251220703 2.3057498931884766 0.2
16.050800323486328 -2.67864990234375 2.392850875854492 0.2
15.922599792480469 -2.8376502990722656 2.3494510650634766 0.2
15.867400169372559 -2.9005508422851562 2.1607513427734375 0.2
15.922200202941895 -2.876750946044922 1.9603500366210938 0.2
16.061500549316406 -2.7540512084960938 1.8706512451171875 0.2
16.13650131225586 -2.5656509399414062 1.9216499328613281 0.2
16.118301391601562 -2.3729515075683594 2.004251480102539 0.2
16.008201599121094 -2.1944503784179688 1.9993515014648438 0.2
15.915200233459473 -2.1052513122558594 1.8394508361816406 0.2
15.932100296020508 -2.1117515563964844 1.6305503845214844 0.2
16.04829978942871 -2.2131500244140625 1.4952507019042969 0.2
16.152999877929688 -2.3911514282226562 1.5268516540527344 0.2
16.15760040283203 -2.5732498168945312 1.6320514678955078 0.2
16.0718994140625 -2.7555503845214844 1.6903514862060547 0.2
15.941900253295898 -2.8811492919921875 1.5910511016845703 0.2
15.917099952697754 -2.906452178955078 1.3852500915527344 0.2
15.997300148010254 -2.8481521606445312 1.203451156616211 0.2
16.132099151611328 -2.6930503845214844 1.1677513122558594 0.2
16.175498962402344 -2.5014495849609375 1.2407512664794922 0.2
16.130599975585938 -2.308349609375 1.308450698852539 0.2
16.001800537109375 -2.153949737548828 1.2555503845214844 0.2
15.93970012664795 -2.1023521423339844 1.0647506713867188 0.2
15.978899955749512 -2.1394500732421875 0.8635501861572266 0.2
16.10810089111328 -2.2785491943359375 0.7820510864257812 0.2
16.177499771118164 -2.4638519287109375 0.8500499725341797 0.2
16.156299591064453 -2.6448516845703125 0.9543514251708984 0.2
16.035301208496094 -2.813751220703125 0.9727516174316406 0.2
15.926400184631348 -2.8996505737304688 0.8222503662109375 0.2
15.927800178527832 -2.8941497802734375 0.6131515502929688 0.2
16.038700103759766 -2.7999496459960938 0.46885108947753906 0.2
16.152801513671875 -2.6243515014648438 0.4783515930175781 0.2
16.169300079345703 -2.432849884033203 0.5621509552001953 0.2
16.088699340820312 -2.2447509765625 0.6017513275146484 0.2
15.963700294494629 -2.125049591064453 0.4920501708984375 0.2
15.930999755859375 -2.1057510375976562 0.2871513366699219 0.2
16.003101348876953 -2.1795501708984375 0.11045074462890625 0.2
16.126300811767578 -2.34625244140625 0.08725166320800781 0.2
16.160400390625 -2.5292510986328125 0.1824512481689453 0.2
16.105600357055664 -2.7095489501953125 0.27195167541503906 0.2
15.961299896240234 -2.853252410888672 0.2337512969970703 0.2
15.885499954223633 -2.9007492065429688 0.04855155944824219 0.2
15.9197998046875 -2.8659515380859375 -0.15304946899414062 0.2
16.052101135253906 -2.7384490966796875 -0.2460498809814453 0.2
16.133499145507812 -2.55255126953125 -0.19884872436523438 0.2
16.123401641845703 -2.3597488403320312 -0.11834907531738281 0.2
16.007099151611328 -2.186351776123047 -0.12224960327148438 0.2
15.904200553894043 -2.1042518615722656 -0.2787494659423828 0.2
15.8996000289917 -2.1141510009765625 -0.48674964904785156 0.2
16.002700805664062 -2.2274513244628906 -0.6210498809814453 0.2
16.099599838256836 -2.40875244140625 -0.5890483856201172 0.2
16.105600357055664 -2.58795166015625 -0.481048583984375 0.2
16.008499145507812 -2.762950897216797 -0.42044830322265625 0.2
15.866300582885742 -2.873950958251953 -0.5171489715576172 0.2
15.826399803161621 -2.8877525329589844 -0.7208499908447266 0.2
15.897600173950195 -2.8212509155273438 -0.9019489288330078 0.2
16.030399322509766 -2.665149688720703 -0.9390487670898438 0.2
16.080699920654297 -2.4751510620117188 -0.8687496185302734 0.2
16.034801483154297 -2.2821502685546875 -0.8045482635498047 0.2
15.90000057220459 -2.1353492736816406 -0.8592491149902344 0.2
15.825600624084473 -2.0880508422851562 -1.0468482971191406 0.2
15.850500106811523 -2.1308517456054688 -1.2469501495361328 0.2
15.971600532531738 -2.279949188232422 -1.3229484558105469 0.2
16.036701202392578 -2.4643516540527344 -1.2510490417480469 0.2
16.01340103149414 -2.6423492431640625 -1.1446495056152344 0.2
15.881000518798828 -2.8017501831054688 -1.1242485046386719 0.2
15.763500213623047 -2.8745498657226562 -1.2739486694335938 0.2
15.75570011138916 -2.8588523864746094 -1.4815483093261719 0.2
15.863300323486328 -2.7578506469726562 -1.6232490539550781 0.2
15.975200653076172 -2.581451416015625 -1.6153488159179688 0.2
15.99530029296875 -2.389251708984375 -1.5361499786376953 0.2
15.908300399780273 -2.204151153564453 -1.4984493255615234 0.2
15.77500057220459 -2.0934524536132812 -1.6067485809326172 0.2
15.723700523376465 -2.0741500854492188 -1.8073501586914062 0.2
15.786900520324707 -2.155651092529297 -1.9820499420166016 0.2
15.90470027923584 -2.3270492553710938 -2.0014495849609375 0.2
15.94159984588623 -2.5074501037597656 -1.9037494659423828 0.2
15.885900497436523 -2.6850509643554688 -1.8119487762451172 0.2
15.73390007019043 -2.8203506469726562 -1.8445491790771484 0.2
15.648200035095215 -2.85565185546875 -2.027149200439453 0.2
15.67490005493164 -2.8087501525878906 -2.226449966430664 0.2
15.800200462341309 -2.6747512817382812 -2.3211498260498047 0.2
15.879799842834473 -2.487049102783203 -2.280149459838867 0.2
15.871500015258789 -2.2933502197265625 -2.2038497924804688 0.2
15.746800422668457 -2.1270523071289062 -2.2013492584228516 0.2
15.625500679016113 -2.0506515502929688 -2.3474483489990234 0.2
15.595399856567383 -2.059650421142578 -2.5519485473632812 0.2
15.687300682067871 -2.1801490783691406 -2.6870498657226562 0.2
15.78219985961914 -2.362548828125 -2.6576499938964844 0.2
15.79699993133545 -2.540752410888672 -2.5499496459960938 0.2
15.702199935913086 -2.712451934814453 -2.477548599243164 0.2
15.548200607299805 -2.817150115966797 -2.5587501525878906 0.2
15.49630069732666 -2.8181495666503906 -2.7589492797851562 0.2
15.55720043182373 -2.742450714111328 -2.9406490325927734 0.2
15.683100700378418 -2.5845489501953125 -2.9920482635498047 0.2
15.741000175476074 -2.3935508728027344 -2.932748794555664 0.2
15.702500343322754 -2.2000503540039062 -2.8671493530273438 0.2
15.559100151062012 -2.0569496154785156 -2.9048500061035156 0.2
15.45680046081543 -2.010650634765625 -3.078948974609375 0.2
15.452600479125977 -2.0564498901367188 -3.278848648071289 0.2
15.5600004196167 -2.211151123046875 -3.364248275756836 0.2
15.630400657653809 -2.3960494995117188 -3.2998485565185547 0.2
15.6225004196167 -2.573150634765625 -3.190349578857422 0.2
15.494800567626953 -2.7300491333007812 -3.141448974609375 0.2
15.354400634765625 -2.799549102783203 -3.2685489654541016 0.2
15.33080005645752 -2.7722511291503906 -3.472949981689453 0.2
15.42020034790039 -2.670452117919922 -3.6276493072509766 0.2
15.533400535583496 -2.4959487915039062 -3.6464500427246094 0.2
15.572800636291504 -2.30255126953125 -3.579050064086914 0.2
15.50040054321289 -2.114551544189453 -3.529949188232422 0.2
15.35010051727295 -2.002349853515625 -3.610349655151367 0.2
15.259500503540039 -1.9849510192871094 -3.7962493896484375 0.2
15.284299850463867 -2.071949005126953 -3.9772491455078125 0.2
15.392300605773926 -2.2472496032714844 -4.014749526977539 0.2
15.442999839782715 -2.4283523559570312 -3.925548553466797 0.2
15.408599853515625 -2.603649139404297 -3.819549560546875 0.2
15.25409984588623 -2.74005126953125 -3.8067493438720703 0.2
15.138100624084473 -2.776752471923828 -3.9685497283935547 0.2
15.146300315856934 -2.727649688720703 -4.169549942016602 0.2
15.257100105285645 -2.6041488647460938 -4.293649673461914 0.2
15.35260009765625 -2.4196510314941406 -4.284049987792969 0.2
15.376700401306152 -2.2232513427734375 -4.218648910522461 0.2
15.27400016784668 -2.045551300048828 -4.1871490478515625 0.2
15.11620044708252 -1.9560508728027344 -4.282848358154297 0.2
15.017200469970703 -1.9555511474609375 -4.464149475097656 0.2
15.058700561523438 -2.0727500915527344 -4.623350143432617 0.2
15.161200523376465 -2.2545509338378906 -4.625848770141602 0.2
15.20740032196045 -2.433349609375 -4.529150009155273 0.2
15.149700164794922 -2.6084518432617188 -4.431148529052734 0.2
14.985000610351562 -2.7262496948242188 -4.454750061035156 0.2
14.894800186157227 -2.7285499572753906 -4.6376495361328125 0.2
14.924400329589844 -2.6483497619628906 -4.826749801635742 0.2
15.035900115966797 -2.4967498779296875 -4.919849395751953 0.2
15.114500045776367 -2.3064498901367188 -4.891349792480469 0.2
15.117799758911133 -2.1103515625 -4.821449279785156 0.2
14.98430061340332 -1.9549522399902344 -4.805049896240234 0.2
14.840800285339355 -1.9187507629394531 -4.945049285888672 0.2
14.793499946594238 -1.9836502075195312 -5.136249542236328 0.2
14.86359977722168 -2.136150360107422 -5.2590484619140625 0.2
14.952899932861328 -2.3230514526367188 -5.234149932861328 0.2
14.991600036621094 -2.5011520385742188 -5.132148742675781 0.2
14.907100677490234 -2.663249969482422 -5.035549163818359 0.2
14.72860050201416 -2.74005126953125 -5.086549758911133 0.2
14.647299766540527 -2.705249786376953 -5.272150039672852 0.2
14.686600685119629 -2.603351593017578 -5.448049545288086 0.2
14.791999816894531 -2.437549591064453 -5.524148941040039 0.2
14.864500045776367 -2.2449493408203125 -5.489948272705078 0.2
14.848800659179688 -2.0508499145507812 -5.419248580932617 0.2
14.69159984588623 -1.9222488403320312 -5.42234992980957 0.2
14.560700416564941 -1.9288520812988281 -5.578149795532227 0.2
14.545700073242188 -2.0332489013671875 -5.755849838256836 0.2
14.624100685119629 -2.205852508544922 -5.846649169921875 0.2
14.70300006866455 -2.3924522399902344 -5.798648834228516 0.2
14.72510051727295 -2.5686492919921875 -5.689949035644531 0.2
14.601500511169434 -2.7093505859375 -5.6022491455078125 0.2
14.424300193786621 -2.7493515014648438 -5.687549591064453 0.2
14.366399765014648 -2.692249298095703 -5.877649307250977 0.2
14.426400184631348 -2.577251434326172 -6.041248321533203 0.2
14.531499862670898 -2.4036521911621094 -6.091548919677734 0.2
14.598299980163574 -2.2108497619628906 -6.04844856262207 0.2
14.544099807739258 -2.0228500366210938 -5.979848861694336 0.2
14.371700286865234 -1.9302520751953125 -6.026849746704102 0.2
14.270600318908691 -1.9771499633789062 -6.19904899597168 0.2
14.281400680541992 -2.1115493774414062 -6.357248306274414 0.2
14.361599922180176 -2.3006515502929688 -6.400548934936523 0.2
14.42770004272461 -2.4825515747070312 -6.322948455810547 0.2
14.408100128173828 -2.6506500244140625 -6.202548980712891 0.2
14.239500045776367 -2.752849578857422 -6.15104866027832 0.2
14.086000442504883 -2.746349334716797 -6.283748626708984 0.2
14.054800033569336 -2.670551300048828 -6.47504997253418 0.2
14.140100479125977 -2.534351348876953 -6.611349105834961 0.2
14.238100051879883 -2.3509521484375 -6.6228485107421875 0.2
14.270000457763672 -2.1541519165039062 -6.562549591064453 0.2
14.151000022888184 -1.9919509887695312 -6.522649765014648 0.2
13.995600700378418 -1.9584503173828125 -6.647649765014648 0.2
13.948699951171875 -2.040851593017578 -6.832048416137695 0.2
14.005400657653809 -2.202251434326172 -6.9521484375 0.2
14.086299896240234 -2.3931503295898438 -6.92974853515625 0.2
14.1318998336792 -2.567249298095703 -6.822948455810547 0.2
14.06190013885498 -2.718151092529297 -6.701349258422852 0.2
13.87190055847168 -2.785449981689453 -6.709049224853516 0.2
13.75160026550293 -2.7587509155273438 -6.874349594116211 0.2
13.754500389099121 -2.6776504516601562 -7.064849853515625 0.2
13.848800659179688 -2.5217514038085938 -7.166948318481445 0.2
13.931500434875488 -2.3300514221191406 -7.156349182128906 0.2
13.920599937438965 -2.1310501098632812 -7.098148345947266 0.2
13.769200325012207 -1.9928512573242188 -7.069549560546875 0.2
13.58240032196045 -1.9377517700195312 -7.14124870300293 0.2
13.482500076293945 -2.0126495361328125 -7.297849655151367 0.2
13.546500205993652 -2.1944503784179688 -7.379148483276367 0.2
13.626700401306152 -2.3794517517089844 -7.324949264526367 0.2
13.644000053405762 -2.553150177001953 -7.211648941040039 0.2
13.518000602722168 -2.6868515014648438 -7.11454963684082 0.2
13.34119987487793 -2.7215499877929688 -7.201448440551758 0.2
13.284299850463867 -2.6677513122558594 -7.392848968505859 0.2
13.349300384521484 -2.5576515197753906 -7.557849884033203 0.2
13.460400581359863 -2.3875503540039062 -7.606449127197266 0.2
13.521599769592285 -2.192352294921875 -7.567548751831055 0.2
13.436600685119629 -2.0078506469726562 -7.5285491943359375 0.2
13.264300346374512 -1.9283523559570312 -7.605548858642578 0.2
13.141400337219238 -1.9544525146484375 -7.769248962402344 0.2
13.160900115966797 -2.0974502563476562 -7.914249420166016 0.2
13.249600410461426 -2.2865524291992188 -7.913848876953125 0.2
13.312600135803223 -2.4636497497558594 -7.822349548339844 0.2
13.284200668334961 -2.6295509338378906 -7.699748992919922 0.2
13.110199928283691 -2.723949432373047 -7.651548385620117 0.2
12.954230308532715 -2.7165489196777344 -7.783849716186523 0.2
12.913209915161133 -2.6516494750976562 -7.977048873901367 0.2
12.991129875183105 -2.5139503479003906 -8.11214828491211 0.2
13.07960033416748 -2.325450897216797 -8.12714958190918 0.2
13.102100372314453 -2.1230506896972656 -8.084949493408203 0.2
12.990110397338867 -1.9569511413574219 -8.026948928833008 0.2
12.803740501403809 -1.8659515380859375 -8.04334831237793 0.2
12.6539306640625 -1.8952522277832031 -8.174249649047852 0.2
12.681170463562012 -2.0611495971679688 -8.293548583984375 0.2
12.768610000610352 -2.2509498596191406 -8.272850036621094 0.2
12.815600395202637 -2.429149627685547 -8.175548553466797 0.2
12.736440658569336 -2.5841522216796875 -8.05875015258789 0.2
12.55093002319336 -2.649951934814453 -8.092449188232422 0.2
12.453810691833496 -2.6068496704101562 -8.268749237060547 0.2
12.481650352478027 -2.5063514709472656 -8.448348999023438 0.2
12.584760665893555 -2.345550537109375 -8.536449432373047 0.2
12.672770500183105 -2.1577491760253906 -8.513349533081055 0.2
12.663660049438477 -1.9617500305175781 -8.448949813842773 0.2
12.503210067749023 -1.8395500183105469 -8.46044921875 0.2
12.371270179748535 -1.872650146484375 -8.611749649047852 0.2
12.355810165405273 -2.005451202392578 -8.770349502563477 0.2
12.416959762573242 -2.1936492919921875 -8.842248916625977 0.2
12.486260414123535 -2.379650115966797 -8.779048919677734 0.2
12.5037202835083 -2.5478515625 -8.657949447631836 0.2
12.369860649108887 -2.6653518676757812 -8.555648803710938 0.2
12.181739807128906 -2.6883506774902344 -8.626150131225586 0.2
12.091270446777344 -2.641551971435547 -8.807048797607422 0.2
12.122039794921875 -2.530750274658203 -8.979948997497559 0.2
12.21796989440918 -2.3541488647460938 -9.033848762512207 0.2
12.291299819946289 -2.1602516174316406 -9.008149147033691 0.2
12.248200416564941 -1.9729499816894531 -8.92824935913086 0.2
12.089790344238281 -1.8523521423339844 -8.86764907836914 0.2
11.892820358276367 -1.8254508972167969 -8.913148880004883 0.2
11.816720008850098 -1.9512519836425781 -9.051349639892578 0.2
11.88071060180664 -2.1441497802734375 -9.101948738098145 0.2
11.956390380859375 -2.3311500549316406 -9.04944896697998 0.2
11.937860488891602 -2.501750946044922 -8.928049087524414 0.2
11.768170356750488 -2.5893516540527344 -8.863248825073242 0.2
11.602140426635742 -2.553050994873047 -8.975049018859863 0.2
11.552680015563965 -2.450550079345703 -9.149249076843262 0.2
11.61398983001709 -2.2963523864746094 -9.278449058532715 0.2
11.717880249023438 -2.116748809814453 -9.293549537658691 0.2
11.771830558776855 -1.9260520935058594 -9.23124885559082 0.2
11.6608304977417 -1.774749755859375 -9.151948928833008 0.2
11.468350410461426 -1.7607498168945312 -9.213549613952637 0.2
11.353139877319336 -1.8620491027832031 -9.353549003601074 0.2
11.34967041015625 -2.0384521484375 -9.468849182128906 0.2
11.418190002441406 -2.234851837158203 -9.472848892211914 0.2
11.483280181884766 -2.41925048828125 -9.399349212646484 0.2
11.432390213012695 -2.5569496154785156 -9.25624942779541 0.2
11.23900032043457 -2.5786514282226562 -9.206849098205566 0.2
11.079680442810059 -2.5038490295410156 -9.314848899841309 0.2
11.033790588378906 -2.3841514587402344 -9.479649543762207 0.2
11.097740173339844 -2.2188491821289062 -9.592449188232422 0.2
11.198949813842773 -2.0370521545410156 -9.612449645996094 0.2
11.237140655517578 -1.8474502563476562 -9.539548873901367 0.2
11.099320411682129 -1.7258491516113281 -9.455849647521973 0.2
10.901479721069336 -1.7469520568847656 -9.505048751831055 0.2
10.783670425415039 -1.8687515258789062 -9.624349594116211 0.2
10.785449981689453 -2.059551239013672 -9.715048789978027 0.2
10.863719940185547 -2.2530517578125 -9.707649230957031 0.2
10.919580459594727 -2.4324493408203125 -9.619548797607422 0.2
10.834650039672852 -2.538349151611328 -9.46614933013916 0.2
10.634820938110352 -2.5215492248535156 -9.44434928894043 0.2
10.49271011352539 -2.42864990234375 -9.562748908996582 0.2
10.469779968261719 -2.2939491271972656 -9.72304916381836 0.2
10.545100212097168 -2.120250701904297 -9.812349319458008 0.2
10.639670372009277 -1.9341506958007812 -9.816848754882812 0.2
10.643230438232422 -1.7520523071289062 -9.717848777770996 0.2
10.471969604492188 -1.6650505065917969 -9.660248756408691 0.2
10.291549682617188 -1.7233505249023438 -9.740448951721191 0.2
10.210559844970703 -1.8695487976074219 -9.866649627685547 0.2
10.240630149841309 -2.0669517517089844 -9.931949615478516 0.2
10.32151985168457 -2.2578506469726562 -9.90524959564209 0.2
10.353560447692871 -2.4265518188476562 -9.788249015808105 0.2
10.226190567016602 -2.5037498474121094 -9.650649070739746 0.2
10.02892017364502 -2.4620513916015625 -9.678548812866211 0.2
9.913789749145508 -2.359851837158203 -9.81874942779541 0.2
9.925020217895508 -2.2137489318847656 -9.97184944152832 0.2
10.0137300491333 -2.036449432373047 -10.037549018859863 0.2
10.098360061645508 -1.8468513488769531 -10.016149520874023 0.2
10.052310943603516 -1.6790504455566406 -9.90774917602539 0.2
9.855830192565918 -1.6361503601074219 -9.892048835754395 0.2
9.694589614868164 -1.72344970703125 -9.989449501037598 0.2
9.644060134887695 -1.8915519714355469 -10.106749534606934 0.2
9.698980331420898 -2.09014892578125 -10.140549659729004 0.2
9.779830932617188 -2.2773513793945312 -10.092848777770996 0.2
9.774810791015625 -2.4254493713378906 -9.949849128723145 0.2
9.604700088500977 -2.4602508544921875 -9.848548889160156 0.2
9.423030853271484 -2.3896522521972656 -9.9156494140625 0.2
9.341590881347656 -2.2715492248535156 -10.066649436950684 0.2
9.378800392150879 -2.1077499389648438 -10.195348739624023 0.2
9.472400665283203 -1.925048828125 -10.236248970031738 0.2
9.534379959106445 -1.7355499267578125 -10.178749084472656 0.2
9.429710388183594 -1.6014518737792969 -10.068849563598633 0.2
9.226760864257812 -1.6102523803710938 -10.08484935760498 0.2
9.093990325927734 -1.7268524169921875 -10.193849563598633 0.2
9.075639724731445 -1.9122505187988281 -10.295449256896973 0.2
9.14922046661377 -2.1075515747070312 -10.30674934387207 0.2
9.220370292663574 -2.2906494140625 -10.237749099731445 0.2
9.168149948120117 -2.4094505310058594 -10.078248977661133 0.2
8.97549057006836 -2.403350830078125 -10.019549369812012 0.2
8.81620979309082 -2.3105506896972656 -10.113449096679688 0.2
8.765850067138672 -2.173351287841797 -10.266448974609375 0.2
8.824850082397461 -1.9981498718261719 -10.364849090576172 0.2
8.919780731201172 -1.8128509521484375 -10.383949279785156 0.2
8.942800521850586 -1.632049560546875 -10.284849166870117 0.2
8.787040710449219 -1.5467491149902344 -10.190149307250977 0.2
8.59126091003418 -1.6014518737792969 -10.226449012756348 0.2
8.481189727783203 -1.7459487915039062 -10.331648826599121 0.2
8.496810913085938 -1.9428520202636719 -10.402548789978027 0.2
8.579890251159668 -2.1349525451660156 -10.39954948425293 0.2
8.631860733032227 -2.30615234375 -10.293649673461914 0.2
8.532170295715332 -2.3782501220703125 -10.132549285888672 0.2
8.335700035095215 -2.3250503540039062 -10.115649223327637 0.2
8.197629928588867 -2.210651397705078 -10.22204875946045 0.2
8.17970085144043 -2.0526504516601562 -10.362648963928223 0.2
8.25333023071289 -1.871551513671875 -10.436948776245117 0.2
8.341930389404297 -1.6827507019042969 -10.423349380493164 0.2
8.318320274353027 -1.5259513854980469 -10.293949127197266 0.2
8.128350257873535 -1.4960517883300781 -10.231549263000488 0.2
7.95127010345459 -1.5875511169433594 -10.291449546813965 0.2
7.879980087280273 -1.7569503784179688 -10.396649360656738 0.2
7.9254302978515625 -1.9558525085449219 -10.443549156188965 0.2
8.00907039642334 -2.1464500427246094 -10.419149398803711 0.2
8.032690048217773 -2.2946510314941406 -10.27764892578125 0.2
7.885120391845703 -2.325450897216797 -10.144549369812012 0.2
7.6951704025268555 -2.2486495971679688 -10.171749114990234 0.2
7.588330268859863 -2.1234512329101562 -10.30044937133789 0.2
7.603470325469971 -1.95465087890625 -10.427549362182617 0.2
7.688470363616943 -1.7709503173828125 -10.481749534606934 0.2
7.761200428009033 -1.5831489562988281 -10.43074893951416 0.2
7.676880359649658 -1.4540519714355469 -10.29944896697998 0.2
7.474009990692139 -1.4668502807617188 -10.279949188232422 0.2
7.325710296630859 -1.5843505859375 -10.366048812866211 0.2
7.292710304260254 -1.7706489562988281 -10.463449478149414 0.2
7.3601603507995605 -1.9674491882324219 -10.486649513244629 0.2
7.439050197601318 -2.1524505615234375 -10.431249618530273 0.2
7.414430141448975 -2.2721519470214844 -10.265449523925781 0.2
7.232880115509033 -2.2674522399902344 -10.177848815917969 0.2
7.061300277709961 -2.174152374267578 -10.247149467468262 0.2
6.991440296173096 -2.0355491638183594 -10.391149520874023 0.2
7.035670280456543 -1.8586502075195312 -10.495549201965332 0.2
7.125070095062256 -1.6720504760742188 -10.52764892578125 0.2
7.165210247039795 -1.4904518127441406 -10.434549331665039 0.2
7.026230335235596 -1.4013519287109375 -10.319449424743652 0.2
6.82774019241333 -1.4552497863769531 -10.336149215698242 0.2
6.70835018157959 -1.5978507995605469 -10.434049606323242 0.2
6.714150428771973 -1.79425048828125 -10.51034927368164 0.2
6.794710159301758 -1.9876518249511719 -10.516348838806152 0.2
6.859640121459961 -2.162250518798828 -10.422749519348145 0.2
6.7812700271606445 -2.246051788330078 -10.254849433898926 0.2
6.584740161895752 -2.203948974609375 -10.22024917602539 0.2
6.436000347137451 -2.0933494567871094 -10.316248893737793 0.2
6.403790473937988 -1.9357490539550781 -10.455549240112305 0.2
6.4684600830078125 -1.7528495788574219 -10.53454875946045 0.2
6.556230545043945 -1.5628509521484375 -10.532448768615723 0.2
6.549310207366943 -1.4023513793945312 -10.404349327087402 0.2
6.368160247802734 -1.3671493530273438 -10.32184886932373 0.2
6.185090065002441 -1.4558525085449219 -10.366249084472656 0.2
6.103290557861328 -1.6227493286132812 -10.468449592590332 0.2
6.1426801681518555 -1.8216514587402344 -10.522149085998535 0.2
6.228110313415527 -2.012950897216797 -10.509649276733398 0.2
6.266740322113037 -2.1675491333007812 -10.377948760986328 0.2
6.133910179138184 -2.2079505920410156 -10.232048988342285 0.2
5.940629959106445 -2.1353492736816406 -10.240448951721191 0.2
5.821660041809082 -2.008251190185547 -10.356948852539062 0.2
5.823820114135742 -1.8359489440917969 -10.480249404907227 0.2
5.902460098266602 -1.6506500244140625 -10.53964900970459 0.2
5.978529930114746 -1.4623489379882812 -10.49484920501709 0.2
5.90762996673584 -1.3365516662597656 -10.352249145507812 0.2
5.708390235900879 -1.3521499633789062 -10.307848930358887 0.2
5.550760269165039 -1.4700508117675781 -10.37514877319336 0.2
5.50993013381958 -1.6568489074707031 -10.469348907470703 0.2
5.57459020614624 -1.8535499572753906 -10.502049446105957 0.2
5.658720016479492 -2.0398521423339844 -10.45944881439209 0.2
5.65185022354126 -2.162952423095703 -10.294149398803711 0.2
5.479330062866211 -2.1608505249023438 -10.189249038696289 0.2
5.30094051361084 -2.067249298095703 -10.23854923248291 0.2
5.217790126800537 -1.9240493774414062 -10.371149063110352 0.2
5.251890182495117 -1.7433509826660156 -10.473349571228027 0.2
5.335579872131348 -1.5547523498535156 -10.509949684143066 0.2
5.382590293884277 -1.3741493225097656 -10.417149543762207 0.2
5.252640247344971 -1.28955078125 -10.288848876953125 0.2
5.054080009460449 -1.3467521667480469 -10.290948867797852 0.2
4.9305901527404785 -1.4903488159179688 -10.382148742675781 0.2
4.933520317077637 -1.68695068359375 -10.460248947143555 0.2
5.01222038269043 -1.8810501098632812 -10.472649574279785 0.2
5.085770130157471 -2.0571517944335938 -10.387449264526367 0.2
5.021699905395508 -2.1476516723632812 -10.21674919128418 0.2
4.8259100914001465 -2.1133499145507812 -10.170649528503418 0.2
4.669260025024414 -2.0067520141601562 -10.258648872375488 0.2
4.628390312194824 -1.8496513366699219 -10.396649360656738 0.2
4.686400413513184 -1.6647491455078125 -10.477249145507812 0.2
4.770570278167725 -1.4727516174316406 -10.480849266052246 0.2
4.769289970397949 -1.3089523315429688 -10.355949401855469 0.2
4.591620445251465 -1.2712516784667969 -10.26724910736084 0.2
4.4075703620910645 -1.3599510192871094 -10.308049201965332 0.2
4.324970245361328 -1.5259513854980469 -10.410849571228027 0.2
4.364040374755859 -1.7249488830566406 -10.466649055480957 0.2
4.451510429382324 -1.9158515930175781 -10.457448959350586 0.2
4.498680114746094 -2.074249267578125 -10.332549095153809 0.2
4.373500347137451 -2.126049041748047 -10.183149337768555 0.2
4.1767401695251465 -2.0633506774902344 -10.187748908996582 0.2
4.0517802238464355 -1.9415512084960938 -10.303349494934082 0.2
4.047130107879639 -1.7693519592285156 -10.427948951721191 0.2
4.119800090789795 -1.581451416015625 -10.487349510192871 0.2
4.193210124969482 -1.3902511596679688 -10.44904899597168 0.2
4.128220081329346 -1.2599525451660156 -10.30674934387207 0.2
3.9300432205200195 -1.2731513977050781 -10.25844955444336 0.2
3.7723283767700195 -1.3906517028808594 -10.326449394226074 0.2
3.7311651706695557 -1.5758514404296875 -10.424149513244629 0.2
3.796534299850464 -1.7722511291503906 -10.458748817443848 0.2
3.8843741416931152 -1.9586524963378906 -10.422348976135254 0.2
3.8878672122955322 -2.0891494750976562 -10.262049674987793 0.2
3.719656229019165 -2.0993499755859375 -10.150949478149414 0.2
3.5363383293151855 -2.0135498046875 -10.196649551391602 0.2
3.4452321529388428 -1.8739509582519531 -10.328049659729004 0.2
3.4720301628112793 -1.6920509338378906 -10.430549621582031 0.2
3.550480365753174 -1.501251220703125 -10.469149589538574 0.2
3.597623348236084 -1.3177490234375 -10.381548881530762 0.2
3.4731192588806152 -1.2314491271972656 -10.248449325561523 0.2
3.2747232913970947 -1.2891502380371094 -10.243948936462402 0.2
3.149454116821289 -1.433349609375 -10.332049369812012 0.2
3.151524305343628 -1.6297492980957031 -10.411048889160156 0.2
3.232166290283203 -1.8229522705078125 -10.42724895477295 0.2
3.3128092288970947 -1.99945068359375 -10.349349021911621 0.2
3.261998176574707 -2.093952178955078 -10.175949096679688 0.2
3.0688884258270264 -2.0649490356445312 -10.116349220275879 0.2
2.904630184173584 -1.9614524841308594 -10.193948745727539 0.2
2.851506233215332 -1.8040504455566406 -10.32754898071289 0.2
2.9014272689819336 -1.6176490783691406 -10.410348892211914 0.2
2.9812936782836914 -1.4237518310546875 -10.419149398803711 0.2
2.984837532043457 -1.2607498168945312 -10.293048858642578 0.2
2.81313419342041 -1.2284507751464844 -10.190749168395996 0.2
2.628024101257324 -1.3211517333984375 -10.216249465942383 0.2
2.5423452854156494 -1.4909515380859375 -10.310548782348633 0.2
2.5810611248016357 -1.6902503967285156 -10.366148948669434 0.2
2.670668125152588 -1.8805503845214844 -10.362749099731445 0.2
2.731135129928589 -2.0365524291992188 -10.240249633789062 0.2
2.6201682090759277 -2.0868492126464844 -10.079449653625488 0.2
2.422802209854126 -2.0264511108398438 -10.066049575805664 0.2
2.2858471870422363 -1.9073524475097656 -10.17074966430664 0.2
2.2685561180114746 -1.7359504699707031 -10.295248985290527 0.2
2.3325181007385254 -1.547149658203125 -10.362149238586426 0.2
2.404672145843506 -1.353851318359375 -10.331149101257324 0.2
2.3469743728637695 -1.2235488891601562 -10.185749053955078 0.2
2.152268171310425 -1.2412490844726562 -10.125848770141602 0.2
1.9944602251052856 -1.3640518188476562 -10.184049606323242 0.2
1.9529602527618408 -1.5530509948730469 -10.274748802185059 0.2
2.018301248550415 -1.7500495910644531 -10.306448936462402 0.2
2.1112191677093506 -1.9343490600585938 -10.270949363708496 0.2
2.1308891773223877 -2.0611495971679688 -10.108348846435547 0.2
1.9716202020645142 -2.074249267578125 -9.9850492477417 0.2
1.7826201915740967 -1.9961509704589844 -10.02134895324707 0.2
1.6799201965332031 -1.8646507263183594 -10.152249336242676 0.2
1.695640206336975 -1.6859512329101562 -10.26314926147461 0.2
1.7658902406692505 -1.4944496154785156 -10.313249588012695 0.2
1.815270185470581 -1.305450439453125 -10.238849639892578 0.2
1.6995502710342407 -1.2117500305175781 -10.10254955291748 0.2
1.50186026096344 -1.2694511413574219 -10.087248802185059 0.2
1.3744702339172363 -1.4166488647460938 -10.166949272155762 0.2
1.3752702474594116 -1.61505126953125 -10.241748809814453 0.2
1.4582902193069458 -1.8076515197753906 -10.25464916229248 0.2
1.546930193901062 -1.98175048828125 -10.179149627685547 0.2
1.51127028465271 -2.0782508850097656 -10.002449035644531 0.2
1.3202502727508545 -2.0592498779296875 -9.933849334716797 0.2
1.1482902765274048 -1.9662513732910156 -10.008049011230469 0.2
1.0840402841567993 -1.8168525695800781 -10.146149635314941 0.2
1.1242802143096924 -1.6315498352050781 -10.236749649047852 0.2
1.1976802349090576 -1.4357490539550781 -10.258149147033691 0.2
1.2071802616119385 -1.2640495300292969 -10.143448829650879 0.2
1.0414602756500244 -1.2236518859863281 -10.035149574279785 0.2
0.8563201427459717 -1.317352294921875 -10.054348945617676 0.2
0.7683303356170654 -1.488250732421875 -10.143949508666992 0.2
0.806110143661499 -1.6886520385742188 -10.197149276733398 0.2
0.8996102809906006 -1.8771514892578125 -10.1927490234375 0.2
0.9702203273773193 -2.0333518981933594 -10.075549125671387 0.2
0.8724303245544434 -2.0915489196777344 -9.908549308776855 0.2
0.6730902194976807 -2.042449951171875 -9.886649131774902 0.2
0.5264201164245605 -1.9325523376464844 -9.988248825073242 0.2
0.49650025367736816 -1.76605224609375 -10.117049217224121 0.2
0.5530502796173096 -1.577850341796875 -10.191948890686035 0.2
0.6214802265167236 -1.3813514709472656 -10.174849510192871 0.2
0.5723702907562256 -1.2433509826660156 -10.032548904418945 0.2
0.3826301097869873 -1.2587509155273438 -9.958549499511719 0.2
0.22256016731262207 -1.3847503662109375 -10.001749038696289 0.2
0.17675018310546875 -1.5770492553710938 -10.082749366760254 0.2
0.2431201934814453 -1.7738494873046875 -10.113849639892578 0.2
0.34144020080566406 -1.9562492370605469 -10.082749366760254 0.2
0.37675023078918457 -2.0799522399902344 -9.920449256896973 0.2
0.23122024536132812 -2.0918502807617188 -9.780549049377441 0.2
0.03809022903442383 -2.0167503356933594 -9.794349670410156 0.2
-0.08062982559204102 -1.887451171875 -9.913949012756348 0.2
-0.07733988761901855 -1.71044921875 -10.028149604797363 0.2
-0.014989852905273438 -1.5192489624023438 -10.088849067687988 0.2
0.03539013862609863 -1.3280525207519531 -10.020049095153809 0.2
-0.07370972633361816 -1.2384490966796875 -9.876349449157715 0.2
-0.2667996883392334 -1.3049507141113281 -9.843949317932129 0.2
-0.392819881439209 -1.461151123046875 -9.907149314880371 0.2
-0.38951969146728516 -1.6637496948242188 -9.970648765563965 0.2
-0.30513978004455566 -1.8560523986816406 -9.980149269104004 0.2
-0.20625972747802734 -2.0235519409179688 -9.90204906463623 0.2
-0.22703981399536133 -2.1104507446289062 -9.718449592590332 0.2
-0.41374969482421875 -2.0915489196777344 -9.63814926147461 0.2
-0.593059778213501 -2.0066490173339844 -9.704349517822266 0.2
-0.6682698726654053 -1.8664512634277344 -9.846549034118652 0.2
-0.638779878616333 -1.6847496032714844 -9.94844913482666 0.2
-0.5730297565460205 -1.488250732421875 -9.984148979187012 0.2
-0.5616598129272461 -1.3086509704589844 -9.88184928894043 0.2
-0.7242598533630371 -1.2623519897460938 -9.771449089050293 0.2
-0.9078998565673828 -1.3598518371582031 -9.784149169921875 0.2
-0.9940595626831055 -1.5350494384765625 -9.866249084472656 0.2
-0.9532196521759033 -1.7368507385253906 -9.91244888305664 0.2
-0.854069709777832 -1.9222488403320312 -9.900749206542969 0.2
-0.7747597694396973 -2.073650360107422 -9.782448768615723 0.2
-0.8635897636413574 -2.135150909423828 -9.611349105834961 0.2
-1.0651097297668457 -2.0982513427734375 -9.588449478149414 0.2
-1.2178897857666016 -2.001850128173828 -9.693849563598633 0.2
-1.2570996284484863 -1.8439521789550781 -9.831549644470215 0.2
-1.2090997695922852 -1.6568489074707031 -9.914448738098145 0.2
-1.1477599143981934 -1.4568519592285156 -9.911249160766602 0.2
-1.195469856262207 -1.3082504272460938 -9.778749465942383 0.2
-1.384169578552246 -1.319549560546875 -9.702949523925781 0.2
-1.5417399406433105 -1.4494514465332031 -9.743549346923828 0.2
-1.5849599838256836 -1.6437492370605469 -9.821249008178711 0.2
-1.5141196250915527 -1.8398513793945312 -9.8462495803833 0.2
-1.4098296165466309 -2.0185508728027344 -9.811948776245117 0.2
-1.365419864654541 -2.14215087890625 -9.651349067687988 0.2
-1.505579948425293 -2.1637496948242188 -9.50744915008545 0.2
-1.7031097412109375 -2.1017494201660156 -9.521649360656738 0.2
-1.8309497833251953 -1.9851493835449219 -9.644449234008789 0.2
-1.8375396728515625 -1.8134498596191406 -9.766348838806152 0.2
-1.7819595336914062 -1.62335205078125 -9.836548805236816 0.2
-1.736259937286377 -1.4259490966796875 -9.78334903717041 0.2
-1.8408899307250977 -1.326751708984375 -9.64224910736084 0.2
-2.0318498611450195 -1.3937492370605469 -9.602449417114258 0.2
-2.156749725341797 -1.5546493530273438 -9.656148910522461 0.2
-2.153979778289795 -1.759552001953125 -9.710049629211426 0.2
-2.0653796195983887 -1.9500503540039062 -9.715349197387695 0.2
-1.9585599899291992 -2.1134490966796875 -9.639348983764648 0.2
-1.959519863128662 -2.1931495666503906 -9.450949668884277 0.2
-2.134119987487793 -2.1731491088867188 -9.3462495803833 0.2
-2.3227996826171875 -2.093250274658203 -9.387649536132812 0.2
-2.418689727783203 -1.9591522216796875 -9.522849082946777 0.2
-2.401319980621338 -1.78375244140625 -9.637248992919922 0.2
-2.34352970123291 -1.5881500244140625 -9.688149452209473 0.2
-2.32919979095459 -1.4064521789550781 -9.589749336242676 0.2
-2.481879711151123 -1.3693504333496094 -9.462749481201172 0.2
-2.6588797569274902 -1.4786491394042969 -9.446949005126953 0.2
-2.741759777069092 -1.6661491394042969 -9.502049446105957 0.2
-2.697089672088623 -1.8700523376464844 -9.53174877166748 0.2
-2.5938096046447754 -2.0527496337890625 -9.514849662780762 0.2
-2.496119976043701 -2.185649871826172 -9.388349533081055 0.2
-2.5677895545959473 -2.225250244140625 -9.203749656677246 0.2
-2.766429901123047 -2.1852493286132812 -9.16304874420166 0.2
-2.9312796592712402 -2.099151611328125 -9.258249282836914 0.2
-2.9865899085998535 -1.9534492492675781 -9.403948783874512 0.2
-2.9548797607421875 -1.7722511291503906 -9.505748748779297 0.2
-2.899019718170166 -1.5715522766113281 -9.524148941040039 0.2
-2.9350199699401855 -1.4133491516113281 -9.399148941040039 0.2
-3.116179943084717 -1.4209518432617188 -9.307048797607422 0.2
-3.2733097076416016 -1.5557518005371094 -9.32914924621582 0.2
-3.3186898231506348 -1.7543525695800781 -9.39384937286377 0.2
-3.2459497451782227 -1.9507522583007812 -9.41054916381836 0.2
-3.1339497566223145 -2.123950958251953 -9.372249603271484 0.2
-3.0708799362182617 -2.239551544189453 -9.211149215698242 0.2
-3.1979899406433105 -2.2654495239257812 -9.05674934387207 0.2
-3.3997297286987305 -2.2184524536132812 -9.066848754882812 0.2
-3.5392699241638184 -2.119152069091797 -9.191349029541016 0.2
-3.562239646911621 -1.9569511413574219 -9.32444953918457 0.2
-3.5187997817993164 -1.7696495056152344 -9.409249305725098 0.2
-3.4750499725341797 -1.5669517517089844 -9.379149436950684 0.2
-3.5657496452331543 -1.4527511596679688 -9.238948822021484 0.2
-3.7528295516967773 -1.5148506164550781 -9.180048942565918 0.2
-3.881389617919922 -1.6769523620605469 -9.218149185180664 0.2
-3.8831896781921387 -1.8830490112304688 -9.268049240112305 0.2
-3.790329933166504 -2.071552276611328 -9.273249626159668 0.2
-3.674929618835449 -2.232349395751953 -9.20414924621582 0.2
-3.6570396423339844 -2.3147506713867188 -9.017449378967285 0.2
-3.824319839477539 -2.3058509826660156 -8.901350021362305 0.2
-4.019059658050537 -2.2379493713378906 -8.934648513793945 0.2
-4.131139755249023 -2.1131515502929688 -9.066049575805664 0.2
-4.127409934997559 -1.9406509399414062 -9.185648918151855 0.2
-4.078249931335449 -1.7467498779296875 -9.25054931640625 0.2
-4.055299758911133 -1.5580520629882812 -9.167749404907227 0.2
-4.19072961807251 -1.5094490051269531 -9.026449203491211 0.2
-4.365279674530029 -1.6164512634277344 -8.988749504089355 0.2
-4.457189559936523 -1.80364990234375 -9.027849197387695 0.2
-4.419259548187256 -2.0084495544433594 -9.05674934387207 0.2
-4.314969539642334 -2.1912498474121094 -9.05044937133789 0.2
-4.201359748840332 -2.3252525329589844 -8.939849853515625 0.2
-4.234569549560547 -2.3606491088867188 -8.743049621582031 0.2
-4.415499687194824 -2.3180503845214844 -8.651948928833008 0.2
-4.598389625549316 -2.230449676513672 -8.701848983764648 0.2
-4.679579734802246 -2.0862503051757812 -8.835248947143555 0.2
-4.661019802093506 -1.911651611328125 -8.95064926147461 0.2
-4.607749938964844 -1.7114524841308594 -8.979449272155762 0.2
-4.625919818878174 -1.5567512512207031 -8.847848892211914 0.2
-4.786619663238525 -1.5745506286621094 -8.723548889160156 0.2
-4.937739849090576 -1.716949462890625 -8.70724868774414 0.2
-4.983109951019287 -1.9224510192871094 -8.743949890136719 0.2
-4.911109924316406 -2.1193504333496094 -8.75724983215332 0.2
-4.791369915008545 -2.2880516052246094 -8.723649978637695 0.2
-4.702229976654053 -2.3816490173339844 -8.561649322509766 0.2
-4.808389663696289 -2.386951446533203 -8.390249252319336 0.2
-5.008589744567871 -2.335052490234375 -8.370948791503906 0.2
-5.16471004486084 -2.2396507263183594 -8.477348327636719 0.2
-5.207099914550781 -2.0839500427246094 -8.613248825073242 0.2
-5.179969787597656 -1.9008522033691406 -8.712749481201172 0.2
-5.132140159606934 -1.6972503662109375 -8.696649551391602 0.2
-5.204779624938965 -1.578948974609375 -8.550249099731445 0.2
-5.381949424743652 -1.6408500671386719 -8.466049194335938 0.2
-5.511929512023926 -1.8055496215820312 -8.480749130249023 0.2
-5.51731014251709 -2.0138511657714844 -8.519948959350586 0.2
-5.4232892990112305 -2.2016525268554688 -8.526350021362305 0.2
-5.297359466552734 -2.3576507568359375 -8.46514892578125 0.2
-5.252799987792969 -2.4324493408203125 -8.279348373413086 0.2
-5.402549743652344 -2.4238510131835938 -8.141048431396484 0.2
-5.602350234985352 -2.363250732421875 -8.147249221801758 0.2
-5.732919692993164 -2.2466506958007812 -8.268548965454102 0.2
-5.74629020690918 -2.0786514282226562 -8.393949508666992 0.2
-5.707980155944824 -1.8861503601074219 -8.469749450683594 0.2
-5.680419921875 -1.6931495666503906 -8.397748947143555 0.2
-5.80443000793457 -1.639251708984375 -8.248249053955078 0.2
-5.974780082702637 -1.7454490661621094 -8.192649841308594 0.2
-6.067230224609375 -1.9341506958007812 -8.219749450683594 0.2
-6.027609825134277 -2.139049530029297 -8.247148513793945 0.2
-5.918279647827148 -2.319049835205078 -8.24424934387207 0.2
-5.792840003967285 -2.449451446533203 -8.142049789428711 0.2
-5.809639930725098 -2.4864501953125 -7.943550109863281 0.2
-5.987639427185059 -2.4518508911132812 -7.844249725341797 0.2
-6.176849365234375 -2.3741493225097656 -7.886449813842773 0.2
-6.272729873657227 -2.2352523803710938 -8.016048431396484 0.2
-6.2649993896484375 -2.0587501525878906 -8.130149841308594 0.2
-6.218999862670898 -1.8570518493652344 -8.164548873901367 0.2
-6.238929748535156 -1.6961517333984375 -8.040048599243164 0.2
-6.399569511413574 -1.7049522399902344 -7.913549423217773 0.2
-6.556089401245117 -1.8405494689941406 -7.8876495361328125 0.2
-6.602069854736328 -2.044952392578125 -7.917449951171875 0.2
-6.523089408874512 -2.238750457763672 -7.935449600219727 0.2
-6.401100158691406 -2.4088516235351562 -7.919048309326172 0.2
-6.284629821777344 -2.507549285888672 -7.777948379516602 0.2
-6.328370094299316 -2.5109519958496094 -7.5780487060546875 0.2
-6.49683952331543 -2.4594497680664062 -7.467948913574219 0.2
-6.67494010925293 -2.3595504760742188 -7.518449783325195 0.2
-6.73390007019043 -2.2043495178222656 -7.647449493408203 0.2
-6.710269927978516 -2.0216522216796875 -7.748748779296875 0.2
-6.6683197021484375 -1.8156509399414062 -7.7189483642578125 0.2
-6.754759788513184 -1.7142524719238281 -7.567850112915039 0.2
-6.925509452819824 -1.7798500061035156 -7.468448638916016 0.2
-7.047100067138672 -1.9507522583007812 -7.456048965454102 0.2
-7.023499488830566 -2.1579513549804688 -7.4772491455078125 0.2
-6.920479774475098 -2.3412513732910156 -7.488948822021484 0.2
-6.778689384460449 -2.4878501892089844 -7.440349578857422 0.2
-6.685850143432617 -2.5349502563476562 -7.262248992919922 0.2
-6.760899543762207 -2.504650115966797 -7.070249557495117 0.2
-6.935549736022949 -2.4323501586914062 -6.986549377441406 0.2
-7.0839996337890625 -2.3145523071289062 -7.083349227905273 0.2
-7.110300064086914 -2.1523513793945312 -7.214649200439453 0.2
-7.072299957275391 -1.9566497802734375 -7.286149978637695 0.2
-7.059000015258789 -1.7650489807128906 -7.204948425292969 0.2
-7.194499969482422 -1.720550537109375 -7.057649612426758 0.2
-7.364699363708496 -1.8159523010253906 -6.981748580932617 0.2
-7.445300102233887 -2.009052276611328 -6.992948532104492 0.2
-7.381699562072754 -2.207550048828125 -7.0202484130859375 0.2
-7.264599800109863 -2.3829498291015625 -7.025548934936523 0.2
-7.126199722290039 -2.501750946044922 -6.925548553466797 0.2
-7.094799995422363 -2.5222511291503906 -6.721948623657227 0.2
-7.20259952545166 -2.4842491149902344 -6.547649383544922 0.2
-7.388299942016602 -2.3954505920410156 -6.53904914855957 0.2
-7.484799385070801 -2.2537498474121094 -6.665849685668945 0.2
-7.480599403381348 -2.0792503356933594 -6.783349990844727 0.2
-7.429599761962891 -1.873748779296875 -6.800849914550781 0.2
-7.455900192260742 -1.7268524169921875 -6.661048889160156 0.2
-7.596399307250977 -1.7236518859863281 -6.506349563598633 0.2
-7.747900009155273 -1.8496513366699219 -6.442850112915039 0.2
-7.775699615478516 -2.0553512573242188 -6.471248626708984 0.2
-7.695899963378906 -2.2475509643554688 -6.503549575805664 0.2
-7.573200225830078 -2.416351318359375 -6.483249664306641 0.2
-7.444899559020996 -2.4995498657226562 -6.339149475097656 0.2
-7.420100212097168 -2.504352569580078 -6.13224983215332 0.2
-7.552800178527832 -2.447650909423828 -5.990749359130859 0.2
-7.719099998474121 -2.3352508544921875 -6.055049896240234 0.2
-7.769399642944336 -2.1759490966796875 -6.183649063110352 0.2
-7.7537994384765625 -1.9855499267578125 -6.272150039672852 0.2
-7.710199356079102 -1.7842521667480469 -6.220649719238281 0.2
-7.765999794006348 -1.6782493591308594 -6.052249908447266 0.2
-7.906099319458008 -1.7000503540039062 -5.9017486572265625 0.2
-8.026599884033203 -1.8669509887695312 -5.878049850463867 0.2
-8.000399589538574 -2.07135009765625 -5.917949676513672 0.2
-7.908199310302734 -2.2592506408691406 -5.94114875793457 0.2
-7.772099494934082 -2.4076499938964844 -5.878950119018555 0.2
-7.666500091552734 -2.465850830078125 -5.70734977722168 0.2
-7.691499710083008 -2.4602508544921875 -5.501949310302734 0.2
-7.86769962310791 -2.3907508850097656 -5.431249618530273 0.2
-7.991799354553223 -2.2567520141601562 -5.537349700927734 0.2
-8.015299797058105 -2.0822525024414062 -5.6535491943359375 0.2
-7.986299514770508 -1.8786506652832031 -5.705148696899414 0.2
-7.950399398803711 -1.6938514709472656 -5.610349655151367 0.2
-8.006799697875977 -1.6050491333007812 -5.429349899291992 0.2
-8.146299362182617 -1.6629524230957031 -5.292148590087891 0.2
-8.225299835205078 -1.8551521301269531 -5.301948547363281 0.2
-8.170999526977539 -2.0552520751953125 -5.341650009155273 0.2
-8.066999435424805 -2.2383499145507812 -5.346549987792969 0.2
-7.9250993728637695 -2.3623504638671875 -5.248649597167969 0.2
-7.849699974060059 -2.4048500061035156 -5.057649612426758 0.2
-7.928500175476074 -2.3865509033203125 -4.870248794555664 0.2
-8.113399505615234 -2.2982521057128906 -4.87394905090332 0.2
-8.198399543762207 -2.1461524963378906 -4.9967498779296875 0.2
-8.203100204467773 -1.9620513916015625 -5.099449157714844 0.2
-8.166299819946289 -1.7521514892578125 -5.10584831237793 0.2
-8.187799453735352 -1.6047515869140625 -4.962148666381836 0.2
-8.310699462890625 -1.5844497680664062 -4.793849945068359 0.2
-8.461899757385254 -1.7074508666992188 -4.72974967956543 0.2
-8.486599922180176 -1.9118499755859375 -4.774148941040039 0.2
-8.40269947052002 -2.1019515991210938 -4.809450149536133 0.2
-8.282999992370605 -2.2743492126464844 -4.792549133300781 0.2
-8.163599967956543 -2.3777503967285156 -4.651849746704102 0.2
-8.156099319458008 -2.412151336669922 -4.44635009765625 0.2
-8.303899765014648 -2.385150909423828 -4.310249328613281 0.2
-8.472599983215332 -2.2761497497558594 -4.371648788452148 0.2
-8.519700050354004 -2.1052513122558594 -4.485748291015625 0.2
-8.513899803161621 -1.9119491577148438 -4.569849014282227 0.2
-8.471199989318848 -1.7062492370605469 -4.530248641967773 0.2
-8.49389934539795 -1.5873489379882812 -4.361949920654297 0.2
-8.609299659729004 -1.5976524353027344 -4.190448760986328 0.2
-8.729899406433105 -1.761749267578125 -4.153848648071289 0.2
-8.7076997756958 -1.9668502807617188 -4.196849822998047 0.2
-8.612099647521973 -2.1529502868652344 -4.224248886108398 0.2
-8.473599433898926 -2.304149627685547 -4.167549133300781 0.2
-8.380499839782715 -2.3771514892578125 -3.994649887084961 0.2
-8.425299644470215 -2.3922500610351562 -3.7922496795654297 0.2
-8.60890007019043 -2.3358497619628906 -3.7250499725341797 0.2
-8.73289966583252 -2.1949501037597656 -3.8203487396240234 0.2
-8.761499404907227 -2.0150489807128906 -3.9277496337890625 0.2
-8.74429988861084 -1.8124504089355469 -3.987548828125 0.2
-8.694899559020996 -1.6240501403808594 -3.9045486450195312 0.2
-8.72700023651123 -1.5443496704101562 -3.7132492065429688 0.2
-8.840899467468262 -1.6101493835449219 -3.5555496215820312 0.2
-8.913299560546875 -1.8082504272460938 -3.552349090576172 0.2
-8.856200218200684 -2.0073509216308594 -3.5957489013671875 0.2
-8.743499755859375 -2.185649871826172 -3.6105499267578125 0.2
-8.597000122070312 -2.306549072265625 -3.5135498046875 0.2
-8.554699897766113 -2.3522491455078125 -3.3134498596191406 0.2
-8.661199569702148 -2.3398513793945312 -3.137248992919922 0.2
-8.847199440002441 -2.2462501525878906 -3.1422500610351562 0.2
-8.930999755859375 -2.0817489624023438 -3.2456493377685547 0.2
-8.95479965209961 -1.8965492248535156 -3.344949722290039 0.2
-8.916299819946289 -1.6891517639160156 -3.3712501525878906 0.2
-8.871500015258789 -1.5351524353027344 -3.2383499145507812 0.2
-8.913700103759766 -1.5036506652832031 -3.0355491638183594 0.2
-9.02139949798584 -1.6305503845214844 -2.9159488677978516 0.2
-9.045199394226074 -1.8413505554199219 -2.9370498657226562 0.2
-8.967100143432617 -2.0323524475097656 -2.9818496704101562 0.2
-8.8326997756958 -2.1967506408691406 -2.9771499633789062 0.2
-8.699600219726562 -2.2875518798828125 -2.841949462890625 0.2
-8.700599670410156 -2.3134498596191406 -2.634349822998047 0.2
-8.852700233459473 -2.2775497436523438 -2.503049850463867 0.2
-9.018400192260742 -2.1548500061035156 -2.5519485473632812 0.2
-9.07919979095459 -1.9792518615722656 -2.652149200439453 0.2
-9.095699310302734 -1.786651611328125 -2.7372493743896484 0.2
-9.03849983215332 -1.5822525024414062 -2.7178497314453125 0.2
-9.01729965209961 -1.4740524291992188 -2.5433483123779297 0.2
-9.083999633789062 -1.4997520446777344 -2.3475494384765625 0.2
-9.180500030517578 -1.66925048828125 -2.274250030517578 0.2
-9.164999961853027 -1.8769493103027344 -2.3115501403808594 0.2
-9.076099395751953 -2.063152313232422 -2.3577499389648438 0.2
-8.924599647521973 -2.2119522094726562 -2.33074951171875 0.2
-8.817500114440918 -2.2800521850585938 -2.166248321533203 0.2
-8.858399391174316 -2.286151885986328 -1.9612483978271484 0.2
-9.03179931640625 -2.2184524536132812 -1.8724498748779297 0.2
-9.163599967956543 -2.067249298095703 -1.9393501281738281 0.2
-9.213099479675293 -1.8866500854492188 -2.038349151611328 0.2
-9.208799362182617 -1.6856498718261719 -2.1064491271972656 0.2
-9.134900093078613 -1.5016517639160156 -2.036649703979492 0.2
-9.124699592590332 -1.4426498413085938 -1.8359489440917969 0.2
-9.194799423217773 -1.5169525146484375 -1.6547489166259766 0.2
-9.264699935913086 -1.7138519287109375 -1.6223487854003906 0.2
-9.225500106811523 -1.9164505004882812 -1.670949935913086 0.2
-9.12869930267334 -2.0998497009277344 -1.715250015258789 0.2
-8.963699340820312 -2.2272491455078125 -1.6705493927001953 0.2
-8.877099990844727 -2.2710494995117188 -1.485748291015625 0.2
-8.937299728393555 -2.2542495727539062 -1.2865486145019531 0.2
-9.114299774169922 -2.156452178955078 -1.2320499420166016 0.2
-9.223799705505371 -1.9908523559570312 -1.307149887084961 0.2
-9.271200180053711 -1.8076515197753906 -1.4025497436523438 0.2
-9.24269962310791 -1.6025505065917969 -1.4481487274169922 0.2
-9.162199974060059 -1.449951171875 -1.3335494995117188 0.2
-9.155200004577637 -1.4285507202148438 -1.1245498657226562 0.2
-9.229999542236328 -1.5420494079589844 -0.9693489074707031 0.2
-9.277599334716797 -1.7493515014648438 -0.9653491973876953 0.2
-9.23009967803955 -1.9474525451660156 -1.0221500396728516 0.2
-9.123600006103516 -2.126049041748047 -1.0629501342773438 0.2
-8.955100059509277 -2.2331504821777344 -0.9943485260009766 0.2
-8.88640022277832 -2.260051727294922 -0.7993488311767578 0.2
-8.967100143432617 -2.2226524353027344 -0.6133499145507812 0.2
-9.137299537658691 -2.1003494262695312 -0.5839500427246094 0.2
-9.227799415588379 -1.9266510009765625 -0.6639499664306641 0.2
-9.266399383544922 -1.7391510009765625 -0.7539501190185547 0.2
-9.207599639892578 -1.5351524353027344 -0.7709484100341797 0.2
-9.126399993896484 -1.4185523986816406 -0.6215496063232422 0.2
-9.127900123596191 -1.4329490661621094 -0.4118499755859375 0.2
-9.208499908447266 -1.5776519775390625 -0.28704833984375 0.2
-9.235599517822266 -1.7867507934570312 -0.308349609375 0.2
-9.184800148010254 -1.9830513000488281 -0.3699493408203125 0.2
-9.062299728393555 -2.153850555419922 -0.40474891662597656 0.2
-8.898599624633789 -2.2444496154785156 -0.31114959716796875 0.2
-8.848299980163574 -2.261749267578125 -0.10754966735839844 0.2
-8.949199676513672 -2.208251953125 0.06435012817382812 0.2
-9.108399391174316 -2.0676498413085938 0.06595039367675781 0.2
-9.185400009155273 -1.8886489868164062 -0.018749237060546875 0.2
-9.208600044250488 -1.6942520141601562 -0.10104942321777344 0.2
-9.126199722290039 -1.49945068359375 -0.08885002136230469 0.2
-9.052599906921387 -1.4194488525390625 0.08845138549804688 0.2
-9.067299842834473 -1.4645500183105469 0.2933502197265625 0.2
-9.154799461364746 -1.6319503784179688 0.38385009765625 0.2
-9.169899940490723 -1.8402519226074219 0.3446502685546875 0.2
-9.11769962310791 -2.0355491638183594 0.2798500061035156 0.2
-8.981499671936035 -2.197052001953125 0.25785064697265625 0.2
-8.833600044250488 -2.2737503051757812 0.38275146484375 0.2
-8.806499481201172 -2.280651092529297 0.5913505554199219 0.2
-8.932099342346191 -2.2031517028808594 0.7359504699707031 0.2
-9.071100234985352 -2.0427513122558594 0.7141513824462891 0.2
-9.132299423217773 -1.8606491088867188 0.6246509552001953 0.2
-9.126999855041504 -1.6608505249023438 0.5548515319824219 0.2
-9.019000053405762 -1.4909515380859375 0.6122512817382812 0.2
-8.956899642944336 -1.4540519714355469 0.8080501556396484 0.2
-8.992499351501465 -1.5343513488769531 0.9967498779296875 0.2
-9.07800006866455 -1.7208518981933594 1.0475502014160156 0.2
-9.077799797058105 -1.9258499145507812 0.9936504364013672 0.2
-9.016900062561035 -2.1183509826660156 0.9294509887695312 0.2
-8.860099792480469 -2.2614517211914062 0.9342498779296875 0.2
-8.736800193786621 -2.3188514709472656 1.0911502838134766 0.2
-8.742400169372559 -2.3069496154785156 1.2999515533447266 0.2
-8.886799812316895 -2.2002525329589844 1.4061508178710938 0.2
-8.997599601745605 -2.0264511108398438 1.3575515747070312 0.2
-9.04379940032959 -1.8410491943359375 1.2656517028808594 0.2
-8.996899604797363 -1.6390495300292969 1.2174510955810547 0.2
-8.877900123596191 -1.5076522827148438 1.3245506286621094 0.2
-8.835800170898438 -1.5108489990234375 1.5309505462646484 0.2
-8.894800186157227 -1.6252517700195312 1.6945514678955078 0.2
-8.96619987487793 -1.8246498107910156 1.7035503387451172 0.2
-8.954500198364258 -2.0262489318847656 1.6378517150878906 0.2
-8.870599746704102 -2.2121505737304688 1.5782508850097656 0.2
-8.703899383544922 -2.330852508544922 1.6247501373291016 0.2
-8.613699913024902 -2.3672523498535156 1.8115501403808594 0.2
-8.658199310302734 -2.3279495239257812 2.0110511779785156 0.2
-8.807999610900879 -2.1895523071289062 2.066751480102539 0.2
-8.892799377441406 -2.0085525512695312 1.9949512481689453 0.2
-8.91759967803955 -1.8172492980957031 1.906351089477539 0.2
-8.826399803161621 -1.6266517639160156 1.8931503295898438 0.2
-8.715399742126465 -1.544952392578125 2.0479507446289062 0.2
-8.695099830627441 -1.5822525024414062 2.254751205444336 0.2
-8.777199745178223 -1.7301521301269531 2.376649856567383 0.2
-8.827199935913086 -1.9352493286132812 2.3517513275146484 0.2
-8.80459976196289 -2.1335525512695312 2.279451370239258 0.2
-8.689000129699707 -2.3056488037109375 2.2355499267578125 0.2
-8.530900001525879 -2.3954505920410156 2.336151123046875 0.2
-8.474299430847168 -2.4089508056640625 2.538850784301758 0.2
-8.562699317932129 -2.3340492248535156 2.709850311279297 0.2
-8.698299407958984 -2.17034912109375 2.7177505493164062 0.2
-8.760899543762207 -1.987548828125 2.6305503845214844 0.2
-8.750499725341797 -1.7911491394042969 2.5534515380859375 0.2
-8.623799324035645 -1.6294517517089844 2.5929508209228516 0.2
-8.53279972076416 -1.5940513610839844 2.777650833129883 0.2
-8.543700218200684 -1.6648521423339844 2.9736499786376953 0.2
-8.635099411010742 -1.8398513793945312 3.0468502044677734 0.2
-8.662199974060059 -2.043651580810547 2.9956512451171875 0.2
-8.623099327087402 -2.2386512756347656 2.9224510192871094 0.2
-8.474499702453613 -2.3889503479003906 2.9129505157470703 0.2
-8.340499877929688 -2.4496498107910156 3.059751510620117 0.2
-8.320599555969238 -2.4354515075683594 3.268251419067383 0.2
-8.440199851989746 -2.321552276611328 3.395050048828125 0.2
-8.54699993133545 -2.1429519653320312 3.3586502075195312 0.2
-8.591599464416504 -1.9577522277832031 3.2652511596679688 0.2
-8.531000137329102 -1.7620506286621094 3.209951400756836 0.2
-8.39069938659668 -1.6436500549316406 3.3056507110595703 0.2
-8.32289981842041 -1.647552490234375 3.5055503845214844 0.2
-8.365599632263184 -1.754852294921875 3.67864990234375 0.2
-8.4468994140625 -1.9488525390625 3.7007503509521484 0.2
-8.458799362182617 -2.1496505737304688 3.632650375366211 0.2
-8.388999938964844 -2.3382492065429688 3.5647506713867188 0.2
-8.222700119018555 -2.4590492248535156 3.6028499603271484 0.2
-8.116199493408203 -2.4909515380859375 3.7821502685546875 0.2
-8.133099555969238 -2.4412498474121094 3.9838504791259766 0.2
-8.263099670410156 -2.291149139404297 4.054651260375977 0.2
-8.34589958190918 -2.1076507568359375 3.9872512817382812 0.2
-8.366600036621094 -1.9171524047851562 3.8960514068603516 0.2
-8.257299423217773 -1.7380523681640625 3.8745498657226562 0.2
-8.123000144958496 -1.6688499450683594 4.017950057983398 0.2
-8.075599670410156 -1.7051506042480469 4.220651626586914 0.2
-8.146200180053711 -1.8496513366699219 4.353851318359375 0.2
-8.2076997756958 -2.052051544189453 4.336151123046875 0.2
-8.20669937133789 -2.250652313232422 4.26045036315918 0.2
-8.098299980163574 -2.424449920654297 4.207651138305664 0.2
-7.932199478149414 -2.5098495483398438 4.299051284790039 0.2
-7.848599433898926 -2.513050079345703 4.493249893188477 0.2
-7.906700134277344 -2.4218521118164062 4.670051574707031 0.2
-8.026599884033203 -2.247852325439453 4.68855094909668 0.2
-8.093400001525879 -2.0649490356445312 4.60365104675293 0.2
-8.076099395751953 -1.8713493347167969 4.521150588989258 0.2
-7.929200172424316 -1.7260513305664062 4.547250747680664 0.2
-7.807499885559082 -1.698150634765625 4.716550827026367 0.2
-7.788399696350098 -1.7676506042480469 4.912351608276367 0.2
-7.870599746704102 -1.941650390625 4.998849868774414 0.2
-7.914299964904785 -2.1440505981445312 4.952051162719727 0.2
-7.893699645996094 -2.3406524658203125 4.8753509521484375 0.2
-7.746399879455566 -2.489551544189453 4.853151321411133 0.2
-7.592100143432617 -2.540752410888672 4.984550476074219 0.2
-7.534699440002441 -2.512451171875 5.184751510620117 0.2
-7.623000144958496 -2.381549835205078 5.32135009765625 0.2
-7.723799705505371 -2.1977500915527344 5.293251037597656 0.2
-7.7764997482299805 -2.012950897216797 5.202550888061523 0.2
-7.7074995040893555 -1.8246498107910156 5.1336517333984375 0.2
-7.542699813842773 -1.7213516235351562 5.205450057983398 0.2
-7.434000015258789 -1.7250518798828125 5.387451171875 0.2
-7.445899963378906 -1.8294525146484375 5.567350387573242 0.2
-7.52549934387207 -2.0218505859375 5.60515022277832 0.2
-7.560500144958496 -2.2227516174316406 5.543251037597656 0.2
-7.507299423217773 -2.41455078125 5.468851089477539 0.2
-7.336199760437012 -2.5329513549804688 5.487751007080078 0.2
-7.198299407958984 -2.5550498962402344 5.647251129150391 0.2
-7.172599792480469 -2.491851806640625 5.845050811767578 0.2
-7.276899337768555 -2.3293495178222656 5.929651260375977 0.2
-7.3625993728637695 -2.1436500549316406 5.870050430297852 0.2
-7.39069938659668 -1.9541511535644531 5.777151107788086 0.2
-7.274099349975586 -1.7850494384765625 5.730649948120117 0.2
-7.109199523925781 -1.7211494445800781 5.843151092529297 0.2
-7.018499374389648 -1.7530517578125 6.041250228881836 0.2
-7.073800086975098 -1.9047508239746094 6.191551208496094 0.2
-7.144899368286133 -2.117351531982422 6.176750183105469 0.2
-7.157599449157715 -2.328948974609375 6.100851058959961 0.2
-7.026999473571777 -2.5022506713867188 6.052949905395508 0.2
-6.847720146179199 -2.5616493225097656 6.16925048828125 0.2
-6.76039981842041 -2.527149200439453 6.372251510620117 0.2
-6.836030006408691 -2.3764495849609375 6.514551162719727 0.2
-6.934569358825684 -2.1778488159179688 6.477750778198242 0.2
-6.98013973236084 -1.9796524047851562 6.379850387573242 0.2
-6.8747100830078125 -1.7963523864746094 6.311851501464844 0.2
-6.692879676818848 -1.7230491638183594 6.4154510498046875 0.2
