-6.404699325561523 -5.644950866699219 6.674650192260742 0.2
-6.370849609375 -5.70574951171875 6.861551284790039 0.2
-6.449759483337402 -5.861652374267578 6.961250305175781 0.2
-6.513440132141113 -6.050849914550781 6.929450988769531 0.2
-6.531869888305664 -6.239551544189453 6.858951568603516 0.2
-6.432159423828125 -6.407249450683594 6.806449890136719 0.2
-6.26686954498291 -6.486949920654297 6.882951736450195 0.2
-6.159389495849609 -6.485252380371094 7.054052352905273 0.2
-6.168489456176758 -6.394752502441406 7.230749130249023 0.2
-6.262529373168945 -6.222049713134766 7.274850845336914 0.2
-6.32703971862793 -6.041450500488281 7.208150863647461 0.2
-6.334380149841309 -5.858348846435547 7.121450424194336 0.2
-6.208209991455078 -5.706550598144531 7.083349227905273 0.2
-6.049249649047852 -5.651851654052734 7.191850662231445 0.2
-5.958580017089844 -5.677150726318359 7.379049301147461 0.2
-6.0052900314331055 -5.805850982666016 7.537851333618164 0.2
-6.088069915771484 -6.002250671386719 7.54265022277832 0.2
-6.128079414367676 -6.2010498046875 7.474149703979492 0.2
-6.058209419250488 -6.389652252197266 7.40715217590332 0.2
-5.8829193115234375 -6.489349365234375 7.462549209594727 0.2
-5.755760192871094 -6.494049072265625 7.633649826049805 0.2
-5.751460075378418 -6.402751922607422 7.821550369262695 0.2
-5.846039772033691 -6.2196502685546875 7.872350692749023 0.2
-5.913089752197266 -6.030448913574219 7.799051284790039 0.2
-5.9097700119018555 -5.838550567626953 7.70734977722168 0.2
-5.758389472961426 -5.694549560546875 7.687051773071289 0.2
-5.598509788513184 -5.656749725341797 7.820451736450195 0.2
-5.528019905090332 -5.699851989746094 8.01515007019043 0.2
-5.59391975402832 -5.849151611328125 8.148050308227539 0.2
-5.669849395751953 -6.047351837158203 8.128149032592773 0.2
-5.700989723205566 -6.246349334716797 8.056852340698242 0.2
-5.599069595336914 -6.424049377441406 8.002450942993164 0.2
-5.421710014343262 -6.499549865722656 8.085050582885742 0.2
-5.304929733276367 -6.486751556396484 8.263250350952148 0.2
-5.319919586181641 -6.372650146484375 8.437952041625977 0.2
-5.411330223083496 -6.182552337646484 8.456750869750977 0.2
-5.474259376525879 -5.994049072265625 8.376150131225586 0.2
-5.446199417114258 -5.804050445556641 8.284151077270508 0.2
-5.276869773864746 -5.680549621582031 8.28645133972168 0.2
-5.119699478149414 -5.659149169921875 8.434652328491211 0.2
-5.064199447631836 -5.7272491455078125 8.639348983764648 0.2
-5.14447021484375 -5.90985107421875 8.737150192260742 0.2
-5.2181901931762695 -6.118949890136719 8.690450668334961 0.2
-5.213899612426758 -6.329250335693359 8.610551834106445 0.2
-5.046159744262695 -6.472049713134766 8.595949172973633 0.2
-4.868049621582031 -6.492351531982422 8.732049942016602 0.2
-4.776589870452881 -6.398250579833984 8.915349960327148 0.2
-4.832489967346191 -6.197650909423828 8.989850997924805 0.2
-4.9334397315979 -5.9996490478515625 8.943052291870117 0.2
-4.945239543914795 -5.800048828125 8.843252182006836 0.2
-4.769599914550781 -5.688751220703125 8.768251419067383 0.2
-4.557919979095459 -5.740749359130859 8.737749099731445 0.2
-4.490469932556152 -5.91815185546875 8.644651412963867 0.2
-4.563429832458496 -6.114452362060547 8.598249435424805 0.2
-4.6474199295043945 -6.310352325439453 8.614652633666992 0.2
-4.632539749145508 -6.459251403808594 8.764249801635742 0.2
-4.494589805603027 -6.492252349853516 8.925352096557617 0.2
-4.300779819488525 -6.441150665283203 8.994352340698242 0.2
-4.179459571838379 -6.286151885986328 8.917749404907227 0.2
-4.219119548797607 -6.094249725341797 8.830450057983398 0.2
-4.305309772491455 -5.901149749755859 8.791952133178711 0.2
-4.358279705047607 -5.727649688720703 8.902250289916992 0.2
-4.260199546813965 -5.6571502685546875 9.076051712036133 0.2
-4.074519634246826 -5.6690521240234375 9.183149337768555 0.2
-3.9001898765563965 -5.784252166748047 9.156251907348633 0.2
-3.8887596130371094 -5.980751037597656 9.07335090637207 0.2
-3.9671196937561035 -6.177951812744141 9.032548904418945 0.2
-4.040489673614502 -6.366649627685547 9.101850509643555 0.2
-3.986419677734375 -6.464649200439453 9.280550003051758 0.2
-3.808729648590088 -6.46875 9.402250289916992 0.2
-3.6097397804260254 -6.3948516845703125 9.405550003051758 0.2
-3.5458197593688965 -6.223049163818359 9.298250198364258 0.2
-3.61868953704834 -6.030849456787109 9.229551315307617 0.2
-3.7046098709106445 -5.833549499511719 9.240251541137695 0.2
-3.6871795654296875 -5.684452056884766 9.39015007019043 0.2
-3.518439769744873 -5.642749786376953 9.516950607299805 0.2
-3.309619903564453 -5.680049896240234 9.550649642944336 0.2
-3.1948699951171875 -5.834449768066406 9.460248947143555 0.2
-3.246159553527832 -6.035549163818359 9.398950576782227 0.2
-3.335330009460449 -6.233150482177734 9.403249740600586 0.2
-3.350259780883789 -6.395149230957031 9.540250778198242 0.2
-3.2001495361328125 -6.445850372314453 9.684152603149414 0.2
-2.9902396202087402 -6.4212493896484375 9.730352401733398 0.2
-2.8408899307250977 -6.300251007080078 9.639852523803711 0.2
-2.8700098991394043 -6.109249114990234 9.544851303100586 0.2
-2.966169834136963 -5.916049957275391 9.515748977661133 0.2
-3.0085196495056152 -5.7281494140625 9.60944938659668 0.2
-2.87861967086792 -5.637950897216797 9.752649307250977 0.2
-2.6707496643066406 -5.630851745605469 9.816450119018555 0.2
-2.475459575653076 -5.7073516845703125 9.761751174926758 0.2
-2.4524898529052734 -5.904151916503906 9.654550552368164 0.2
-2.5501298904418945 -6.1114501953125 9.634950637817383 0.2
-2.6179699897766113 -6.312252044677734 9.714750289916992 0.2
-2.513929843902588 -6.418949127197266 9.881551742553711 0.2
-2.2957396507263184 -6.426250457763672 9.95155143737793 0.2
-2.096299648284912 -6.349250793457031 9.881952285766602 0.2
-2.0769896507263184 -6.162250518798828 9.757951736450195 0.2
-2.1704397201538086 -5.956851959228516 9.71245002746582 0.2
-2.2304296493530273 -5.746051788330078 9.76984977722168 0.2
-2.1094298362731934 -5.626049041748047 9.914751052856445 0.2
-1.883009910583496 -5.596549987792969 9.945451736450195 0.2
-1.6535897254943848 -5.582450866699219 9.943151473999023 0.2
-1.4393796920776367 -5.598548889160156 10.017049789428711 0.2
-1.4250898361206055 -5.705150604248047 10.21245002746582 0.2
-1.5840697288513184 -5.8594512939453125 10.27385139465332 0.2
-1.7577896118164062 -6.008750915527344 10.273252487182617 0.2
-1.9074296951293945 -6.178951263427734 10.242952346801758 0.2
-1.8791999816894531 -6.369548797607422 10.131952285766602 0.2
-1.6669197082519531 -6.440952301025391 10.103250503540039 0.2
-1.4568099975585938 -6.407649993896484 10.184450149536133 0.2
-1.3525199890136719 -6.244350433349609 10.303049087524414 0.2
-1.306539535522461 -6.020050048828125 10.319551467895508 0.2
-1.2545499801635742 -5.798648834228516 10.290849685668945 0.2
-1.1566495895385742 -5.634651184082031 10.173151016235352 0.2
-0.9663996696472168 -5.621051788330078 10.076150894165039 0.2
-0.7677798271179199 -5.699150085449219 10.111852645874023 0.2
-0.7356898784637451 -5.846050262451172 10.266550064086914 0.2
-0.882199764251709 -5.991649627685547 10.339750289916992 0.2
-1.0494399070739746 -6.128749847412109 10.354951858520508 0.2
-1.1710295677185059 -6.302051544189453 10.306451797485352 0.2
-1.088019847869873 -6.461750030517578 10.196050643920898 0.2
-0.8741698265075684 -6.484649658203125 10.205350875854492 0.2
-0.7144198417663574 -6.378551483154297 10.305051803588867 0.2
-0.6543998718261719 -6.1728515625 10.352949142456055 0.2
-0.6012496948242188 -5.963951110839844 10.321550369262695 0.2
-0.5067498683929443 -5.802150726318359 10.208349227905273 0.2
-0.316159725189209 -5.790149688720703 10.112051010131836 0.2
-0.1265697479248047 -5.87445068359375 10.161951065063477 0.2
-0.15541982650756836 -5.989551544189453 10.334051132202148 0.2
-0.3335096836090088 -6.115852355957031 10.374349594116211 0.2
-0.4786498546600342 -6.2774505615234375 10.374452590942383 0.2
-0.5414297580718994 -6.468452453613281 10.287050247192383 0.2
-0.4017798900604248 -6.60784912109375 10.209550857543945 0.2
-0.20404982566833496 -6.620948791503906 10.283552169799805 0.2
-0.17966985702514648 -6.464252471923828 10.428651809692383 0.2
-0.1921696662902832 -6.243450164794922 10.439451217651367 0.2
-0.05494976043701172 -6.064151763916016 10.463251113891602 0.2
-0.04001975059509277 -5.987049102783203 10.653951644897461 0.2
-0.24222970008850098 -5.961452484130859 10.717050552368164 0.2
-0.4112997055053711 -6.090251922607422 10.672849655151367 0.2
-0.3910398483276367 -6.3016510009765625 10.615850448608398 0.2
-0.28950977325439453 -6.488552093505859 10.572351455688477 0.2
-0.11348986625671387 -6.619850158691406 10.577352523803711 0.2
0.03009033203125 -6.65625 10.731550216674805 0.2
-0.04842972755432129 -6.631950378417969 10.929052352905273 0.2
-0.23114967346191406 -6.518451690673828 10.94795036315918 0.2
-0.3797597885131836 -6.371150970458984 10.888849258422852 0.2
-0.5139796733856201 -6.215549468994141 10.818750381469727 0.2
-0.5671696662902832 -6.024749755859375 10.733549118041992 0.2
-0.5061697959899902 -5.8164520263671875 10.696249008178711 0.2
-0.39680981636047363 -5.680950164794922 10.814352035522461 0.2
-0.3166496753692627 -5.791049957275391 10.981451034545898 0.2
-0.23538970947265625 -5.989749908447266 11.023550033569336 0.2
-0.15422987937927246 -6.190250396728516 11.038351058959961 0.2
-0.06531977653503418 -6.387950897216797 11.039751052856445 0.2
0.07768011093139648 -6.524951934814453 10.944150924682617 0.2
0.24175024032592773 -6.476348876953125 10.808549880981445 0.2
0.3232302665710449 -6.279651641845703 10.83234977722168 0.2
0.21642017364501953 -6.094348907470703 10.897851943969727 0.2
0.06738018989562988 -5.938751220703125 10.92194938659668 0.2
-0.08444976806640625 -5.784450531005859 10.934850692749023 0.2
-0.22403979301452637 -5.642650604248047 10.840551376342773 0.2
-0.1582796573638916 -5.539951324462891 10.665750503540039 0.2
0.049030303955078125 -5.481250762939453 10.655149459838867 0.2
0.22155022621154785 -5.506450653076172 10.780351638793945 0.2
0.29221034049987793 -5.670249938964844 10.90205192565918 0.2
0.36234021186828613 -5.874752044677734 10.924650192260742 0.2
0.43983030319213867 -6.077251434326172 10.919549942016602 0.2
0.49372029304504395 -6.277549743652344 10.850351333618164 0.2
0.6233301162719727 -6.379749298095703 10.710550308227539 0.2
0.8308601379394531 -6.360252380371094 10.661149978637695 0.2
0.9212801456451416 -6.229549407958984 10.79694938659668 0.2
0.8095803260803223 -6.0610504150390625 10.886850357055664 0.2
0.6742002964019775 -5.89324951171875 10.902151107788086 0.2
0.5386703014373779 -5.724849700927734 10.899850845336914 0.2
0.44425034523010254 -5.567150115966797 10.785051345825195 0.2
0.5627403259277344 -5.512752532958984 10.621450424194336 0.2
0.7761101722717285 -5.544349670410156 10.600149154663086 0.2
0.9825901985168457 -5.587852478027344 10.647451400756836 0.2
1.0856002569198608 -5.684452056884766 10.80775260925293 0.2
1.0583301782608032 -5.876750946044922 10.90205192565918 0.2
1.0376002788543701 -6.092250823974609 10.879949569702148 0.2
1.1571102142333984 -6.262550354003906 10.809049606323242 0.2
1.348960280418396 -6.284648895263672 10.89954948425293 0.2
1.4325002431869507 -6.1589508056640625 11.051950454711914 0.2
1.3800302743911743 -5.951148986816406 11.072649002075195 0.2
1.2882202863693237 -5.778251647949219 10.977949142456055 0.2
1.2908601760864258 -5.6394500732421875 10.812551498413086 0.2
1.4717901945114136 -5.586650848388672 10.715349197387695 0.2
1.6804602146148682 -5.593849182128906 10.773252487182617 0.2
1.7824102640151978 -5.662651062011719 10.947050094604492 0.2
1.716920256614685 -5.819049835205078 11.080350875854492 0.2
1.6206402778625488 -6.009449005126953 11.121850967407227 0.2
1.6290901899337769 -6.221851348876953 11.075551986694336 0.2
1.7992502450942993 -6.346752166748047 11.039449691772461 0.2
2.0039901733398438 -6.33795166015625 11.099248886108398 0.2
2.080336093902588 -6.160850524902344 11.189352035522461 0.2
2.0264062881469727 -5.953250885009766 11.159650802612305 0.2
1.9676202535629272 -5.7669525146484375 11.064950942993164 0.2
2.0335211753845215 -5.643650054931641 10.900850296020508 0.2
2.2370543479919434 -5.6181488037109375 10.836851119995117 0.2
2.44089937210083 -5.645050048828125 10.903051376342773 0.2
2.505709171295166 -5.764049530029297 11.077550888061523 0.2
2.4083101749420166 -5.949851989746094 11.168352127075195 0.2
2.2952451705932617 -6.148448944091797 11.18964958190918 0.2
2.3067312240600586 -6.356449127197266 11.101350784301758 0.2
2.5009140968322754 -6.455051422119141 11.038850784301758 0.2
2.7233431339263916 -6.439949035644531 11.083250045776367 0.2
2.8240163326263428 -6.26715087890625 11.184751510620117 0.2
2.7793021202087402 -6.042549133300781 11.178750991821289 0.2
2.7223572731018066 -5.831150054931641 11.10875129699707 0.2
2.7847232818603516 -5.6849517822265625 10.94795036315918 0.2
2.994224786758423 -5.656452178955078 10.861051559448242 0.2
3.1969492435455322 -5.725849151611328 10.783052444458008 0.2
3.231896162033081 -5.917751312255859 10.687349319458008 0.2
3.142590284347534 -6.116249084472656 10.700651168823242 0.2
3.0557308197021484 -6.306049346923828 10.764249801635742 0.2
3.100980043411255 -6.457752227783203 10.90894889831543 0.2
3.299396276473999 -6.507049560546875 10.979452133178711 0.2
3.5173611640930176 -6.5113525390625 10.964448928833008 0.2
3.7128121852874756 -6.476348876953125 10.877351760864258 0.2
3.757181167602539 -6.335552215576172 10.721952438354492 0.2
3.6733791828155518 -6.141151428222656 10.665151596069336 0.2
3.584756374359131 -5.940052032470703 10.663049697875977 0.2
3.6139283180236816 -5.744850158691406 10.748250961303711 0.2
3.807537317276001 -5.666351318359375 10.805150985717773 0.2
4.024120330810547 -5.678352355957031 10.773050308227539 0.2
4.156020164489746 -5.8034515380859375 10.65785026550293 0.2
4.119350433349609 -6.011852264404297 10.609350204467773 0.2
4.0308403968811035 -6.209651947021484 10.644948959350586 0.2
4.004863262176514 -6.397251129150391 10.751150131225586 0.2
4.158060073852539 -6.488552093505859 10.871450424194336 0.2
4.377429962158203 -6.491249084472656 10.866849899291992 0.2
4.551340103149414 -6.431949615478516 10.75214958190918 0.2
4.555930137634277 -6.267848968505859 10.611650466918945 0.2
4.464179992675781 -6.071449279785156 10.577352523803711 0.2
4.399920463562012 -5.863849639892578 10.603151321411133 0.2
4.502010345458984 -5.700550079345703 10.700151443481445 0.2
4.716820240020752 -5.66094970703125 10.713651657104492 0.2
4.914400100708008 -5.709049224853516 10.63475227355957 0.2
4.963290214538574 -5.885951995849609 10.521249771118164 0.2
4.883690357208252 -6.090549468994141 10.525651931762695 0.2
4.811420440673828 -6.286651611328125 10.593149185180664 0.2
4.891560077667236 -6.430950164794922 10.732149124145508 0.2
5.104510307312012 -6.459651947021484 10.769750595092773 0.2
5.304900169372559 -6.424449920654297 10.689050674438477 0.2
5.364320278167725 -6.289249420166016 10.531351089477539 0.2
5.28380012512207 -6.093250274658203 10.473749160766602 0.2
5.20589017868042 -5.887950897216797 10.487951278686523 0.2
5.279290199279785 -5.706851959228516 10.581048965454102 0.2
5.488960266113281 -5.648750305175781 10.603750228881836 0.2
5.700380325317383 -5.665248870849609 10.544252395629883 0.2
5.804759979248047 -5.813549041748047 10.412752151489258 0.2
5.739650249481201 -6.034549713134766 10.393548965454102 0.2
5.66441011428833 -6.243751525878906 10.462652206420898 0.2
5.754630088806152 -6.398151397705078 10.602651596069336 0.2
5.981719970703125 -6.429649353027344 10.627752304077148 0.2
6.1816301345825195 -6.384952545166016 10.523149490356445 0.2
6.211370468139648 -6.217151641845703 10.372049331665039 0.2
6.126930236816406 -6.003349304199219 10.333749771118164 0.2
6.09807014465332 -5.778850555419922 10.37714958190918 0.2
6.264349937438965 -5.644248962402344 10.454648971557617 0.2
6.49608039855957 -5.621452331542969 10.436349868774414 0.2
6.724590301513672 -5.614452362060547 10.398950576782227 0.2
6.9531402587890625 -5.609149932861328 10.36195182800293 0.2
7.18664026260376 -5.619449615478516 10.364751815795898 0.2
7.301959991455078 -5.714649200439453 10.532651901245117 0.2
7.183450222015381 -5.876049041748047 10.648149490356445 0.2
7.018440246582031 -6.032749176025391 10.69365119934082 0.2
6.862760543823242 -6.205852508544922 10.709051132202148 0.2
6.845430374145508 -6.397350311279297 10.59214973449707 0.2
7.042800426483154 -6.468952178955078 10.498651504516602 0.2
7.269420146942139 -6.433052062988281 10.528249740600586 0.2
7.3901801109313965 -6.258750915527344 10.618852615356445 0.2
7.44057035446167 -6.032051086425781 10.620649337768555 0.2
7.4868903160095215 -5.807949066162109 10.580949783325195 0.2
7.562920093536377 -5.6513519287109375 10.445951461791992 0.2
7.740780353546143 -5.648952484130859 10.31934928894043 0.2
7.941440105438232 -5.7319488525390625 10.333250045776367 0.2
7.987170219421387 -5.859352111816406 10.503652572631836 0.2
7.854250431060791 -6.010650634765625 10.594350814819336 0.2
7.702030181884766 -6.164649963378906 10.621049880981445 0.2
7.564920425415039 -6.334049224853516 10.603349685668945 0.2
7.572690010070801 -6.506252288818359 10.474550247192383 0.2
7.766700267791748 -6.582950592041016 10.421449661254883 0.2
7.961550235748291 -6.528652191162109 10.506551742553711 0.2
8.050140380859375 -6.340549468994141 10.579950332641602 0.2
8.090450286865234 -6.1264495849609375 10.587652206420898 0.2
8.136819839477539 -5.925350189208984 10.517351150512695 0.2
8.230880737304688 -5.894752502441406 10.329252243041992 0.2
8.373900413513184 -6.051952362060547 10.308149337768555 0.2
8.43047046661377 -6.238552093505859 10.406251907348633 0.2
8.341300010681152 -6.412250518798828 10.499750137329102 0.2
8.188770294189453 -6.561550140380859 10.545450210571289 0.2
8.042900085449219 -6.6932525634765625 10.456850051879883 0.2
8.046680450439453 -6.769050598144531 10.25465202331543 0.2
8.202720642089844 -6.721050262451172 10.119050979614258 0.2
8.330970764160156 -6.554050445556641 10.182352066040039 0.2
8.355020523071289 -6.3569488525390625 10.272550582885742 0.2
8.213150024414062 -6.185150146484375 10.278650283813477 0.2
7.998600006103516 -6.195549011230469 10.235452651977539 0.2
7.8191304206848145 -6.167449951171875 10.122549057006836 0.2
7.873640060424805 -6.003650665283203 10.032449722290039 0.2
8.073220252990723 -6.089649200439453 10.060552597045898 0.2
8.151960372924805 -6.297550201416016 10.060850143432617 0.2
8.215520858764648 -6.509151458740234 10.029951095581055 0.2
8.300960540771484 -6.584651947021484 9.850252151489258 0.2
8.439530372619629 -6.4322509765625 9.80164909362793 0.2
8.453290939331055 -6.241050720214844 9.905450820922852 0.2
8.323890686035156 -6.080951690673828 9.994951248168945 0.2
8.18021011352539 -5.935550689697266 10.065549850463867 0.2
7.983220100402832 -5.846649169921875 10.077852249145508 0.2
7.862840175628662 -5.758750915527344 9.927152633666992 0.2
7.978950023651123 -5.622348785400391 9.813352584838867 0.2
8.177200317382812 -5.55255126953125 9.856950759887695 0.2
8.321590423583984 -5.651950836181641 9.984251022338867 0.2
8.42340087890625 -5.842151641845703 10.005250930786133 0.2
8.51852035522461 -6.036251068115234 9.981950759887695 0.2
8.626399993896484 -6.219249725341797 9.915849685668945 0.2
8.814940452575684 -6.265949249267578 9.824552536010742 0.2
8.951430320739746 -6.107250213623047 9.845151901245117 0.2
8.849510192871094 -5.918552398681641 9.895151138305664 0.2
8.681170463562012 -5.782749176025391 9.903051376342773 0.2
8.504140853881836 -5.65625 9.900449752807617 0.2
8.356710433959961 -5.555351257324219 9.768449783325195 0.2
8.459060668945312 -5.49005126953125 9.596952438354492 0.2
8.672290802001953 -5.472751617431641 9.571249008178711 0.2
8.845069885253906 -5.538848876953125 9.674951553344727 0.2
8.945240020751953 -5.698749542236328 9.784849166870117 0.2
9.055780410766602 -5.8742523193359375 9.844049453735352 0.2
9.113490104675293 -6.081050872802734 9.852449417114258 0.2
9.13701057434082 -6.2561492919921875 9.728750228881836 0.2
9.245830535888672 -6.314949035644531 9.557352066040039 0.2
9.403230667114258 -6.175651550292969 9.532949447631836 0.2
9.369170188903809 -5.970550537109375 9.593851089477539 0.2
9.234029769897461 -5.8121490478515625 9.646951675415039 0.2
9.08064079284668 -5.66094970703125 9.658151626586914 0.2
9.010360717773438 -5.543651580810547 9.494050979614258 0.2
9.166669845581055 -5.545051574707031 9.354951858520508 0.2
9.372249603271484 -5.602352142333984 9.328451156616211 0.2
9.575340270996094 -5.6683502197265625 9.356752395629883 0.2
9.676630020141602 -5.8157501220703125 9.473451614379883 0.2
9.644020080566406 -6.023151397705078 9.525049209594727 0.2
9.5662202835083 -6.224449157714844 9.510351181030273 0.2
9.51338005065918 -6.388751983642578 9.38184928894043 0.2
9.651800155639648 -6.469951629638672 9.24315071105957 0.2
9.866010665893555 -6.465751647949219 9.236051559448242 0.2
9.98600959777832 -6.343952178955078 9.362051010131836 0.2
9.952859878540039 -6.147151947021484 9.446149826049805 0.2
9.881959915161133 -5.943851470947266 9.468751907348633 0.2
9.852700233459473 -5.747951507568359 9.382551193237305 0.2
9.985790252685547 -5.656452178955078 9.244550704956055 0.2
10.195150375366211 -5.673252105712891 9.195249557495117 0.2
10.34453010559082 -5.801952362060547 9.271749496459961 0.2
10.31273078918457 -5.9996490478515625 9.350751876831055 0.2
10.206159591674805 -6.187751770019531 9.357549667358398 0.2
10.144710540771484 -6.371952056884766 9.261449813842773 0.2
10.258689880371094 -6.482151031494141 9.119050979614258 0.2
10.470290184020996 -6.497749328613281 9.083650588989258 0.2
10.627679824829102 -6.3919525146484375 9.17664909362793 0.2
10.627679824829102 -6.1925506591796875 9.257349014282227 0.2
10.565940856933594 -5.986351013183594 9.27745246887207 0.2
10.529510498046875 -5.7893524169921875 9.19944953918457 0.2
10.635110855102539 -5.690052032470703 9.044649124145508 0.2
10.834720611572266 -5.692951202392578 8.962751388549805 0.2
11.022860527038574 -5.800750732421875 9.009851455688477 0.2
11.021860122680664 -5.9996490478515625 9.113550186157227 0.2
10.906440734863281 -6.191852569580078 9.155050277709961 0.2
10.809690475463867 -6.388648986816406 9.100549697875977 0.2
10.877700805664062 -6.521152496337891 8.935251235961914 0.2
11.08213996887207 -6.554149627685547 8.840551376342773 0.2
11.290929794311523 -6.4815521240234375 8.872549057006836 0.2
11.347129821777344 -6.283351898193359 8.959352493286133 0.2
11.290480613708496 -6.066551208496094 9.000650405883789 0.2
11.233759880065918 -5.8531494140625 8.954450607299805 0.2
11.288880348205566 -5.734352111816406 8.774652481079102 0.2
11.412890434265137 -5.767551422119141 8.586648941040039 0.2
11.38506031036377 -5.925849914550781 8.450052261352539 0.2
11.290520668029785 -6.119251251220703 8.46245002746582 0.2
11.211919784545898 -6.309452056884766 8.529550552368164 0.2
11.263660430908203 -6.491249084472656 8.624250411987305 0.2
11.459020614624023 -6.574451446533203 8.629549026489258 0.2
11.65011978149414 -6.577751159667969 8.52964973449707 0.2
11.751220703125 -6.501049041748047 8.360250473022461 0.2
11.705920219421387 -6.321449279785156 8.256452560424805 0.2
11.62522029876709 -6.123050689697266 8.27964973449707 0.2
11.5872802734375 -5.922351837158203 8.346052169799805 0.2
11.709720611572266 -5.767452239990234 8.422052383422852 0.2
11.912640571594238 -5.72344970703125 8.373151779174805 0.2
12.073909759521484 -5.751552581787109 8.234552383422852 0.2
12.097770690917969 -5.881549835205078 8.070749282836914 0.2
12.016890525817871 -6.077449798583984 8.044549942016602 0.2
11.936759948730469 -6.2691497802734375 8.103151321411133 0.2
11.948269844055176 -6.4602508544921875 8.197751998901367 0.2
12.121940612792969 -6.574150085449219 8.234251022338867 0.2
12.310689926147461 -6.592750549316406 8.133249282836914 0.2
12.424790382385254 -6.540950775146484 7.96135139465332 0.2
12.38621997833252 -6.382049560546875 7.827352523803711 0.2
12.305570602416992 -6.182750701904297 7.839349746704102 0.2
12.254389762878418 -5.983150482177734 7.90355110168457 0.2
12.341340065002441 -5.806049346923828 7.980451583862305 0.2
12.536450386047363 -5.735752105712891 7.937551498413086 0.2
12.695090293884277 -5.747150421142578 7.793050765991211 0.2
12.730210304260254 -5.851650238037109 7.613950729370117 0.2
12.649169921875 -6.040950775146484 7.559652328491211 0.2
12.570429801940918 -6.232051849365234 7.619649887084961 0.2
12.564310073852539 -6.426250457763672 7.708150863647461 0.2
12.72173023223877 -6.560951232910156 7.744050979614258 0.2
12.90231990814209 -6.590950012207031 7.634149551391602 0.2
13.009220123291016 -6.549350738525391 7.454851150512695 0.2
12.971260070800781 -6.4024505615234375 7.308752059936523 0.2
12.89193058013916 -6.204151153564453 7.318052291870117 0.2
12.843900680541992 -6.007251739501953 7.389348983764648 0.2
12.926040649414062 -5.826549530029297 7.464052200317383 0.2
13.11460018157959 -5.7456512451171875 7.416952133178711 0.2
13.26669979095459 -5.7532501220703125 7.249551773071289 0.2
13.282299995422363 -5.859649658203125 7.056852340698242 0.2
13.186400413513184 -6.057048797607422 7.016550064086914 0.2
13.110400199890137 -6.257549285888672 7.091451644897461 0.2
13.147100448608398 -6.459449768066406 7.181249618530273 0.2
13.333800315856934 -6.5738525390625 7.15675163269043 0.2
13.489299774169922 -6.576850891113281 6.992950439453125 0.2
13.541800498962402 -6.469150543212891 6.803251266479492 0.2
13.47350025177002 -6.263950347900391 6.751550674438477 0.2
13.393400192260742 -6.0592498779296875 6.808549880981445 0.2
13.433500289916992 -5.861549377441406 6.903350830078125 0.2
13.636700630187988 -5.7774505615234375 6.926151275634766 0.2
13.835000038146973 -5.849151611328125 6.931850433349609 0.2
13.897500038146973 -6.030052185058594 7.020351409912109 0.2
13.821900367736816 -6.21875 7.086851119995117 0.2
13.72860050201416 -6.40985107421875 7.086149215698242 0.2
13.71560001373291 -6.553550720214844 6.932750701904297 0.2
13.820799827575684 -6.584850311279297 6.749151229858398 0.2
13.994900703430176 -6.5321502685546875 6.642650604248047 0.2
14.12820053100586 -6.375251770019531 6.686750411987305 0.2
14.116399765014648 -6.181751251220703 6.7756500244140625 0.2
14.048399925231934 -5.985752105712891 6.825050354003906 0.2
13.97450065612793 -5.818351745605469 6.72075080871582 0.2
14.022900581359863 -5.759250640869141 6.5245513916015625 0.2
14.165400505065918 -5.783851623535156 6.368249893188477 0.2
14.32919979095459 -5.911251068115234 6.344350814819336 0.2
14.35830020904541 -6.104850769042969 6.424449920654297 0.2
14.292600631713867 -6.2940521240234375 6.49945068359375 0.2
14.189400672912598 -6.476451873779297 6.469350814819336 0.2
14.160099983215332 -6.577350616455078 6.288751602172852 0.2
14.263700485229492 -6.586952209472656 6.102550506591797 0.2
14.436699867248535 -6.5173492431640625 6.006450653076172 0.2
14.550300598144531 -6.349552154541016 6.063251495361328 0.2
14.532800674438477 -6.156848907470703 6.153650283813477 0.2
14.46150016784668 -5.959751129150391 6.190151214599609 0.2
14.39050006866455 -5.806449890136719 6.066051483154297 0.2
14.447999954223633 -5.763648986816406 5.866950988769531 0.2
14.590499877929688 -5.804351806640625 5.715450286865234 0.2
14.73859977722168 -5.952350616455078 5.711950302124023 0.2
14.7475004196167 -6.147251129150391 5.795949935913086 0.2
14.676400184631348 -6.336551666259766 5.864551544189453 0.2
14.569100379943848 -6.508449554443359 5.807849884033203 0.2
14.560700416564941 -6.587451934814453 5.614551544189453 0.2
14.67180061340332 -6.583148956298828 5.4331512451171875 0.2
14.845200538635254 -6.49005126953125 5.365150451660156 0.2
14.932100296020508 -6.310150146484375 5.434551239013672 0.2
14.902999877929688 -6.1181488037109375 5.522451400756836 0.2
14.82229995727539 -5.923351287841797 5.533851623535156 0.2
14.765100479125977 -5.7940521240234375 5.380950927734375 0.2
14.835700035095215 -5.771152496337891 5.182550430297852 0.2
14.986000061035156 -5.8345489501953125 5.051549911499023 0.2
15.111599922180176 -6.001251220703125 5.076250076293945 0.2
15.097900390625 -6.193851470947266 5.164251327514648 0.2
15.019000053405762 -6.383152008056641 5.218950271606445 0.2
14.914700508117676 -6.538749694824219 5.124050140380859 0.2
14.931699752807617 -6.5946502685546875 4.923250198364258 0.2
15.05620002746582 -6.571552276611328 4.754051208496094 0.2
15.222700119018555 -6.451148986816406 4.721750259399414 0.2
15.273900032043457 -6.262851715087891 4.801950454711914 0.2
15.233400344848633 -6.070152282714844 4.882450103759766 0.2
15.139500617980957 -5.882850646972656 4.855550765991211 0.2
15.104100227355957 -5.782352447509766 4.677350997924805 0.2
15.190999984741211 -5.780651092529297 4.483850479125977 0.2
15.348000526428223 -5.873050689697266 4.383750915527344 0.2
15.43910026550293 -6.055049896240234 4.43695068359375 0.2
15.408100128173828 -6.245052337646484 4.527050018310547 0.2
15.315999984741211 -6.433349609375 4.556251525878906 0.2
15.223899841308594 -6.565349578857422 4.423450469970703 0.2
15.266600608825684 -6.5957489013671875 4.21925163269043 0.2
15.404000282287598 -6.546051025390625 4.06865119934082 0.2
15.550000190734863 -6.395851135253906 4.075550079345703 0.2
15.570000648498535 -6.203948974609375 4.162450790405273 0.2
15.515999794006348 -6.009552001953125 4.227550506591797 0.2
15.41349983215332 -5.840351104736328 4.15785026550293 0.2
15.406800270080566 -5.773952484130859 3.9601516723632812 0.2
15.505900382995605 -5.797351837158203 3.7751502990722656 0.2
15.659700393676758 -5.925251007080078 3.7186508178710938 0.2
15.712699890136719 -6.116451263427734 3.790851593017578 0.2
15.668200492858887 -6.304851531982422 3.8778514862060547 0.2
15.559000015258789 -6.484050750732422 3.870450973510742 0.2
15.489999771118164 -6.581249237060547 3.7013511657714844 0.2
15.548700332641602 -6.5843505859375 3.4985504150390625 0.2
15.696800231933594 -6.5003509521484375 3.3810501098632812 0.2
15.810800552368164 -6.327152252197266 3.4188499450683594 0.2
15.808300018310547 -6.1358489990234375 3.5092506408691406 0.2
15.735600471496582 -5.942352294921875 3.548551559448242 0.2
15.635600090026855 -5.803249359130859 3.4312515258789062 0.2
15.649100303649902 -5.7698516845703125 3.224851608276367 0.2
15.760499954223633 -5.825649261474609 3.058351516723633 0.2
15.8951997756958 -5.985252380371094 3.044851303100586 0.2
15.913300514221191 -6.176849365234375 3.1305503845214844 0.2
15.854499816894531 -6.3652496337890625 3.205251693725586 0.2
15.729000091552734 -6.524051666259766 3.1499500274658203 0.2
15.686500549316406 -6.583751678466797 2.956350326538086 0.2
15.760300636291504 -6.558448791503906 2.7614517211914062 0.2
15.911300659179688 -6.438449859619141 2.6865501403808594 0.2
15.986300468444824 -6.252651214599609 2.7490501403808594 0.2
15.969200134277344 -6.061248779296875 2.836851119995117 0.2
15.86929988861084 -5.875751495361328 2.8388500213623047 0.2
15.784299850463867 -5.772651672363281 2.6818504333496094 0.2
15.814300537109375 -5.768951416015625 2.473550796508789 0.2
15.93850040435791 -5.862548828125 2.3380508422851562 0.2
16.041099548339844 -6.043552398681641 2.36505126953125 0.2
16.03730010986328 -6.2326507568359375 2.4589500427246094 0.2
15.95359992980957 -6.4190521240234375 2.5096511840820312 0.2
15.826200485229492 -6.547451019287109 2.4076499938964844 0.2
15.810100555419922 -6.572849273681641 2.200450897216797 0.2
15.901400566101074 -6.515850067138672 2.0222511291503906 0.2
16.042400360107422 -6.363750457763672 1.9949512481689453 0.2
16.086200714111328 -6.173648834228516 2.073850631713867 0.2
16.04949951171875 -5.98065185546875 2.1495513916015625 0.2
15.927900314331055 -5.815250396728516 2.1100502014160156 0.2
15.866300582885742 -5.749851226806641 1.9230499267578125 0.2
15.910400390625 -5.775852203369141 1.7199516296386719 0.2
16.042301177978516 -5.908050537109375 1.6301498413085938 0.2
16.111099243164062 -6.09844970703125 1.6866512298583984 0.2
16.090599060058594 -6.286251068115234 1.7805500030517578 0.2
15.977399826049805 -6.461452484130859 1.7986507415771484 0.2
15.865400314331055 -6.551952362060547 1.652151107788086 0.2
15.868599891662598 -6.547451019287109 1.4424514770507812 0.2
15.981599807739258 -6.455150604248047 1.2975502014160156 0.2
16.099201202392578 -6.2810516357421875 1.3094501495361328 0.2
16.120100021362305 -6.0910491943359375 1.3975505828857422 0.2
16.054100036621094 -5.899951934814453 1.4521503448486328 0.2
15.925000190734863 -5.765651702880859 1.3634510040283203 0.2
15.88390064239502 -5.734249114990234 1.1614513397216797 0.2
15.949800491333008 -5.795249938964844 0.9759502410888672 0.2
16.075199127197266 -5.957550048828125 0.9349498748779297 0.2
16.11359977722168 -6.148052215576172 1.0139503479003906 0.2
16.071300506591797 -6.335552215576172 1.0979499816894531 0.2
15.93179988861084 -6.488948822021484 1.07135009765625 0.2
15.845200538635254 -6.542152404785156 0.8926506042480469 0.2
15.872300148010254 -6.508750915527344 0.6886501312255859 0.2
16.00170135498047 -6.383049011230469 0.5885505676269531 0.2
16.08769989013672 -6.197849273681641 0.6344509124755859 0.2
16.089599609375 -6.007152557373047 0.7226505279541016 0.2
15.986700057983398 -5.825450897216797 0.7455501556396484 0.2
15.868300437927246 -5.726249694824219 0.6109504699707031 0.2
15.8503999710083 -5.725250244140625 0.4024505615234375 0.2
15.942800521850586 -5.824451446533203 0.24865150451660156 0.2
16.047199249267578 -6.0057525634765625 0.25675010681152344 0.2
16.06330108642578 -6.194049835205078 0.3488502502441406 0.2
15.986599922180176 -6.378349304199219 0.41335105895996094 0.2
15.839700698852539 -6.501750946044922 0.3370513916015625 0.2
15.784600257873535 -6.521251678466797 0.1372509002685547 0.2
15.84220027923584 -6.457050323486328 -0.0509490966796875 0.2
15.974900245666504 -6.302650451660156 -0.09874916076660156 0.2
16.032699584960938 -6.113651275634766 -0.029348373413085938 0.2
16.00749969482422 -5.921451568603516 0.05014991760253906 0.2
15.877400398254395 -5.759552001953125 0.03194999694824219 0.2
15.784299850463867 -5.696949005126953 -0.141448974609375 0.2
15.792900085449219 -5.727352142333984 -0.34724998474121094 0.2
15.907299995422363 -5.8641510009765625 -0.45204925537109375 0.2
15.983699798583984 -6.054050445556641 -0.40614891052246094 0.2
15.977700233459473 -6.24114990234375 -0.31134986877441406 0.2
15.864399909973145 -6.413051605224609 -0.2754497528076172 0.2
15.730600357055664 -6.499050140380859 -0.40324974060058594 0.2
15.704700469970703 -6.487152099609375 -0.6099491119384766 0.2
15.796899795532227 -6.389652252197266 -0.7648487091064453 0.2
15.91550064086914 -6.215850830078125 -0.7688484191894531 0.2
15.95050048828125 -6.02655029296875 -0.686248779296875 0.2
15.890399932861328 -5.836650848388672 -0.6239490509033203 0.2
15.750200271606445 -5.705150604248047 -0.6957492828369141 0.2
15.685800552368164 -5.679649353027344 -0.8912487030029297 0.2
15.729400634765625 -5.748950958251953 -1.0791492462158203 0.2
15.845900535583496 -5.915050506591797 -1.1313495635986328 0.2
15.893199920654297 -6.105049133300781 -1.058248519897461 0.2
15.859800338745117 -6.291252136230469 -0.9697494506835938 0.2
15.714099884033203 -6.439849853515625 -0.9755496978759766 0.2
15.605999946594238 -6.4844512939453125 -1.1425495147705078 0.2
15.614900588989258 -6.438652038574219 -1.3448486328125 0.2
15.731900215148926 -6.309551239013672 -1.4562492370605469 0.2
15.826200485229492 -6.126049041748047 -1.4244499206542969 0.2
15.843000411987305 -5.93585205078125 -1.338949203491211 0.2
15.742700576782227 -5.755550384521484 -1.303548812866211 0.2
15.610000610351562 -5.662448883056641 -1.4261493682861328 0.2
15.574999809265137 -5.676849365234375 -1.630849838256836 0.2
15.648900032043457 -5.788349151611328 -1.7863483428955078 0.2
15.748300552368164 -5.972751617431641 -1.7893486022949219 0.2
15.775199890136719 -6.160449981689453 -1.700948715209961 0.2
15.704100608825684 -6.341350555419922 -1.6239490509033203 0.2
15.543100357055664 -6.455852508544922 -1.6773490905761719 0.2
15.47070026397705 -6.4566497802734375 -1.8701496124267578 0.2
15.515100479125977 -6.376552581787109 -2.0561485290527344 0.2
15.640600204467773 -6.2214508056640625 -2.1217498779296875 0.2
15.714099884033203 -6.034450531005859 -2.0656490325927734 0.2
15.705500602722168 -5.842449188232422 -1.9841499328613281 0.2
15.573100090026855 -5.683448791503906 -1.9833488464355469 0.2
15.458600044250488 -5.634449005126953 -2.145648956298828 0.2
15.445300102233887 -5.685749053955078 -2.346649169921875 0.2
15.538800239562988 -5.833148956298828 -2.459749221801758 0.2
15.617199897766113 -6.024250030517578 -2.426149368286133 0.2
15.62660026550293 -6.21044921875 -2.331348419189453 0.2
15.51669979095459 -6.3764495849609375 -2.271749496459961 0.2
15.360199928283691 -6.448650360107422 -2.3763484954833984 0.2
15.321700096130371 -6.4107513427734375 -2.5762500762939453 0.2
15.39780044555664 -6.301551818847656 -2.734149932861328 0.2
15.515600204467773 -6.129451751708984 -2.763050079345703 0.2
15.57289981842041 -5.941051483154297 -2.6930484771728516 0.2
15.530799865722656 -5.7514495849609375 -2.6193485260009766 0.2
15.377799987792969 -5.624851226806641 -2.663949966430664 0.2
15.285200119018555 -5.619049072265625 -2.8475494384765625 0.2
15.300300598144531 -5.707149505615234 -3.032949447631836 0.2
15.3996000289917 -5.878452301025391 -3.1039485931396484 0.2
15.46049976348877 -6.0682525634765625 -3.0425491333007812 0.2
15.446800231933594 -6.252651214599609 -2.9466495513916016 0.2
15.299200057983398 -6.394649505615234 -2.9169483184814453 0.2
15.161800384521484 -6.424549102783203 -3.061349868774414 0.2
15.154900550842285 -6.35675048828125 -3.257049560546875 0.2
15.253499984741211 -6.224151611328125 -3.384550094604492 0.2
15.356400489807129 -6.042549133300781 -3.3801498413085938 0.2
15.398500442504883 -5.852451324462891 -3.304349899291992 0.2
15.313300132751465 -5.672351837158203 -3.2448501586914062 0.2
15.155400276184082 -5.583652496337891 -3.334848403930664 0.2
15.084400177001953 -5.614452362060547 -3.5273494720458984 0.2
15.123800277709961 -5.734951019287109 -3.690248489379883 0.2
15.21780014038086 -5.920749664306641 -3.716949462890625 0.2
15.265999794006348 -6.107749938964844 -3.637350082397461 0.2
15.216300010681152 -6.286651611328125 -3.5425491333007812 0.2
15.0447998046875 -6.396152496337891 -3.5534496307373047 0.2
14.939300537109375 -6.38385009765625 -3.7272491455078125 0.2
14.960100173950195 -6.292152404785156 -3.9128494262695312 0.2
15.071900367736816 -6.139549255371094 -4.005748748779297 0.2
15.160600662231445 -5.95355224609375 -3.974649429321289 0.2
15.1781005859375 -5.7615509033203125 -3.8946495056152344 0.2
15.05459976196289 -5.600551605224609 -3.8610496520996094 0.2
14.912400245666504 -5.556549072265625 -3.998048782348633 0.2
14.87820053100586 -5.6253509521484375 -4.191249847412109 0.2
14.947400093078613 -5.775352478027344 -4.319149017333984 0.2
15.030799865722656 -5.966850280761719 -4.307149887084961 0.2
15.06290054321289 -6.151851654052734 -4.214948654174805 0.2
14.972900390625 -6.316551208496094 -4.128149032592773 0.2
14.794600486755371 -6.3865509033203125 -4.189548492431641 0.2
14.720900535583496 -6.341152191162109 -4.376348495483398 0.2
14.769599914550781 -6.230949401855469 -4.544948577880859 0.2
14.88230037689209 -6.063449859619141 -4.606149673461914 0.2
14.95930004119873 -5.875652313232422 -4.556449890136719 0.2
14.944600105285645 -5.685249328613281 -4.4754486083984375 0.2
14.78950023651123 -5.553749084472656 -4.481649398803711 0.2
14.664299964904785 -5.55255126953125 -4.642950057983398 0.2
14.650400161743164 -5.649848937988281 -4.824649810791016 0.2
14.72860050201416 -5.822151184082031 -4.917449951171875 0.2
14.801300048828125 -6.012451171875 -4.873048782348633 0.2
14.812300682067871 -6.195350646972656 -4.774250030517578 0.2
14.67590045928955 -6.335151672363281 -4.707149505615234 0.2
14.506500244140625 -6.3603515625 -4.8121490478515625 0.2
14.463399887084961 -6.286048889160156 -5.000450134277344 0.2
14.53499984741211 -6.155651092529297 -5.147649765014648 0.2
14.64050006866455 -5.977149963378906 -5.173749923706055 0.2
14.704800605773926 -5.787952423095703 -5.113149642944336 0.2
14.643899917602539 -5.606052398681641 -5.03434944152832 0.2
14.471500396728516 -5.514751434326172 -5.084650039672852 0.2
14.371100425720215 -5.555850982666016 -5.259849548339844 0.2
14.381800651550293 -5.682949066162109 -5.423948287963867 0.2
14.463300704956055 -5.869850158691406 -5.474048614501953 0.2
14.528200149536133 -6.056949615478516 -5.407949447631836 0.2
14.503499984741211 -6.233951568603516 -5.30204963684082 0.2
14.332500457763672 -6.338649749755859 -5.2673492431640625 0.2
14.187600135803223 -6.320152282714844 -5.408048629760742 0.2
14.16919994354248 -6.225349426269531 -5.592350006103516 0.2
14.257699966430664 -6.076251983642578 -5.71245002746582 0.2
14.356200218200684 -5.892848968505859 -5.708749771118164 0.2
14.399399757385254 -5.7019500732421875 -5.636749267578125 0.2
14.292799949645996 -5.539249420166016 -5.572349548339844 0.2
14.121700286865234 -5.495449066162109 -5.669349670410156 0.2
14.048999786376953 -5.572452545166016 -5.847349166870117 0.2
14.08489990234375 -5.725749969482422 -5.985448837280273 0.2
14.165400505065918 -5.91815185546875 -5.995748519897461 0.2
14.218500137329102 -6.1029510498046875 -5.913848876953125 0.2
14.149800300598145 -6.264049530029297 -5.805448532104492 0.2
13.959099769592285 -6.3258514404296875 -5.818748474121094 0.2
13.843400001525879 -6.273052215576172 -5.979949951171875 0.2
13.85319995880127 -6.1618499755859375 -6.15464973449707 0.2
13.950699806213379 -5.9974517822265625 -6.243949890136719 0.2
14.042699813842773 -5.812049865722656 -6.217048645019531 0.2
14.053199768066406 -5.622852325439453 -6.133649826049805 0.2
13.90310001373291 -5.490348815917969 -6.101648330688477 0.2
13.747000694274902 -5.492950439453125 -6.231349945068359 0.2
13.704299926757812 -5.599250793457031 -6.4035491943359375 0.2
13.758000373840332 -5.772850036621094 -6.510749816894531 0.2
13.837200164794922 -5.963748931884766 -6.486148834228516 0.2
13.869199752807617 -6.145851135253906 -6.391149520874023 0.2
13.749000549316406 -6.280849456787109 -6.293249130249023 0.2
13.558600425720215 -6.299350738525391 -6.354249954223633 0.2
13.474900245666504 -6.221549987792969 -6.526449203491211 0.2
13.51300048828125 -6.092750549316406 -6.686649322509766 0.2
13.614100456237793 -5.917350769042969 -6.738948822021484 0.2
13.695300102233887 -5.730449676513672 -6.695049285888672 0.2
13.657000541687012 -5.548851013183594 -6.603349685668945 0.2
13.479300498962402 -5.456150054931641 -6.615449905395508 0.2
13.35010051727295 -5.501152038574219 -6.767749786376953 0.2
13.333499908447266 -5.631950378417969 -6.928949356079102 0.2
13.400800704956055 -5.818851470947266 -6.996149063110352 0.2
13.477900505065918 -6.0057525634765625 -6.945949554443359 0.2
13.473899841308594 -6.1813507080078125 -6.836149215698242 0.2
13.311400413513184 -6.281551361083984 -6.767148971557617 0.2
13.140800476074219 -6.2579498291015625 -6.87354850769043 0.2
13.086400032043457 -6.161251068115234 -7.049249649047852 0.2
13.150300025939941 -6.012950897216797 -7.184549331665039 0.2
13.24940013885498 -5.830650329589844 -7.201648712158203 0.2
13.307300567626953 -5.64105224609375 -7.137948989868164 0.2
13.217300415039062 -5.478851318359375 -7.051448822021484 0.2
13.032700538635254 -5.432552337646484 -7.115348815917969 0.2
12.937600135803223 -5.510349273681641 -7.28125 0.2
12.953760147094727 -5.661350250244141 -7.425348281860352 0.2
13.032600402832031 -5.8522491455078125 -7.454349517822266 0.2
13.100500106811523 -6.0368499755859375 -7.384550094604492 0.2
13.053000450134277 -6.199150085449219 -7.267950057983398 0.2
12.863590240478516 -6.263149261474609 -7.248350143432617 0.2
12.723010063171387 -6.209949493408203 -7.387449264526367 0.2
12.705400466918945 -6.098949432373047 -7.56104850769043 0.2
12.788010597229004 -5.935249328613281 -7.6656494140625 0.2
12.8825101852417 -5.749950408935547 -7.653148651123047 0.2
12.906769752502441 -5.561851501464844 -7.570549011230469 0.2
12.765950202941895 -5.427452087402344 -7.513648986816406 0.2
12.594389915466309 -5.425048828125 -7.620649337768555 0.2
12.534939765930176 -5.528450012207031 -7.789348602294922 0.2
12.577020645141602 -5.6972503662109375 -7.9082489013671875 0.2
12.663240432739258 -5.886249542236328 -7.900249481201172 0.2
12.712019920349121 -6.068550109863281 -7.813650131225586 0.2
12.610090255737305 -6.2091522216796875 -7.704050064086914 0.2
12.414010047912598 -6.233249664306641 -7.738548278808594 0.2
12.309340476989746 -6.154949188232422 -7.898149490356445 0.2
12.326000213623047 -6.025051116943359 -8.060548782348633 0.2
12.41726016998291 -5.847850799560547 -8.124149322509766 0.2
12.498990058898926 -5.65985107421875 -8.087249755859375 0.2
12.472370147705078 -5.480152130126953 -7.988149642944336 0.2
12.296319961547852 -5.384849548339844 -7.975749969482422 0.2
12.15587043762207 -5.425350189208984 -8.117549896240234 0.2
12.13191032409668 -5.551052093505859 -8.281648635864258 0.2
12.19579029083252 -5.733051300048828 -8.364248275756836 0.2
12.281610488891602 -5.919151306152344 -8.328449249267578 0.2
12.297030448913574 -6.097751617431641 -8.22494888305664 0.2
12.150070190429688 -6.2073516845703125 -8.137649536132812 0.2
11.966489791870117 -6.189052581787109 -8.219148635864258 0.2
11.891770362854004 -6.091350555419922 -8.386249542236328 0.2
11.934940338134766 -5.9425506591796875 -8.529048919677734 0.2
12.029980659484863 -5.760051727294922 -8.558149337768555 0.2
12.09592056274414 -5.571250915527344 -8.500749588012695 0.2
12.018219947814941 -5.410152435302734 -8.401649475097656 0.2
11.825960159301758 -5.364952087402344 -8.436649322509766 0.2
11.70956039428711 -5.443851470947266 -8.587148666381836 0.2
11.70419979095459 -5.595451354980469 -8.732049942016602 0.2
11.777959823608398 -5.785251617431641 -8.773849487304688 0.2
11.858170509338379 -5.9696502685546875 -8.718849182128906 0.2
11.829000473022461 -6.131450653076172 -8.596549987792969 0.2
11.64430046081543 -6.188152313232422 -8.541948318481445 0.2
11.480509757995605 -6.125652313232422 -8.647748947143555 0.2
11.430230140686035 -6.007350921630859 -8.810150146484375 0.2
11.488019943237305 -5.838951110839844 -8.922948837280273 0.2
11.58318042755127 -5.653652191162109 -8.926849365234375 0.2
11.621129989624023 -5.468051910400391 -8.844749450683594 0.2
11.489930152893066 -5.343051910400391 -8.754749298095703 0.2
11.298590660095215 -5.350551605224609 -8.820049285888672 0.2
11.204999923706055 -5.458850860595703 -8.969149589538574 0.2
11.217960357666016 -5.630851745605469 -9.090848922729492 0.2
11.304750442504883 -5.8193511962890625 -9.103448867797852 0.2
11.369830131530762 -6.002651214599609 -9.032149314880371 0.2
11.290470123291016 -6.135951995849609 -8.89834976196289 0.2
11.090710639953613 -6.143852233886719 -8.881149291992188 0.2
10.950910568237305 -6.053852081298828 -9.00304889678955 0.2
10.92615032196045 -5.914451599121094 -9.157649040222168 0.2
10.997550010681152 -5.734352111816406 -9.2350492477417 0.2
11.087300300598145 -5.547351837158203 -9.21834945678711 0.2
11.0835599899292 -5.374050140380859 -9.106049537658691 0.2
10.911710739135742 -5.293048858642578 -9.042549133300781 0.2
10.737470626831055 -5.345050811767578 -9.135249137878418 0.2
10.667119979858398 -5.4772491455078125 -9.280949592590332 0.2
10.70387077331543 -5.661651611328125 -9.372149467468262 0.2
10.796369552612305 -5.848152160644531 -9.366249084472656 0.2
10.834409713745117 -6.02545166015625 -9.267449378967285 0.2
10.709930419921875 -6.1197509765625 -9.138648986816406 0.2
10.512300491333008 -6.080951690673828 -9.159249305725098 0.2
10.393630027770996 -5.969051361083984 -9.287649154663086 0.2
10.39309024810791 -5.808349609375 -9.424348831176758 0.2
10.476850509643555 -5.624549865722656 -9.473249435424805 0.2
10.555410385131836 -5.437351226806641 -9.429549217224121 0.2
10.503060340881348 -5.290248870849609 -9.298349380493164 0.2
10.30582046508789 -5.265251159667969 -9.269749641418457 0.2
10.149940490722656 -5.355049133300781 -9.371249198913574 0.2
10.102740287780762 -5.513851165771484 -9.501049041748047 0.2
10.162139892578125 -5.7044525146484375 -9.559948921203613 0.2
10.24966049194336 -5.891849517822266 -9.534449577331543 0.2
10.251870155334473 -6.047050476074219 -9.400749206542969 0.2
10.086709976196289 -6.088249206542969 -9.295148849487305 0.2
9.901910781860352 -6.014350891113281 -9.346549034118652 0.2
9.810060501098633 -5.888648986816406 -9.482949256896973 0.2
9.84115982055664 -5.7167510986328125 -9.601248741149902 0.2
9.932860374450684 -5.531749725341797 -9.629249572753906 0.2
9.989900588989258 -5.3482513427734375 -9.553548812866211 0.2
9.881570816040039 -5.2272491455078125 -9.433849334716797 0.2
9.68065071105957 -5.237651824951172 -9.456949234008789 0.2
9.559209823608398 -5.34735107421875 -9.58324909210205 0.2
9.549890518188477 -5.5198516845703125 -9.704949378967285 0.2
9.63064956665039 -5.709449768066406 -9.734649658203125 0.2
9.705169677734375 -5.893852233886719 -9.676448822021484 0.2
9.651430130004883 -6.0285491943359375 -9.531048774719238 0.2
9.45718002319336 -6.041351318359375 -9.484249114990234 0.2
9.301730155944824 -5.952251434326172 -9.58604907989502 0.2
9.25724983215332 -5.813350677490234 -9.736449241638184 0.2
9.318070411682129 -5.633552551269531 -9.824349403381348 0.2
9.408639907836914 -5.4461517333984375 -9.821349143981934 0.2
9.423020362854004 -5.270549774169922 -9.712449073791504 0.2
9.264230728149414 -5.182750701904297 -9.627948760986328 0.2
9.080480575561523 -5.231449127197266 -9.700749397277832 0.2
8.996210098266602 -5.362449645996094 -9.84014892578125 0.2
9.021390914916992 -5.546051025390625 -9.937949180603027 0.2
9.112409591674805 -5.733249664306641 -9.942949295043945 0.2
9.16312026977539 -5.9125518798828125 -9.8531494140625 0.2
9.05820083618164 -6.014751434326172 -9.712749481201172 0.2
8.858869552612305 -5.982250213623047 -9.711749076843262 0.2
8.72882080078125 -5.870750427246094 -9.828848838806152 0.2
8.713809967041016 -5.71044921875 -9.96574878692627 0.2
8.789880752563477 -5.525749206542969 -10.024249076843262 0.2
8.872710227966309 -5.337749481201172 -9.992849349975586 0.2
8.840880393981934 -5.187648773193359 -9.85784912109375 0.2
8.650400161743164 -5.159351348876953 -9.801749229431152 0.2
8.483610153198242 -5.248851776123047 -9.884049415588379 0.2
8.419960021972656 -5.404350280761719 -10.011249542236328 0.2
8.47208023071289 -5.592552185058594 -10.082849502563477 0.2
8.563940048217773 -5.779449462890625 -10.07384967803955 0.2
8.583379745483398 -5.939849853515625 -9.947749137878418 0.2
8.433160781860352 -5.987548828125 -9.82384967803955 0.2
8.244020462036133 -5.9125518798828125 -9.850849151611328 0.2
8.138219833374023 -5.779151916503906 -9.970349311828613 0.2
8.150670051574707 -5.600349426269531 -10.081149101257324 0.2
8.235660552978516 -5.412750244140625 -10.114048957824707 0.2
8.30232048034668 -5.2326507568359375 -10.038349151611328 0.2
8.213319778442383 -5.123748779296875 -9.893649101257324 0.2
8.012490272521973 -5.146049499511719 -9.877248764038086 0.2
7.8720903396606445 -5.259349822998047 -9.979049682617188 0.2
7.842060089111328 -5.430751800537109 -10.099549293518066 0.2
7.917270183563232 -5.617649078369141 -10.15304946899414 0.2
8.001330375671387 -5.80364990234375 -10.118049621582031 0.2
7.9747700691223145 -5.937950134277344 -9.96554946899414 0.2
7.794360160827637 -5.940952301025391 -9.877549171447754 0.2
7.623950004577637 -5.840351104736328 -9.935548782348633 0.2
7.549790382385254 -5.687049865722656 -10.060249328613281 0.2
7.591970443725586 -5.500652313232422 -10.144349098205566 0.2
7.6804304122924805 -5.312252044677734 -10.150548934936523 0.2
7.713560104370117 -5.148349761962891 -10.028849601745605 0.2
7.570450305938721 -5.0845489501953125 -9.904349327087402 0.2
7.3779802322387695 -5.148750305175781 -9.931448936462402 0.2
7.2681803703308105 -5.285549163818359 -10.046149253845215 0.2
7.278010368347168 -5.469551086425781 -10.146849632263184 0.2
7.362320423126221 -5.657649993896484 -10.178449630737305 0.2
7.430230140686035 -5.836051940917969 -10.098349571228027 0.2
7.3530402183532715 -5.931549072265625 -9.93744945526123 0.2
7.158370018005371 -5.891448974609375 -9.897048950195312 0.2
7.00847053527832 -5.775051116943359 -9.981449127197266 0.2
6.973540306091309 -5.609352111816406 -10.108549118041992 0.2
7.039130210876465 -5.422550201416016 -10.173849105834961 0.2
7.123810291290283 -5.234149932861328 -10.148849487304688 0.2
7.110350131988525 -5.087650299072266 -10.006448745727539 0.2
6.9263200759887695 -5.060050964355469 -9.931549072265625 0.2
6.753140449523926 -5.148551940917969 -10.001249313354492 0.2
6.682000160217285 -5.302452087402344 -10.126449584960938 0.2
6.726490020751953 -5.491748809814453 -10.203049659729004 0.2
6.815530300140381 -5.6806488037109375 -10.201349258422852 0.2
6.850760459899902 -5.844150543212891 -10.081249237060547 0.2
6.714970111846924 -5.905250549316406 -9.947049140930176 0.2
6.521620273590088 -5.84014892578125 -9.966049194335938 0.2
6.409130096435547 -5.712650299072266 -10.085549354553223 0.2
6.413870334625244 -5.537651062011719 -10.20474910736084 0.2
6.493680000305176 -5.349250793457031 -10.246249198913574 0.2
6.564390182495117 -5.164249420166016 -10.186248779296875 0.2
6.4930901527404785 -5.0415496826171875 -10.041049003601074 0.2
6.293550491333008 -5.051250457763672 -10.0121488571167 0.2
6.148420333862305 -5.160850524902344 -10.111248970031738 0.2
6.109860420227051 -5.328449249267578 -10.235548973083496 0.2
6.180830001831055 -5.515850067138672 -10.293048858642578 0.2
6.268860340118408 -5.702152252197266 -10.26724910736084 0.2
6.256930351257324 -5.847049713134766 -10.121549606323242 0.2
6.083120346069336 -5.86614990234375 -10.023649215698242 0.2
5.908170223236084 -5.770851135253906 -10.075348854064941 0.2
5.824850082397461 -5.619350433349609 -10.197149276733398 0.2
5.857210159301758 -5.431949615478516 -10.284149169921875 0.2
5.942780494689941 -5.242450714111328 -10.299049377441406 0.2
5.987480163574219 -5.074352264404297 -10.18644905090332 0.2
5.861940383911133 -5.007049560546875 -10.045248985290527 0.2
5.667990207672119 -5.071449279785156 -10.049849510192871 0.2
5.546689987182617 -5.207649230957031 -10.153749465942383 0.2
5.543920516967773 -5.390350341796875 -10.257549285888672 0.2
5.624730110168457 -5.5776519775390625 -10.301849365234375 0.2
5.702420234680176 -5.758449554443359 -10.236848831176758 0.2
5.64732027053833 -5.860050201416016 -10.070149421691895 0.2
5.459270477294922 -5.8229522705078125 -10.004049301147461 0.2
5.301050186157227 -5.703350067138672 -10.066549301147461 0.2
5.248929977416992 -5.533351898193359 -10.181949615478516 0.2
5.303530216217041 -5.344348907470703 -10.251449584960938 0.2
5.3897199630737305 -5.155448913574219 -10.235949516296387 0.2
5.397049903869629 -5.0135498046875 -10.088349342346191 0.2
5.228100299835205 -4.995250701904297 -9.981348991394043 0.2
5.047610282897949 -5.08905029296875 -10.019349098205566 0.2
4.959060192108154 -5.244251251220703 -10.13184928894043 0.2
4.992340087890625 -5.431949615478516 -10.218249320983887 0.2
5.080620288848877 -5.620250701904297 -10.236848831176758 0.2
5.134190559387207 -5.7850494384765625 -10.12554931640625 0.2
5.01809024810791 -5.845249176025391 -9.973649024963379 0.2
4.825310230255127 -5.776149749755859 -9.959249496459961 0.2
4.6964802742004395 -5.641750335693359 -10.053049087524414 0.2
4.68496036529541 -5.461151123046875 -10.162348747253418 0.2
4.759110450744629 -5.2718505859375 -10.210649490356445 0.2
4.83581018447876 -5.088951110839844 -10.151449203491211 0.2
4.776490211486816 -4.976951599121094 -9.993549346923828 0.2
4.581940174102783 -4.999851226806641 -9.941449165344238 0.2
4.42909049987793 -5.116050720214844 -10.019349098205566 0.2
4.384079933166504 -5.289051055908203 -10.134449005126953 0.2
4.447140216827393 -5.478950500488281 -10.194748878479004 0.2
4.535300254821777 -5.666149139404297 -10.173748970031738 0.2
4.5424604415893555 -5.8072509765625 -10.023448944091797 0.2
4.377480506896973 -5.828350067138672 -9.911849021911621 0.2
4.196400165557861 -5.738250732421875 -9.95314884185791 0.2
4.106340408325195 -5.5928497314453125 -10.075749397277832 0.2
4.132660388946533 -5.4078521728515625 -10.172248840332031 0.2
4.212759971618652 -5.216651916503906 -10.197249412536621 0.2
4.264360427856445 -5.040950775146484 -10.098649024963379 0.2
4.149060249328613 -4.95574951171875 -9.958349227905273 0.2
3.9522452354431152 -5.008350372314453 -9.961548805236816 0.2
3.8288941383361816 -5.138648986816406 -10.069449424743652 0.2
3.822509288787842 -5.318149566650391 -10.179849624633789 0.2
3.905947208404541 -5.504650115966797 -10.222748756408691 0.2
3.9848241806030273 -5.68804931640625 -10.166149139404297 0.2
3.933354377746582 -5.806549072265625 -10.008548736572266 0.2
3.7413251399993896 -5.787849426269531 -9.949249267578125 0.2
3.5828323364257812 -5.674152374267578 -10.020949363708496 0.2
3.528203248977661 -5.506351470947266 -10.138648986816406 0.2
3.581461191177368 -5.316051483154297 -10.20574951171875 0.2
3.6651611328125 -5.12554931640625 -10.192349433898926 0.2
3.6741652488708496 -4.978649139404297 -10.049149513244629 0.2
3.509016275405884 -4.956352233886719 -9.937549591064453 0.2
3.3282291889190674 -5.050048828125 -9.973249435424805 0.2
3.237563133239746 -5.203052520751953 -10.08704948425293 0.2
3.2680861949920654 -5.389652252197266 -10.177148818969727 0.2
3.356732130050659 -5.577449798583984 -10.201449394226074 0.2
3.4163312911987305 -5.746250152587891 -10.099248886108398 0.2
3.3092923164367676 -5.816650390625 -9.944648742675781 0.2
3.114962339401245 -5.754951477050781 -9.924348831176758 0.2
2.9812088012695312 -5.62335205078125 -10.015349388122559 0.2
2.961111068725586 -5.4425506591796875 -10.123649597167969 0.2
3.030521869659424 -5.2514495849609375 -10.172248840332031 0.2
3.1090140342712402 -5.066852569580078 -10.120348930358887 0.2
3.0646586418151855 -4.952449798583984 -9.958349227905273 0.2
2.875838279724121 -4.97344970703125 -9.889248847961426 0.2
2.7170863151550293 -5.088050842285156 -9.957749366760254 0.2
2.6583802700042725 -5.257049560546875 -10.072649002075195 0.2
2.716506242752075 -5.444049835205078 -10.145548820495605 0.2
2.80865216255188 -5.630451202392578 -10.142449378967285 0.2
2.8296022415161133 -5.775249481201172 -9.997749328613281 0.2
2.680802345275879 -5.792751312255859 -9.864048957824707 0.2
2.4992661476135254 -5.695049285888672 -9.872949600219727 0.2
2.3898332118988037 -5.539051055908203 -9.9673490524292 0.2
2.4046292304992676 -5.350452423095703 -10.056049346923828 0.2
2.483429193496704 -5.159950256347656 -10.088449478149414 0.2
2.5464422702789307 -4.995151519775391 -9.980049133300781 0.2
2.4492502212524414 -4.944252014160156 -9.811749458312988 0.2
2.264373302459717 -5.024051666259766 -9.769349098205566 0.2
2.1317672729492188 -5.171749114990234 -9.837749481201172 0.2
2.118030309677124 -5.361049652099609 -9.93074893951416 0.2
2.1873950958251953 -5.551750183105469 -9.980949401855469 0.2
2.2841362953186035 -5.726650238037109 -9.9225492477417 0.2
2.2632193565368652 -5.822452545166016 -9.745549201965332 0.2
2.0840322971343994 -5.792449951171875 -9.653948783874512 0.2
1.9100502729415894 -5.68585205078125 -9.695749282836914 0.2
1.8409801721572876 -5.526248931884766 -9.816549301147461 0.2
1.8798502683639526 -5.337749481201172 -9.900049209594727 0.2
1.9591401815414429 -5.144649505615234 -9.907149314880371 0.2
1.98714017868042 -4.984550476074219 -9.780348777770996 0.2
1.8311702013015747 -4.937950134277344 -9.663549423217773 0.2
1.643720269203186 -5.018550872802734 -9.694449424743652 0.2
1.5454002618789673 -5.164051055908203 -9.80984878540039 0.2
1.5705301761627197 -5.350151062011719 -9.904648780822754 0.2
1.6642402410507202 -5.53594970703125 -9.92544937133789 0.2
1.728000283241272 -5.709751129150391 -9.833748817443848 0.2
1.6281402111053467 -5.803050994873047 -9.685548782348633 0.2
1.4285001754760742 -5.763648986816406 -9.67444896697998 0.2
1.2930302619934082 -5.642551422119141 -9.776449203491211 0.2
1.266760230064392 -5.466251373291016 -9.891249656677246 0.2
1.3339202404022217 -5.2745513916015625 -9.940749168395996 0.2
1.4088202714920044 -5.085651397705078 -9.898348808288574 0.2
1.36922025680542 -4.960350036621094 -9.741848945617676 0.2
1.1829602718353271 -4.973350524902344 -9.665849685668945 0.2
1.022470235824585 -5.0870513916015625 -9.73034954071045 0.2
0.9612102508544922 -5.254150390625 -9.846949577331543 0.2
1.0172902345657349 -5.4414520263671875 -9.92074966430664 0.2
1.1115401983261108 -5.627250671386719 -9.922649383544922 0.2
1.1433402299880981 -5.779651641845703 -9.787149429321289 0.2
1.000380277633667 -5.816150665283203 -9.651349067687988 0.2
0.8123903274536133 -5.732749938964844 -9.661048889160156 0.2
0.6964502334594727 -5.587451934814453 -9.762049674987793 0.2
0.7003002166748047 -5.399951934814453 -9.855249404907227 0.2
0.7749202251434326 -5.208148956298828 -9.892048835754395 0.2
0.8399302959442139 -5.032550811767578 -9.802549362182617 0.2
0.7543401718139648 -4.958652496337891 -9.636149406433105 0.2
0.5661802291870117 -5.023952484130859 -9.590649604797363 0.2
0.42423033714294434 -5.162448883056641 -9.66054916381836 0.2
0.3963901996612549 -5.346149444580078 -9.758949279785156 0.2
0.4685502052307129 -5.532051086425781 -9.821949005126953 0.2
0.5635802745819092 -5.712348937988281 -9.78274917602539 0.2
0.5541303157806396 -5.817352294921875 -9.609349250793457 0.2
0.3893601894378662 -5.7850494384765625 -9.49484920501709 0.2
0.21799015998840332 -5.6665496826171875 -9.509049415588379 0.2
0.13309025764465332 -5.493751525878906 -9.59684944152832 0.2
0.1648101806640625 -5.304649353027344 -9.679849624633789 0.2
0.24918031692504883 -5.114349365234375 -9.688949584960938 0.2
0.2922401428222656 -4.980152130126953 -9.540948867797852 0.2
0.1678001880645752 -4.985851287841797 -9.381649017333984 0.2
-0.004019737243652344 -5.096752166748047 -9.343548774719238 0.2
-0.10914969444274902 -5.2669525146484375 -9.411748886108398 0.2
-0.09447979927062988 -5.459949493408203 -9.493749618530273 0.2
-0.011449813842773438 -5.648551940917969 -9.529748916625977 0.2
0.0848703384399414 -5.802349090576172 -9.431049346923828 0.2
0.013330221176147461 -5.858551025390625 -9.25214958190918 0.2
-0.17456984519958496 -5.801750183105469 -9.187748908996582 0.2
-0.3341197967529297 -5.684051513671875 -9.245948791503906 0.2
-0.37605977058410645 -5.5126495361328125 -9.36474895477295 0.2
-0.32510972023010254 -5.32135009765625 -9.43294906616211 0.2
-0.2467498779296875 -5.129951477050781 -9.409149169921875 0.2
-0.27023983001708984 -4.990348815917969 -9.262848854064941 0.2
-0.4563298225402832 -4.984550476074219 -9.185149192810059 0.2
-0.6240298748016357 -5.08905029296875 -9.247049331665039 0.2
-0.6870696544647217 -5.251152038574219 -9.367448806762695 0.2
-0.6300697326660156 -5.440052032470703 -9.437349319458008 0.2
-0.5319898128509521 -5.624149322509766 -9.429549217224121 0.2
-0.49824976921081543 -5.784950256347656 -9.30224895477295 0.2
-0.6448898315429688 -5.853252410888672 -9.184449195861816 0.2
-0.8376898765563965 -5.796550750732422 -9.225449562072754 0.2
-0.9470796585083008 -5.66815185546875 -9.351348876953125 0.2
-0.9435696601867676 -5.4855499267578125 -9.45514965057373 0.2
-0.8691496849060059 -5.292850494384766 -9.487749099731445 0.2
-0.8146097660064697 -5.106849670410156 -9.413148880004883 0.2
-0.9059996604919434 -5.008552551269531 -9.26154899597168 0.2
-1.1000795364379883 -5.0592498779296875 -9.228949546813965 0.2
-1.2381196022033691 -5.1927490234375 -9.312249183654785 0.2
-1.264479637145996 -5.372852325439453 -9.41874885559082 0.2
-1.184809684753418 -5.5574493408203125 -9.475149154663086 0.2
-1.0897598266601562 -5.739250183105469 -9.441248893737793 0.2
-1.1019597053527832 -5.8623504638671875 -9.279449462890625 0.2
-1.2754197120666504 -5.8531494140625 -9.176249504089355 0.2
-1.4526495933532715 -5.748249053955078 -9.206549644470215 0.2
-1.5452299118041992 -5.584850311279297 -9.303949356079102 0.2
-1.5141196250915527 -5.395450592041016 -9.385449409484863 0.2
-1.434159755706787 -5.203250885009766 -9.400649070739746 0.2
-1.3951597213745117 -5.054649353027344 -9.265249252319336 0.2
-1.518509864807129 -5.045650482177734 -9.106549263000488 0.2
-1.6923699378967285 -5.153450012207031 -9.073149681091309 0.2
-1.8056297302246094 -5.320751190185547 -9.137049674987793 0.2
-1.7956199645996094 -5.511951446533203 -9.22024917602539 0.2
-1.7123498916625977 -5.698249816894531 -9.266348838806152 0.2
-1.6127796173095703 -5.851749420166016 -9.173048973083496 0.2
-1.657789707183838 -5.892250061035156 -8.98124885559082 0.2
-1.8238797187805176 -5.818752288818359 -8.882848739624023 0.2
-1.9836297035217285 -5.685550689697266 -8.909648895263672 0.2
-2.0413498878479004 -5.50775146484375 -9.006448745727539 0.2
-2.0028796195983887 -5.32025146484375 -9.091349601745605 0.2
-1.9129695892333984 -5.135551452636719 -9.068049430847168 0.2
-1.9103498458862305 -5.036151885986328 -8.892549514770508 0.2
-2.0559096336364746 -5.081352233886719 -8.755449295043945 0.2
-2.2146997451782227 -5.213050842285156 -8.738248825073242 0.2
-2.283529758453369 -5.3995513916015625 -8.813249588012695 0.2
-2.2376999855041504 -5.59375 -8.877349853515625 0.2
-2.133309841156006 -5.774250030517578 -8.875450134277344 0.2
-2.0647897720336914 -5.901451110839844 -8.729549407958984 0.2
-2.191619873046875 -5.931751251220703 -8.576549530029297 0.2
-2.388749599456787 -5.868251800537109 -8.569149017333984 0.2
-2.5243797302246094 -5.746551513671875 -8.670448303222656 0.2
-2.5367398262023926 -5.570152282714844 -8.786449432373047 0.2
-2.4787497520446777 -5.376750946044922 -8.840448379516602 0.2
-2.4143595695495605 -5.186649322509766 -8.7823486328125 0.2
-2.4887499809265137 -5.0729522705078125 -8.633749008178711 0.2
-2.6839098930358887 -5.110450744628906 -8.592548370361328 0.2
-2.8279595375061035 -5.239250183105469 -8.670448303222656 0.2
-2.8572797775268555 -5.417549133300781 -8.781049728393555 0.2
-2.776639938354492 -5.6031494140625 -8.831548690795898 0.2
-2.6758198738098145 -5.782550811767578 -8.799049377441406 0.2
-2.6730098724365234 -5.918949127197266 -8.646148681640625 0.2
-2.8471899032592773 -5.9425506591796875 -8.549049377441406 0.2
-3.0311198234558105 -5.860851287841797 -8.598348617553711 0.2
-3.1294398307800293 -5.716152191162109 -8.717548370361328 0.2
-3.1090097427368164 -5.529350280761719 -8.807748794555664 0.2
-3.035299777984619 -5.33544921875 -8.83344841003418 0.2
-2.9995298385620117 -5.164150238037109 -8.725648880004883 0.2
-3.1228599548339844 -5.117149353027344 -8.574649810791016 0.2
-3.305799961090088 -5.208549499511719 -8.551248550415039 0.2
-3.4247398376464844 -5.364349365234375 -8.627948760986328 0.2
-3.421879768371582 -5.5545501708984375 -8.715749740600586 0.2
-3.3320398330688477 -5.7384490966796875 -8.759449005126953 0.2
-3.2362899780273438 -5.905750274658203 -8.686849594116211 0.2
-3.2782297134399414 -5.9855499267578125 -8.506549835205078 0.2
-3.459089756011963 -5.942649841308594 -8.422248840332031 0.2
-3.628269672393799 -5.827548980712891 -8.465349197387695 0.2
-3.7022995948791504 -5.657249450683594 -8.56454849243164 0.2
-3.6626696586608887 -5.470451354980469 -8.64995002746582 0.2
-3.583009719848633 -5.279449462890625 -8.647348403930664 0.2
-3.5679898262023926 -5.15625 -8.486249923706055 0.2
-3.701709747314453 -5.1849517822265625 -8.336549758911133 0.2
-3.8615097999572754 -5.314750671386719 -8.309049606323242 0.2
-3.9502997398376465 -5.499050140380859 -8.364849090576172 0.2
-3.9183096885681152 -5.690052032470703 -8.442949295043945 0.2
-3.8208298683166504 -5.871849060058594 -8.467248916625977 0.2
-3.726949691772461 -5.991649627685547 -8.330450057983398 0.2
-3.794029712677002 -5.985450744628906 -8.14004898071289 0.2
-3.957169532775879 -5.889049530029297 -8.057649612426758 0.2
-4.103169918060303 -5.7402496337890625 -8.095348358154297 0.2
-4.141499996185303 -5.561149597167969 -8.196149826049805 0.2
-4.098209857940674 -5.373851776123047 -8.276548385620117 0.2
-4.001659870147705 -5.2019500732421875 -8.214948654174805 0.2
-4.020899772644043 -5.145351409912109 -8.02294921875 0.2
-4.158609867095947 -5.224449157714844 -7.890249252319336 0.2
-4.297749996185303 -5.377651214599609 -7.873849868774414 0.2
-4.334749698638916 -5.5740509033203125 -7.944549560546875 0.2
-4.274419784545898 -5.766151428222656 -8.000848770141602 0.2
-4.152390003204346 -5.933750152587891 -7.972249984741211 0.2
-4.1149396896362305 -6.036151885986328 -7.802949905395508 0.2
-4.270679950714111 -6.037052154541016 -7.673849105834961 0.2
-4.463469982147217 -5.959751129150391 -7.683750152587891 0.2
-4.580049991607666 -5.822452545166016 -7.792749404907227 0.2
-4.576889991760254 -5.6394500732421875 -7.8952484130859375 0.2
-4.514589786529541 -5.444450378417969 -7.937049865722656 0.2
-4.465819835662842 -5.264850616455078 -7.84684944152832 0.2
-4.580069541931152 -5.197052001953125 -7.697549819946289 0.2
-4.76600980758667 -5.279151916503906 -7.668649673461914 0.2
-4.888749599456787 -5.432350158691406 -7.742448806762695 0.2
-4.891109943389893 -5.6224517822265625 -7.831748962402344 0.2
-4.796609878540039 -5.803951263427734 -7.874849319458008 0.2
-4.6977996826171875 -5.973049163818359 -7.810249328613281 0.2
-4.732659816741943 -6.066249847412109 -7.634248733520508 0.2
-4.914259910583496 -6.035652160644531 -7.5480499267578125 0.2
-5.086910247802734 -5.926551818847656 -7.591650009155273 0.2
-5.168569564819336 -5.760650634765625 -7.692649841308594 0.2
-5.1332502365112305 -5.575050354003906 -7.782049179077148 0.2
-5.0592498779296875 -5.3818511962890625 -7.785848617553711 0.2
-5.0453901290893555 -5.2514495849609375 -7.629848480224609 0.2
-5.175909996032715 -5.277252197265625 -7.477449417114258 0.2
-5.332779884338379 -5.408851623535156 -7.44744873046875 0.2
-5.420169830322266 -5.593349456787109 -7.505548477172852 0.2
-5.386750221252441 -5.786251068115234 -7.578350067138672 0.2
-5.28671932220459 -5.967052459716797 -7.601348876953125 0.2
-5.187290191650391 -6.093250274658203 -7.473148345947266 0.2
-5.258719444274902 -6.109050750732422 -7.286449432373047 0.2
-5.437749862670898 -6.031551361083984 -7.220249176025391 0.2
-5.59628963470459 -5.902252197265625 -7.272348403930664 0.2
-5.64424991607666 -5.728851318359375 -7.378549575805664 0.2
-5.60591983795166 -5.542350769042969 -7.463949203491211 0.2
-5.523509979248047 -5.357151031494141 -7.421449661254883 0.2
-5.542389869689941 -5.2745513916015625 -7.239448547363281 0.2
-5.686220169067383 -5.347148895263672 -7.113349914550781 0.2
-5.829179763793945 -5.50054931640625 -7.1022491455078125 0.2
-5.876500129699707 -5.696449279785156 -7.161249160766602 0.2
-5.818729400634766 -5.885951995849609 -7.227048873901367 0.2
-5.696969985961914 -6.052650451660156 -7.207248687744141 0.2
-5.631169319152832 -6.132652282714844 -7.0332489013671875 0.2
-5.74606990814209 -6.094951629638672 -6.870349884033203 0.2
-5.921440124511719 -5.988651275634766 -6.832248687744141 0.2
-6.04718017578125 -5.831951141357422 -6.897249221801758 0.2
-6.065509796142578 -5.654350280761719 -7.0052490234375 0.2
-6.006839752197266 -5.464149475097656 -7.065349578857422 0.2
-5.917590141296387 -5.313751220703125 -6.960048675537109 0.2
-5.960939407348633 -5.308849334716797 -6.762849807739258 0.2
-6.090089797973633 -5.4219512939453125 -6.645849227905273 0.2
-6.204440116882324 -5.599552154541016 -6.646848678588867 0.2
-6.214519500732422 -5.798252105712891 -6.712249755859375 0.2
-6.140500068664551 -5.986351013183594 -6.764749526977539 0.2
-6.002409934997559 -6.124549865722656 -6.699548721313477 0.2
-5.991990089416504 -6.160549163818359 -6.502649307250977 0.2
-6.140009880065918 -6.098152160644531 -6.374050140380859 0.2
-6.31365966796875 -5.98284912109375 -6.372549057006836 0.2
-6.4085798263549805 -5.818050384521484 -6.4642486572265625 0.2
-6.401390075683594 -5.635551452636719 -6.56614875793457 0.2
-6.323419570922852 -5.444950103759766 -6.587549209594727 0.2
-6.2761993408203125 -5.316551208496094 -6.438650131225586 0.2
-6.381999969482422 -5.341350555419922 -6.267148971557617 0.2
-6.533339500427246 -5.471050262451172 -6.209848403930664 0.2
-6.628159523010254 -5.6571502685546875 -6.249050140380859 0.2
-6.603300094604492 -5.8518524169921875 -6.320549011230469 0.2
-6.50469970703125 -6.032550811767578 -6.350349426269531 0.2
-6.392199516296387 -6.153751373291016 -6.228349685668945 0.2
-6.447039604187012 -6.162250518798828 -6.035449981689453 0.2
-6.616769790649414 -6.078052520751953 -5.95374870300293 0.2
-6.774669647216797 -5.939350128173828 -5.98444938659668 0.2
-6.826519966125488 -5.763149261474609 -6.083349227905273 0.2
-6.796070098876953 -5.5776519775390625 -6.173948287963867 0.2
-6.69966983795166 -5.399051666259766 -6.135149002075195 0.2
-6.684199333190918 -5.334850311279297 -5.945148468017578 0.2
-6.794159889221191 -5.418251037597656 -5.792549133300781 0.2
-6.925629615783691 -5.577449798583984 -5.750049591064453 0.2
-6.976129531860352 -5.775749206542969 -5.796649932861328 0.2
-6.936029434204102 -5.968349456787109 -5.867448806762695 0.2
-6.808229446411133 -6.1318511962890625 -5.862548828125 0.2
-6.715009689331055 -6.196849822998047 -5.695949554443359 0.2
-6.7983198165893555 -6.144451141357422 -5.5173492431640625 0.2
-6.95945930480957 -6.030052185058594 -5.44944953918457 0.2
-7.086699485778809 -5.8681488037109375 -5.496349334716797 0.2
-7.118999481201172 -5.690452575683594 -5.601449966430664 0.2
-7.064399719238281 -5.5014495849609375 -5.669948577880859 0.2
-6.9563093185424805 -5.356250762939453 -5.5760498046875 0.2
-6.97307014465332 -5.355949401855469 -5.374349594116211 0.2
-7.085100173950195 -5.470550537109375 -5.241748809814453 0.2
-7.195899963378906 -5.6506500244140625 -5.22344970703125 0.2
-7.213099479675293 -5.850250244140625 -5.2832489013671875 0.2
-7.148499488830566 -6.039249420166016 -5.344949722290039 0.2
-7.0005998611450195 -6.173252105712891 -5.294849395751953 0.2
-6.959229469299316 -6.191249847412109 -5.099248886108398 0.2
-7.073800086975098 -6.110050201416016 -4.947248458862305 0.2
-7.2332000732421875 -5.976348876953125 -4.913448333740234 0.2
-7.3274993896484375 -5.802848815917969 -4.985248565673828 0.2
-7.338500022888184 -5.621051788330078 -5.088850021362305 0.2
-7.249899864196777 -5.436649322509766 -5.119749069213867 0.2
-7.162899971008301 -5.335052490234375 -4.9689483642578125 0.2
-7.215000152587891 -5.382152557373047 -4.775749206542969 0.2
-7.335100173950195 -5.519351959228516 -4.676048278808594 0.2
-7.422299385070801 -5.71295166015625 -4.691749572753906 0.2
-7.413700103759766 -5.910850524902344 -4.759748458862305 0.2
-7.319099426269531 -6.091251373291016 -4.802848815917969 0.2
-7.1815996170043945 -6.199352264404297 -4.69744873046875 0.2
-7.2042999267578125 -6.192050933837891 -4.496849060058594 0.2
-7.353499412536621 -6.102149963378906 -4.384649276733398 0.2
-7.510000228881836 -5.958850860595703 -4.394649505615234 0.2
-7.571999549865723 -5.7801513671875 -4.485149383544922 0.2
-7.554800033569336 -5.592750549316406 -4.576549530029297 0.2
-7.451399803161621 -5.4136505126953125 -4.554948806762695 0.2
-7.4203996658325195 -5.341651916503906 -4.370149612426758 0.2
-7.526999473571777 -5.4165496826171875 -4.209949493408203 0.2
-7.661899566650391 -5.570949554443359 -4.16204833984375 0.2
-7.717299461364746 -5.770149230957031 -4.205648422241211 0.2
-7.680600166320801 -5.964851379394531 -4.273948669433594 0.2
-7.55989933013916 -6.134952545166016 -4.2832489013671875 0.2
-7.457200050354004 -6.218849182128906 -4.130048751831055 0.2
-7.536199569702148 -6.185050964355469 -3.945249557495117 0.2
-7.701299667358398 -6.080451965332031 -3.870248794555664 0.2
-7.835000038146973 -5.920650482177734 -3.909749984741211 0.2
-7.869500160217285 -5.7391510009765625 -4.008749008178711 0.2
-7.827899932861328 -5.547649383544922 -4.08234977722168 0.2
-7.7201995849609375 -5.390350341796875 -4.006248474121094 0.2
-7.727799415588379 -5.37445068359375 -3.8049488067626953 0.2
-7.8420000076293945 -5.483051300048828 -3.6684494018554688 0.2
-7.956099510192871 -5.6607513427734375 -3.6430492401123047 0.2
-7.975600242614746 -5.862651824951172 -3.695749282836914 0.2
-7.920999526977539 -6.054649353027344 -3.761049270629883 0.2
-7.7761993408203125 -6.199748992919922 -3.7349491119384766 0.2
-7.70419979095459 -6.232349395751953 -3.5497493743896484 0.2
-7.796799659729004 -6.162250518798828 -3.3782501220703125 0.2
-7.953700065612793 -6.034450531005859 -3.3191490173339844 0.2
-8.057000160217285 -5.859352111816406 -3.3745498657226562 0.2
-8.079099655151367 -5.6748504638671875 -3.4725494384765625 0.2
-8.004300117492676 -5.486549377441406 -3.519948959350586 0.2
-7.895400047302246 -5.372348785400391 -3.3929500579833984 0.2
-7.930899620056152 -5.406951904296875 -3.1943492889404297 0.2
-8.05049991607666 -5.5386505126953125 -3.0845489501953125 0.2
-8.139100074768066 -5.732051849365234 -3.080049514770508 0.2
-8.137199401855469 -5.932750701904297 -3.1410484313964844 0.2
-8.058699607849121 -6.117649078369141 -3.198648452758789 0.2
-7.900199890136719 -6.230548858642578 -3.1316490173339844 0.2
-7.861899375915527 -6.225250244140625 -2.932649612426758 0.2
-7.967999458312988 -6.136650085449219 -2.7778491973876953 0.2
-8.117899894714355 -5.989952087402344 -2.742948532104492 0.2
-8.193499565124512 -5.807552337646484 -2.8140487670898438 0.2
-8.193499565124512 -5.618350982666016 -2.904348373413086 0.2
-8.080900192260742 -5.441852569580078 -2.9128494262695312 0.2
-8.004799842834473 -5.368549346923828 -2.7424488067626953 0.2
-8.083999633789062 -5.435249328613281 -2.563749313354492 0.2
-8.211599349975586 -5.585151672363281 -2.4866485595703125 0.2
-8.270599365234375 -5.786251068115234 -2.5089492797851562 0.2
-8.249899864196777 -5.984352111816406 -2.5758495330810547 0.2
-8.139999389648438 -6.157749176025391 -2.6170482635498047 0.2
-7.991499900817871 -6.2420501708984375 -2.505849838256836 0.2
-7.997099876403809 -6.210552215576172 -2.303049087524414 0.2
-8.119799613952637 -6.108451843261719 -2.1682491302490234 0.2
-8.257499694824219 -5.945949554443359 -2.1677494049072266 0.2
-8.303199768066406 -5.75775146484375 -2.248849868774414 0.2
-8.264800071716309 -5.565250396728516 -2.325448989868164 0.2
-8.144000053405762 -5.404850006103516 -2.274250030517578 0.2
-8.141900062561035 -5.3699493408203125 -2.074850082397461 0.2
-8.262100219726562 -5.4548492431640625 -1.9260482788085938 0.2
-8.384900093078613 -5.621551513671875 -1.8880500793457031 0.2
-8.409299850463867 -5.823551177978516 -1.9401493072509766 0.2
-8.370100021362305 -6.017250061035156 -2.0135498046875 0.2
-8.238499641418457 -6.177650451660156 -2.0278491973876953 0.2
-8.104399681091309 -6.239551544189453 -1.8853492736816406 0.2
-8.092700004577637 -6.209049224853516 -1.6791496276855469 0.2
-8.208000183105469 -6.096649169921875 -1.5507488250732422 0.2
-8.327199935913086 -5.922752380371094 -1.5828495025634766 0.2
-8.348400115966797 -5.737251281738281 -1.6793498992919922 0.2
-8.275300025939941 -5.5451507568359375 -1.7292499542236328 0.2
-8.1875 -5.40875244140625 -1.6068496704101562 0.2
-8.241799354553223 -5.412750244140625 -1.4078483581542969 0.2
-8.372200012207031 -5.5220489501953125 -1.2868499755859375 0.2
-8.460999488830566 -5.712348937988281 -1.2872486114501953 0.2
-8.452799797058105 -5.9100494384765625 -1.3579483032226562 0.2
-8.383399963378906 -6.09735107421875 -1.4217491149902344 0.2
-8.225799560546875 -6.225452423095703 -1.3774490356445312 0.2
-8.127399444580078 -6.251049041748047 -1.19744873046875 0.2
-8.153800010681152 -6.194850921630859 -1.0004501342773438 0.2
-8.295599937438965 -6.055950164794922 -0.9370498657226562 0.2
-8.378399848937988 -5.875450134277344 -1.0085487365722656 0.2
-8.373099327087402 -5.685951232910156 -1.0994491577148438 0.2
-8.271599769592285 -5.498649597167969 -1.1055488586425781 0.2
-8.222599983215332 -5.400249481201172 -0.9366493225097656 0.2
-8.31190013885498 -5.435451507568359 -0.7518501281738281 0.2
-8.44890022277832 -5.567451477050781 -0.6648483276367188 0.2
-8.508199691772461 -5.765048980712891 -0.6998500823974609 0.2
-8.483200073242188 -5.959850311279297 -0.775848388671875 0.2
-8.382200241088867 -6.139949798583984 -0.8098487854003906 0.2
-8.228699684143066 -6.2438507080078125 -0.7147483825683594 0.2
-8.151100158691406 -6.2635498046875 -0.5219497680664062 0.2
-8.225099563598633 -6.187648773193359 -0.3490486145019531 0.2
-8.366399765014648 -6.029552459716797 -0.35344886779785156 0.2
-8.415399551391602 -5.844852447509766 -0.4418487548828125 0.2
-8.383399963378906 -5.650051116943359 -0.5167484283447266 0.2
-8.273399353027344 -5.477851867675781 -0.46724891662597656 0.2
-8.25879955291748 -5.421749114990234 -0.26994895935058594 0.2
-8.351799964904785 -5.478649139404297 -0.09165000915527344 0.2
-8.474900245666504 -5.639652252197266 -0.04144859313964844 0.2
-8.502099990844727 -5.839450836181641 -0.10064888000488281 0.2
-8.463399887084961 -6.033451080322266 -0.17294883728027344 0.2
-8.333600044250488 -6.197750091552734 -0.17224884033203125 0.2
-8.189399719238281 -6.275550842285156 -0.042148590087890625 0.2
-8.14579963684082 -6.270252227783203 0.15974998474121094 0.2
-8.26609992980957 -6.159351348876953 0.2803516387939453 0.2
-8.380099296569824 -5.984550476074219 0.2351512908935547 0.2
-8.402199745178223 -5.795051574707031 0.14655113220214844 0.2
-8.336599349975586 -5.599849700927734 0.09665107727050781 0.2
-8.237199783325195 -5.457851409912109 0.2057514190673828 0.2
-8.265299797058105 -5.444850921630859 0.4104499816894531 0.2
-8.385199546813965 -5.535251617431641 0.5537509918212891 0.2
-8.492300033569336 -5.715850830078125 0.5579509735107422 0.2
-8.49389934539795 -5.913150787353516 0.48545074462890625 0.2
-8.431900024414062 -6.104450225830078 0.42495155334472656 0.2
-8.285299301147461 -6.2485504150390625 0.4683513641357422 0.2
-8.174300193786621 -6.307849884033203 0.6341514587402344 0.2
-8.195099830627441 -6.2792510986328125 0.8352508544921875 0.2
-8.341499328613281 -6.145351409912109 0.8974514007568359 0.2
-8.41919994354248 -5.961551666259766 0.8298511505126953 0.2
-8.421199798583984 -5.768650054931641 0.7460498809814453 0.2
-8.325699806213379 -5.577949523925781 0.7369499206542969 0.2
-8.24389934539795 -5.474250793457031 0.8925514221191406 0.2
-8.27929973602295 -5.4880523681640625 1.0979499816894531 0.2
-8.401100158691406 -5.609649658203125 1.2126502990722656 0.2
-8.472999572753906 -5.804050445556641 1.1806507110595703 0.2
-8.458600044250488 -5.999351501464844 1.1027507781982422 0.2
-8.366700172424316 -6.184150695800781 1.0624504089355469 0.2
-8.214799880981445 -6.301551818847656 1.145650863647461 0.2
-8.136300086975098 -6.336650848388672 1.336050033569336 0.2
-8.2076997756958 -6.2720489501953125 1.5149517059326172 0.2
-8.34529972076416 -6.112049102783203 1.523550033569336 0.2
-8.394399642944336 -5.922950744628906 1.4442501068115234 0.2
-8.371500015258789 -5.7261505126953125 1.3717498779296875 0.2
-8.253999710083008 -5.554050445556641 1.4055500030517578 0.2
-8.193399429321289 -5.492649078369141 1.5936508178710938 0.2
-8.241600036621094 -5.538551330566406 1.7914505004882812 0.2
-8.363200187683105 -5.693752288818359 1.860250473022461 0.2
-8.405200004577637 -5.892551422119141 1.8047504425048828 0.2
-8.375999450683594 -6.086849212646484 1.7284507751464844 0.2
-8.253299713134766 -6.257652282714844 1.7142505645751953 0.2
-8.120100021362305 -6.346851348876953 1.8462505340576172 0.2
-8.090799331665039 -6.352451324462891 2.0526504516601562 0.2
-8.206899642944336 -6.251350402832031 2.1879501342773438 0.2
-8.31820011138916 -6.072849273681641 2.1614513397216797 0.2
-8.347199440002441 -5.882251739501953 2.0763511657714844 0.2
-8.293299674987793 -5.686248779296875 2.0199508666992188 0.2
-8.163999557495117 -5.545650482177734 2.100351333618164 0.2
-8.114799499511719 -5.520648956298828 2.3015499114990234 0.2
-8.178799629211426 -5.6011505126953125 2.4798507690429688 0.2
-8.286600112915039 -5.7803497314453125 2.5086517333984375 0.2
-8.3056001663208 -5.978351593017578 2.439350128173828 0.2
-8.254499435424805 -6.170650482177734 2.3705501556396484 0.2
-8.107399940490723 -6.318752288818359 2.397350311279297 0.2
-8.008399963378906 -6.37554931640625 2.570150375366211 0.2
-8.030499458312988 -6.345550537109375 2.773651123046875 0.2
-8.165200233459473 -6.209751129150391 2.8566513061523438 0.2
-8.242799758911133 -6.022251129150391 2.8005504608154297 0.2
-8.253299713134766 -5.830348968505859 2.7139511108398438 0.2
-8.157400131225586 -5.642848968505859 2.6861515045166016 0.2
-8.035200119018555 -5.54425048828125 2.8185501098632812 0.2
-8.012999534606934 -5.556850433349609 3.0267505645751953 0.2
-8.103400230407715 -5.6759490966796875 3.16925048828125 0.2
-8.186100006103516 -5.869449615478516 3.1554508209228516 0.2
-8.189399719238281 -6.066051483154297 3.077951431274414 0.2
-8.105199813842773 -6.252651214599609 3.0239505767822266 0.2
-7.952899932861328 -6.370849609375 3.1011505126953125 0.2
-7.88599967956543 -6.3959503173828125 3.298551559448242 0.2
-7.947199821472168 -6.327548980712891 3.4832515716552734 0.2
-8.07450008392334 -6.162052154541016 3.5128517150878906 0.2
-8.1274995803833 -5.972450256347656 3.435649871826172 0.2
-8.110799789428711 -5.777950286865234 3.3547515869140625 0.2
-7.980899810791016 -5.613151550292969 3.3689498901367188 0.2
-7.878399848937988 -5.559551239013672 3.542051315307617 0.2
-7.880899429321289 -5.60675048828125 3.7460498809814453 0.2
-7.986599922180176 -5.761150360107422 3.839750289916992 0.2
-8.042499542236328 -5.9602508544921875 3.795351028442383 0.2
-8.030900001525879 -6.156349182128906 3.7168502807617188 0.2
-7.910999298095703 -6.3276519775390625 3.687450408935547 0.2
-7.769599914550781 -6.410152435302734 3.814451217651367 0.2
-7.72659969329834 -6.404651641845703 4.020050048828125 0.2
-7.820699691772461 -6.295051574707031 4.168050765991211 0.2
-7.925799369812012 -6.111652374267578 4.154451370239258 0.2
-7.962800025939941 -5.922649383544922 4.066650390625 0.2
-7.9079999923706055 -5.730350494384766 3.9998512268066406 0.2
-7.759699821472168 -5.6022491455078125 4.066650390625 0.2
-7.67609977722168 -5.5863494873046875 4.258550643920898 0.2
-7.709799766540527 -5.669551849365234 4.444850921630859 0.2
-7.811800003051758 -5.848850250244141 4.491350173950195 0.2
-7.847700119018555 -6.047149658203125 4.427350997924805 0.2
-7.812299728393555 -6.241748809814453 4.353250503540039 0.2
-7.661999702453613 -6.3876495361328125 4.363250732421875 0.2
-7.53849983215332 -6.436149597167969 4.523950576782227 0.2
-7.525599479675293 -6.397552490234375 4.7279510498046875 0.2
-7.63700008392334 -6.252651214599609 4.830251693725586 0.2
-7.716899871826172 -6.063449859619141 4.781450271606445 0.2
-7.738499641418457 -5.873149871826172 4.691650390625 0.2
-7.637599945068359 -5.691951751708984 4.647951126098633 0.2
-7.48799991607666 -5.604949951171875 4.760551452636719 0.2
-7.422900199890137 -5.6206512451171875 4.960350036621094 0.2
-7.4847002029418945 -5.739749908447266 5.118551254272461 0.2
-7.569399833679199 -5.9331512451171875 5.121551513671875 0.2
-7.594499588012695 -6.130550384521484 5.0480499267578125 0.2
-7.523399353027344 -6.319049835205078 4.982151031494141 0.2
-7.3582000732421875 -6.433250427246094 5.0357513427734375 0.2
-7.251399993896484 -6.451751708984375 5.216850280761719 0.2
-7.268599510192871 -6.376049041748047 5.409250259399414 0.2
-7.379399299621582 -6.204151153564453 5.460750579833984 0.2
-7.444399833679199 -6.014751434326172 5.389951705932617 0.2
-7.440699577331543 -5.821849822998047 5.302249908447266 0.2
-7.3018999099731445 -5.66455078125 5.288949966430664 0.2
-7.158999443054199 -5.616950988769531 5.43494987487793 0.2
-7.111199378967285 -5.662052154541016 5.6347503662109375 0.2
-7.192699432373047 -5.8139495849609375 5.754251480102539 0.2
-7.261199951171875 -6.012950897216797 5.725950241088867 0.2
-7.273900032043457 -6.210849761962891 5.6495513916015625 0.2
-7.165299415588379 -6.3847503662109375 5.5982513427734375 0.2
-6.99899959564209 -6.464649200439453 5.695150375366211 0.2
-6.908239364624023 -6.456550598144531 5.885950088500977 0.2
-6.958939552307129 -6.344348907470703 6.053251266479492 0.2
-7.059999465942383 -6.157951354980469 6.061851501464844 0.2
-7.11460018157959 -5.969451904296875 5.9797515869140625 0.2
-7.075699806213379 -5.778652191162109 5.897550582885742 0.2
-6.912169456481934 -5.653350830078125 5.925651550292969 0.2
-6.7824296951293945 -5.635051727294922 6.091550827026367 0.2
-6.769609451293945 -5.716651916503906 6.29425048828125 0.2
-6.864439964294434 -5.906150817871094 6.363651275634766 0.2
-6.916969299316406 -6.115852355957031 6.302450180053711 0.2
-6.883029937744141 -6.321949005126953 6.222650527954102 0.2
-6.710840225219727 -6.456851959228516 6.2391510009765625 0.2
-6.568490028381348 -6.48175048828125 6.409049987792969 0.2
-6.556329727172852 -6.403652191162109 6.61305046081543 0.2
-6.661680221557617 -6.218250274658203 6.677949905395508 0.2
-6.7322893142700195 -6.018352508544922 6.603050231933594 0.2
-6.720029830932617 -5.815349578857422 6.510150909423828 0.2
-6.554669380187988 -5.670951843261719 6.511751174926758 0.2
-6.404699325561523 -5.644950866699219 6.674650192260742 0.2
