-2.369879722595215 12.855949401855469 -10.318649291992188 0.2
-2.5171499252319336 12.822349548339844 -10.457249641418457 0.2
-2.5133795738220215 12.692848205566406 -10.619149208068848 0.2
-2.450469970703125 12.520648956298828 -10.71574878692627 0.2
-2.3985395431518555 12.328449249267578 -10.774148941040039 0.2
-2.4494495391845703 12.134349822998047 -10.72654914855957 0.2
-2.635469913482666 12.062450408935547 -10.674849510192871 0.2
-2.8363895416259766 12.109249114990234 -10.690349578857422 0.2
-2.9226198196411133 12.288448333740234 -10.742049217224121 0.2
-2.867499828338623 12.485347747802734 -10.706048965454102 0.2
-2.782749652862549 12.656349182128906 -10.624448776245117 0.2
-2.7280097007751465 12.800849914550781 -10.4850492477417 0.2
-2.814159870147705 12.855648040771484 -10.306549072265625 0.2
-3.0140795707702637 12.861648559570312 -10.250049591064453 0.2
-3.2086596488952637 12.845951080322266 -10.3379487991333 0.2
-3.2494397163391113 12.739250183105469 -10.522449493408203 0.2
-3.190499782562256 12.562549591064453 -10.639449119567871 0.2
-3.1291399002075195 12.36655044555664 -10.718449592590332 0.2
-3.1555099487304688 12.153450012207031 -10.687149047851562 0.2
-3.342379570007324 12.06155014038086 -10.62394905090332 0.2
-3.5570597648620605 12.104549407958984 -10.630949020385742 0.2
-3.6455798149108887 12.296150207519531 -10.677349090576172 0.2
-3.5828700065612793 12.501750946044922 -10.631548881530762 0.2
-3.494309902191162 12.682350158691406 -10.543048858642578 0.2
-3.451900005340576 12.821048736572266 -10.379849433898926 0.2
-3.5819897651672363 12.854351043701172 -10.210549354553223 0.2
-3.800259590148926 12.850448608398438 -10.1858491897583 0.2
-3.9618897438049316 12.81235122680664 -10.323549270629883 0.2
-3.9581398963928223 12.673851013183594 -10.492849349975586 0.2
-3.893709659576416 12.493850708007812 -10.59994888305664 0.2
-3.8463497161865234 12.287948608398438 -10.6587495803833 0.2
-3.9277796745300293 12.097148895263672 -10.596649169921875 0.2
-4.135939598083496 12.048248291015625 -10.550349235534668 0.2
-4.330309867858887 12.139949798583984 -10.578049659729004 0.2
-4.358689785003662 12.355148315429688 -10.595349311828613 0.2
-4.278349876403809 12.546947479248047 -10.525349617004395 0.2
-4.194599628448486 12.721450805664062 -10.422149658203125 0.2
-4.19966983795166 12.822547912597656 -10.229449272155762 0.2
-4.376119613647461 12.82925033569336 -10.103448867797852 0.2
-4.593109607696533 12.815650939941406 -10.127948760986328 0.2
-4.702409744262695 12.745647430419922 -10.301349639892578 0.2
-4.6649699211120605 12.58395004272461 -10.445049285888672 0.2
-4.600329875946045 12.400348663330078 -10.54634952545166 0.2
-4.577899932861328 12.183349609375 -10.566948890686035 0.2
-4.711339950561523 12.030548095703125 -10.491349220275879 0.2
-4.929769992828369 12.01824951171875 -10.464649200439453 0.2
-5.088640213012695 12.16094970703125 -10.501548767089844 0.2
-5.0642595291137695 12.377548217773438 -10.48034954071045 0.2
-4.9761199951171875 12.563148498535156 -10.400849342346191 0.2
-4.903229713439941 12.726150512695312 -10.271449089050293 0.2
-4.964339733123779 12.783950805664062 -10.071649551391602 0.2
-5.169139862060547 12.770347595214844 -9.992049217224121 0.2
-5.3731794357299805 12.739749908447266 -10.064449310302734 0.2
-5.425449371337891 12.632648468017578 -10.246949195861816 0.2
-5.371109962463379 12.459949493408203 -10.373848915100098 0.2
-5.3104095458984375 12.268348693847656 -10.466049194335938 0.2
-5.322989463806152 12.051750183105469 -10.443849563598633 0.2
-5.496769905090332 11.940048217773438 -10.37044906616211 0.2
-5.715999603271484 11.960250854492188 -10.358949661254883 0.2
-5.821789741516113 12.147647857666016 -10.388648986816406 0.2
-5.763079643249512 12.355350494384766 -10.339949607849121 0.2
-5.673989295959473 12.539947509765625 -10.257948875427246 0.2
-5.622659683227539 12.681648254394531 -10.098448753356934 0.2
-5.740530014038086 12.699249267578125 -9.917049407958984 0.2
-5.9554901123046875 12.670547485351562 -9.873649597167969 0.2
-6.129650115966797 12.62154769897461 -9.993549346923828 0.2
-6.137249946594238 12.4864501953125 -10.16724967956543 0.2
-6.0792999267578125 12.308250427246094 -10.28274917602539 0.2
-6.027229309082031 12.107547760009766 -10.358348846435547 0.2
-6.075860023498535 11.900848388671875 -10.30734920501709 0.2
-6.267709732055664 11.810749053955078 -10.248449325561523 0.2
-6.480779647827148 11.858551025390625 -10.25934886932373 0.2
-6.542969703674316 12.067447662353516 -10.277349472045898 0.2
-6.468659400939941 12.265148162841797 -10.213349342346191 0.2
-6.38107967376709 12.447948455810547 -10.127449035644531 0.2
-6.344209671020508 12.575450897216797 -9.951949119567871 0.2
-6.484789848327637 12.573150634765625 -9.786648750305176 0.2
-6.710330009460449 12.534549713134766 -9.765849113464355 0.2
-6.881529808044434 12.483551025390625 -9.928349494934082 0.2
-6.850179672241211 12.319450378417969 -10.109748840332031 0.2
-6.786640167236328 12.106548309326172 -10.219049453735352 0.2
-6.745530128479004 11.866249084472656 -10.257049560546875 0.2
-6.869210243225098 11.672950744628906 -10.177848815917969 0.2
-7.111899375915527 11.618549346923828 -10.156249046325684 0.2
-7.282499313354492 11.781150817871094 -10.202349662780762 0.2
-7.218999862670898 12.019248962402344 -10.17664909362793 0.2
-7.110799789428711 12.233551025390625 -10.117749214172363 0.2
-7.0824995040893555 12.415847778320312 -9.958349227905273 0.2
-7.293600082397461 12.445449829101562 -9.85884952545166 0.2
-7.489899635314941 12.404647827148438 -9.926849365234375 0.2
-7.637199401855469 12.257949829101562 -9.923849105834961 0.2
-7.630399703979492 12.05044937133789 -9.942548751831055 0.2
-7.55210018157959 11.893051147460938 -10.059049606323242 0.2
-7.482199668884277 11.718849182128906 -10.154949188232422 0.2
-7.527500152587891 11.51865005493164 -10.11884880065918 0.2
-7.717100143432617 11.434150695800781 -10.082049369812012 0.2
-7.923999786376953 11.470748901367188 -10.095549583435059 0.2
-7.993000030517578 11.664947509765625 -10.092049598693848 0.2
-7.966099739074707 11.864448547363281 -10.008548736572266 0.2
-8.05459976196289 12.010848999023438 -10.106348991394043 0.2
-8.135700225830078 11.868049621582031 -10.20314884185791 0.2
-8.145299911499023 11.799949645996094 -10.02134895324707 0.2
-8.20319938659668 11.954547882080078 -9.970149040222168 0.2
-8.307700157165527 11.949447631835938 -10.10214900970459 0.2
-8.329299926757812 11.788047790527344 -10.16724967956543 0.2
-8.287199974060059 11.61684799194336 -10.156549453735352 0.2
-8.296699523925781 11.466850280761719 -10.064349174499512 0.2
-8.429299354553223 11.419147491455078 -9.9579496383667 0.2
-8.59939956665039 11.449249267578125 -9.918649673461914 0.2
-8.768099784851074 11.50014877319336 -9.904549598693848 0.2
-8.903200149536133 11.606250762939453 -9.945448875427246 0.2
-8.891300201416016 11.765148162841797 -10.021248817443848 0.2
-8.770299911499023 11.892948150634766 -10.038748741149902 0.2
-8.630999565124512 11.999248504638672 -10.029748916625977 0.2
-8.489500045776367 12.095050811767578 -9.988749504089355 0.2
-8.394800186157227 12.154548645019531 -9.852849006652832 0.2
-8.444000244140625 12.197547912597656 -9.689249038696289 0.2
-8.578299522399902 12.260250091552734 -9.594849586486816 0.2
-8.73759937286377 12.335147857666016 -9.551249504089355 0.2
-8.896900177001953 12.388748168945312 -9.62454891204834 0.2
-8.99109935760498 12.319049835205078 -9.765249252319336 0.2
-9.030900001525879 12.164649963378906 -9.855548858642578 0.2
-9.060099601745605 11.995647430419922 -9.919249534606934 0.2
-9.098499298095703 11.815250396728516 -9.924149513244629 0.2
-9.176199913024902 11.70534896850586 -9.799149513244629 0.2
-9.293499946594238 11.742450714111328 -9.661748886108398 0.2
-9.414599418640137 11.8271484375 -9.552349090576172 0.2
-9.535999298095703 11.945148468017578 -9.47714900970459 0.2
-9.588099479675293 12.115447998046875 -9.521849632263184 0.2
-9.496399879455566 12.238349914550781 -9.623649597167969 0.2
-9.351799964904785 12.334449768066406 -9.682649612426758 0.2
-9.211899757385254 12.41965103149414 -9.606348991394043 0.2
-9.236800193786621 12.380348205566406 -9.439949035644531 0.2
-9.410900115966797 12.378349304199219 -9.489849090576172 0.2
-9.37440013885498 12.556350708007812 -9.574149131774902 0.2
-9.29699993133545 12.56814956665039 -9.3910493850708 0.2
-9.45829963684082 12.444950103759766 -9.325448989868164 0.2
-9.633399963378906 12.30904769897461 -9.366549491882324 0.2
-9.773799896240234 12.268051147460938 -9.207749366760254 0.2
-9.839799880981445 12.414848327636719 -9.053449630737305 0.2
-9.815400123596191 12.631450653076172 -9.0254487991333 0.2
-9.629199981689453 12.736549377441406 -9.076449394226074 0.2
-9.40619945526123 12.743247985839844 -9.091649055480957 0.2
-9.212699890136719 12.836448669433594 -9.141949653625488 0.2
-9.134499549865723 13.039947509765625 -9.117349624633789 0.2
-9.112799644470215 13.17464828491211 -8.941949844360352 0.2
-9.194600105285645 13.302047729492188 -8.771949768066406 0.2
-9.4222993850708 13.307350158691406 -8.807548522949219 0.2
-9.577899932861328 13.144451141357422 -8.881149291992188 0.2
-9.719499588012695 12.965747833251953 -8.942049026489258 0.2
-9.867599487304688 12.805049896240234 -8.865549087524414 0.2
-9.951099395751953 12.86214828491211 -8.656648635864258 0.2
-9.97700023651123 13.059749603271484 -8.530048370361328 0.2
-9.894399642944336 13.274547576904297 -8.55314826965332 0.2
-9.690899848937988 13.380348205566406 -8.604549407958984 0.2
-9.469499588012695 13.450050354003906 -8.637948989868164 0.2
-9.241199493408203 13.466850280761719 -8.592849731445312 0.2
-9.14900016784668 13.509651184082031 -8.386348724365234 0.2
-9.199799537658691 13.6490478515625 -8.215950012207031 0.2
-9.364699363708496 13.78704833984375 -8.182748794555664 0.2
-9.562600135803223 13.746150970458984 -8.272150039672852 0.2
-9.718500137329102 13.612850189208984 -8.353948593139648 0.2
-9.873600006103516 13.464347839355469 -8.407848358154297 0.2
-10.007599830627441 13.335948944091797 -8.291749954223633 0.2
-10.073800086975098 13.402450561523438 -8.092748641967773 0.2
-10.09369945526123 13.58905029296875 -7.977548599243164 0.2
-9.99109935760498 13.781448364257812 -8.001049041748047 0.2
-9.791299819946289 13.864448547363281 -8.045949935913086 0.2
-9.578700065612793 13.91604995727539 -8.074348449707031 0.2
-9.374099731445312 13.931350708007812 -7.995048522949219 0.2
-9.31659984588623 13.991748809814453 -7.793949127197266 0.2
-9.392799377441406 14.126251220703125 -7.636249542236328 0.2
-9.583099365234375 14.230148315429688 -7.6282501220703125 0.2
-9.771100044250488 14.157051086425781 -7.716148376464844 0.2
-9.92490005493164 14.022350311279297 -7.798149108886719 0.2
-10.075300216674805 13.861949920654297 -7.815149307250977 0.2
-10.17959976196289 13.770149230957031 -7.648649215698242 0.2
-10.234099388122559 13.864849090576172 -7.4566497802734375 0.2
-10.234700202941895 14.063350677490234 -7.365449905395508 0.2
-10.09529972076416 14.226749420166016 -7.405550003051758 0.2
-9.89229965209961 14.297149658203125 -7.456150054931641 0.2
-9.676300048828125 14.338951110839844 -7.474748611450195 0.2
-9.501599311828613 14.34225082397461 -7.345949172973633 0.2
-9.49269962310791 14.41094970703125 -7.137849807739258 0.2
-9.605799674987793 14.533748626708984 -6.996448516845703 0.2
-9.815199851989746 14.58224868774414 -7.024349212646484 0.2
-9.990599632263184 14.483749389648438 -7.11454963684082 0.2
-10.14639949798584 14.349647521972656 -7.193948745727539 0.2
-10.279399871826172 14.18124771118164 -7.158548355102539 0.2
-10.35099983215332 14.135047912597656 -6.959148406982422 0.2
-10.388899803161621 14.245647430419922 -6.772649765014648 0.2
-10.35200023651123 14.450248718261719 -6.713850021362305 0.2
-10.186299324035645 14.584247589111328 -6.763750076293945 0.2
-9.985199928283691 14.651248931884766 -6.819448471069336 0.2
-9.768499374389648 14.676651000976562 -6.81464958190918 0.2
-9.633999824523926 14.669548034667969 -6.64634895324707 0.2
-9.655900001525879 14.73284912109375 -6.438148498535156 0.2
-9.803299903869629 14.838550567626953 -6.322050094604492 0.2
-10.014699935913086 14.841949462890625 -6.371049880981445 0.2
-10.18239974975586 14.737648010253906 -6.464149475097656 0.2
-10.337499618530273 14.599449157714844 -6.531648635864258 0.2
-10.442699432373047 14.43294906616211 -6.443849563598633 0.2
-10.48859977722168 14.417747497558594 -6.232549667358398 0.2
-10.50629997253418 14.542049407958984 -6.055149078369141 0.2
-10.429900169372559 14.740947723388672 -6.022348403930664 0.2
-10.250399589538574 14.85104751586914 -6.079248428344727 0.2
-10.049599647521973 14.914447784423828 -6.135648727416992 0.2
-9.836099624633789 14.91054916381836 -6.098249435424805 0.2
-9.740099906921387 14.892948150634766 -5.906949996948242 0.2
-9.784699440002441 14.947750091552734 -5.700448989868164 0.2
-9.959400177001953 15.033950805664062 -5.610748291015625 0.2
-10.163899421691895 15.00484848022461 -5.677148818969727 0.2
-10.331600189208984 14.903648376464844 -5.773649215698242 0.2
-10.480199813842773 14.750850677490234 -5.817850112915039 0.2
-10.554699897766113 14.59954833984375 -5.685850143432617 0.2
-10.580499649047852 14.609550476074219 -5.469648361206055 0.2
-10.57229995727539 14.750850677490234 -5.306549072265625 0.2
-10.457599639892578 14.933250427246094 -5.302549362182617 0.2
-10.271499633789062 15.02724838256836 -5.367849349975586 0.2
-10.0649995803833 15.077247619628906 -5.418048858642578 0.2
-9.867300033569336 15.039749145507812 -5.343149185180664 0.2
-9.811699867248535 15.022148132324219 -5.13494873046875 0.2
-9.881500244140625 15.074848175048828 -4.936349868774414 0.2
-10.07859992980957 15.14175033569336 -4.885549545288086 0.2
-10.274799346923828 15.094650268554688 -4.967248916625977 0.2
-10.444099426269531 14.99544906616211 -5.062549591064453 0.2
-10.575399398803711 14.825248718261719 -5.070549011230469 0.2
-10.621399879455566 14.706748962402344 -4.8988494873046875 0.2
-10.629499435424805 14.737850189208984 -4.683649063110352 0.2
-10.590799331665039 14.900150299072266 -4.550548553466797 0.2
-10.447199821472168 15.059749603271484 -4.5733489990234375 0.2
-10.2593994140625 15.140548706054688 -4.646148681640625 0.2
-10.046899795532227 15.161849975585938 -4.679149627685547 0.2
-9.882800102233887 15.100948333740234 -4.557649612426758 0.2
-9.862500190734863 15.091350555419922 -4.342649459838867 0.2
-9.966300010681152 15.15195083618164 -4.165948867797852 0.2
-10.176199913024902 15.194648742675781 -4.156848907470703 0.2
-10.362099647521973 15.135150909423828 -4.250749588012695 0.2
-10.527599334716797 15.024250030517578 -4.334848403930664 0.2
-10.627099990844727 14.842048645019531 -4.285549163818359 0.2
-10.64799976348877 14.766651153564453 -4.0863494873046875 0.2
-10.638299942016602 14.827247619628906 -3.8798484802246094 0.2
-10.563699722290039 15.005748748779297 -3.791248321533203 0.2
-10.399099349975586 15.134449005126953 -3.84375 0.2
-10.207599639892578 15.200347900390625 -3.919849395751953 0.2
-9.994799613952637 15.175350189208984 -3.913349151611328 0.2
-9.880000114440918 15.11404800415039 -3.7455501556396484 0.2
-9.89419937133789 15.120548248291016 -3.529949188232422 0.2
-10.0423002243042 15.187248229980469 -3.393848419189453 0.2
-10.252599716186523 15.193050384521484 -3.4329490661621094 0.2
-10.430999755859375 15.123847961425781 -3.534149169921875 0.2
-10.579400062561035 14.977848052978516 -3.586149215698242 0.2
-10.63479995727539 14.810150146484375 -3.4700489044189453 0.2
-10.630599975585938 14.779251098632812 -3.2567501068115234 0.2
-10.594200134277344 14.878849029541016 -3.071849822998047 0.2
-10.4798002243042 15.056049346923828 -3.0437488555908203 0.2
-10.306599617004395 15.159748077392578 -3.1204490661621094 0.2
-10.105199813842773 15.197750091552734 -3.1860485076904297 0.2
-9.91450023651123 15.131549835205078 -3.1217498779296875 0.2
-9.850500106811523 15.085948944091797 -2.9223499298095703 0.2
-9.904399871826172 15.105850219726562 -2.716249465942383 0.2
-10.095199584960938 15.160648345947266 -2.642749786376953 0.2
-10.294699668884277 15.13344955444336 -2.7182483673095703 0.2
-10.466300010681152 15.04465103149414 -2.8139495849609375 0.2
-10.57349967956543 14.86214828491211 -2.809549331665039 0.2
-10.58329963684082 14.740047454833984 -2.636749267578125 0.2
-10.554900169372559 14.746749877929688 -2.4237499237060547 0.2
-10.486700057983398 14.89324951171875 -2.288249969482422 0.2
-10.343899726867676 15.049549102783203 -2.3168487548828125 0.2
-10.166500091552734 15.133647918701172 -2.4052486419677734 0.2
-9.956799507141113 15.12234878540039 -2.4378490447998047 0.2
-9.812299728393555 15.043148040771484 -2.306650161743164 0.2
-9.787400245666504 15.014747619628906 -2.095449447631836 0.2
-9.898099899291992 15.053848266601562 -1.9210491180419922 0.2
-10.10890007019043 15.078750610351562 -1.9151496887207031 0.2
-10.293999671936035 15.029449462890625 -2.0121498107910156 0.2
-10.446399688720703 14.899650573730469 -2.0833492279052734 0.2
-10.49739933013916 14.712348937988281 -2.004650115966797 0.2
-10.47439956665039 14.640148162841797 -1.8052482604980469 0.2
-10.425000190734863 14.695148468017578 -1.6067485809326172 0.2
-10.325499534606934 14.868247985839844 -1.5381488800048828 0.2
-10.168899536132812 14.995948791503906 -1.6076488494873047 0.2
-9.980799674987793 15.052448272705078 -1.691549301147461 0.2
-9.780399322509766 14.990550994873047 -1.6701488494873047 0.2
-9.680999755859375 14.91994857788086 -1.4969501495361328 0.2
-9.693099975585938 14.908050537109375 -1.2850494384765625 0.2
-9.856599807739258 14.95425033569336 -1.1623497009277344 0.2
-10.063300132751465 14.947948455810547 -1.2103500366210938 0.2
-10.240300178527832 14.879749298095703 -1.3092498779296875 0.2
-10.355999946594238 14.705150604248047 -1.3359489440917969 0.2
-10.360300064086914 14.547748565673828 -1.1982498168945312 0.2
-10.314799308776855 14.51504898071289 -0.9920482635498047 0.2
-10.242300033569336 14.621650695800781 -0.8268489837646484 0.2
-10.115099906921387 14.790451049804688 -0.8248500823974609 0.2
-9.951899528503418 14.895950317382812 -0.9143486022949219 0.2
-9.750100135803223 14.905250549316406 -0.9796485900878906 0.2
-9.578299522399902 14.815547943115234 -0.9003486633300781 0.2
-9.514100074768066 14.75674819946289 -0.7053489685058594 0.2
-9.575399398803711 14.762248992919922 -0.5047492980957031 0.2
-9.774499893188477 14.798049926757812 -0.4469490051269531 0.2
-9.971399307250977 14.772350311279297 -0.5259494781494141 0.2
-10.13700008392334 14.67034912109375 -0.6115493774414062 0.2
-10.203899383544922 14.474048614501953 -0.5835494995117188 0.2
-10.172100067138672 14.358150482177734 -0.4095497131347656 0.2
-10.106499671936035 14.362049102783203 -0.20764923095703125 0.2
-10.009499549865723 14.511550903320312 -0.09714889526367188 0.2
-9.865599632263184 14.66054916381836 -0.1445484161376953 0.2
-9.692599296569824 14.740947723388672 -0.23964881896972656 0.2
-9.489299774169922 14.69675064086914 -0.2704486846923828 0.2
-9.356499671936035 14.601947784423828 -0.13754844665527344 0.2
-9.326499938964844 14.552349090576172 0.06715011596679688 0.2
-9.450300216674805 14.575149536132812 0.233551025390625 0.2
-9.661399841308594 14.588249206542969 0.2310504913330078 0.2
-9.84939956665039 14.54534912109375 0.139251708984375 0.2
-9.986199378967285 14.398048400878906 0.07835006713867188 0.2
-9.998499870300293 14.2093505859375 0.16445159912109375 0.2
-9.940099716186523 14.127147674560547 0.35175132751464844 0.2
-9.857500076293945 14.179550170898438 0.536651611328125 0.2
-9.740300178527832 14.347248077392578 0.5869503021240234 0.2
-9.590799331665039 14.477149963378906 0.5087509155273438 0.2
-9.404799461364746 14.52225112915039 0.41895103454589844 0.2
-9.215399742126465 14.436649322509766 0.4383506774902344 0.2
-9.11609935760498 14.345348358154297 0.6015510559082031 0.2
-9.129499435424805 14.308349609375 0.8077507019042969 0.2
-9.302299499511719 14.333248138427734 0.9234504699707031 0.2
-9.508600234985352 14.326248168945312 0.8754501342773438 0.2
-9.687699317932129 14.257247924804688 0.7849502563476562 0.2
-9.777099609375 14.06924819946289 0.7615509033203125 0.2
-9.745699882507324 13.90774917602539 0.890350341796875 0.2
-9.668700218200684 13.856948852539062 1.0812511444091797 0.2
-9.570300102233887 13.96004867553711 1.2330513000488281 0.2
-9.439099311828613 14.12485122680664 1.2250499725341797 0.2
-9.284599304199219 14.238449096679688 1.1328506469726562 0.2
-9.086999893188477 14.233348846435547 1.0592498779296875 0.2
-8.922999382019043 14.125648498535156 1.1294498443603516 0.2
-8.852499961853027 14.037651062011719 1.3097515106201172 0.2
-8.920700073242188 14.01504898071289 1.5048503875732422 0.2
-9.122499465942383 14.031349182128906 1.5595512390136719 0.2
-9.322199821472168 14.011848449707031 1.4878501892089844 0.2
-9.482799530029297 13.901748657226562 1.4064502716064453 0.2
-9.519899368286133 13.698047637939453 1.426950454711914 0.2
-9.458099365234375 13.566551208496094 1.5806503295898438 0.2
-9.364699363708496 13.552249908447266 1.7686500549316406 0.2
-9.250399589538574 13.69485092163086 1.8706512451171875 0.2
-9.112699508666992 13.848350524902344 1.82135009765625 0.2
-8.946999549865723 13.936748504638672 1.7230510711669922 0.2
-8.750399589538574 13.881549835205078 1.6770515441894531 0.2
-8.616700172424316 13.762748718261719 1.7881507873535156 0.2
-8.579299926757812 13.675251007080078 1.97705078125 0.2
-8.705499649047852 13.666549682617188 2.142650604248047 0.2
-8.916500091552734 13.67245101928711 2.147451400756836 0.2
-9.110899925231934 13.638050079345703 2.0680503845214844 0.2
-9.23859977722168 13.486648559570312 2.0003509521484375 0.2
-9.22719955444336 13.289051055908203 2.063251495361328 0.2
-9.145099639892578 13.177749633789062 2.2242507934570312 0.2
-9.037699699401855 13.208850860595703 2.399751663208008 0.2
-8.910599708557129 13.368648529052734 2.450651168823242 0.2
-8.77199935913086 13.511848449707031 2.376649856567383 0.2
-8.594599723815918 13.563751220703125 2.276050567626953 0.2
-8.412699699401855 13.463951110839844 2.2672500610351562 0.2
-8.309000015258789 13.3343505859375 2.3988513946533203 0.2
-8.316100120544434 13.251949310302734 2.5904502868652344 0.2
-8.48449993133545 13.250850677490234 2.715250015258789 0.2
-8.694199562072754 13.250049591064453 2.6850509643554688 0.2
-8.879300117492676 13.189250946044922 2.6030502319335938 0.2
-8.95930004119873 13.002147674560547 2.556751251220703 0.2
-8.91249942779541 12.819950103759766 2.6489505767822266 0.2
-8.817299842834473 12.730049133300781 2.8146514892578125 0.2
-8.69950008392334 12.809650421142578 2.966350555419922 0.2
-8.569799423217773 12.975448608398438 2.966451644897461 0.2
-8.428099632263184 13.10634994506836 2.8775501251220703 0.2
-8.241499900817871 13.100349426269531 2.7810516357421875 0.2
-8.089099884033203 12.962947845458984 2.8157501220703125 0.2
-8.022500038146973 12.824848175048828 2.9625511169433594 0.2
-8.086299896240234 12.760650634765625 3.1494503021240234 0.2
-8.284099578857422 12.768150329589844 3.219350814819336 0.2
-8.489500045776367 12.75885009765625 3.1646499633789062 0.2
-8.644499778747559 12.646648406982422 3.0765514373779297 0.2
-8.663100242614746 12.439647674560547 3.0722503662109375 0.2
-8.590899467468262 12.280048370361328 3.192350387573242 0.2
-8.482999801635742 12.241050720214844 3.3670501708984375 0.2
-8.35830020904541 12.379650115966797 3.4630508422851562 0.2
-8.232999801635742 12.542648315429688 3.40985107421875 0.2
-8.071700096130371 12.618450164794922 3.296550750732422 0.2
-7.898200035095215 12.517349243164062 3.239450454711914 0.2
-7.798399925231934 12.351848602294922 3.3263511657714844 0.2
-7.770999908447266 12.23284912109375 3.508350372314453 0.2
-7.915200233459473 12.237751007080078 3.6725502014160156 0.2
-8.138799667358398 12.245147705078125 3.6612510681152344 0.2
-8.331999778747559 12.179550170898438 3.569650650024414 0.2
-8.400400161743164 11.98134994506836 3.501649856567383 0.2
-8.350699424743652 11.777851104736328 3.582550048828125 0.2
-8.25220012664795 11.679550170898438 3.755250930786133 0.2
-8.133199691772461 11.802947998046875 3.8925514221191406 0.2
-8.028499603271484 12.001449584960938 3.870851516723633 0.2
-7.844399452209473 12.104949951171875 3.802949905395508 0.2
-7.643400192260742 12.034049987792969 3.856050491333008 0.2
-7.581399917602539 11.945247650146484 4.055450439453125 0.2
-7.579699516296387 11.776649475097656 4.183050155639648 0.2
-7.669699668884277 11.597747802734375 4.126750946044922 0.2
-7.857699394226074 11.57965087890625 4.0321502685546875 0.2
-8.057000160217285 11.590248107910156 3.956451416015625 0.2
-8.159500122070312 11.430347442626953 3.8705501556396484 0.2
-8.119799613952637 11.23284912109375 3.937650680541992 0.2
-8.014599800109863 11.136348724365234 4.094951629638672 0.2
-7.837900161743164 11.212848663330078 4.191949844360352 0.2
-7.694299697875977 11.367050170898438 4.244451522827148 0.2
-7.69890022277832 11.536750793457031 4.371650695800781 0.2
-7.859000205993652 11.657649993896484 4.426151275634766 0.2
-8.009200096130371 11.615150451660156 4.2989501953125 0.2
-7.920999526977539 11.452949523925781 4.221250534057617 0.2
-7.814399719238281 11.353649139404297 4.389350891113281 0.2
-7.892199516296387 11.19635009765625 4.493051528930664 0.2
-7.985099792480469 11.052249908447266 4.368949890136719 0.2
-7.98390007019043 10.905250549316406 4.214351654052734 0.2
-7.871500015258789 10.729351043701172 4.222150802612305 0.2
-7.748000144958496 10.629947662353516 4.366550445556641 0.2
-7.662300109863281 10.655651092529297 4.557050704956055 0.2
-7.6402997970581055 10.84164810180664 4.655651092529297 0.2
-7.636099815368652 11.053050994873047 4.622650146484375 0.2
-7.60890007019043 11.23904800415039 4.522850036621094 0.2
-7.495599746704102 11.292747497558594 4.354551315307617 0.2
-7.308199882507324 11.2115478515625 4.304651260375977 0.2
-7.138099670410156 11.11935043334961 4.388750076293945 0.2
-7.0311994552612305 11.049449920654297 4.54425048828125 0.2
-7.081999778747559 11.00054931640625 4.73175048828125 0.2
-7.244999885559082 10.908451080322266 4.805850982666016 0.2
-7.400899887084961 10.77975082397461 4.78125 0.2
-7.49370002746582 10.619449615478516 4.699951171875 0.2
-7.420299530029297 10.4593505859375 4.604351043701172 0.2
-7.2425994873046875 10.360649108886719 4.598550796508789 0.2
-7.0630998611450195 10.3343505859375 4.686750411987305 0.2
-7.002799987792969 10.430049896240234 4.851251602172852 0.2
-7.057999610900879 10.59804916381836 4.954851150512695 0.2
-7.033100128173828 10.794849395751953 4.95775032043457 0.2
-6.846039772033691 10.835147857666016 4.887651443481445 0.2
-6.66903018951416 10.792850494384766 4.977550506591797 0.2
-6.691949844360352 10.950248718261719 5.110250473022461 0.2
-6.8159894943237305 11.061649322509766 4.975351333618164 0.2
-6.846529960632324 10.961250305175781 4.779951095581055 0.2
-6.84822940826416 10.743350982666016 4.734951019287109 0.2
-6.825579643249512 10.520851135253906 4.8016510009765625 0.2
-6.641550064086914 10.401050567626953 4.830350875854492 0.2
-6.431369781494141 10.45064926147461 4.891450881958008 0.2
-6.380970001220703 10.655548095703125 4.950550079345703 0.2
-6.488639831542969 10.82284927368164 4.848751068115234 0.2
-6.61376953125 10.972850799560547 4.736850738525391 0.2
-6.606869697570801 11.191947937011719 4.757051467895508 0.2
-6.415200233459473 11.3011474609375 4.761850357055664 0.2
-6.204079627990723 11.27804946899414 4.731151580810547 0.2
-6.0553693771362305 11.20254898071289 4.8558502197265625 0.2
-6.084770202636719 11.049148559570312 4.998050689697266 0.2
-6.182439804077148 10.862049102783203 5.037151336669922 0.2
-6.195989608764648 10.650150299072266 5.025751113891602 0.2
-6.032609939575195 10.520050048828125 5.0115509033203125 0.2
-5.826379776000977 10.545249938964844 5.061851501464844 0.2
-5.691559791564941 10.68404769897461 5.145650863647461 0.2
-5.715270042419434 10.894050598144531 5.159950256347656 0.2
-5.800209999084473 11.066650390625 5.0657501220703125 0.2
-5.856259346008301 11.200149536132812 4.909049987792969 0.2
-5.766610145568848 11.245048522949219 4.725650787353516 0.2
-5.550640106201172 11.264549255371094 4.698051452636719 0.2
-5.345549583435059 11.291648864746094 4.816350936889648 0.2
-5.317749977111816 11.237049102783203 5.041250228881836 0.2
-5.424399375915527 11.06734848022461 5.169950485229492 0.2
-5.501199722290039 10.847248077392578 5.217350006103516 0.2
-5.386089324951172 10.646247863769531 5.196451187133789 0.2
-5.15192985534668 10.623950958251953 5.231250762939453 0.2
-4.967229843139648 10.764450073242188 5.282951354980469 0.2
-4.983259677886963 10.996448516845703 5.256950378417969 0.2
-5.08843994140625 11.188549041748047 5.159351348876953 0.2
-5.099289894104004 11.306350708007812 4.957550048828125 0.2
-4.929089546203613 11.280250549316406 4.799650192260742 0.2
-4.817159652709961 11.105751037597656 4.72504997253418 0.2
-4.880769729614258 10.894451141357422 4.7532501220703125 0.2
-4.997439384460449 10.736148834228516 4.865150451660156 0.2
-5.019319534301758 10.610347747802734 5.045249938964844 0.2
-4.857109546661377 10.569450378417969 5.195550918579102 0.2
-4.634289741516113 10.579547882080078 5.222051620483398 0.2
-4.481789588928223 10.635848999023438 5.073951721191406 0.2
-4.507479667663574 10.7740478515625 4.8995513916015625 0.2
-4.593539714813232 10.948551177978516 4.784250259399414 0.2
-4.616159915924072 11.16884994506836 4.785251617431641 0.2
-4.469239711761475 11.302047729492188 4.880849838256836 0.2
-4.252519607543945 11.297149658203125 4.942150115966797 0.2
-4.097729682922363 11.15694808959961 4.935150146484375 0.2
-4.109059810638428 10.945449829101562 4.939550399780273 0.2
-4.208209991455078 10.76784896850586 5.005250930786133 0.2
-4.290169715881348 10.629749298095703 5.143451690673828 0.2
-4.238109588623047 10.582950592041016 5.340450286865234 0.2
-4.0518598556518555 10.57965087890625 5.442451477050781 0.2
-3.8425397872924805 10.592548370361328 5.419351577758789 0.2
-3.7398595809936523 10.662849426269531 5.250551223754883 0.2
-3.7875099182128906 10.80514907836914 5.099851608276367 0.2
-3.8677597045898438 10.975448608398438 4.999250411987305 0.2
-3.879819869995117 11.185848236083984 5.010551452636719 0.2
-3.7378196716308594 11.309349060058594 5.100950241088867 0.2
-3.5320496559143066 11.304847717285156 5.1571502685546875 0.2
-3.363579750061035 11.180347442626953 5.152250289916992 0.2
-3.3592395782470703 10.969551086425781 5.144451141357422 0.2
-3.454929828643799 10.788349151611328 5.206150054931641 0.2
-3.5450797080993652 10.640350341796875 5.330150604248047 0.2
-3.5191597938537598 10.57284927368164 5.527050018310547 0.2
-3.3425097465515137 10.55405044555664 5.642351150512695 0.2
-3.1301097869873047 10.55044937133789 5.640451431274414 0.2
-2.9989399909973145 10.598949432373047 5.484951019287109 0.2
-3.0266900062561035 10.734149932861328 5.323551177978516 0.2
-3.1082396507263184 10.900947570800781 5.216951370239258 0.2
-3.143279552459717 11.107749938964844 5.194650650024414 0.2
-3.028979778289795 11.26034927368164 5.27655029296875 0.2
-2.8070497512817383 11.268848419189453 5.337251663208008 0.2
-2.6087398529052734 11.145748138427734 5.33125114440918 0.2
-2.5970096588134766 10.912750244140625 5.314550399780273 0.2
-2.7100396156311035 10.715850830078125 5.388851165771484 0.2
-2.801219940185547 10.560848236083984 5.542551040649414 0.2
-2.7186198234558105 10.496650695800781 5.749050140380859 0.2
-2.495039939880371 10.46875 5.823551177978516 0.2
-2.27778959274292 10.49074935913086 5.7355499267578125 0.2
-2.2426199913024902 10.61935043334961 5.545751571655273 0.2
-2.331779956817627 10.788848876953125 5.402050018310547 0.2
-2.3701295852661133 11.01395034790039 5.353851318359375 0.2
-2.231299877166748 11.167949676513672 5.4443511962890625 0.2
-2.048499584197998 11.150848388671875 5.574251174926758 0.2
-2.0465197563171387 11.077350616455078 5.782251358032227 0.2
-2.1939697265625 10.954849243164062 5.898250579833984 0.2
-2.3419599533081055 10.79574966430664 5.956050872802734 0.2
-2.3366899490356445 10.578548431396484 5.965051651000977 0.2
-2.146129608154297 10.463249206542969 5.964351654052734 0.2
-1.926419734954834 10.489849090576172 5.996650695800781 0.2
-1.806889533996582 10.674049377441406 6.026651382446289 0.2
-1.8088397979736328 10.88454818725586 5.948850631713867 0.2
-1.8292198181152344 11.059650421142578 5.809450149536133 0.2
-1.775099754333496 11.128948211669922 5.607551574707031 0.2
-1.5919599533081055 11.075050354003906 5.505250930786133 0.2
-1.3987798690795898 11.004650115966797 5.555049896240234 0.2
-1.3179097175598145 10.93954849243164 5.738950729370117 0.2
-1.407059669494629 10.851551055908203 5.911550521850586 0.2
-1.549489974975586 10.736549377441406 6.020351409912109 0.2
-1.6455497741699219 10.552848815917969 6.054651260375977 0.2
-1.5620598793029785 10.369949340820312 6.00935173034668 0.2
-1.3558697700500488 10.328147888183594 5.996950149536133 0.2
-1.1741995811462402 10.430950164794922 6.01715087890625 0.2
-1.1134295463562012 10.635448455810547 5.992851257324219 0.2
-1.1290297508239746 10.822349548339844 5.892950057983398 0.2
-1.1403398513793945 10.950050354003906 5.72504997253418 0.2
-1.0517497062683105 10.927947998046875 5.539350509643555 0.2
-0.8620598316192627 10.843650817871094 5.508050918579102 0.2
-0.7152698040008545 10.76974868774414 5.6347503662109375 0.2
-0.7412798404693604 10.698150634765625 5.835750579833984 0.2
-0.858569860458374 10.59634780883789 5.980751037597656 0.2
-0.9789097309112549 10.442550659179688 6.061550140380859 0.2
-0.9838497638702393 10.240550994873047 6.013851165771484 0.2
-0.8078596591949463 10.14365005493164 5.958650588989258 0.2
-0.609379768371582 10.20534896850586 5.945951461791992 0.2
-0.5464596748352051 10.408649444580078 5.920249938964844 0.2
-0.5912296772003174 10.582050323486328 5.800350189208984 0.2
-0.5206298828125 10.68655014038086 5.625249862670898 0.2
-0.3198697566986084 10.70465087890625 5.635250091552734 0.2
-0.24968981742858887 10.722949981689453 5.831350326538086 0.2
-0.3307797908782959 10.671249389648438 6.015350341796875 0.2
-0.41417980194091797 10.477149963378906 6.070451736450195 0.2
-0.413449764251709 10.263347625732422 6.049251556396484 0.2
-0.2961997985839844 10.101448059082031 5.987051010131836 0.2
-0.08757972717285156 10.068748474121094 6.006950378417969 0.2
0.048180341720581055 10.127948760986328 6.153251647949219 0.2
-0.052559852600097656 10.23714828491211 6.309751510620117 0.2
-0.2365398406982422 10.347450256347656 6.31865119934082 0.2
-0.40837979316711426 10.465747833251953 6.272150039672852 0.2
-0.489959716796875 10.638851165771484 6.181449890136719 0.2
-0.4255998134613037 10.836448669433594 6.129051208496094 0.2
-0.27983975410461426 10.958648681640625 6.21565055847168 0.2
-0.1496598720550537 10.871150970458984 6.358551025390625 0.2
-0.06269979476928711 10.680950164794922 6.406949996948242 0.2
0.014640331268310547 10.483150482177734 6.428750991821289 0.2
0.09004020690917969 10.283348083496094 6.425149917602539 0.2
0.17802023887634277 10.118247985839844 6.32135009765625 0.2
0.3114302158355713 10.057048797607422 6.166450500488281 0.2
0.46453022956848145 10.18124771118164 6.113651275634766 0.2
0.44474029541015625 10.38425064086914 6.185750961303711 0.2
0.322040319442749 10.55514907836914 6.220849990844727 0.2
0.19059014320373535 10.721450805664062 6.2420501708984375 0.2
0.05263018608093262 10.884651184082031 6.251550674438477 0.2
-0.11097979545593262 10.995948791503906 6.174251556396484 0.2
-0.14615988731384277 10.995948791503906 5.969751358032227 0.2
0.02435016632080078 10.958648681640625 5.851551055908203 0.2
0.22019028663635254 10.888748168945312 5.8771514892578125 0.2
0.3433101177215576 10.736351013183594 5.977451324462891 0.2
0.45397019386291504 10.554950714111328 6.001951217651367 0.2
0.5540201663970947 10.36655044555664 6.016750335693359 0.2
0.631770133972168 10.16925048828125 5.965250015258789 0.2
0.8211102485656738 10.112751007080078 5.9136505126953125 0.2
0.9666101932525635 10.208049774169922 6.025751113891602 0.2
0.9398801326751709 10.322547912597656 6.2008514404296875 0.2
0.7657301425933838 10.427547454833984 6.260250091552734 0.2
0.6053502559661865 10.56195068359375 6.2037506103515625 0.2
0.49656033515930176 10.740150451660156 6.161050796508789 0.2
0.395740270614624 10.902450561523438 6.069150924682617 0.2
0.4057002067565918 11.007549285888672 5.887050628662109 0.2
0.5934202671051025 11.016651153564453 5.806550979614258 0.2
0.7738702297210693 10.963249206542969 5.903951644897461 0.2
0.8245601654052734 10.875450134277344 6.089450836181641 0.2
0.7715201377868652 10.700050354003906 6.207250595092773 0.2
0.823350191116333 10.541549682617188 6.34895133972168 0.2
0.915020227432251 10.529850006103516 6.537651062011719 0.2
0.9564602375030518 10.718849182128906 6.611650466918945 0.2
0.9384701251983643 10.876449584960938 6.474250793457031 0.2
0.9192302227020264 10.95684814453125 6.277650833129883 0.2
1.0163902044296265 10.988048553466797 6.093250274658203 0.2
1.2210502624511719 10.962448120117188 6.058950424194336 0.2
1.3980302810668945 10.923648834228516 6.168050765991211 0.2
1.4309002161026 10.88705062866211 6.371450424194336 0.2
1.3105902671813965 10.807449340820312 6.527151107788086 0.2
1.1621901988983154 10.680648803710938 6.6105499267578125 0.2
1.1039502620697021 10.477348327636719 6.57335090637207 0.2
1.2351502180099487 10.321849822998047 6.525850296020508 0.2
1.4400302171707153 10.28274917602539 6.556550979614258 0.2
1.5806902647018433 10.425548553466797 6.612850189208984 0.2
1.5996302366256714 10.629051208496094 6.558250427246094 0.2
1.5955501794815063 10.790348052978516 6.419851303100586 0.2
1.6822302341461182 10.844749450683594 6.23484992980957 0.2
1.875730276107788 10.82175064086914 6.154951095581055 0.2
2.0757691860198975 10.771247863769531 6.197551727294922 0.2
2.1377992630004883 10.67354965209961 6.388750076293945 0.2
1.9908502101898193 10.55405044555664 6.528951644897461 0.2
1.8031601905822754 10.41994857788086 6.587150573730469 0.2
1.7246302366256714 10.213550567626953 6.512151718139648 0.2
1.8828102350234985 10.069747924804688 6.423250198364258 0.2
2.117462158203125 10.041248321533203 6.423851013183594 0.2
2.2962141036987305 10.172050476074219 6.493751525878906 0.2
2.332799196243286 10.404647827148438 6.479450225830078 0.2
2.3337202072143555 10.61404800415039 6.366849899291992 0.2
2.4319682121276855 10.702949523925781 6.175849914550781 0.2
2.6348071098327637 10.66094970703125 6.057849884033203 0.2
2.713050127029419 10.480648040771484 5.944650650024414 0.2
2.6059482097625732 10.286148071289062 5.943750381469727 0.2
2.4728152751922607 10.128948211669922 6.035650253295898 0.2
2.4770662784576416 9.999149322509766 6.211050033569336 0.2
2.6700961589813232 9.948551177978516 6.3045501708984375 0.2
2.8949203491210938 9.936748504638672 6.284351348876953 0.2
3.1055939197540283 9.944549560546875 6.205751419067383 0.2
3.189190149307251 10.024547576904297 6.020151138305664 0.2
3.102865219116211 10.1927490234375 5.902750015258789 0.2
3.0041255950927734 10.394248962402344 5.887050628662109 0.2
3.0648868083953857 10.593048095703125 5.955850601196289 0.2
3.2747232913970947 10.662651062011719 5.979650497436523 0.2
3.488941192626953 10.631851196289062 5.933250427246094 0.2
3.599011182785034 10.484249114990234 5.836551666259766 0.2
3.53995418548584 10.283950805664062 5.816150665283203 0.2
3.4316062927246094 10.116249084472656 5.892950057983398 0.2
3.4225082397460938 9.982650756835938 6.054750442504883 0.2
3.586437225341797 9.92864990234375 6.172451019287109 0.2
3.79956316947937 9.9239501953125 6.159450531005859 0.2
3.972935199737549 9.953548431396484 6.043451309204102 0.2
3.986152172088623 10.060749053955078 5.864450454711914 0.2
3.8876070976257324 10.231147766113281 5.783151626586914 0.2
3.8209900856018066 10.432147979736328 5.789350509643555 0.2
3.9174652099609375 10.604747772216797 5.856250762939453 0.2
4.122660160064697 10.658950805664062 5.855350494384766 0.2
4.322970390319824 10.625350952148438 5.792751312255859 0.2
4.409610271453857 10.46514892578125 5.691551208496094 0.2
4.3383402824401855 10.266448974609375 5.689451217651367 0.2
4.234990119934082 10.10274887084961 5.780550003051758 0.2
4.240900039672852 9.977550506591797 5.94795036315918 0.2
4.417410373687744 9.934349060058594 6.051050186157227 0.2
4.629360198974609 9.93594741821289 6.022850036621094 0.2
4.787010192871094 9.971050262451172 5.888050079345703 0.2
4.781750202178955 10.084648132324219 5.711851119995117 0.2
4.680210113525391 10.257450103759766 5.638750076293945 0.2
4.623470306396484 10.46084976196289 5.64845085144043 0.2
4.734920501708984 10.626850128173828 5.708051681518555 0.2
4.940540313720703 10.679550170898438 5.693550109863281 0.2
5.155980110168457 10.634048461914062 5.60835075378418 0.2
5.209939956665039 10.43124771118164 5.5133514404296875 0.2
5.102010250091553 10.224647521972656 5.559051513671875 0.2
5.017740249633789 10.053050994873047 5.698751449584961 0.2
5.135970115661621 9.961048126220703 5.873651504516602 0.2
5.372500419616699 9.952449798583984 5.884050369262695 0.2
5.5703301429748535 9.98904800415039 5.76045036315918 0.2
5.589910507202148 10.123149871826172 5.572050094604492 0.2
5.478910446166992 10.3177490234375 5.488151550292969 0.2
5.435150146484375 10.547248840332031 5.503049850463867 0.2
5.59751033782959 10.704849243164062 5.557849884033203 0.2
5.822120189666748 10.735649108886719 5.595149993896484 0.2
5.933160305023193 10.661849975585938 5.768550872802734 0.2
5.851620197296143 10.507747650146484 5.907951354980469 0.2
5.718820571899414 10.337650299072266 5.975650787353516 0.2
5.666520118713379 10.125350952148438 5.952350616455078 0.2
5.8085103034973145 9.991249084472656 5.851251602172852 0.2
6.028460502624512 9.996448516845703 5.8045501708984375 0.2
6.20550012588501 10.121150970458984 5.845050811767578 0.2
6.226960182189941 10.34164810180664 5.880350112915039 0.2
6.17119026184082 10.554450988769531 5.831850051879883 0.2
6.139650344848633 10.732349395751953 5.701450347900391 0.2
6.248480319976807 10.80215072631836 5.524051666259766 0.2
6.456930160522461 10.799049377441406 5.473150253295898 0.2
6.64516019821167 10.75844955444336 5.555450439453125 0.2
6.675909996032715 10.650848388671875 5.73484992980957 0.2
6.582710266113281 10.48685073852539 5.833250045776367 0.2
6.472660064697266 10.309947967529297 5.876750946044922 0.2
6.415920257568359 10.110649108886719 5.831550598144531 0.2
6.524720191955566 9.972747802734375 5.72075080871582 0.2
6.733260154724121 9.95684814453125 5.6842498779296875 0.2
6.907330513000488 10.05984878540039 5.742351531982422 0.2
6.937170028686523 10.260749816894531 5.808750152587891 0.2
6.887360572814941 10.468250274658203 5.811851501464844 0.2
6.858640193939209 10.659549713134766 5.724851608276367 0.2
6.949069976806641 10.720748901367188 5.548650741577148 0.2
7.135040283203125 10.63174819946289 5.515951156616211 0.2
7.262360095977783 10.487751007080078 5.613651275634766 0.2
7.244510173797607 10.307548522949219 5.724451065063477 0.2
7.138710021972656 10.129051208496094 5.772550582885742 0.2
7.071020126342773 9.954547882080078 5.675350189208984 0.2
7.181770324707031 9.873149871826172 5.519550323486328 0.2
7.38122034072876 9.905048370361328 5.4593505859375 0.2
7.489220142364502 10.07925033569336 5.498149871826172 0.2
7.420210361480713 10.27914810180664 5.525051116943359 0.2
7.272070407867432 10.425350189208984 5.465551376342773 0.2
7.129960060119629 10.45364761352539 5.306449890136719 0.2
7.142950057983398 10.445049285888672 5.10004997253418 0.2
7.332000255584717 10.491050720214844 5.050750732421875 0.2
7.484930038452148 10.443450927734375 5.19365119934082 0.2
7.560980319976807 10.298748016357422 5.330751419067383 0.2
7.614350318908691 10.101150512695312 5.392351150512695 0.2
7.732860088348389 9.939350128173828 5.328350067138672 0.2
7.928340435028076 9.920448303222656 5.251850128173828 0.2
8.073450088500977 10.063751220703125 5.244850158691406 0.2
7.988110065460205 10.254650115966797 5.280851364135742 0.2
7.814240455627441 10.356948852539062 5.210050582885742 0.2
7.646860122680664 10.421150207519531 5.096351623535156 0.2
7.497800350189209 10.480148315429688 4.943950653076172 0.2
7.505670070648193 10.628150939941406 4.803750991821289 0.2
7.619729995727539 10.794849395751953 4.8576507568359375 0.2
7.70503044128418 10.86655044555664 5.037750244140625 0.2
7.768620014190674 10.780750274658203 5.220149993896484 0.2
7.863360404968262 10.620548248291016 5.324350357055664 0.2
7.969290256500244 10.453548431396484 5.403350830078125 0.2
8.097760200500488 10.285350799560547 5.423351287841797 0.2
8.291350364685059 10.227649688720703 5.362251281738281 0.2
8.472190856933594 10.33475112915039 5.34535026550293 0.2
8.489660263061523 10.540050506591797 5.402250289916992 0.2
8.336560249328613 10.686347961425781 5.383150100708008 0.2
8.15645980834961 10.758350372314453 5.296051025390625 0.2
7.981980323791504 10.817848205566406 5.190351486206055 0.2
7.877920150756836 10.854450225830078 5.002851486206055 0.2
7.970190048217773 10.913650512695312 4.825151443481445 0.2
8.158900260925293 11.003150939941406 4.808549880981445 0.2
8.320489883422852 11.031349182128906 4.943050384521484 0.2
8.428400039672852 10.945648193359375 5.104850769042969 0.2
8.525150299072266 10.827449798583984 5.252450942993164 0.2
8.613140106201172 10.66164779663086 5.351449966430664 0.2
8.652570724487305 10.473751068115234 5.26555061340332 0.2
8.664230346679688 10.45895004272461 5.057550430297852 0.2
8.671990394592285 10.62154769897461 4.910551071166992 0.2
8.573040008544922 10.80904769897461 4.883750915527344 0.2
8.404029846191406 10.92184829711914 4.825250625610352 0.2
8.32091999053955 10.907550811767578 4.631950378417969 0.2
8.462949752807617 10.85274887084961 4.491050720214844 0.2
8.660579681396484 10.787250518798828 4.509151458740234 0.2
8.738950729370117 10.667350769042969 4.666049957275391 0.2
8.690850257873535 10.505748748779297 4.802850723266602 0.2
8.582040786743164 10.325450897216797 4.8623504638671875 0.2
8.590570449829102 10.145748138427734 4.754251480102539 0.2
8.75020980834961 10.042350769042969 4.665550231933594 0.2
8.93501091003418 10.097049713134766 4.731451034545898 0.2
8.957050323486328 10.296749114990234 4.80095100402832 0.2
8.932090759277344 10.503849029541016 4.755250930786133 0.2
8.908729553222656 10.688549041748047 4.649051666259766 0.2
8.959980010986328 10.807048797607422 4.479850769042969 0.2
9.14050006866455 10.868350982666016 4.38905143737793 0.2
9.338950157165527 10.875648498535156 4.449750900268555 0.2
9.380340576171875 10.780147552490234 4.632650375366211 0.2
9.279390335083008 10.61764907836914 4.725151062011719 0.2
9.160070419311523 10.443748474121094 4.757951736450195 0.2
9.135629653930664 10.229450225830078 4.729450225830078 0.2
9.302209854125977 10.107250213623047 4.699750900268555 0.2
9.505319595336914 10.151248931884766 4.742351531982422 0.2
9.612939834594727 10.31924819946289 4.809450149536133 0.2
9.606080055236816 10.53084945678711 4.784351348876953 0.2
9.580470085144043 10.721450805664062 4.690851211547852 0.2
9.575429916381836 10.869647979736328 4.535551071166992 0.2
9.6950101852417 10.935050964355469 4.375051498413086 0.2
9.902290344238281 10.960750579833984 4.329250335693359 0.2
10.081470489501953 10.93764877319336 4.43385124206543 0.2
10.069620132446289 10.808048248291016 4.627450942993164 0.2
9.93120002746582 10.637149810791016 4.72545051574707 0.2
9.809280395507812 10.435050964355469 4.766750335693359 0.2
9.865300178527832 10.22024917602539 4.691949844360352 0.2
10.093500137329102 10.174049377441406 4.641651153564453 0.2
10.30918025970459 10.268749237060547 4.669050216674805 0.2
10.380450248718262 10.49184799194336 4.687150955200195 0.2
10.340150833129883 10.719249725341797 4.6206512451171875 0.2
10.298919677734375 10.909248352050781 4.481950759887695 0.2
10.371179580688477 10.97454833984375 4.268150329589844 0.2
10.518310546875 10.882850646972656 4.107950210571289 0.2
10.50653076171875 10.663448333740234 4.062450408935547 0.2
10.411979675292969 10.481647491455078 4.159049987792969 0.2
10.335929870605469 10.321147918701172 4.299449920654297 0.2
10.418020248413086 10.225151062011719 4.480751037597656 0.2
10.637269973754883 10.225151062011719 4.526651382446289 0.2
10.851530075073242 10.251949310302734 4.455751419067383 0.2
10.9689302444458 10.298149108886719 4.273351669311523 0.2
10.904740333557129 10.426750183105469 4.101951599121094 0.2
10.791520118713379 10.607547760009766 4.022651672363281 0.2
10.750060081481934 10.827850341796875 4.008750915527344 0.2
10.89310073852539 10.9969482421875 4.024051666259766 0.2
11.109570503234863 11.030948638916016 3.9639511108398438 0.2
11.270870208740234 10.932449340820312 3.863250732421875 0.2
11.276740074157715 10.722747802734375 3.8398513793945312 0.2
11.204620361328125 10.543750762939453 3.9360504150390625 0.2
11.154720306396484 10.391548156738281 4.079750061035156 0.2
11.249469757080078 10.312950134277344 4.250949859619141 0.2
11.46012020111084 10.309547424316406 4.276050567626953 0.2
11.650250434875488 10.325748443603516 4.177350997924805 0.2
11.718160629272461 10.370849609375 3.982950210571289 0.2
11.636850357055664 10.501049041748047 3.8346500396728516 0.2
11.529399871826172 10.676651000976562 3.771150588989258 0.2
11.495309829711914 10.886550903320312 3.758951187133789 0.2
11.633220672607422 11.045848846435547 3.7575511932373047 0.2
11.832389831542969 11.077850341796875 3.685150146484375 0.2
11.98784065246582 10.9886474609375 3.5730514526367188 0.2
12.000060081481934 10.781448364257812 3.533550262451172 0.2
11.933870315551758 10.602848052978516 3.6324501037597656 0.2
11.885530471801758 10.453350067138672 3.778850555419922 0.2
11.97959041595459 10.3636474609375 3.945951461791992 0.2
12.18910026550293 10.3448486328125 3.966451644897461 0.2
12.37224006652832 10.34695053100586 3.8546504974365234 0.2
12.43101978302002 10.381549835205078 3.6553516387939453 0.2
12.342880249023438 10.510250091552734 3.5105514526367188 0.2
12.236149787902832 10.688247680664062 3.452251434326172 0.2
12.208209991455078 10.899547576904297 3.4370498657226562 0.2
12.349300384521484 11.054950714111328 3.418550491333008 0.2
12.548860549926758 11.073551177978516 3.3217506408691406 0.2
12.69342041015625 10.945247650146484 3.1873512268066406 0.2
12.665770530700684 10.71194839477539 3.1926498413085938 0.2
12.594230651855469 10.53274917602539 3.3382511138916016 0.2
12.613730430603027 10.391448974609375 3.5284500122070312 0.2
12.821579933166504 10.334049224853516 3.6164512634277344 0.2
13.033599853515625 10.317150115966797 3.505250930786133 0.2
13.115400314331055 10.362850189208984 3.2875499725341797 0.2
13.013999938964844 10.519451141357422 3.1401500701904297 0.2
12.890069961547852 10.715950012207031 3.075651168823242 0.2
12.923530578613281 10.948448181152344 3.0768508911132812 0.2
13.142200469970703 11.041248321533203 3.0875511169433594 0.2
13.303199768066406 11.00455093383789 3.2350502014160156 0.2
13.286600112915039 10.864151000976562 3.4102516174316406 0.2
13.208700180053711 10.686450958251953 3.5299510955810547 0.2
13.201600074768066 10.465049743652344 3.5440502166748047 0.2
13.346400260925293 10.327751159667969 3.4373512268066406 0.2
13.552200317382812 10.326549530029297 3.342550277709961 0.2
13.69360065460205 10.496448516845703 3.32135009765625 0.2
13.646100044250488 10.71554946899414 3.2926502227783203 0.2
13.532299995422363 10.900447845458984 3.223550796508789 0.2
13.449600219726562 10.999549865722656 3.0411510467529297 0.2
13.546100616455078 10.978050231933594 2.841550827026367 0.2
13.74630069732666 10.931148529052734 2.744050979614258 0.2
13.955500602722168 10.88705062866211 2.8352508544921875 0.2
13.978799819946289 10.76314926147461 3.037050247192383 0.2
13.910099983215332 10.584449768066406 3.184051513671875 0.2
13.853300094604492 10.356147766113281 3.215351104736328 0.2
13.95050048828125 10.17905044555664 3.0928516387939453 0.2
14.157600402832031 10.131950378417969 2.978750228881836 0.2
14.329400062561035 10.286949157714844 2.9484500885009766 0.2
14.292200088500977 10.523651123046875 2.951650619506836 0.2
14.188799858093262 10.737548828125 2.908750534057617 0.2
14.174600601196289 10.862350463867188 2.7097511291503906 0.2
14.383200645446777 10.881248474121094 2.60205078125 0.2
14.595100402832031 10.817447662353516 2.57965087890625 0.2
14.663400650024414 10.626449584960938 2.5208511352539062 0.2
14.593600273132324 10.439350128173828 2.593250274658203 0.2
14.518099784851074 10.32204818725586 2.761150360107422 0.2
14.456299781799316 10.128948211669922 2.8194503784179688 0.2
14.538100242614746 9.964149475097656 2.715150833129883 0.2
14.723999977111816 9.931449890136719 2.6104507446289062 0.2
14.868300437927246 10.063247680664062 2.529651641845703 0.2
14.868599891662598 10.277149200439453 2.4583511352539062 0.2
14.916999816894531 10.474349975585938 2.5221500396728516 0.2
14.953100204467773 10.53554916381836 2.720550537109375 0.2
14.8548002243042 10.405147552490234 2.840250015258789 0.2
14.817800521850586 10.296649932861328 2.6801509857177734 0.2
14.990300178527832 10.328250885009766 2.5924510955810547 0.2
15.133700370788574 10.21664810180664 2.6117515563964844 0.2
15.101600646972656 10.035247802734375 2.589151382446289 0.2
15.028300285339355 9.88814926147461 2.4991512298583984 0.2
15.062399864196777 9.801750183105469 2.339151382446289 0.2
15.205500602722168 9.80215072631836 2.2189502716064453 0.2
15.375500679016113 9.858551025390625 2.1644515991210938 0.2
15.495100021362305 9.990150451660156 2.2160511016845703 0.2
15.465300559997559 10.147048950195312 2.3117504119873047 0.2
15.357000350952148 10.281150817871094 2.384950637817383 0.2
15.218999862670898 10.401847839355469 2.422750473022461 0.2
15.069600105285645 10.476947784423828 2.344350814819336 0.2
15.039000511169434 10.511550903320312 2.1655502319335938 0.2
15.138700485229492 10.555049896240234 2.013551712036133 0.2
15.29110050201416 10.604850769042969 1.9172515869140625 0.2
15.473700523376465 10.626750946044922 1.9372501373291016 0.2
15.597400665283203 10.538150787353516 2.043750762939453 0.2
15.640600204467773 10.36724853515625 2.1064510345458984 0.2
15.651000022888184 10.180648803710938 2.121450424194336 0.2
15.640100479125977 10.012649536132812 2.041250228881836 0.2
15.662300109863281 9.955551147460938 1.8655509948730469 0.2
15.741300582885742 9.994548797607422 1.6996517181396484 0.2
15.861599922180176 10.087749481201172 1.5906505584716797 0.2
15.974100112915039 10.226749420166016 1.6379508972167969 0.2
15.965700149536133 10.33584976196289 1.7896499633789062 0.2
15.884400367736816 10.449249267578125 1.9140510559082031 0.2
15.760300636291504 10.585647583007812 1.911050796508789 0.2
15.685200691223145 10.59994888305664 1.7495498657226562 0.2
15.809000015258789 10.501548767089844 1.6642513275146484 0.2
15.975299835205078 10.56515121459961 1.7757511138916016 0.2
15.88110065460205 10.75094985961914 1.8023509979248047 0.2
15.80049991607666 10.723949432373047 1.6082515716552734 0.2
15.92770004272461 10.547748565673828 1.5369510650634766 0.2
16.049999237060547 10.381950378417969 1.440450668334961 0.2
16.13170051574707 10.433849334716797 1.2350502014160156 0.2
16.192501068115234 10.633148193359375 1.1416511535644531 0.2
16.13119888305664 10.816650390625 1.2539501190185547 0.2
15.930900573730469 10.849048614501953 1.3630504608154297 0.2
15.763899803161621 10.937747955322266 1.487649917602539 0.2
15.71820068359375 11.155750274658203 1.511850357055664 0.2
15.70680046081543 11.312450408935547 1.3417510986328125 0.2
15.840499877929688 11.40884780883789 1.2042503356933594 0.2
16.04159927368164 11.332649230957031 1.1961517333984375 0.2
16.150501251220703 11.14324951171875 1.1977500915527344 0.2
16.234800338745117 10.952751159667969 1.1352500915527344 0.2
16.300201416015625 10.898750305175781 0.9382514953613281 0.2
16.3656005859375 11.037849426269531 0.7840499877929688 0.2
16.41160011291504 11.247150421142578 0.7598514556884766 0.2
16.33650016784668 11.410350799560547 0.8794498443603516 0.2
16.166400909423828 11.48904800415039 0.9910507202148438 0.2
15.967300415039062 11.540348052978516 1.0639514923095703 0.2
15.772500038146973 11.575347900390625 0.9813499450683594 0.2
15.739800453186035 11.692150115966797 0.8031501770019531 0.2
15.830599784851074 11.846248626708984 0.6792507171630859 0.2
16.032100677490234 11.918048858642578 0.6810512542724609 0.2
16.21310043334961 11.806148529052734 0.7249507904052734 0.2
16.346500396728516 11.63454818725586 0.7407512664794922 0.2
16.45159912109375 11.461650848388672 0.6631507873535156 0.2
16.517000198364258 11.435249328613281 0.4604511260986328 0.2
16.58489990234375 11.574050903320312 0.30644989013671875 0.2
16.615699768066406 11.785850524902344 0.2994499206542969 0.2
16.505001068115234 11.932750701904297 0.41355133056640625 0.2
16.323400497436523 11.996749877929688 0.5149517059326172 0.2
16.11590003967285 12.04494857788086 0.5578498840332031 0.2
15.95740032196045 12.107650756835938 0.42745018005371094 0.2
15.9753999710083 12.235149383544922 0.2528514862060547 0.2
16.11750030517578 12.366649627685547 0.15885162353515625 0.2
16.33100128173828 12.360748291015625 0.18825149536132812 0.2
16.48889923095703 12.214248657226562 0.2196502685546875 0.2
16.619800567626953 12.040050506591797 0.21815109252929688 0.2
16.705501556396484 11.894847869873047 0.08275032043457031 0.2
16.77199935913086 11.930850982666016 -0.11934852600097656 0.2
16.842201232910156 12.09524917602539 -0.2429485321044922 0.2
16.827600479125977 12.30405044555664 -0.19554901123046875 0.2
16.67380142211914 12.410648345947266 -0.08434867858886719 0.2
16.485401153564453 12.468151092529297 0.009050369262695312 0.2
16.272899627685547 12.512847900390625 0.00225067138671875 0.2
16.170299530029297 12.588748931884766 -0.16994857788085938 0.2
16.234399795532227 12.715248107910156 -0.3361492156982422 0.2
16.416900634765625 12.813850402832031 -0.3930492401123047 0.2
16.618900299072266 12.744148254394531 -0.3554496765136719 0.2
16.769001007080078 12.58694839477539 -0.3294486999511719 0.2
16.893798828125 12.40945053100586 -0.35704994201660156 0.2
16.963001251220703 12.301448822021484 -0.5305500030517578 0.2
17.029499053955078 12.376548767089844 -0.7252483367919922 0.2
17.085100173950195 12.564949035644531 -0.8171501159667969 0.2
17.01580047607422 12.752948760986328 -0.7361488342285156 0.2
16.843900680541992 12.837348937988281 -0.628448486328125 0.2
16.649499893188477 12.895248413085938 -0.5442485809326172 0.2
16.44379997253418 12.934249877929688 -0.5993499755859375 0.2
16.391799926757812 13.015148162841797 -0.7936496734619141 0.2
16.4862003326416 13.133548736572266 -0.9519500732421875 0.2
16.693300247192383 13.18764877319336 -0.9781494140625 0.2
16.881099700927734 13.080947875976562 -0.9424495697021484 0.2
17.032299041748047 12.924049377441406 -0.9182491302490234 0.2
17.145099639892578 12.746349334716797 -0.9754486083984375 0.2
17.198400497436523 12.679950714111328 -1.1742496490478516 0.2
17.253799438476562 12.778350830078125 -1.362548828125 0.2
17.275699615478516 12.985450744628906 -1.4175491333007812 0.2
17.160999298095703 13.145248413085938 -1.3232498168945312 0.2
16.98509979248047 13.220050811767578 -1.216848373413086 0.2
16.784400939941406 13.274650573730469 -1.148550033569336 0.2
16.597400665283203 13.301849365234375 -1.2538490295410156 0.2
16.5802001953125 13.376350402832031 -1.4582500457763672 0.2
16.701099395751953 13.482948303222656 -1.6040496826171875 0.2
16.918100357055664 13.492450714111328 -1.611349105834961 0.2
17.095600128173828 13.368148803710938 -1.5767498016357422 0.2
17.24970054626465 13.213249206542969 -1.5576496124267578 0.2
17.342201232910156 13.041450500488281 -1.6549491882324219 0.2
17.380300521850586 13.01675033569336 -1.8675498962402344 0.2
17.420400619506836 13.141250610351562 -2.044048309326172 0.2
17.395000457763672 13.355751037597656 -2.0569496154785156 0.2
17.24489974975586 13.479049682617188 -1.954549789428711 0.2
17.064899444580078 13.54854965209961 -1.84954833984375 0.2
16.85140037536621 13.586448669433594 -1.8149490356445312 0.2
16.70159912109375 13.604850769042969 -1.9700489044189453 0.2
16.718799591064453 13.682750701904297 -2.175748825073242 0.2
16.87470054626465 13.777149200439453 -2.2949485778808594 0.2
17.089599609375 13.736648559570312 -2.281949996948242 0.2
17.263999938964844 13.605850219726562 -2.2468490600585938 0.2
17.414501190185547 13.444149017333984 -2.2442493438720703 0.2
17.478500366210938 13.291149139404297 -2.3852500915527344 0.2
17.502601623535156 13.308948516845703 -2.6040496826171875 0.2
17.521400451660156 13.463748931884766 -2.75885009765625 0.2
17.445999145507812 13.665348052978516 -2.7253494262695312 0.2
17.279800415039062 13.763748168945312 -2.61614990234375 0.2
17.094799041748047 13.830848693847656 -2.514249801635742 0.2
16.87670135498047 13.846649169921875 -2.523448944091797 0.2
16.772701263427734 13.86764907836914 -2.7149486541748047 0.2
16.817298889160156 13.950149536132812 -2.9158496856689453 0.2
17.006000518798828 14.019950866699219 -2.999448776245117 0.2
17.211999893188477 13.942951202392578 -2.9760494232177734 0.2
17.387100219726562 13.812450408935547 -2.9426498413085938 0.2
17.523300170898438 13.64114761352539 -2.966949462890625 0.2
17.556900024414062 13.522850036621094 -3.147249221801758 0.2
17.5664005279541 13.572948455810547 -3.3629493713378906 0.2
17.558799743652344 13.757850646972656 -3.4779491424560547 0.2
17.44369888305664 13.932147979736328 -3.410249710083008 0.2
17.273700714111328 14.017250061035156 -3.298248291015625 0.2
17.08100128173828 14.077049255371094 -3.2076492309570312 0.2
16.872600555419922 14.073047637939453 -3.273448944091797 0.2
16.808300018310547 14.104450225830078 -3.4818496704101562 0.2
16.885000228881836 14.194648742675781 -3.667348861694336 0.2
17.09619903564453 14.224349975585938 -3.716949462890625 0.2
17.29010009765625 14.12154769897461 -3.6889495849609375 0.2
17.46390151977539 13.987751007080078 -3.6622486114501953 0.2
17.569900512695312 13.806549072265625 -3.7271499633789062 0.2
17.575698852539062 13.73175048828125 -3.9329490661621094 0.2
17.572101593017578 13.814350128173828 -4.139148712158203 0.2
17.53190040588379 14.018749237060547 -4.2048492431640625 0.2
17.38880157470703 14.159248352050781 -4.111448287963867 0.2
17.217300415039062 14.240650177001953 -3.9974498748779297 0.2
17.01140022277832 14.283451080322266 -3.926849365234375 0.2
16.825401306152344 14.266948699951172 -4.0406494140625 0.2
16.787899017333984 14.309349060058594 -4.256349563598633 0.2
16.900299072265625 14.396747589111328 -4.424249649047852 0.2
17.11859893798828 14.378150939941406 -4.446949005126953 0.2
17.308700561523438 14.266448974609375 -4.417549133300781 0.2
17.47949981689453 14.123950958251953 -4.402050018310547 0.2
17.547199249267578 13.942447662353516 -4.504549026489258 0.2
17.525400161743164 13.904949188232422 -4.722448348999023 0.2
17.499099731445312 14.01314926147461 -4.914949417114258 0.2
17.420101165771484 14.216949462890625 -4.930248260498047 0.2
17.265899658203125 14.33694839477539 -4.822549819946289 0.2
17.095500946044922 14.421749114990234 -4.707149505615234 0.2
16.880800247192383 14.441551208496094 -4.659648895263672 0.2
16.719799041748047 14.415050506591797 -4.808050155639648 0.2
16.694499969482422 14.454349517822266 -5.026649475097656 0.2
16.84239959716797 14.52145004272461 -5.173948287963867 0.2
17.05780029296875 14.466949462890625 -5.182048797607422 0.2
17.249300003051758 14.358047485351562 -5.155849456787109 0.2
17.410600662231445 14.205249786376953 -5.155948638916016 0.2
17.433399200439453 14.032649993896484 -5.289548873901367 0.2
17.385299682617188 14.017349243164062 -5.506750106811523 0.2
17.334999084472656 14.15195083618164 -5.673849105834961 0.2
17.225500106811523 14.34164810180664 -5.64794921875 0.2
17.069700241088867 14.450550079345703 -5.533349990844727 0.2
16.89820098876953 14.53445053100586 -5.419748306274414 0.2
16.678600311279297 14.525749206542969 -5.401649475097656 0.2
16.539600372314453 14.49734878540039 -5.571149826049805 0.2
16.534801483154297 14.540451049804688 -5.78904914855957 0.2
16.713001251220703 14.579048156738281 -5.91204833984375 0.2
16.921001434326172 14.499649047851562 -5.910348892211914 0.2
17.112998962402344 14.389949798583984 -5.890348434448242 0.2
17.251998901367188 14.217948913574219 -5.9100494384765625 0.2
17.23430061340332 14.06414794921875 -6.06614875793457 0.2
17.168498992919922 14.070751190185547 -6.280248641967773 0.2
17.096599578857422 14.230449676513672 -6.414449691772461 0.2
16.967300415039062 14.399650573730469 -6.350849151611328 0.2
16.813400268554688 14.507648468017578 -6.23084831237793 0.2
16.635499954223633 14.58395004272461 -6.118249893188477 0.2
16.417999267578125 14.550048828125 -6.128149032592773 0.2
16.29629898071289 14.52334976196289 -6.314149856567383 0.2
16.318099975585938 14.564949035644531 -6.531648635864258 0.2
16.51729965209961 14.568248748779297 -6.627248764038086 0.2
16.72249984741211 14.477848052978516 -6.622549057006836 0.2
16.915800094604492 14.365447998046875 -6.610248565673828 0.2
17.025299072265625 14.176349639892578 -6.64594841003418 0.2
16.969900131225586 14.042850494384766 -6.814548492431641 0.2
16.88450050354004 14.062248229980469 -7.021450042724609 0.2
16.79180145263672 14.238349914550781 -7.116048812866211 0.2
16.6564998626709 14.394149780273438 -7.029548645019531 0.2
16.509899139404297 14.509449005126953 -6.907848358154297 0.2
16.327098846435547 14.575748443603516 -6.798749923706055 0.2
16.11680030822754 14.521049499511719 -6.83704948425293 0.2
16.008800506591797 14.490047454833984 -7.030448913574219 0.2
16.06570053100586 14.519451141357422 -7.24114990234375 0.2
16.272499084472656 14.487548828125 -7.315948486328125 0.2
16.47370147705078 14.392948150634766 -7.313348770141602 0.2
16.660999298095703 14.2718505859375 -7.309450149536133 0.2
16.72319984436035 14.066848754882812 -7.362649917602539 0.2
16.63640022277832 13.954849243164062 -7.534149169921875 0.2
16.53569984436035 13.997249603271484 -7.728048324584961 0.2
16.424800872802734 14.182750701904297 -7.774648666381836 0.2
16.290300369262695 14.327350616455078 -7.670749664306641 0.2
16.148700714111328 14.448348999023438 -7.548948287963867 0.2
15.953700065612793 14.486648559570312 -7.449548721313477 0.2
15.758500099182129 14.41354751586914 -7.521848678588867 0.2
15.669400215148926 14.380348205566406 -7.724649429321289 0.2
15.769499778747559 14.389747619628906 -7.920848846435547 0.2
15.977800369262695 14.325450897216797 -7.969348907470703 0.2
16.177600860595703 14.227149963378906 -7.969749450683594 0.2
16.35070037841797 14.084850311279297 -7.969348907470703 0.2
16.35879898071289 13.873847961425781 -8.032148361206055 0.2
16.248199462890625 13.780651092529297 -8.20414924621582 0.2
16.13399887084961 13.84804916381836 -8.382648468017578 0.2
16.015201568603516 14.035350799560547 -8.38534927368164 0.2
15.88640022277832 14.18185043334961 -8.275049209594727 0.2
15.747300148010254 14.308349609375 -8.15304946899414 0.2
15.547599792480469 14.321849822998047 -8.058448791503906 0.2
15.364900588989258 14.232749938964844 -8.149148941040039 0.2
15.288000106811523 14.18695068359375 -8.354549407958984 0.2
15.413000106811523 14.174247741699219 -8.535648345947266 0.2
15.620100021362305 14.098548889160156 -8.57564926147461 0.2
15.820600509643555 14.00164794921875 -8.581850051879883 0.2
15.979400634765625 13.845550537109375 -8.580648422241211 0.2
15.951000213623047 13.635650634765625 -8.641448974609375 0.2
15.82390022277832 13.545547485351562 -8.802549362182617 0.2
15.697600364685059 13.627849578857422 -8.963048934936523 0.2
15.576000213623047 13.812747955322266 -8.946949005126953 0.2
15.454700469970703 13.964649200439453 -8.839649200439453 0.2
15.31820011138916 14.093048095703125 -8.7198486328125 0.2
15.117700576782227 14.083850860595703 -8.629049301147461 0.2
14.943900108337402 13.981449127197266 -8.720449447631836 0.2
14.877099990844727 13.921749114990234 -8.923049926757812 0.2
15.01240062713623 13.888748168945312 -9.093449592590332 0.2
15.216300010681152 13.808250427246094 -9.129448890686035 0.2
15.415599822998047 13.711750030517578 -9.138249397277832 0.2
15.55780029296875 13.54214859008789 -9.129348754882812 0.2
15.504899978637695 13.335350036621094 -9.179749488830566 0.2
15.36520004272461 13.245849609375 -9.329349517822266 0.2
15.225200653076172 13.33475112915039 -9.473849296569824 0.2
15.102700233459473 13.517250061035156 -9.44374942779541 0.2
14.987100601196289 13.676349639892578 -9.340649604797363 0.2
14.849900245666504 13.802947998046875 -9.218548774719238 0.2
14.653200149536133 13.770149230957031 -9.12714958190918 0.2
14.486200332641602 13.652050018310547 -9.216049194335938 0.2
14.427599906921387 13.573047637939453 -9.41464900970459 0.2
14.57550048828125 13.523048400878906 -9.570049285888672 0.2
14.780600547790527 13.44205093383789 -9.604349136352539 0.2
14.980999946594238 13.345550537109375 -9.61574935913086 0.2
15.105999946594238 13.165149688720703 -9.594549179077148 0.2
15.029200553894043 12.96255111694336 -9.635649681091309 0.2
14.87820053100586 12.870948791503906 -9.77194881439209 0.2
14.728799819946289 12.972747802734375 -9.896049499511719 0.2
14.608200073242188 13.155147552490234 -9.855149269104004 0.2
14.497700691223145 13.322250366210938 -9.76094913482666 0.2
14.35830020904541 13.441848754882812 -9.6371488571167 0.2
14.166500091552734 13.379749298095703 -9.552549362182617 0.2
14.01240062713623 13.246650695800781 -9.641149520874023 0.2
13.975800514221191 13.155048370361328 -9.83644962310791 0.2
14.135499954223633 13.09375 -9.97594928741455 0.2
14.337900161743164 13.010848999023438 -10.007248878479004 0.2
14.534900665283203 12.910747528076172 -10.01764965057373 0.2
14.640900611877441 12.72134780883789 -9.983049392700195 0.2
14.557499885559082 12.521148681640625 -10.017048835754395 0.2
14.407500267028809 12.426651000976562 -10.149148941040039 0.2
14.255499839782715 12.535747528076172 -10.263349533081055 0.2
14.13860034942627 12.717948913574219 -10.217248916625977 0.2
14.031700134277344 12.889747619628906 -10.129348754882812 0.2
13.894200325012207 13.009147644042969 -10.003349304199219 0.2
13.709799766540527 12.93695068359375 -9.912849426269531 0.2
13.552400588989258 12.773548126220703 -10.014449119567871 0.2
13.540800094604492 12.676048278808594 -10.235749244689941 0.2
13.746000289916992 12.60995101928711 -10.353448867797852 0.2
13.968600273132324 12.502449035644531 -10.36984920501709 0.2
14.169400215148926 12.35894775390625 -10.349349021911621 0.2
14.19379997253418 12.12344741821289 -10.300349235534668 0.2
14.058100700378418 11.932350158691406 -10.384549140930176 0.2
13.881999969482422 11.94015121459961 -10.549049377441406 0.2
13.759699821472168 12.152549743652344 -10.566549301147461 0.2
13.668000221252441 12.372848510742188 -10.504949569702148 0.2
13.507599830627441 12.524948120117188 -10.401449203491211 0.2
13.301000595092773 12.44744873046875 -10.394049644470215 0.2
13.211800575256348 12.324348449707031 -10.557148933410645 0.2
13.173999786376953 12.126251220703125 -10.635149002075195 0.2
13.286499977111816 11.945350646972656 -10.594348907470703 0.2
13.498499870300293 11.886550903320312 -10.605749130249023 0.2
13.710700035095215 11.826351165771484 -10.61864948272705 0.2
13.796500205993652 11.63814926147461 -10.55514907836914 0.2
13.681600570678711 11.453948974609375 -10.590249061584473 0.2
13.503900527954102 11.401748657226562 -10.709349632263184 0.2
13.333900451660156 11.542350769042969 -10.735548973083496 0.2
13.197400093078613 11.717147827148438 -10.722549438476562 0.2
13.184200286865234 11.860649108886719 -10.881448745727539 0.2
13.369800567626953 11.855247497558594 -10.964649200439453 0.2
13.395400047302246 11.743450164794922 -10.85274887084961 0.2
13.230600357055664 11.680950164794922 -10.881548881530762 0.2
13.229499816894531 11.547149658203125 -10.98954963684082 0.2
13.31760025024414 11.402950286865234 -10.945649147033691 0.2
13.37279987335205 11.277748107910156 -10.83644962310791 0.2
13.307700157165527 11.14725112915039 -10.740949630737305 0.2
13.161300659179688 11.05364990234375 -10.754849433898926 0.2
13.014100074768066 11.000350952148438 -10.831549644470215 0.2
12.8966703414917 11.017948150634766 -10.959249496459961 0.2
12.860320091247559 11.151748657226562 -11.065149307250977 0.2
12.872260093688965 11.324748992919922 -11.074149131774902 0.2
12.8927001953125 11.494148254394531 -11.043949127197266 0.2
12.900250434875488 11.650848388671875 -10.969149589538574 0.2
12.84669017791748 11.734249114990234 -10.827849388122559 0.2
12.705329895019531 11.717647552490234 -10.72974967956543 0.2
12.537489891052246 11.67184829711914 -10.732349395751953 0.2
12.366499900817871 11.622749328613281 -10.799049377441406 0.2
12.281129837036133 11.572948455810547 -10.958549499511719 0.2
12.357290267944336 11.47884750366211 -11.102849006652832 0.2
12.480159759521484 11.338848114013672 -11.138749122619629 0.2
12.596449851989746 11.189250946044922 -11.132649421691895 0.2
12.665510177612305 11.026050567626953 -11.066248893737793 0.2
12.584259986877441 10.90195083618164 -10.949949264526367 0.2
12.404749870300293 10.856048583984375 -10.905348777770996 0.2
12.21465015411377 10.845649719238281 -10.916749000549316 0.2
12.074379920959473 10.901649475097656 -11.029149055480957 0.2
12.09060001373291 11.039348602294922 -11.15674877166748 0.2
12.165719985961914 11.205848693847656 -11.20884895324707 0.2
12.168700218200684 11.387348175048828 -11.162649154663086 0.2
12.077469825744629 11.411048889160156 -11.009549140930176 0.2
11.999290466308594 11.25014877319336 -11.043349266052246 0.2
11.976580619812012 11.290748596191406 -11.235349655151367 0.2
11.94120979309082 11.471649169921875 -11.18134880065918 0.2
11.853429794311523 11.404251098632812 -11.020349502563477 0.2
11.835320472717285 11.195850372314453 -11.046249389648438 0.2
11.788100242614746 10.993450164794922 -11.040749549865723 0.2
11.593430519104004 10.948249816894531 -10.988348960876465 0.2
11.406840324401855 11.040748596191406 -11.004149436950684 0.2
11.364720344543457 11.230148315429688 -11.071949005126953 0.2
11.473230361938477 11.402149200439453 -11.029048919677734 0.2
11.59673023223877 11.552947998046875 -10.953948974609375 0.2
11.627920150756836 11.755451202392578 -10.972549438476562 0.2
11.49507999420166 11.911849975585938 -10.969049453735352 0.2
11.318050384521484 11.975448608398438 -10.87714958190918 0.2
11.107709884643555 11.97414779663086 -10.911748886108398 0.2
11.05702018737793 11.82674789428711 -11.063348770141602 0.2
11.128100395202637 11.626148223876953 -11.113348960876465 0.2
11.190620422363281 11.417049407958984 -11.127248764038086 0.2
11.105500221252441 11.229850769042969 -11.06144905090332 0.2
10.892570495605469 11.226551055908203 -11.021849632263184 0.2
10.71272087097168 11.343250274658203 -11.063549041748047 0.2
10.677960395812988 11.543350219726562 -11.138949394226074 0.2
10.757770538330078 11.745147705078125 -11.11104965209961 0.2
10.847660064697266 11.927047729492188 -11.029949188232422 0.2
10.893550872802734 12.058448791503906 -10.86194896697998 0.2
10.758600234985352 12.120948791503906 -10.706648826599121 0.2
10.548160552978516 12.18404769897461 -10.69944953918457 0.2
10.385700225830078 12.202648162841797 -10.839749336242676 0.2
10.387910842895508 12.075450897216797 -11.0160493850708 0.2
10.453570365905762 11.882850646972656 -11.098749160766602 0.2
10.497430801391602 11.671550750732422 -11.13914966583252 0.2
10.397680282592773 11.488449096679688 -11.082149505615234 0.2
10.181560516357422 11.48434829711914 -11.054649353027344 0.2
10.006319999694824 11.603950500488281 -11.104948997497559 0.2
9.996660232543945 11.813949584960938 -11.156249046325684 0.2
10.084460258483887 12.006149291992188 -11.098149299621582 0.2
10.171660423278809 12.17654800415039 -10.991048812866211 0.2
10.159570693969727 12.29134750366211 -10.807549476623535 0.2
9.975950241088867 12.349647521972656 -10.708449363708496 0.2
9.766149520874023 12.3896484375 -10.75564956665039 0.2
9.666900634765625 12.34695053100586 -10.941549301147461 0.2
9.708450317382812 12.181148529052734 -11.077448844909668 0.2
9.775260925292969 11.985950469970703 -11.149949073791504 0.2
9.778770446777344 11.768848419189453 -11.153749465942383 0.2
9.614310264587402 11.645851135253906 -11.091049194335938 0.2
9.39857006072998 11.680450439453125 -11.095748901367188 0.2
9.272590637207031 11.839248657226562 -11.166749000549316 0.2
9.315380096435547 12.052448272705078 -11.170248985290527 0.2
9.408530235290527 12.23244857788086 -11.089849472045898 0.2
9.473960876464844 12.389949798583984 -10.954349517822266 0.2
9.387149810791016 12.470447540283203 -10.774848937988281 0.2
9.177730560302734 12.508049011230469 -10.729848861694336 0.2
8.990010261535645 12.51865005493164 -10.834949493408203 0.2
8.955909729003906 12.419048309326172 -11.023849487304688 0.2
9.016130447387695 12.236648559570312 -11.126849174499512 0.2
9.073930740356445 12.035747528076172 -11.188549041748047 0.2
9.025300025939941 11.828250885009766 -11.151848793029785 0.2
8.827320098876953 11.75925064086914 -11.104049682617188 0.2
8.623390197753906 11.826850891113281 -11.13534927368164 0.2
8.555720329284668 12.020050048828125 -11.201349258422852 0.2
8.626569747924805 12.222049713134766 -11.16154956817627 0.2
8.716800689697266 12.397449493408203 -11.068849563598633 0.2
8.747600555419922 12.535247802734375 -10.903549194335938 0.2
8.605330467224121 12.59014892578125 -10.7527494430542 0.2
8.388320922851562 12.61574935913086 -10.754448890686035 0.2
8.238580703735352 12.596050262451172 -10.907149314880371 0.2
8.252120018005371 12.456649780273438 -11.073049545288086 0.2
8.317859649658203 12.267948150634766 -11.162049293518066 0.2
8.360879898071289 12.057849884033203 -11.203948974609375 0.2
8.267589569091797 11.873550415039062 -11.143649101257324 0.2
8.053810119628906 11.843849182128906 -11.116349220275879 0.2
7.868480205535889 11.94384765625 -11.166749000549316 0.2
7.8514604568481445 12.154548645019531 -11.211249351501465 0.2
7.933960437774658 12.347648620605469 -11.14954948425293 0.2
8.018270492553711 12.521350860595703 -11.046449661254883 0.2
8.012670516967773 12.638648986816406 -10.86474895477295 0.2
7.832859992980957 12.676349639892578 -10.751749038696289 0.2
7.6185302734375 12.688850402832031 -10.790549278259277 0.2
7.5136003494262695 12.634651184082031 -10.969849586486816 0.2
7.551750183105469 12.472049713134766 -11.110548973083496 0.2
7.618110179901123 12.281047821044922 -11.192449569702148 0.2
7.640650272369385 12.065448760986328 -11.207649230957031 0.2
7.5050201416015625 11.915451049804688 -11.136649131774902 0.2
7.287610054016113 11.915748596191406 -11.12494945526123 0.2
7.134350299835205 12.051048278808594 -11.188749313354492 0.2
7.154240131378174 12.266651153564453 -11.204949378967285 0.2
7.241900444030762 12.452449798583984 -11.133249282836914 0.2
7.314800262451172 12.620849609375 -11.0160493850708 0.2
7.258910179138184 12.712448120117188 -10.829249382019043 0.2
7.056529998779297 12.735950469970703 -10.75744915008545 0.2
6.856220245361328 12.73134994506836 -10.837348937988281 0.2
6.798360347747803 12.637248992919922 -11.022748947143555 0.2
6.852630138397217 12.459247589111328 -11.135748863220215 0.2
6.916240215301514 12.263648986816406 -11.20634937286377 0.2
6.905790328979492 12.048851013183594 -11.18014907836914 0.2
6.734889984130859 11.941749572753906 -11.108549118041992 0.2
6.519890308380127 11.973247528076172 -11.112648963928223 0.2
6.4078803062438965 12.143447875976562 -11.178849220275879 0.2
6.459010124206543 12.354049682617188 -11.164749145507812 0.2
6.549280166625977 12.537750244140625 -11.090449333190918 0.2
6.602519989013672 12.694049835205078 -10.948749542236328 0.2
6.495570182800293 12.756649017333984 -10.774148941040039 0.2
6.280430316925049 12.764350891113281 -10.740649223327637 0.2
6.103549957275391 12.731449127197266 -10.85824966430664 0.2
6.0916900634765625 12.59695053100586 -11.027548789978027 0.2
6.1561102867126465 12.410747528076172 -11.122149467468262 0.2
6.212100028991699 12.205150604248047 -11.16974925994873 0.2
6.157760143280029 12.00885009765625 -11.100449562072754 0.2
5.958420276641846 11.94955062866211 -11.03964900970459 0.2
5.754430294036865 12.018447875976562 -11.062149047851562 0.2
5.69950008392334 12.218650817871094 -11.119648933410645 0.2
5.773620128631592 12.421051025390625 -11.08484935760498 0.2
5.8614501953125 12.604549407958984 -11.0052490234375 0.2
5.875850200653076 12.736549377441406 -10.834749221801758 0.2
5.713370323181152 12.770549774169922 -10.698649406433105 0.2
5.496040344238281 12.762748718261719 -10.707849502563477 0.2
5.368949890136719 12.692150115966797 -10.86514949798584 0.2
5.39732027053833 12.527050018310547 -11.004049301147461 0.2
5.466480255126953 12.336151123046875 -11.082849502563477 0.2
5.501530170440674 12.122249603271484 -11.085948944091797 0.2
5.385390281677246 11.969551086425781 -10.991848945617676 0.2
5.171850204467773 11.954849243164062 -10.95534896850586 0.2
5.002409934997559 12.073551177978516 -11.008149147033691 0.2
5.005880355834961 12.28744888305664 -11.04224967956543 0.2
5.092580318450928 12.480648040771484 -10.993749618530273 0.2
5.168230056762695 12.6573486328125 -10.892748832702637 0.2
5.120310306549072 12.753448486328125 -10.706949234008789 0.2
4.922900199890137 12.767047882080078 -10.621549606323242 0.2
4.718690395355225 12.74264907836914 -10.684148788452148 0.2
4.652940273284912 12.63235092163086 -10.856948852539062 0.2
4.708220481872559 12.45064926147461 -10.962549209594727 0.2
4.775320053100586 12.252750396728516 -11.021649360656738 0.2
4.766750335693359 12.043148040771484 -10.970449447631836 0.2
4.597200393676758 11.944351196289062 -10.88594913482666 0.2
4.382570266723633 11.972850799560547 -10.884649276733398 0.2
4.2700700759887695 12.139850616455078 -10.956249237060547 0.2
4.321130275726318 12.350448608398438 -10.954648971557617 0.2
4.411810398101807 12.538448333740234 -10.894248962402344 0.2
4.459230422973633 12.696449279785156 -10.753449440002441 0.2
4.3421502113342285 12.756450653076172 -10.585649490356445 0.2
4.126950263977051 12.75674819946289 -10.555549621582031 0.2
3.956489086151123 12.707748413085938 -10.675249099731445 0.2
3.953273296356201 12.560150146484375 -10.833148956298828 0.2
4.022459983825684 12.370849609375 -10.916049003601074 0.2
4.076670169830322 12.16164779663086 -10.940949440002441 0.2
4.0047383308410645 11.980049133300781 -10.853249549865723 0.2
3.7995681762695312 11.935050964355469 -10.800748825073242 0.2
3.6022071838378906 12.012950897216797 -10.836949348449707 0.2
3.5636672973632812 12.215049743652344 -10.899449348449707 0.2
3.6426901817321777 12.415550231933594 -10.867749214172363 0.2
3.7284841537475586 12.59914779663086 -10.787249565124512 0.2
3.7230732440948486 12.724849700927734 -10.612749099731445 0.2
3.5453481674194336 12.756050109863281 -10.496249198913574 0.2
3.330456256866455 12.743549346923828 -10.522849082946777 0.2
3.2235403060913086 12.658348083496094 -10.687349319458008 0.2
3.264524221420288 12.484748840332031 -10.811749458312988 0.2
3.336515188217163 12.289947509765625 -10.877049446105957 0.2
3.356802225112915 12.076248168945312 -10.8531494140625 0.2
3.2133102416992188 11.946949005126953 -10.762649536132812 0.2
2.996920347213745 11.949249267578125 -10.747649192810059 0.2
2.8491601943969727 12.084850311279297 -10.818849563598633 0.2
2.8746352195739746 12.298049926757812 -10.846348762512207 0.2
2.9650096893310547 12.488250732421875 -10.793848991394043 0.2
3.030210256576538 12.659549713134766 -10.678349494934082 0.2
2.9478886127471924 12.745048522949219 -10.500848770141602 0.2
2.7393453121185303 12.757747650146484 -10.44594955444336 0.2
2.5492141246795654 12.727348327636719 -10.538748741149902 0.2
2.5139012336730957 12.601348876953125 -10.710148811340332 0.2
2.5789592266082764 12.415050506591797 -10.800249099731445 0.2
2.6419801712036133 12.211349487304688 -10.840349197387695 0.2
2.5988662242889404 12.013050079345703 -10.769549369812012 0.2
2.405679225921631 11.9427490234375 -10.709349632263184 0.2
2.198768138885498 11.9947509765625 -10.738649368286133 0.2
2.125204086303711 12.179550170898438 -10.817349433898926 0.2
2.193730354309082 12.384349822998047 -10.798849105834961 0.2
2.2833571434020996 12.568050384521484 -10.726248741149902 0.2
2.30216121673584 12.71255111694336 -10.566549301147461 0.2
2.1479272842407227 12.763050079345703 -10.428648948669434 0.2
1.9312301874160767 12.76424789428711 -10.436749458312988 0.2
1.794220209121704 12.704151153564453 -10.588849067687988 0.2
1.8197102546691895 12.543048858642578 -10.730849266052246 0.2
1.8931502103805542 12.350547790527344 -10.80044937133789 0.2
1.9283802509307861 12.13644790649414 -10.799549102783203 0.2
1.8096601963043213 11.980449676513672 -10.715349197387695 0.2
1.5939302444458008 11.964550018310547 -10.698549270629883 0.2
1.4235602617263794 12.075050354003906 -10.766149520874023 0.2
1.4286202192306519 12.285850524902344 -10.810249328613281 0.2
1.516220211982727 12.478450775146484 -10.757649421691895 0.2
1.5915101766586304 12.653648376464844 -10.65264892578125 0.2
1.539170265197754 12.757949829101562 -10.472649574279785 0.2
1.3374602794647217 12.783050537109375 -10.399449348449707 0.2
1.1341902017593384 12.76865005493164 -10.470949172973633 0.2
1.0738801956176758 12.666450500488281 -10.649748802185059 0.2
1.1330102682113647 12.485748291015625 -10.755748748779297 0.2
1.2018702030181885 12.286148071289062 -10.809948921203613 0.2
1.1856101751327515 12.0760498046875 -10.765149116516113 0.2
1.0051202774047852 11.97964859008789 -10.701148986816406 0.2
0.7912402153015137 12.011051177978516 -10.720048904418945 0.2
0.6882503032684326 12.17974853515625 -10.800549507141113 0.2
0.7435202598571777 12.3896484375 -10.793649673461914 0.2
0.8344001770019531 12.573551177978516 -10.7212495803833 0.2
0.8766403198242188 12.728248596191406 -10.575949668884277 0.2
0.74884033203125 12.790550231933594 -10.416849136352539 0.2
0.5325102806091309 12.79854965209961 -10.400249481201172 0.2
0.37034034729003906 12.760150909423828 -10.53334903717041 0.2
0.3722102642059326 12.6197509765625 -10.697949409484863 0.2
0.443500280380249 12.432350158691406 -10.781249046325684 0.2
0.494030237197876 12.22344970703125 -10.810449600219727 0.2
0.40888023376464844 12.040950775146484 -10.737449645996094 0.2
0.19979023933410645 11.99844741821289 -10.70534896850586 0.2
0.009250164031982422 12.08184814453125 -10.757549285888672 0.2
-0.021609783172607422 12.286750793457031 -10.81554889678955 0.2
0.058710336685180664 12.482650756835938 -10.767048835754395 0.2
0.14253020286560059 12.659549713134766 -10.672849655151367 0.2
0.12821030616760254 12.77914810180664 -10.493749618530273 0.2
-0.05304980278015137 12.811847686767578 -10.384649276733398 0.2
-0.265899658203125 12.809749603271484 -10.424348831176758 0.2
-0.36737966537475586 12.739349365234375 -10.59904956817627 0.2
-0.3236198425292969 12.571849822998047 -10.729848861694336 0.2
-0.2517096996307373 12.379650115966797 -10.80164909362793 0.2
-0.23695969581604004 12.16354751586914 -10.792448997497559 0.2
-0.3848698139190674 12.027347564697266 -10.720449447631836 0.2
-0.6024198532104492 12.030548095703125 -10.7212495803833 0.2
-0.74826979637146 12.169349670410156 -10.793349266052246 0.2
-0.7187597751617432 12.383350372314453 -10.804348945617676 0.2
-0.6294598579406738 12.568950653076172 -10.732149124145508 0.2
-0.563579797744751 12.733448028564453 -10.605149269104004 0.2
-0.6421098709106445 12.813949584960938 -10.422348976135254 0.2
-0.8518998622894287 12.829948425292969 -10.367548942565918 0.2
-1.0456199645996094 12.814449310302734 -10.461548805236816 0.2
-1.082289695739746 12.70615005493164 -10.644349098205566 0.2
-1.0189599990844727 12.525848388671875 -10.750449180603027 0.2
-0.9552397727966309 12.325847625732422 -10.811248779296875 0.2
-0.9897596836090088 12.117347717285156 -10.767748832702637 0.2
-1.1818499565124512 12.033950805664062 -10.715048789978027 0.2
-1.3928899765014648 12.080551147460938 -10.739648818969727 0.2
-1.4748096466064453 12.26784896850586 -10.80514907836914 0.2
-1.4103097915649414 12.473548889160156 -10.77074909210205 0.2
-1.321239948272705 12.653247833251953 -10.684049606323242 0.2
-1.2876195907592773 12.793750762939453 -10.522048950195312 0.2
-1.4284296035766602 12.838550567626953 -10.366249084472656 0.2
-1.6465396881103516 12.843650817871094 -10.357149124145508 0.2
-1.8011298179626465 12.80044937133789 -10.514948844909668 0.2
-1.7787799835205078 12.643348693847656 -10.680648803710938 0.2
-1.7048797607421875 12.446250915527344 -10.774949073791504 0.2
-1.676039695739746 12.219650268554688 -10.792348861694336 0.2
-1.8228697776794434 12.06515121459961 -10.717848777770996 0.2
-2.0532097816467285 12.068347930908203 -10.709749221801758 0.2
-2.194849967956543 12.231147766113281 -10.774048805236816 0.2
-2.150559902191162 12.45574951171875 -10.757848739624023 0.2
-2.056119918823242 12.647350311279297 -10.670148849487305 0.2
-2.005499839782715 12.802749633789062 -10.509248733520508 0.2
-2.139519691467285 12.851749420166016 -10.333748817443848 0.2
-2.369879722595215 12.855949401855469 -10.318649291992188 0.2
