-19.44809913635254 12.754249572753906 6.37135124206543 0.2
-19.352800369262695 12.882247924804688 6.203550338745117 0.2
-19.45599937438965 13.065048217773438 6.091251373291016 0.2
-19.618499755859375 13.240848541259766 6.089351654052734 0.2
-19.689699172973633 13.380748748779297 6.25885009765625 0.2
-19.55780029296875 13.378150939941406 6.448450088500977 0.2
-19.3351993560791 13.331951141357422 6.537151336669922 0.2
-19.163999557495117 13.178749084472656 6.519550323486328 0.2
-19.162099838256836 12.967647552490234 6.407251358032227 0.2
-19.20240020751953 12.748649597167969 6.471151351928711 0.2
-19.198999404907227 12.638450622558594 6.684850692749023 0.2
-19.279600143432617 12.628047943115234 6.905950546264648 0.2
-19.440099716186523 12.777549743652344 6.984750747680664 0.2
-19.563499450683594 12.97134780883789 6.91295051574707 0.2
-19.55539894104004 13.17934799194336 6.803050994873047 0.2
-19.35140037536621 13.268150329589844 6.753150939941406 0.2
-19.131399154663086 13.193248748779297 6.819250106811523 0.2
-18.988698959350586 13.132949829101562 7.003850936889648 0.2
-18.99090003967285 12.951648712158203 7.148950576782227 0.2
-19.11479949951172 12.748050689697266 7.136850357055664 0.2
-19.06999969482422 12.568748474121094 7.001550674438477 0.2
-18.842899322509766 12.532051086425781 6.943349838256836 0.2
-18.61709976196289 12.58544921875 6.879550933837891 0.2
-18.552499771118164 12.758750915527344 6.739551544189453 0.2
-18.67020034790039 12.940750122070312 6.636751174926758 0.2
-18.80970001220703 13.117450714111328 6.700750350952148 0.2
-18.798398971557617 13.178150177001953 6.921850204467773 0.2
-18.64080047607422 13.136249542236328 7.101652145385742 0.2
-18.448400497436523 13.03704833984375 7.192850112915039 0.2
-18.363399505615234 12.844551086425781 7.092050552368164 0.2
-18.428600311279297 12.631950378417969 7.015251159667969 0.2
-18.497900009155273 12.470951080322266 7.170049667358398 0.2
-18.58009910583496 12.417747497558594 7.39164924621582 0.2
-18.750699996948242 12.516548156738281 7.513551712036133 0.2
-18.8705997467041 12.715950012207031 7.459749221801758 0.2
-18.860700607299805 12.932147979736328 7.360052108764648 0.2
-18.66819953918457 13.056949615478516 7.35045051574707 0.2
-18.471599578857422 13.004150390625 7.477350234985352 0.2
-18.367198944091797 12.9698486328125 7.691350936889648 0.2
-18.393600463867188 12.806648254394531 7.851850509643555 0.2
-18.521699905395508 12.609649658203125 7.814149856567383 0.2
-18.54439926147461 12.4344482421875 7.659250259399414 0.2
-18.355998992919922 12.338951110839844 7.561849594116211 0.2
-18.11359977722168 12.341350555419922 7.582551956176758 0.2
-17.937000274658203 12.482650756835938 7.536649703979492 0.2
-17.978599548339844 12.693748474121094 7.438650131225586 0.2
-18.118900299072266 12.881851196289062 7.459650039672852 0.2
-18.154600143432617 12.959449768066406 7.671350479125977 0.2
-18.044898986816406 12.91135025024414 7.881650924682617 0.2
-17.87339973449707 12.81304931640625 8.017450332641602 0.2
-17.743200302124023 12.634449005126953 7.957151412963867 0.2
-17.771499633789062 12.474449157714844 7.782251358032227 0.2
-17.912099838256836 12.293048858642578 7.77924919128418 0.2
-18.024900436401367 12.195350646972656 7.969949722290039 0.2
-18.1875 12.217350006103516 8.137449264526367 0.2
-18.321699142456055 12.4073486328125 8.137250900268555 0.2
-18.309900283813477 12.629051208496094 8.04475212097168 0.2
-18.15760040283203 12.800548553466797 8.069551467895508 0.2
-17.99970054626465 12.798450469970703 8.248052597045898 0.2
-17.934598922729492 12.739448547363281 8.473051071166992 0.2
-18.01529884338379 12.587749481201172 8.627950668334961 0.2
-18.15570068359375 12.41135025024414 8.555150985717773 0.2
-18.183799743652344 12.247047424316406 8.385251998901367 0.2
-18.014999389648438 12.1031494140625 8.319952011108398 0.2
-17.805200576782227 12.043949127197266 8.424249649047852 0.2
-17.59440040588379 12.122047424316406 8.484750747680664 0.2
-17.530099868774414 12.33395004272461 8.410051345825195 0.2
-17.62489891052246 12.547550201416016 8.364351272583008 0.2
-17.72130012512207 12.678447723388672 8.526750564575195 0.2
-17.725500106811523 12.650249481201172 8.765748977661133 0.2
-17.65920066833496 12.544849395751953 8.97144889831543 0.2
-17.53849983215332 12.34914779663086 8.987051010131836 0.2
-17.492300033569336 12.1844482421875 8.818750381469727 0.2
-17.608999252319336 12.02145004272461 8.700849533081055 0.2
-17.803699493408203 11.91965103149414 8.788549423217773 0.2
-18.00469970703125 11.93294906616211 8.914949417114258 0.2
-18.144800186157227 12.118049621582031 8.909749984741211 0.2
-18.093399047851562 12.339847564697266 8.832448959350586 0.2
-17.95279884338379 12.526649475097656 8.865449905395508 0.2
-17.871000289916992 12.571048736572266 9.080549240112305 0.2
-17.907100677490234 12.499649047851562 9.308950424194336 0.2
-18.050899505615234 12.376750946044922 9.448850631713867 0.2
-18.191099166870117 12.211448669433594 9.359151840209961 0.2
-18.199298858642578 12.05154800415039 9.17955207824707 0.2
-18.067100524902344 11.864849090576172 9.134149551391602 0.2
-17.93669891357422 11.748550415039062 9.299352645874023 0.2
-17.783899307250977 11.761947631835938 9.478849411010742 0.2
-17.638099670410156 11.943248748779297 9.489751815795898 0.2
-17.626100540161133 12.167549133300781 9.400548934936523 0.2
-17.738800048828125 12.364448547363281 9.447450637817383 0.2
-17.872798919677734 12.398948669433594 9.643449783325195 0.2
-17.959999084472656 12.32094955444336 9.855649948120117 0.2
-17.928600311279297 12.12554931640625 9.97755241394043 0.2
-17.82699966430664 11.926651000976562 9.891050338745117 0.2
-17.823299407958984 11.75954818725586 9.720849990844727 0.2
-18.0132999420166 11.648048400878906 9.642850875854492 0.2
-18.252199172973633 11.643051147460938 9.686552047729492 0.2
-18.413999557495117 11.808147430419922 9.651948928833008 0.2
-18.358200073242188 12.031848907470703 9.592248916625977 0.2
-18.211599349975586 12.221050262451172 9.622949600219727 0.2
-18.167999267578125 12.334247589111328 9.821752548217773 0.2
-18.284500122070312 12.314849853515625 10.032049179077148 0.2
-18.474599838256836 12.227848052978516 10.152551651000977 0.2
-18.627300262451172 12.071147918701172 10.070249557495117 0.2
-18.624000549316406 11.908248901367188 9.890050888061523 0.2
-18.524599075317383 11.703250885009766 9.825849533081055 0.2
-18.453100204467773 11.538848876953125 9.980649948120117 0.2
-18.404399871826172 11.503849029541016 10.21245002746582 0.2
-18.25909996032715 11.639148712158203 10.336549758911133 0.2
-18.160799026489258 11.853649139404297 10.280050277709961 0.2
-18.192699432373047 12.084648132324219 10.233251571655273 0.2
-18.36639976501465 12.209049224853516 10.336050033569336 0.2
-18.550199508666992 12.186347961425781 10.494649887084961 0.2
-18.641399383544922 12.029449462890625 10.647451400756836 0.2
-18.573400497436523 11.802047729492188 10.660348892211914 0.2
-18.48710060119629 11.608448028564453 10.540750503540039 0.2
-18.568199157714844 11.464149475097656 10.373052597045898 0.2
-18.79990005493164 11.429149627685547 10.311250686645508 0.2
-18.993099212646484 11.55044937133789 10.250852584838867 0.2
-18.972900390625 11.776748657226562 10.185750961303711 0.2
-18.824899673461914 11.970848083496094 10.20515251159668 0.2
-18.752399444580078 12.131649017333984 10.362051010131836 0.2
-18.87339973449707 12.178348541259766 10.563249588012695 0.2
-19.083099365234375 12.13454818725586 10.680051803588867 0.2
-19.27899932861328 12.008049011230469 10.636850357055664 0.2
-19.300600051879883 11.838550567626953 10.466451644897461 0.2
-19.22010040283203 11.64394760131836 10.345251083374023 0.2
-19.15519905090332 11.4322509765625 10.428750991821289 0.2
-19.192100524902344 11.332649230957031 10.647249221801758 0.2
-19.12619972229004 11.39394760131836 10.865549087524414 0.2
-18.989398956298828 11.586448669433594 10.907251358032227 0.2
-18.91510009765625 11.81195068359375 10.847051620483398 0.2
-19.020898818969727 12.021747589111328 10.848852157592773 0.2
-19.2362003326416 12.073749542236328 10.950651168823242 0.2
-19.422399520874023 11.991748809814453 11.083551406860352 0.2
-19.45439910888672 11.773548126220703 11.168149948120117 0.2
-19.359399795532227 11.553447723388672 11.117250442504883 0.2
-19.325698852539062 11.36724853515625 10.968252182006836 0.2
-19.482200622558594 11.285648345947266 10.808149337768555 0.2
-19.702999114990234 11.345550537109375 10.727949142456055 0.2
-19.760499954223633 11.556648254394531 10.637948989868164 0.2
-19.633699417114258 11.765251159667969 10.645551681518555 0.2
-19.509899139404297 11.945751190185547 10.751550674438477 0.2
-19.5718994140625 12.055049896240234 10.95265007019043 0.2
-19.77910041809082 12.055648803710938 11.083452224731445 0.2
-20.00969886779785 11.981548309326172 11.083749771118164 0.2
-20.101299285888672 11.823150634765625 10.931550979614258 0.2
-20.035600662231445 11.641548156738281 10.777849197387695 0.2
-19.957799911499023 11.415950775146484 10.759450912475586 0.2
-19.996999740600586 11.250850677490234 10.928850173950195 0.2
-20.05340003967285 11.234748840332031 11.163751602172852 0.2
-19.948699951171875 11.377250671386719 11.32185173034668 0.2
-19.81909942626953 11.586849212646484 11.315649032592773 0.2
-19.80270004272461 11.824348449707031 11.279951095581055 0.2
-19.989200592041016 11.971050262451172 11.309350967407227 0.2
-20.21969985961914 11.960647583007812 11.394750595092773 0.2
-20.368099212646484 11.800849914550781 11.495050430297852 0.2
-20.327098846435547 11.562450408935547 11.502252578735352 0.2
-20.235599517822266 11.351348876953125 11.413949966430664 0.2
-20.27519989013672 11.212947845458984 11.223051071166992 0.2
-20.471599578857422 11.217350006103516 11.080049514770508 0.2
-20.591299057006836 11.385448455810547 10.960752487182617 0.2
-20.50819969177246 11.6114501953125 10.943750381469727 0.2
-20.36669921875 11.794147491455078 11.033052444458008 0.2
-20.353500366210938 11.948848724365234 11.213651657104492 0.2
-20.54439926147461 12.00094985961914 11.355249404907227 0.2
-20.78820037841797 11.97604751586914 11.373449325561523 0.2
-20.943300247192383 11.85744857788086 11.237249374389648 0.2
-20.902299880981445 11.678749084472656 11.073850631713867 0.2
-20.815000534057617 11.46624755859375 10.98845100402832 0.2
-20.820798873901367 11.249549865722656 11.088949203491211 0.2
-20.955400466918945 11.175148010253906 11.280649185180664 0.2
-20.95800018310547 11.252548217773438 11.505350112915039 0.2
-20.82699966430664 11.441047668457031 11.587152481079102 0.2
-20.718000411987305 11.661849975585938 11.578351974487305 0.2
-20.80620002746582 11.88064956665039 11.552350997924805 0.2
-21.041900634765625 11.948249816894531 11.565851211547852 0.2
-21.2677001953125 11.869850158691406 11.615251541137695 0.2
-21.331298828125 11.64324951171875 11.655351638793945 0.2
-21.245899200439453 11.413047790527344 11.62394905090332 0.2
-21.188899993896484 11.22344970703125 11.484949111938477 0.2
-21.289600372314453 11.177047729492188 11.271951675415039 0.2
-21.430500030517578 11.291248321533203 11.108850479125977 0.2
-21.383800506591797 11.516048431396484 11.043352127075195 0.2
-21.24989891052246 11.703449249267578 11.133951187133789 0.2
-21.183399200439453 11.873748779296875 11.295351028442383 0.2
-21.333799362182617 11.985748291015625 11.443349838256836 0.2
-21.579299926757812 12.005451202392578 11.453649520874023 0.2
-21.774799346923828 11.942249298095703 11.325750350952148 0.2
-21.768798828125 11.775249481201172 11.150651931762695 0.2
-21.670900344848633 11.573749542236328 11.044549942016602 0.2
-21.651100158691406 11.335948944091797 11.076650619506836 0.2
-21.803998947143555 11.208549499511719 11.212850570678711 0.2
-21.93470001220703 11.237548828125 11.412351608276367 0.2
-21.86669921875 11.390949249267578 11.584451675415039 0.2
-21.72369956970215 11.587150573730469 11.63545036315918 0.2
-21.684499740600586 11.823551177978516 11.615652084350586 0.2
-21.864599227905273 11.975448608398438 11.559450149536133 0.2
-22.10930061340332 11.980648040771484 11.527849197387695 0.2
-22.281299591064453 11.815349578857422 11.539251327514648 0.2
-22.25819969177246 11.571449279785156 11.54734992980957 0.2
-22.17329978942871 11.34735107421875 11.490251541137695 0.2
-22.15250015258789 11.229351043701172 11.283349990844727 0.2
-22.252300262451172 11.286449432373047 11.065851211547852 0.2
-22.229400634765625 11.483848571777344 10.934549331665039 0.2
-22.10930061340332 11.683048248291016 11.007349014282227 0.2
-22.018098831176758 11.847248077392578 11.168149948120117 0.2
-22.10540008544922 12.005847930908203 11.32295036315918 0.2
-22.33769989013672 12.081550598144531 11.324552536010742 0.2
-22.541900634765625 12.078250885009766 11.189752578735352 0.2
-22.579700469970703 11.950450897216797 10.99165153503418 0.2
-22.482799530029297 11.74905014038086 10.885950088500977 0.2
-22.429399490356445 11.512248992919922 10.868051528930664 0.2
-22.563600540161133 11.333549499511719 10.951650619506836 0.2
-22.78929901123047 11.328948974609375 11.049249649047852 0.2
-22.859100341796875 11.44384765625 11.245950698852539 0.2
-22.745399475097656 11.61724853515625 11.377950668334961 0.2
-22.622798919677734 11.824348449707031 11.42664909362793 0.2
-22.66629981994629 12.042949676513672 11.345449447631836 0.2
-22.859399795532227 12.13064956665039 11.22035026550293 0.2
-23.078399658203125 12.072349548339844 11.132150650024414 0.2
-23.168899536132812 11.850349426269531 11.134252548217773 0.2
-23.12190055847168 11.60784912109375 11.151151657104492 0.2
-23.035600662231445 11.412349700927734 11.040349960327148 0.2
-23.018400192260742 11.39004898071289 10.801549911499023 0.2
-22.990999221801758 11.53125 10.609251022338867 0.2
-22.862899780273438 11.734249114990234 10.620851516723633 0.2
-22.776500701904297 11.894550323486328 10.788152694702148 0.2
-22.80150032043457 12.067951202392578 10.955652236938477 0.2
-22.993099212646484 12.212448120117188 10.958250045776367 0.2
-23.1781005859375 12.264747619628906 10.805150985717773 0.2
-23.240699768066406 12.195648193359375 10.585050582885742 0.2
-23.160099029541016 11.99844741821289 10.466852188110352 0.2
-23.086000442504883 11.7646484375 10.444849014282227 0.2
-23.18280029296875 11.550849914550781 10.489351272583008 0.2
-23.423200607299805 11.51205062866211 10.503252029418945 0.2
-23.613100051879883 11.609550476074219 10.609750747680664 0.2
-23.59149932861328 11.771148681640625 10.78645133972168 0.2
-23.460899353027344 11.943347930908203 10.905550003051758 0.2
-23.381999969482422 12.166248321533203 10.882051467895508 0.2
-23.463899612426758 12.319149017333984 10.712949752807617 0.2
-23.6289005279541 12.347549438476562 10.533750534057617 0.2
-23.799299240112305 12.203548431396484 10.452249526977539 0.2
-23.838600158691406 11.964950561523438 10.490549087524414 0.2
-23.786300659179688 11.727348327636719 10.490751266479492 0.2
-23.678699493408203 11.603649139404297 10.318849563598633 0.2
-23.609399795532227 11.66714859008789 10.092950820922852 0.2
-23.45359992980957 11.836349487304688 10.030752182006836 0.2
-23.356599807739258 12.005748748779297 10.17595100402832 0.2
-23.352399826049805 12.172050476074219 10.356752395629883 0.2
-23.48150062561035 12.36614990234375 10.394651412963867 0.2
-23.62849998474121 12.472450256347656 10.231851577758789 0.2
-23.69610023498535 12.463348388671875 9.998449325561523 0.2
-23.636098861694336 12.291149139404297 9.845251083374023 0.2
-23.55609893798828 12.058547973632812 9.832250595092773 0.2
-23.613500595092773 11.827247619628906 9.860052108764648 0.2
-23.83639907836914 11.745147705078125 9.841852188110352 0.2
-24.059799194335938 11.83475112915039 9.82444953918457 0.2
-24.151599884033203 11.997150421142578 9.970949172973633 0.2
-24.06049919128418 12.151348114013672 10.138151168823242 0.2
-23.927799224853516 12.339847564697266 10.207052230834961 0.2
-23.887800216674805 12.527950286865234 10.067251205444336 0.2
-23.95709991455078 12.609748840332031 9.846952438354492 0.2
-24.106300354003906 12.556449890136719 9.668149948120117 0.2
-24.232099533081055 12.353748321533203 9.651651382446289 0.2
-24.256399154663086 12.115047454833984 9.700849533081055 0.2
-24.153099060058594 11.912651062011719 9.63545036315918 0.2
-24.018299102783203 11.889747619628906 9.436349868774414 0.2
-23.84670066833496 12.002548217773438 9.316049575805664 0.2
-23.70709991455078 12.165451049804688 9.418249130249023 0.2
-23.691099166870117 12.322547912597656 9.605951309204102 0.2
-23.776599884033203 12.526748657226562 9.692750930786133 0.2
-23.8887996673584 12.683948516845703 9.553350448608398 0.2
-23.937599182128906 12.72195053100586 9.31755256652832 0.2
-23.888700485229492 12.606449127197266 9.11705207824707 0.2
-23.807199478149414 12.379249572753906 9.090848922729492 0.2
-23.82200050354004 12.141250610351562 9.12605094909668 0.2
-24.01609992980957 12.009048461914062 9.098051071166992 0.2
-24.20870018005371 12.055248260498047 8.994749069213867 0.2
-24.37030029296875 12.19234848022461 8.998651504516602 0.2
-24.41230010986328 12.343948364257812 9.141351699829102 0.2
-24.33650016784668 12.470149993896484 9.300649642944336 0.2
-24.211200714111328 12.628650665283203 9.364751815795898 0.2
-24.128398895263672 12.783050537109375 9.246049880981445 0.2
-24.122699737548828 12.860847473144531 9.044149398803711 0.2
-24.187299728393555 12.855148315429688 8.839750289916992 0.2
-24.319299697875977 12.725948333740234 8.738950729370117 0.2
-24.415300369262695 12.53485107421875 8.768850326538086 0.2
-24.417400360107422 12.323650360107422 8.799249649047852 0.2
-24.286399841308594 12.173851013183594 8.730352401733398 0.2
-24.12529945373535 12.166450500488281 8.588251113891602 0.2
-23.93669891357422 12.25014877319336 8.539949417114258 0.2
-23.816299438476562 12.382049560546875 8.654150009155273 0.2
-23.82149887084961 12.520248413085938 8.820150375366211 0.2
-23.891300201416016 12.69784927368164 8.914751052856445 0.2
-23.963300704956055 12.872249603271484 8.82295036315918 0.2
-23.979799270629883 12.947151184082031 8.62175178527832 0.2
-23.935998916625977 12.92934799194336 8.412351608276367 0.2
-23.84630012512207 12.775348663330078 8.30204963684082 0.2
-23.798398971557617 12.566749572753906 8.32695198059082 0.2
-23.855100631713867 12.364349365234375 8.357751846313477 0.2
-24.027799606323242 12.262847900390625 8.293249130249023 0.2
-24.174400329589844 12.310249328613281 8.145051956176758 0.2
-24.311199188232422 12.452449798583984 8.068151473999023 0.2
-24.39900016784668 12.61764907836914 8.164651870727539 0.2
-24.37540054321289 12.744049072265625 8.337549209594727 0.2
-24.26219940185547 12.885749816894531 8.446149826049805 0.2
-24.122299194335938 13.023147583007812 8.370950698852539 0.2
-24.031099319458008 13.094551086425781 8.188852310180664 0.2
-24.010799407958984 13.101848602294922 7.976251602172852 0.2
-24.114700317382812 13.002750396728516 7.825052261352539 0.2
-24.25 12.836849212646484 7.820352554321289 0.2
-24.30259895324707 12.635150909423828 7.861650466918945 0.2
-24.187700271606445 12.461048126220703 7.85045051574707 0.2
-23.994298934936523 12.418750762939453 7.76984977722168 0.2
-23.788000106811523 12.465450286865234 7.761152267456055 0.2
-23.670900344848633 12.575847625732422 7.896650314331055 0.2
-23.7012996673584 12.71364974975586 8.058450698852539 0.2
-23.776399612426758 12.898048400878906 8.13115119934082 0.2
-23.79450035095215 13.076850891113281 8.026151657104492 0.2
-23.73349952697754 13.145149230957031 7.832250595092773 0.2
-23.634599685668945 13.118549346923828 7.643651962280273 0.2
-23.54789924621582 12.954151153564453 7.54945182800293 0.2
-23.530500411987305 12.744548797607422 7.591852188110352 0.2
-23.624799728393555 12.558048248291016 7.612852096557617 0.2
-23.79439926147461 12.498550415039062 7.507749557495117 0.2
-23.885799407958984 12.585147857666016 7.33595085144043 0.2
-23.965999603271484 12.748748779296875 7.229650497436523 0.2
-24.05270004272461 12.92354965209961 7.304952621459961 0.2
-24.06329917907715 13.043647766113281 7.481950759887695 0.2
-23.95170021057129 13.164447784423828 7.610849380493164 0.2
-23.76889991760254 13.25954818725586 7.567049026489258 0.2
-23.59869956970215 13.299148559570312 7.440851211547852 0.2
-23.504499435424805 13.280048370361328 7.253850936889648 0.2
-23.58300018310547 13.179847717285156 7.089750289916992 0.2
-23.739700317382812 13.039848327636719 7.05055046081543 0.2
-23.80660057067871 12.844551086425781 7.082551956176758 0.2
-23.68269920349121 12.68404769897461 7.12244987487793 0.2
-23.453100204467773 12.644050598144531 7.135049819946289 0.2
-23.254798889160156 12.686450958251953 7.252351760864258 0.2
-23.242599487304688 12.81094741821289 7.452051162719727 0.2
-23.33530044555664 12.9969482421875 7.568552017211914 0.2
-23.35610008239746 13.212249755859375 7.487550735473633 0.2
-23.226099014282227 13.296348571777344 7.305452346801758 0.2
-23.049299240112305 13.267047882080078 7.145452499389648 0.2
-22.94849967956543 13.0677490234375 7.08595085144043 0.2
-23.002199172973633 12.838249206542969 7.131349563598633 0.2
-23.164100646972656 12.69784927368164 7.044050216674805 0.2
-23.248498916625977 12.748550415039062 6.831451416015625 0.2
-23.260000228881836 12.90224838256836 6.646951675415039 0.2
-23.357900619506836 13.109649658203125 6.6468505859375 0.2
-23.431299209594727 13.23904800415039 6.834251403808594 0.2
-23.332799911499023 13.345649719238281 7.014850616455078 0.2
-23.104400634765625 13.406547546386719 7.000249862670898 0.2
-22.894899368286133 13.426750183105469 6.881950378417969 0.2
-22.81089973449707 13.38895034790039 6.670249938964844 0.2
-22.946300506591797 13.277149200439453 6.514951705932617 0.2
-23.080900192260742 13.085147857666016 6.500249862670898 0.2
-22.99009895324707 12.88385009765625 6.562450408935547 0.2
-22.76129913330078 12.813751220703125 6.627750396728516 0.2
-22.594099044799805 12.822151184082031 6.80885124206543 0.2
-22.649499893188477 12.946048736572266 7.021450042724609 0.2
-22.748899459838867 13.164947509765625 7.091852188110352 0.2
-22.68199920654297 13.357349395751953 6.958850860595703 0.2
-22.478899002075195 13.43594741821289 6.819250106811523 0.2
-22.267799377441406 13.3365478515625 6.744050979614258 0.2
-22.24839973449707 13.088550567626953 6.765050888061523 0.2
-22.38759994506836 12.887248992919922 6.717151641845703 0.2
-22.462600708007812 12.864849090576172 6.486051559448242 0.2
-22.406200408935547 12.986148834228516 6.269651412963867 0.2
-22.44409942626953 13.182849884033203 6.15785026550293 0.2
-22.586299896240234 13.35104751586914 6.243350982666016 0.2
-22.64859962463379 13.465450286865234 6.440351486206055 0.2
-22.493799209594727 13.537548065185547 6.592050552368164 0.2
-22.27039909362793 13.532550811767578 6.521951675415039 0.2
-22.094900131225586 13.552047729492188 6.354949951171875 0.2
-22.039499282836914 13.44784927368164 6.161251068115234 0.2
-22.16349983215332 13.264350891113281 6.076250076293945 0.2
-22.177000045776367 13.044048309326172 6.137851715087891 0.2
-21.995800018310547 12.93404769897461 6.247650146484375 0.2
-21.814699172973633 12.903148651123047 6.41615104675293 0.2
-21.83930015563965 13.019950866699219 6.629951477050781 0.2
-21.99530029296875 13.210948944091797 6.697151184082031 0.2
-22.03569984436035 13.43294906616211 6.599151611328125 0.2
-21.863500595092773 13.503349304199219 6.432350158691406 0.2
-21.61389923095703 13.502349853515625 6.37445068359375 0.2
-21.445499420166016 13.334148406982422 6.428150177001953 0.2
-21.503700256347656 13.101848602294922 6.511251449584961 0.2
-21.58209991455078 12.918548583984375 6.375551223754883 0.2
-21.482900619506836 12.93695068359375 6.146751403808594 0.2
-21.378799438476562 13.039848327636719 5.949550628662109 0.2
-21.455400466918945 13.222049713134766 5.82965087890625 0.2
-21.630399703979492 13.380748748779297 5.865550994873047 0.2
-21.70240020751953 13.529048919677734 6.030950546264648 0.2
-21.546998977661133 13.597049713134766 6.1842498779296875 0.2
-21.305500030517578 13.598350524902344 6.184051513671875 0.2
-21.09000015258789 13.555747985839844 6.102251052856445 0.2
-21.066099166870117 13.390350341796875 5.944250106811523 0.2
-21.160600662231445 13.181049346923828 5.890251159667969 0.2
-21.09619903564453 12.988048553466797 5.999950408935547 0.2
-20.95039939880371 12.903450012207031 6.173851013183594 0.2
-20.916200637817383 12.927947998046875 6.402151107788086 0.2
-21.047300338745117 13.072750091552734 6.535449981689453 0.2
-21.204700469970703 13.254051208496094 6.549650192260742 0.2
-21.238100051879883 13.463550567626953 6.452550888061523 0.2
-21.063899993896484 13.535350799560547 6.321250915527344 0.2
-20.83449935913086 13.465747833251953 6.2989501953125 0.2
-20.66900062561035 13.323150634765625 6.387950897216797 0.2
-20.6737003326416 13.088951110839844 6.424951553344727 0.2
-20.638500213623047 12.906047821044922 6.293651580810547 0.2
-20.464799880981445 12.903648376464844 6.129650115966797 0.2
-20.341800689697266 12.981048583984375 5.941850662231445 0.2
-20.404499053955078 13.164348602294922 5.813251495361328 0.2
-20.57939910888672 13.329151153564453 5.806150436401367 0.2
-20.723800659179688 13.4781494140625 5.91925048828125 0.2
-20.68709945678711 13.547248840332031 6.135551452636719 0.2
-20.47450065612793 13.514747619628906 6.227451324462891 0.2
-20.234399795532227 13.485649108886719 6.207851409912109 0.2
-20.09869956970215 13.340850830078125 6.093351364135742 0.2
-20.126100540161133 13.12874984741211 5.991550445556641 0.2
-20.107900619506836 12.92034912109375 6.090551376342773 0.2
-20.029600143432617 12.81624984741211 6.294151306152344 0.2
-20.050600051879883 12.819648742675781 6.528051376342773 0.2
-20.20240020751953 12.963249206542969 6.63435173034668 0.2
-20.354400634765625 13.14645004272461 6.60004997253418 0.2
-20.351299285888672 13.35464859008789 6.495349884033203 0.2
-20.15180015563965 13.426651000976562 6.39845085144043 0.2
-19.920299530029297 13.378948211669922 6.417449951171875 0.2
-19.76449966430664 13.277950286865234 6.564849853515625 0.2
-19.77899932861328 13.06304931640625 6.659250259399414 0.2
-19.827999114990234 12.840351104736328 6.60405158996582 0.2
-19.666099548339844 12.735649108886719 6.48015022277832 0.2
-19.44809913635254 12.754249572753906 6.37135124206543 0.2
