-6.805429458618164 -0.04235076904296875 6.418951034545898 0.2
-6.737569808959961 -0.09315109252929688 6.60045051574707 0.2
-6.788869857788086 -0.24805068969726562 6.717550277709961 0.2
-6.846479415893555 -0.4407501220703125 6.695350646972656 0.2
-6.865799903869629 -0.6293525695800781 6.623350143432617 0.2
-6.770199775695801 -0.7944488525390625 6.556251525878906 0.2
-6.593090057373047 -0.8694496154785156 6.6076507568359375 0.2
-6.465139389038086 -0.8654518127441406 6.764551162719727 0.2
-6.450980186462402 -0.783050537109375 6.945550918579102 0.2
-6.548219680786133 -0.6192512512207031 7.011451721191406 0.2
-6.632430076599121 -0.4421501159667969 6.9573516845703125 0.2
-6.664959907531738 -0.2593498229980469 6.875051498413086 0.2
-6.558499336242676 -0.09635162353515625 6.824451446533203 0.2
-6.392620086669922 -0.028652191162109375 6.913751602172852 0.2
-6.278220176696777 -0.044849395751953125 7.089151382446289 0.2
-6.293829917907715 -0.1712493896484375 7.255849838256836 0.2
-6.364850044250488 -0.3717498779296875 7.271852493286133 0.2
-6.402259826660156 -0.5714492797851562 7.203550338745117 0.2
-6.334929466247559 -0.7574501037597656 7.126749038696289 0.2
-6.1509599685668945 -0.8516502380371094 7.159849166870117 0.2
-6.006349563598633 -0.8525505065917969 7.316850662231445 0.2
-5.982329368591309 -0.7668495178222656 7.506452560424805 0.2
-6.07981014251709 -0.5913505554199219 7.575551986694336 0.2
-6.165349960327148 -0.40525054931640625 7.513551712036133 0.2
-6.185589790344238 -0.21234893798828125 7.425249099731445 0.2
-6.048369407653809 -0.056949615478515625 7.391149520874023 0.2
-5.878389358520508 -0.00855255126953125 7.507951736450195 0.2
-5.784529685974121 -0.0451507568359375 7.694452285766602 0.2
-5.826899528503418 -0.19495010375976562 7.836149215698242 0.2
-5.894589424133301 -0.39675140380859375 7.822851181030273 0.2
-5.923449516296387 -0.59625244140625 7.75105094909668 0.2
-5.8218994140625 -0.7709503173828125 7.686349868774414 0.2
-5.635660171508789 -0.8416519165039062 7.752649307250977 0.2
-5.505099296569824 -0.8265495300292969 7.92125129699707 0.2
-5.5073394775390625 -0.7166519165039062 8.099550247192383 0.2
-5.605159759521484 -0.5311508178710938 8.130449295043945 0.2
-5.68373966217041 -0.3450508117675781 8.057550430297852 0.2
-5.6747894287109375 -0.15304946899414062 7.965250015258789 0.2
-5.5123395919799805 -0.02085113525390625 7.952451705932617 0.2
-5.343210220336914 0.006748199462890625 8.086050033569336 0.2
-5.266399383544922 -0.057552337646484375 8.285451889038086 0.2
-5.3313493728637695 -0.24135208129882812 8.392148971557617 0.2
-5.400509834289551 -0.4533500671386719 8.351152420043945 0.2
-5.395110130310059 -0.6640510559082031 8.271451950073242 0.2
-5.225279808044434 -0.8037490844726562 8.248449325561523 0.2
-5.0398101806640625 -0.82135009765625 8.375349044799805 0.2
-4.939709663391113 -0.7244491577148438 8.552850723266602 0.2
-4.996029853820801 -0.5237503051757812 8.627649307250977 0.2
-5.104569435119629 -0.32855224609375 8.585351943969727 0.2
-5.129369735717773 -0.1307525634765625 8.48375129699707 0.2
-4.962239742279053 -0.01995086669921875 8.390851974487305 0.2
-4.753629684448242 -0.073150634765625 8.343950271606445 0.2
-4.689399719238281 -0.2526512145996094 8.252050399780273 0.2
-4.755829811096191 -0.4540519714355469 8.218450546264648 0.2
-4.828439712524414 -0.6529502868652344 8.248849868774414 0.2
-4.798909664154053 -0.7965507507324219 8.40245246887207 0.2
-4.6510796546936035 -0.82855224609375 8.554849624633789 0.2
-4.452539920806885 -0.7777519226074219 8.608449935913086 0.2
-4.341909885406494 -0.6220512390136719 8.517751693725586 0.2
-4.3957295417785645 -0.43524932861328125 8.426950454711914 0.2
-4.491099834442139 -0.24755096435546875 8.383352279663086 0.2
-4.5460896492004395 -0.07065200805664062 8.487051010131836 0.2
-4.443769931793213 0.00334930419921875 8.656351089477539 0.2
-4.253579616546631 -0.010951995849609375 8.754751205444336 0.2
-4.078619956970215 -0.12525177001953125 8.72654914855957 0.2
-4.060449600219727 -0.3245506286621094 8.651750564575195 0.2
-4.129429817199707 -0.5273513793945312 8.624349594116211 0.2
-4.194639682769775 -0.7177505493164062 8.698251724243164 0.2
-4.137229919433594 -0.8210525512695312 8.873350143432617 0.2
-3.9564599990844727 -0.8378524780273438 8.989450454711914 0.2
-3.752589702606201 -0.7788505554199219 8.989252090454102 0.2
-3.6843299865722656 -0.6157493591308594 8.87135124206543 0.2
-3.761979579925537 -0.4284515380859375 8.795450210571289 0.2
-3.8573999404907227 -0.23514938354492188 8.780351638793945 0.2
-3.8661999702453613 -0.06534957885742188 8.906949996948242 0.2
-3.7091498374938965 -0.0104522705078125 9.040651321411133 0.2
-3.50076961517334 -0.0415496826171875 9.085451126098633 0.2
-3.359109878540039 -0.181549072265625 9.012750625610352 0.2
-3.3819398880004883 -0.3865509033203125 8.951650619506836 0.2
-3.4629197120666504 -0.5876502990722656 8.950551986694336 0.2
-3.502819538116455 -0.7657508850097656 9.062051773071289 0.2
-3.382889747619629 -0.8459510803222656 9.217950820922852 0.2
-3.1775898933410645 -0.8524513244628906 9.286050796508789 0.2
-2.9882397651672363 -0.7778511047363281 9.22654914855957 0.2
-2.9672598838806152 -0.6042518615722656 9.10255241394043 0.2
-3.0617198944091797 -0.41715240478515625 9.047651290893555 0.2
-3.1459598541259766 -0.21974945068359375 9.063852310180664 0.2
-3.0988597869873047 -0.06685256958007812 9.202852249145508 0.2
-2.910439968109131 -0.0310516357421875 9.300352096557617 0.2
-2.697849750518799 -0.08065032958984375 9.301050186157227 0.2
-2.5985498428344727 -0.2564506530761719 9.204751968383789 0.2
-2.66664981842041 -0.47064971923828125 9.163652420043945 0.2
-2.7512898445129395 -0.6799507141113281 9.19725227355957 0.2
-2.712859630584717 -0.827850341796875 9.360651016235352 0.2
-2.513779640197754 -0.8652496337890625 9.46455192565918 0.2
-2.285519599914551 -0.8582496643066406 9.491250991821289 0.2
-2.1114697456359863 -0.7518501281738281 9.399049758911133 0.2
-2.14346981048584 -0.5494499206542969 9.303750991821289 0.2
-2.255129814147949 -0.3506507873535156 9.274450302124023 0.2
-2.3049097061157227 -0.1468505859375 9.355749130249023 0.2
-2.1725597381591797 -0.03874969482421875 9.501649856567383 0.2
-1.974869728088379 -0.030849456787109375 9.61775016784668 0.2
-1.865339756011963 -0.129852294921875 9.788751602172852 0.2
-1.8130598068237305 -0.33354949951171875 9.879251480102539 0.2
-1.7488298416137695 -0.5499496459960938 9.917551040649414 0.2
-1.6486997604370117 -0.7551498413085938 9.907548904418945 0.2
-1.4600095748901367 -0.8656501770019531 9.845251083374023 0.2
-1.2320399284362793 -0.8406524658203125 9.850549697875977 0.2
-1.0943598747253418 -0.7373504638671875 9.998052597045898 0.2
-1.2049098014831543 -0.5639495849609375 10.104452133178711 0.2
-1.3778495788574219 -0.417449951171875 10.056051254272461 0.2
-1.5453295707702637 -0.2778511047363281 9.985052108764648 0.2
-1.6665096282958984 -0.12115097045898438 9.870950698852539 0.2
-1.578279972076416 0.023349761962890625 9.730451583862305 0.2
-1.3724699020385742 0.08324813842773438 9.753751754760742 0.2
-1.2226295471191406 0.060150146484375 9.905050277709961 0.2
-1.1675896644592285 -0.0926513671875 10.053949356079102 0.2
-1.1035699844360352 -0.2875518798828125 10.124750137329102 0.2
-1.0351595878601074 -0.48744964599609375 10.173650741577148 0.2
-0.9423797130584717 -0.6774520874023438 10.120149612426758 0.2
-0.7522196769714355 -0.7117500305175781 10.031450271606445 0.2
-0.5725398063659668 -0.6041488647460938 10.078351974487305 0.2
-0.5766696929931641 -0.4422492980957031 10.225751876831055 0.2
-0.7229797840118408 -0.28205108642578125 10.241350173950195 0.2
-0.871729850769043 -0.13375091552734375 10.185750961303711 0.2
-1.0113296508789062 0.015048980712890625 10.107450485229492 0.2
-1.041569709777832 0.1573486328125 9.946752548217773 0.2
-0.8685197830200195 0.25965118408203125 9.879152297973633 0.2
-0.6709897518157959 0.252349853515625 9.98444938659668 0.2
-0.5728597640991211 0.1058502197265625 10.11454963684082 0.2
-0.5220098495483398 -0.08535003662109375 10.203248977661133 0.2
-0.4632396697998047 -0.29505157470703125 10.214349746704102 0.2
-0.43289971351623535 -0.4300498962402344 10.046850204467773 0.2
-0.39932966232299805 -0.29145050048828125 9.888250350952148 0.2
-0.3950798511505127 -0.0738525390625 9.869150161743164 0.2
-0.4452698230743408 0.13525009155273438 9.902849197387695 0.2
-0.5737597942352295 0.30464935302734375 9.87394905090332 0.2
-0.698549747467041 0.3003501892089844 9.702249526977539 0.2
-0.6231198310852051 0.16864776611328125 9.552949905395508 0.2
-0.5110998153686523 -0.0061492919921875 9.585050582885742 0.2
-0.5426497459411621 -0.16685104370117188 9.73375129699707 0.2
-0.6640298366546631 -0.29885101318359375 9.857351303100586 0.2
-0.871619701385498 -0.3013496398925781 9.893350601196289 0.2
-1.003159999847412 -0.2907524108886719 9.730051040649414 0.2
-0.9617598056793213 -0.4048500061035156 9.55674934387207 0.2
-0.816159725189209 -0.5577507019042969 9.52815055847168 0.2
-0.6338796615600586 -0.5325508117675781 9.64055061340332 0.2
-0.5092198848724365 -0.3532524108886719 9.656148910522461 0.2
-0.40333986282348633 -0.17335128784179688 9.574552536010742 0.2
-0.21670985221862793 -0.09025192260742188 9.505849838256836 0.2
-0.02075982093811035 -0.11225128173828125 9.584352493286133 0.2
-0.03941988945007324 -0.2176513671875 9.76405143737793 0.2
-0.20624971389770508 -0.36064910888671875 9.799352645874023 0.2
-0.3655397891998291 -0.5049514770507812 9.787351608276367 0.2
-0.5418298244476318 -0.6263504028320312 9.761251449584961 0.2
-0.6314196586608887 -0.7596511840820312 9.619649887084961 0.2
-0.4946298599243164 -0.8937492370605469 9.540651321411133 0.2
-0.3048698902130127 -0.9346504211425781 9.629751205444336 0.2
-0.19971966743469238 -0.8612518310546875 9.801549911499023 0.2
-0.15158987045288086 -0.6760520935058594 9.900751113891602 0.2
-0.0787198543548584 -0.4761505126953125 9.933950424194336 0.2
-0.0017397403717041016 -0.27285003662109375 9.93025016784668 0.2
0.13863015174865723 -0.13405227661132812 9.845849990844727 0.2
0.3438601493835449 -0.14564895629882812 9.79224967956543 0.2
0.43397021293640137 -0.3274497985839844 9.855451583862305 0.2
0.3111402988433838 -0.5021514892578125 9.889249801635742 0.2
0.1418001651763916 -0.63385009765625 9.870149612426758 0.2
-0.007969856262207031 -0.7767524719238281 9.802549362182617 0.2
-0.023859739303588867 -0.8886489868164062 9.617151260375977 0.2
0.1763002872467041 -0.9231491088867188 9.568052291870117 0.2
0.36915016174316406 -0.8994522094726562 9.664651870727539 0.2
0.502730131149292 -0.8011512756347656 9.80095100402832 0.2
0.5617702007293701 -0.6117515563964844 9.882951736450195 0.2
0.5942201614379883 -0.398651123046875 9.869352340698242 0.2
0.6064603328704834 -0.20895004272460938 9.762651443481445 0.2
0.7277002334594727 -0.12205123901367188 9.608152389526367 0.2
0.9360101222991943 -0.1011505126953125 9.570852279663086 0.2
1.0435901880264282 -0.1448516845703125 9.743349075317383 0.2
0.96517014503479 -0.2890510559082031 9.885149002075195 0.2
0.8470602035522461 -0.4626502990722656 9.93644905090332 0.2
0.7816402912139893 -0.6662521362304688 9.929952621459961 0.2
0.9027903079986572 -0.8257522583007812 9.86345100402832 0.2
1.1171401739120483 -0.8494491577148438 9.866250991821289 0.2
1.3010302782058716 -0.7685508728027344 9.938051223754883 0.2
1.3276102542877197 -0.5691490173339844 10.010950088500977 0.2
1.2493302822113037 -0.37454986572265625 9.959451675415039 0.2
1.1991602182388306 -0.20545196533203125 9.83384895324707 0.2
1.3058502674102783 -0.09225082397460938 9.683351516723633 0.2
1.5137202739715576 -0.04055023193359375 9.678350448608398 0.2
1.6591302156448364 -0.06385040283203125 9.82914924621582 0.2
1.6418802738189697 -0.21165084838867188 9.984151840209961 0.2
1.5658901929855347 -0.4060516357421875 10.040250778198242 0.2
1.5221701860427856 -0.6176490783691406 10.038049697875977 0.2
1.631060242652893 -0.7857513427734375 9.96495246887207 0.2
1.8440601825714111 -0.8182525634765625 9.958452224731445 0.2
2.0279603004455566 -0.7363510131835938 10.029748916625977 0.2
2.0477633476257324 -0.5368499755859375 10.103250503540039 0.2
1.952080249786377 -0.3468513488769531 10.063749313354492 0.2
1.862470269203186 -0.174652099609375 9.967351913452148 0.2
1.909460186958313 -0.047550201416015625 9.799352645874023 0.2
2.107680320739746 0.00354766845703125 9.735551834106445 0.2
2.3087573051452637 0.004947662353515625 9.811552047729492 0.2
2.383103370666504 -0.10335159301757812 9.989252090454102 0.2
2.327341318130493 -0.3042488098144531 10.082849502563477 0.2
2.2656850814819336 -0.5231513977050781 10.112550735473633 0.2
2.328099250793457 -0.7281494140625 10.040849685668945 0.2
2.539964199066162 -0.797149658203125 9.997152328491211 0.2
2.7593111991882324 -0.7525520324707031 10.040651321411133 0.2
2.8333051204681396 -0.5629501342773438 10.132749557495117 0.2
2.7368111610412598 -0.3561515808105469 10.116750717163086 0.2
2.6230051517486572 -0.17135238647460938 10.041051864624023 0.2
2.63873028755188 -0.022151947021484375 9.87244987487793 0.2
2.8379392623901367 0.0285491943359375 9.775548934936523 0.2
3.0555710792541504 -0.0144500732421875 9.718351364135742 0.2
3.130709171295166 -0.19625091552734375 9.62755012512207 0.2
3.059358596801758 -0.4012489318847656 9.644350051879883 0.2
2.971485137939453 -0.5886497497558594 9.713750839233398 0.2
2.983098030090332 -0.7407493591308594 9.865549087524414 0.2
3.1627142429351807 -0.7917518615722656 9.973249435424805 0.2
3.381676197052002 -0.7935523986816406 9.968252182006836 0.2
3.5662682056427 -0.7521514892578125 9.863851547241211 0.2
3.5817341804504395 -0.6106491088867188 9.703248977661133 0.2
3.486445188522339 -0.4244499206542969 9.635950088500977 0.2
3.397911310195923 -0.22444915771484375 9.617849349975586 0.2
3.4432332515716553 -0.0301513671875 9.696550369262695 0.2
3.6437673568725586 0.037448883056640625 9.744150161743164 0.2
3.860847234725952 0.019550323486328125 9.720151901245117 0.2
4.000722408294678 -0.11204910278320312 9.622949600219727 0.2
3.9737751483917236 -0.3247489929199219 9.590551376342773 0.2
3.8902673721313477 -0.5204505920410156 9.643449783325195 0.2
3.85709810256958 -0.6996498107910156 9.762052536010742 0.2
3.9944143295288086 -0.7880516052246094 9.90205192565918 0.2
4.212550163269043 -0.8034515380859375 9.91404914855957 0.2
4.398620128631592 -0.7696495056152344 9.808351516723633 0.2
4.41925048828125 -0.6305503845214844 9.645051956176758 0.2
4.327330112457275 -0.4420509338378906 9.581850051879883 0.2
4.244650363922119 -0.23974990844726562 9.568952560424805 0.2
4.305630207061768 -0.04885101318359375 9.647451400756836 0.2
4.512240409851074 0.00785064697265625 9.683351516723633 0.2
4.721350193023682 -0.033351898193359375 9.63435173034668 0.2
4.81479024887085 -0.19824981689453125 9.53215217590332 0.2
4.758610248565674 -0.409149169921875 9.533849716186523 0.2
4.678810119628906 -0.6016502380371094 9.602151870727539 0.2
4.692260265350342 -0.7621498107910156 9.747049331665039 0.2
4.873040199279785 -0.8253517150878906 9.847150802612305 0.2
5.091030120849609 -0.835052490234375 9.819952011108398 0.2
5.240320205688477 -0.7818489074707031 9.673650741577148 0.2
5.207520484924316 -0.6196517944335938 9.53394889831543 0.2
5.107870101928711 -0.4280509948730469 9.490850448608398 0.2
5.052670478820801 -0.21715164184570312 9.504949569702148 0.2
5.174990177154541 -0.057750701904296875 9.581350326538086 0.2
5.3927202224731445 -0.036350250244140625 9.576250076293945 0.2
5.583120346069336 -0.11944961547851562 9.487150192260742 0.2
5.603110313415527 -0.3308525085449219 9.408849716186523 0.2
5.520270347595215 -0.542449951171875 9.457849502563477 0.2
5.464620113372803 -0.7364501953125 9.570550918579102 0.2
5.581880569458008 -0.8487510681152344 9.727750778198242 0.2
5.810330390930176 -0.8741493225097656 9.743349075317383 0.2
6.036450386047363 -0.8805503845214844 9.69725227355957 0.2
6.203090190887451 -0.8537521362304688 9.545049667358398 0.2
6.177670478820801 -0.711151123046875 9.371549606323242 0.2
6.071559906005859 -0.5111503601074219 9.325750350952148 0.2
5.997509956359863 -0.2930488586425781 9.331449508666992 0.2
6.1067399978637695 -0.10815048217773438 9.400152206420898 0.2
6.332650184631348 -0.06455230712890625 9.387651443481445 0.2
6.562710285186768 -0.07625198364257812 9.37394905090332 0.2
6.739029884338379 -0.1759490966796875 9.477449417114258 0.2
6.8110504150390625 -0.3803520202636719 9.556051254272461 0.2
6.86175012588501 -0.6033515930175781 9.583250045776367 0.2
6.928990364074707 -0.8080520629882812 9.507349014282227 0.2
7.076539993286133 -0.8928489685058594 9.355451583862305 0.2
7.289870262145996 -0.8601493835449219 9.272851943969727 0.2
7.412400245666504 -0.6865501403808594 9.348649978637695 0.2
7.294460296630859 -0.5050506591796875 9.430952072143555 0.2
7.122110366821289 -0.35684967041015625 9.464349746704102 0.2
6.957110404968262 -0.19855117797851562 9.438650131225586 0.2
6.933710098266602 -0.07464981079101562 9.264150619506836 0.2
7.113630294799805 -0.047149658203125 9.148752212524414 0.2
7.326130390167236 -0.08465194702148438 9.169050216674805 0.2
7.452640056610107 -0.22275161743164062 9.280950546264648 0.2
7.525460243225098 -0.4208488464355469 9.334951400756836 0.2
7.579860210418701 -0.6317520141601562 9.34465217590332 0.2
7.626410007476807 -0.8116493225097656 9.234151840209961 0.2
7.771860122680664 -0.8482513427734375 9.078351974487305 0.2
7.943230152130127 -0.7313499450683594 9.026750564575195 0.2
7.916450023651123 -0.5323524475097656 9.118349075317383 0.2
7.767460346221924 -0.3795509338378906 9.174551010131836 0.2
7.616150379180908 -0.221649169921875 9.185552597045898 0.2
7.533420085906982 -0.0928497314453125 9.033349990844727 0.2
7.683950424194336 -0.073150634765625 8.88435173034668 0.2
7.889900207519531 -0.13915252685546875 8.894250869750977 0.2
7.9940104484558105 -0.30615234375 8.999750137329102 0.2
8.073379516601562 -0.5104522705078125 9.035749435424805 0.2
8.195779800415039 -0.6512489318847656 8.925649642944336 0.2
8.381610870361328 -0.5759506225585938 8.857149124145508 0.2
8.522979736328125 -0.4448509216308594 8.953248977661133 0.2
8.510879516601562 -0.4114494323730469 9.159551620483398 0.2
8.31035041809082 -0.4291496276855469 9.217752456665039 0.2
8.165790557861328 -0.32015228271484375 9.102251052856445 0.2
8.113519668579102 -0.16144943237304688 8.95195198059082 0.2
8.215200424194336 -0.009552001953125 8.842351913452148 0.2
8.351490020751953 0.12485122680664062 8.93964958190918 0.2
8.271430015563965 0.20944976806640625 9.115251541137695 0.2
8.103540420532227 0.09764862060546875 9.191251754760742 0.2
8.022279739379883 -0.103851318359375 9.204351425170898 0.2
7.991610050201416 -0.31545257568359375 9.237150192260742 0.2
8.003610610961914 -0.501251220703125 9.348051071166992 0.2
8.029410362243652 -0.4925498962402344 9.556352615356445 0.2
8.076700210571289 -0.2854499816894531 9.609350204467773 0.2
8.134830474853516 -0.0946502685546875 9.52705192565918 0.2
8.190799713134766 0.07555007934570312 9.405950546264648 0.2
8.318470001220703 0.17914962768554688 9.261850357055664 0.2
8.519940376281738 0.12424850463867188 9.195051193237305 0.2
8.640859603881836 0.004550933837890625 9.325849533081055 0.2
8.569820404052734 -0.123748779296875 9.486551284790039 0.2
8.429320335388184 -0.2535514831542969 9.58704948425293 0.2
8.282400131225586 -0.3850517272949219 9.675352096557617 0.2
8.128900527954102 -0.5361518859863281 9.692750930786133 0.2
8.090089797973633 -0.7067489624023438 9.567651748657227 0.2
8.240260124206543 -0.8334503173828125 9.479551315307617 0.2
8.450940132141113 -0.8324508666992188 9.507852554321289 0.2
8.568000793457031 -0.6574516296386719 9.555349349975586 0.2
8.634090423583984 -0.4599494934082031 9.495050430297852 0.2
8.707700729370117 -0.28205108642578125 9.396451950073242 0.2
8.742630004882812 -0.11114883422851562 9.266050338745117 0.2
8.730390548706055 -0.04344940185546875 9.058252334594727 0.2
8.806680679321289 -0.1134490966796875 8.871450424194336 0.2
8.96681022644043 -0.24005126953125 8.902250289916992 0.2
8.964150428771973 -0.3564491271972656 9.090250015258789 0.2
8.863149642944336 -0.476348876953125 9.238351821899414 0.2
8.74927043914795 -0.6012496948242188 9.372049331665039 0.2
8.620969772338867 -0.7771492004394531 9.401750564575195 0.2
8.666290283203125 -0.9232521057128906 9.258451461791992 0.2
8.863019943237305 -0.9419517517089844 9.167852401733398 0.2
9.062610626220703 -0.8647499084472656 9.158552169799805 0.2
9.157649993896484 -0.6734504699707031 9.146451950073242 0.2
9.16769027709961 -0.47135162353515625 9.070352554321289 0.2
9.150350570678711 -0.2967491149902344 8.941152572631836 0.2
9.203399658203125 -0.22745132446289062 8.744951248168945 0.2
9.398969650268555 -0.24055099487304688 8.657651901245117 0.2
9.573860168457031 -0.3170509338378906 8.750249862670898 0.2
9.55763053894043 -0.46405029296875 8.910249710083008 0.2
9.448049545288086 -0.6261520385742188 9.003450393676758 0.2
9.321800231933594 -0.7988510131835938 9.03394889831543 0.2
9.255729675292969 -0.9326515197753906 8.887151718139648 0.2
9.389720916748047 -0.9594497680664062 8.724050521850586 0.2
9.599170684814453 -0.9591522216796875 8.668649673461914 0.2
9.7923002243042 -0.8889503479003906 8.72035026550293 0.2
9.83251953125 -0.7088508605957031 8.829648971557617 0.2
9.767749786376953 -0.5034523010253906 8.842451095581055 0.2
9.763740539550781 -0.314849853515625 8.733251571655273 0.2
9.911710739135742 -0.21055221557617188 8.617349624633789 0.2
10.122790336608887 -0.21974945068359375 8.621850967407227 0.2
10.203700065612793 -0.3829498291015625 8.730749130249023 0.2
10.12936019897461 -0.5797500610351562 8.779050827026367 0.2
10.033500671386719 -0.7723503112792969 8.761152267456055 0.2
10.032440185546875 -0.9278488159179688 8.615652084350586 0.2
10.199620246887207 -0.9720497131347656 8.490251541137695 0.2
10.40900993347168 -0.9328498840332031 8.463350296020508 0.2
10.529600143432617 -0.7851524353027344 8.555452346801758 0.2
10.48866081237793 -0.5857505798339844 8.625452041625977 0.2
10.399049758911133 -0.3897514343261719 8.639150619506836 0.2
10.340829849243164 -0.21255111694335938 8.532651901245117 0.2
10.442830085754395 -0.120849609375 8.370149612426758 0.2
10.641400337219238 -0.10565185546875 8.289751052856445 0.2
10.824930191040039 -0.20524978637695312 8.362051010131836 0.2
10.830739974975586 -0.4077491760253906 8.460752487182617 0.2
10.755870819091797 -0.6185493469238281 8.504850387573242 0.2
10.70404052734375 -0.8287506103515625 8.442651748657227 0.2
10.805320739746094 -0.9428520202636719 8.280752182006836 0.2
11.013310432434082 -0.9454498291015625 8.188650131225586 0.2
11.201849937438965 -0.8274497985839844 8.210351943969727 0.2
11.208610534667969 -0.6157493591308594 8.281351089477539 0.2
11.109439849853516 -0.4147491455078125 8.320951461791992 0.2
11.013790130615234 -0.2185516357421875 8.267351150512695 0.2
11.050780296325684 -0.10834884643554688 8.078950881958008 0.2
11.185660362243652 -0.13775253295898438 7.897748947143555 0.2
11.181580543518066 -0.300750732421875 7.764249801635742 0.2
11.10476016998291 -0.5004501342773438 7.783052444458008 0.2
11.037480354309082 -0.6902503967285156 7.861650466918945 0.2
11.084159851074219 -0.8702507019042969 7.963048934936523 0.2
11.279170036315918 -0.9541511535644531 7.982351303100586 0.2
11.471759796142578 -0.9563522338867188 7.886251449584961 0.2
11.566100120544434 -0.8828506469726562 7.71204948425293 0.2
11.512070655822754 -0.710052490234375 7.600252151489258 0.2
11.424030303955078 -0.5138511657714844 7.607351303100586 0.2
11.374509811401367 -0.3105506896972656 7.655252456665039 0.2
11.482800483703613 -0.14324951171875 7.726049423217773 0.2
11.686530113220215 -0.0935516357421875 7.688352584838867 0.2
11.857950210571289 -0.12504959106445312 7.563150405883789 0.2
11.897379875183105 -0.2628517150878906 7.40894889831543 0.2
11.825630187988281 -0.4627494812011719 7.387750625610352 0.2
11.749640464782715 -0.6537513732910156 7.452749252319336 0.2
11.752840042114258 -0.8395500183105469 7.558649063110352 0.2
11.919400215148926 -0.951751708984375 7.623151779174805 0.2
12.117350578308105 -0.976348876953125 7.543451309204102 0.2
12.244729995727539 -0.9352493286132812 7.378049850463867 0.2
12.21427059173584 -0.7874488830566406 7.230051040649414 0.2
12.128240585327148 -0.5904502868652344 7.218851089477539 0.2
12.063630104064941 -0.3889503479003906 7.260751724243164 0.2
12.129980087280273 -0.20275115966796875 7.33745002746582 0.2
12.327680587768555 -0.12945175170898438 7.321352005004883 0.2
12.505410194396973 -0.14965057373046875 7.202150344848633 0.2
12.567120552062988 -0.26415252685546875 7.036651611328125 0.2
12.498680114746094 -0.4580497741699219 6.980751037597656 0.2
12.420440673828125 -0.6493492126464844 7.040151596069336 0.2
12.404890060424805 -0.8384513854980469 7.138551712036133 0.2
12.5529203414917 -0.9699516296386719 7.210050582885742 0.2
12.747330665588379 -1.0099525451660156 7.132150650024414 0.2
12.876689910888672 -0.9850502014160156 6.965051651000977 0.2
12.854530334472656 -0.8543510437011719 6.801549911499023 0.2
12.769440650939941 -0.6592521667480469 6.783750534057617 0.2
12.704780578613281 -0.46044921875 6.832651138305664 0.2
12.763030052185059 -0.26975250244140625 6.9060516357421875 0.2
12.953340530395508 -0.1831512451171875 6.886150360107422 0.2
13.127400398254395 -0.2008514404296875 6.742650985717773 0.2
13.174400329589844 -0.318450927734375 6.561450958251953 0.2
13.092900276184082 -0.5211524963378906 6.516450881958008 0.2
13.016400337219238 -0.7210502624511719 6.591850280761719 0.2
13.037700653076172 -0.9155502319335938 6.701650619506836 0.2
13.223199844360352 -1.0320510864257812 6.725650787353516 0.2
13.404200553894043 -1.0509490966796875 6.592350006103516 0.2
13.490500450134277 -0.9627494812011719 6.404550552368164 0.2
13.428299903869629 -0.7675514221191406 6.319450378417969 0.2
13.328800201416016 -0.564849853515625 6.339351654052734 0.2
13.329000473022461 -0.35684967041015625 6.419450759887695 0.2
13.512800216674805 -0.2545509338378906 6.485851287841797 0.2
13.718400001525879 -0.32144927978515625 6.537651062011719 0.2
13.764800071716309 -0.5049514770507812 6.653751373291016 0.2
13.67710018157959 -0.7027511596679688 6.720050811767578 0.2
13.600700378417969 -0.91094970703125 6.697050094604492 0.2
13.657000541687012 -1.0513496398925781 6.533050537109375 0.2
13.817399978637695 -1.0681495666503906 6.375650405883789 0.2
14.006600379943848 -0.9624519348144531 6.340450286865234 0.2
14.054100036621094 -0.7567520141601562 6.41254997253418 0.2
13.983799934387207 -0.5503501892089844 6.471750259399414 0.2
13.890000343322754 -0.35565185546875 6.420249938964844 0.2
13.8951997756958 -0.2635498046875 6.220849990844727 0.2
14.035900115966797 -0.2752494812011719 6.045751571655273 0.2
14.21660041809082 -0.36894989013671875 5.999750137329102 0.2
14.297300338745117 -0.5434494018554688 6.08745002746582 0.2
14.25320053100586 -0.7290496826171875 6.182550430297852 0.2
14.170000076293945 -0.9219512939453125 6.2084503173828125 0.2
14.122200012207031 -1.0719490051269531 6.07135009765625 0.2
14.212300300598145 -1.1194496154785156 5.886150360107422 0.2
14.378100395202637 -1.0812492370605469 5.762250900268555 0.2
14.51870059967041 -0.9271507263183594 5.779350280761719 0.2
14.511799812316895 -0.7277488708496094 5.850551605224609 0.2
14.43809986114502 -0.533050537109375 5.894250869750977 0.2
14.346400260925293 -0.366851806640625 5.802751541137695 0.2
14.368900299072266 -0.3066520690917969 5.604351043701172 0.2
14.502500534057617 -0.33074951171875 5.441150665283203 0.2
14.67650032043457 -0.4392509460449219 5.406949996948242 0.2
14.738200187683105 -0.61865234375 5.4985504150390625 0.2
14.692399978637695 -0.8041496276855469 5.592950820922852 0.2
14.603700637817383 -0.9960517883300781 5.601551055908203 0.2
14.561100006103516 -1.130950927734375 5.448650360107422 0.2
14.652999877929688 -1.1654510498046875 5.26085090637207 0.2
14.817000389099121 -1.1097488403320312 5.143350601196289 0.2
14.938199996948242 -0.9410514831542969 5.172950744628906 0.2
14.920700073242188 -0.7425498962402344 5.246250152587891 0.2
14.843400001525879 -0.5478515625 5.280250549316406 0.2
14.751800537109375 -0.3959503173828125 5.168550491333008 0.2
14.786900520324707 -0.3545494079589844 4.966251373291016 0.2
14.921700477600098 -0.39315032958984375 4.807950973510742 0.2
15.085400581359863 -0.5214500427246094 4.796850204467773 0.2
15.125900268554688 -0.7056503295898438 4.892650604248047 0.2
15.07490062713623 -0.8916511535644531 4.982351303100586 0.2
14.97860050201416 -1.077850341796875 4.965250015258789 0.2
14.951800346374512 -1.1897506713867188 4.79265022277832 0.2
15.048500061035156 -1.2067489624023438 4.605051040649414 0.2
15.213000297546387 -1.1252517700195312 4.509050369262695 0.2
15.309599876403809 -0.9430503845214844 4.553150177001953 0.2
15.279600143432617 -0.7471504211425781 4.628450393676758 0.2
15.194100379943848 -0.5550498962402344 4.642850875854492 0.2
15.112899780273438 -0.426849365234375 4.500551223754883 0.2
15.164800643920898 -0.4075508117675781 4.298151016235352 0.2
15.307300567626953 -0.4670524597167969 4.157451629638672 0.2
15.451499938964844 -0.6170501708984375 4.176050186157227 0.2
15.464200019836426 -0.8027496337890625 4.275350570678711 0.2
15.402700424194336 -0.9898490905761719 4.352849960327148 0.2
15.299400329589844 -1.1628494262695312 4.293451309204102 0.2
15.295300483703613 -1.2455520629882812 4.103250503540039 0.2
15.402600288391113 -1.2392501831054688 3.9219512939453125 0.2
15.563899993896484 -1.1265525817871094 3.858551025390625 0.2
15.62559986114502 -0.9353523254394531 3.9196510314941406 0.2
15.58549976348877 -0.74114990234375 3.994150161743164 0.2
15.485899925231934 -0.556549072265625 3.9744510650634766 0.2
15.426899909973145 -0.4589500427246094 3.8021507263183594 0.2
15.49690055847168 -0.4637489318847656 3.603351593017578 0.2
15.646400451660156 -0.5528488159179688 3.490751266479492 0.2
15.756600379943848 -0.7240524291992188 3.5410499572753906 0.2
15.744600296020508 -0.90875244140625 3.6431503295898438 0.2
15.663800239562988 -1.09625244140625 3.695150375366211 0.2
15.5625 -1.2438507080078125 3.5889511108398438 0.2
15.583499908447266 -1.29315185546875 3.3864517211914062 0.2
15.701800346374512 -1.2563514709472656 3.218151092529297 0.2
15.848899841308594 -1.1101493835449219 3.19635009765625 0.2
15.87909984588623 -0.9160499572753906 3.2716503143310547 0.2
15.827000617980957 -0.7220497131347656 3.3359508514404297 0.2
15.715800285339355 -0.55615234375 3.2738513946533203 0.2
15.687100410461426 -0.4967498779296875 3.0776500701904297 0.2
15.767600059509277 -0.5288505554199219 2.886350631713867 0.2
15.916399955749512 -0.6542510986328125 2.8168506622314453 0.2
15.986599922180176 -0.8383522033691406 2.889951705932617 0.2
15.954400062561035 -1.0212516784667969 2.9901504516601562 0.2
15.84749984741211 -1.2006492614746094 3.0028514862060547 0.2
15.764300346374512 -1.3097496032714844 2.849651336669922 0.2
15.801700592041016 -1.3266525268554688 2.6437511444091797 0.2
15.934300422668457 -1.2517509460449219 2.505451202392578 0.2
16.05430030822754 -1.0804519653320312 2.5215511322021484 0.2
16.059799194335938 -0.8883514404296875 2.607351303100586 0.2
15.986599922180176 -0.6964492797851562 2.6467514038085938 0.2
15.875300407409668 -0.5636520385742188 2.534351348876953 0.2
15.86929988861084 -0.5412521362304688 2.327451705932617 0.2
15.962200164794922 -0.6055488586425781 2.154050827026367 0.2
16.097301483154297 -0.7621498107910156 2.132051467895508 0.2
16.12969970703125 -0.9473495483398438 2.2242507934570312 0.2
16.076000213623047 -1.1302490234375 2.3115501403808594 0.2
15.946499824523926 -1.2887496948242188 2.270750045776367 0.2
15.890700340270996 -1.357452392578125 2.084850311279297 0.2
15.945700645446777 -1.3426513671875 1.883951187133789 0.2
16.08810043334961 -1.2284507751464844 1.7897510528564453 0.2
16.171001434326172 -1.0437507629394531 1.8398513793945312 0.2
16.157001495361328 -0.8527488708496094 1.9260501861572266 0.2
16.05139923095703 -0.6718521118164062 1.925750732421875 0.2
15.95620059967041 -0.5799522399902344 1.7695503234863281 0.2
15.969200134277344 -0.5889511108398438 1.5608501434326172 0.2
16.080101013183594 -0.6888504028320312 1.4203510284423828 0.2
16.189300537109375 -0.8645515441894531 1.44635009765625 0.2
16.195301055908203 -1.0462493896484375 1.5508499145507812 0.2
16.10770034790039 -1.2267494201660156 1.6099510192871094 0.2
15.977700233459473 -1.353851318359375 1.5130500793457031 0.2
15.952400207519531 -1.386749267578125 1.3087501525878906 0.2
16.03179931640625 -1.337249755859375 1.12445068359375 0.2
16.170900344848633 -1.1881523132324219 1.0846500396728516 0.2
16.2189998626709 -0.9993515014648438 1.15985107421875 0.2
16.17460060119629 -0.8084487915039062 1.23175048828125 0.2
16.04560089111328 -0.6537513732910156 1.181650161743164 0.2
15.980199813842773 -0.6036491394042969 0.9922504425048828 0.2
16.015201568603516 -0.6418495178222656 0.7908515930175781 0.2
16.14430046081543 -0.77655029296875 0.7040500640869141 0.2
16.220199584960938 -0.9596519470214844 0.7693500518798828 0.2
16.197898864746094 -1.1395492553710938 0.8735504150390625 0.2
16.074901580810547 -1.3068504333496094 0.8884506225585938 0.2
15.970000267028809 -1.3944511413574219 0.7363510131835938 0.2
15.973100662231445 -1.3952522277832031 0.5276508331298828 0.2
16.08570098876953 -1.30615234375 0.3825511932373047 0.2
16.201900482177734 -1.1330490112304688 0.3934516906738281 0.2
16.216400146484375 -0.9443511962890625 0.4824504852294922 0.2
16.131099700927734 -0.7596511840820312 0.5239505767822266 0.2
16.00320053100586 -0.643951416015625 0.4143505096435547 0.2
15.967300415039062 -0.6279525756835938 0.2102508544921875 0.2
16.038101196289062 -0.6993522644042969 0.03235054016113281 0.2
16.16680145263672 -0.8602523803710938 0.0061511993408203125 0.2
16.206501007080078 -1.0414505004882812 0.1011505126953125 0.2
16.14820098876953 -1.22125244140625 0.18735122680664062 0.2
16.006099700927734 -1.363250732421875 0.1401500701904297 0.2
15.937000274658203 -1.4113502502441406 -0.047649383544921875 0.2
15.97450065612793 -1.3793525695800781 -0.24864959716796875 0.2
16.107799530029297 -1.2517509460449219 -0.33804893493652344 0.2
16.185199737548828 -1.0668525695800781 -0.28444862365722656 0.2
16.16590118408203 -0.8779525756835938 -0.1983489990234375 0.2
16.040401458740234 -0.712249755859375 -0.20475006103515625 0.2
15.935900688171387 -0.6387519836425781 -0.3639488220214844 0.2
15.931900024414062 -0.6520500183105469 -0.5712490081787109 0.2
16.039899826049805 -0.7607498168945312 -0.7049484252929688 0.2
16.143798828125 -0.93695068359375 -0.6725482940673828 0.2
16.151500701904297 -1.11505126953125 -0.5642490386962891 0.2
16.04840087890625 -1.2893524169921875 -0.5146484375 0.2
15.914899826049805 -1.395751953125 -0.6260490417480469 0.2
15.8818998336792 -1.4082489013671875 -0.8309497833251953 0.2
15.958499908447266 -1.3391494750976562 -1.0079498291015625 0.2
16.086299896240234 -1.1781501770019531 -1.0343494415283203 0.2
16.124900817871094 -0.9903488159179688 -0.9535484313964844 0.2
16.060001373291016 -0.8041496276855469 -0.8876495361328125 0.2
15.91610050201416 -0.6728515625 -0.9528484344482422 0.2
15.845300674438477 -0.6365509033203125 -1.1441497802734375 0.2
15.878499984741211 -0.6820487976074219 -1.341848373413086 0.2
16.00749969482422 -0.8266525268554688 -1.41204833984375 0.2
16.076499938964844 -1.0065498352050781 -1.3356494903564453 0.2
16.047300338745117 -1.1847496032714844 -1.2333488464355469 0.2
15.909600257873535 -1.339752197265625 -1.2356491088867188 0.2
15.805200576782227 -1.40264892578125 -1.4001483917236328 0.2
15.801899909973145 -1.3814506530761719 -1.6068496704101562 0.2
15.912799835205078 -1.26824951171875 -1.7354488372802734 0.2
16.007598876953125 -1.085052490234375 -1.7090492248535156 0.2
16.004899978637695 -0.8973503112792969 -1.619150161743164 0.2
15.887800216674805 -0.7289505004882812 -1.5878486633300781 0.2
15.750100135803223 -0.6422500610351562 -1.711648941040039 0.2
15.702600479125977 -0.629852294921875 -1.9134483337402344 0.2
15.782700538635254 -0.7107505798339844 -2.0808486938476562 0.2
15.908699989318848 -0.8756523132324219 -2.0887489318847656 0.2
15.949299812316895 -1.0515518188476562 -1.9852485656738281 0.2
15.880200386047363 -1.23065185546875 -1.9087486267089844 0.2
15.73449993133545 -1.3554496765136719 -1.9777488708496094 0.2
15.663200378417969 -1.3769493103027344 -2.1705493927001953 0.2
15.6983003616333 -1.3175506591796875 -2.363849639892578 0.2
15.817700386047363 -1.1634521484375 -2.4299488067626953 0.2
15.865900039672852 -0.9722518920898438 -2.364948272705078 0.2
15.813300132751465 -0.788848876953125 -2.2831497192382812 0.2
15.658500671386719 -0.6549491882324219 -2.3026485443115234 0.2
15.549200057983398 -0.5969505310058594 -2.467548370361328 0.2
15.546000480651855 -0.5989494323730469 -2.673349380493164 0.2
15.673500061035156 -0.7013511657714844 -2.792949676513672 0.2
15.782700538635254 -0.8709487915039062 -2.7503490447998047 0.2
15.799200057983398 -1.0487518310546875 -2.6433486938476562 0.2
15.700900077819824 -1.2267494201660156 -2.597949981689453 0.2
15.567800521850586 -1.3294525146484375 -2.711549758911133 0.2
15.526700019836426 -1.32965087890625 -2.915048599243164 0.2
15.595399856567383 -1.2475509643554688 -3.0891494750976562 0.2
15.709700584411621 -1.0768508911132812 -3.1141490936279297 0.2
15.736900329589844 -0.8866500854492188 -3.035249710083008 0.2
15.657899856567383 -0.7062492370605469 -2.9700489044189453 0.2
15.502099990844727 -0.5891494750976562 -3.032848358154297 0.2
15.42240047454834 -0.5494499206542969 -3.2200489044189453 0.2
15.44950008392334 -0.585052490234375 -3.4195499420166016 0.2
15.580300331115723 -0.7246513366699219 -3.4954490661621094 0.2
15.660099983215332 -0.9006500244140625 -3.421548843383789 0.2
15.647299766540527 -1.076751708984375 -3.31304931640625 0.2
15.517000198364258 -1.2367515563964844 -3.2939491271972656 0.2
15.396300315856934 -1.3029518127441406 -3.443349838256836 0.2
15.375500679016113 -1.2789497375488281 -3.648649215698242 0.2
15.469799995422363 -1.1706504821777344 -3.7937488555908203 0.2
15.568300247192383 -0.9879493713378906 -3.7898483276367188 0.2
15.578300476074219 -0.7965507507324219 -3.709148406982422 0.2
15.474400520324707 -0.6231498718261719 -3.6656494140625 0.2
15.325600624084473 -0.5275497436523438 -3.7672500610351562 0.2
15.257599830627441 -0.5003509521484375 -3.9614486694335938 0.2
15.307600021362305 -0.5714492797851562 -4.143650054931641 0.2
15.427200317382812 -0.737548828125 -4.178449630737305 0.2
15.483799934387207 -0.911651611328125 -4.080648422241211 0.2
15.447100639343262 -1.086151123046875 -3.9761486053466797 0.2
15.295499801635742 -1.2244491577148438 -3.9838485717773438 0.2
15.188400268554688 -1.254852294921875 -4.153648376464844 0.2
15.192700386047363 -1.2001495361328125 -4.353048324584961 0.2
15.292699813842773 -1.0653495788574219 -4.472749710083008 0.2
15.370500564575195 -0.8740501403808594 -4.456048965454102 0.2
15.377300262451172 -0.6790504455566406 -4.384349822998047 0.2
15.258600234985352 -0.5145492553710938 -4.345949172973633 0.2
15.095000267028809 -0.4402503967285156 -4.442949295043945 0.2
14.996500015258789 -0.44264984130859375 -4.625049591064453 0.2
15.032000541687012 -0.5481491088867188 -4.793048858642578 0.2
15.147100448608398 -0.7203521728515625 -4.807249069213867 0.2
15.208800315856934 -0.8909492492675781 -4.705450057983398 0.2
15.163599967956543 -1.0634498596191406 -4.598148345947266 0.2
15.005400657653809 -1.1914520263671875 -4.612249374389648 0.2
14.906700134277344 -1.2103500366210938 -4.790048599243164 0.2
14.918499946594238 -1.147552490234375 -4.987548828125 0.2
15.020100593566895 -0.9995498657226562 -5.092948913574219 0.2
15.087200164794922 -0.8044509887695312 -5.070249557495117 0.2
15.070899963378906 -0.6088523864746094 -5.002248764038086 0.2
14.925399780273438 -0.4642524719238281 -4.987548828125 0.2
14.771200180053711 -0.42115020751953125 -5.117448806762695 0.2
14.70419979095459 -0.4558525085449219 -5.3092498779296875 0.2
14.785099983215332 -0.58795166015625 -5.443849563598633 0.2
14.90000057220459 -0.7602500915527344 -5.419649124145508 0.2
14.955400466918945 -0.9291496276855469 -5.311149597167969 0.2
14.884500503540039 -1.0998497009277344 -5.218050003051758 0.2
14.71969985961914 -1.1989517211914062 -5.27604866027832 0.2
14.6402006149292 -1.1784515380859375 -5.464948654174805 0.2
14.672699928283691 -1.0809516906738281 -5.643548965454102 0.2
14.767000198364258 -0.9075508117675781 -5.716548919677734 0.2
14.813199996948242 -0.7084503173828125 -5.676748275756836 0.2
14.76140022277832 -0.5203514099121094 -5.607749938964844 0.2
14.589700698852539 -0.41535186767578125 -5.632349014282227 0.2
14.480199813842773 -0.4263496398925781 -5.804849624633789 0.2
14.493200302124023 -0.5147514343261719 -5.990549087524414 0.2
14.607900619506836 -0.6689491271972656 -6.0715484619140625 0.2
14.704400062561035 -0.8430519104003906 -6.011348724365234 0.2
14.734700202941895 -1.0148506164550781 -5.898048400878906 0.2
14.623200416564941 -1.1700515747070312 -5.818349838256836 0.2
14.456399917602539 -1.238250732421875 -5.908748626708984 0.2
14.387700080871582 -1.2110519409179688 -6.102949142456055 0.2
14.441900253295898 -1.1108512878417969 -6.274349212646484 0.2
14.543700218200684 -0.9331512451171875 -6.3177490234375 0.2
14.57800006866455 -0.7336502075195312 -6.268650054931641 0.2
14.483699798583984 -0.5526504516601562 -6.225849151611328 0.2
14.322500228881836 -0.4737510681152344 -6.319648742675781 0.2
14.25260066986084 -0.4990501403808594 -6.513448715209961 0.2
14.303999900817871 -0.6128501892089844 -6.675548553466797 0.2
14.41919994354248 -0.7865524291992188 -6.6853485107421875 0.2
14.482800483703613 -0.9547500610351562 -6.579648971557617 0.2
14.446200370788574 -1.1217498779296875 -6.461549758911133 0.2
14.279000282287598 -1.2402496337890625 -6.445249557495117 0.2
14.134200096130371 -1.2686500549316406 -6.59014892578125 0.2
14.102900505065918 -1.2365493774414062 -6.7915496826171875 0.2
14.213600158691406 -1.1152496337890625 -6.916749954223633 0.2
14.302000045776367 -0.9263496398925781 -6.916049957275391 0.2
14.310999870300293 -0.7226524353027344 -6.8746490478515625 0.2
14.188600540161133 -0.5562515258789062 -6.846149444580078 0.2
14.00890064239502 -0.47354888916015625 -6.911149978637695 0.2
13.890600204467773 -0.4831504821777344 -7.075649261474609 0.2
13.952099800109863 -0.6175498962402344 -7.2142486572265625 0.2
14.06410026550293 -0.7936515808105469 -7.188848495483398 0.2
14.105199813842773 -0.9643516540527344 -7.076549530029297 0.2
14.021400451660156 -1.1349525451660156 -6.988748550415039 0.2
13.864900588989258 -1.2416496276855469 -7.060150146484375 0.2
13.786100387573242 -1.2500495910644531 -7.252048492431641 0.2
13.828200340270996 -1.175750732421875 -7.439548492431641 0.2
13.932700157165527 -1.0078506469726562 -7.499549865722656 0.2
14.004899978637695 -0.8172492980957031 -7.453449249267578 0.2
13.981400489807129 -0.6200523376464844 -7.395849227905273 0.2
13.821700096130371 -0.4879493713378906 -7.39594841003418 0.2
13.643500328063965 -0.4484519958496094 -7.494749069213867 0.2
13.56350040435791 -0.5390510559082031 -7.654850006103516 0.2
13.633800506591797 -0.7269515991210938 -7.716949462890625 0.2
13.7027006149292 -0.9060516357421875 -7.635448455810547 0.2
13.692700386047363 -1.0653495788574219 -7.501049041748047 0.2
13.544400215148926 -1.1884498596191406 -7.427148818969727 0.2
13.399900436401367 -1.2360496520996094 -7.558750152587891 0.2
13.39109992980957 -1.2076492309570312 -7.764348983764648 0.2
13.482100486755371 -1.1083488464355469 -7.922748565673828 0.2
13.581999778747559 -0.9290504455566406 -7.955348968505859 0.2
13.632699966430664 -0.7296524047851562 -7.9194488525390625 0.2
13.562300682067871 -0.5405502319335938 -7.872549057006836 0.2
13.38640022277832 -0.4326515197753906 -7.893148422241211 0.2
13.222200393676758 -0.4134521484375 -8.015449523925781 0.2
13.204500198364258 -0.537750244140625 -8.172649383544922 0.2
13.294099807739258 -0.7261505126953125 -8.18954849243164 0.2
13.355100631713867 -0.9018516540527344 -8.094648361206055 0.2
13.31309986114502 -1.0654525756835938 -7.970149993896484 0.2
13.140000343322754 -1.1706504821777344 -7.944149017333984 0.2
13.004759788513184 -1.1788520812988281 -8.09804916381836 0.2
12.982890129089355 -1.1216506958007812 -8.29684829711914 0.2
13.06760025024414 -0.9807510375976562 -8.421749114990234 0.2
13.16510009765625 -0.796051025390625 -8.422849655151367 0.2
13.197500228881836 -0.596649169921875 -8.374750137329102 0.2
13.085200309753418 -0.4306488037109375 -8.319849014282227 0.2
12.895689964294434 -0.3459510803222656 -8.339649200439453 0.2
12.7398099899292 -0.3804512023925781 -8.463150024414062 0.2
12.75885009765625 -0.5526504516601562 -8.57284927368164 0.2
12.842960357666016 -0.7434501647949219 -8.539749145507812 0.2
12.876910209655762 -0.9150505065917969 -8.425649642944336 0.2
12.78184986114502 -1.0563507080078125 -8.302448272705078 0.2
12.603520393371582 -1.1278495788574219 -8.359048843383789 0.2
12.53750991821289 -1.1088523864746094 -8.55364990234375 0.2
12.596580505371094 -1.0297508239746094 -8.736249923706055 0.2
12.717020034790039 -0.8763504028320312 -8.816349029541016 0.2
12.795400619506836 -0.6844520568847656 -8.788148880004883 0.2
12.769519805908203 -0.48435211181640625 -8.739948272705078 0.2
12.61620044708252 -0.35974884033203125 -8.790149688720703 0.2
12.495699882507324 -0.3648490905761719 -8.95844841003418 0.2
12.481010437011719 -0.479949951171875 -9.129448890686035 0.2
12.551350593566895 -0.6716499328613281 -9.175249099731445 0.2
12.61890983581543 -0.8498497009277344 -9.089348793029785 0.2
12.624520301818848 -1.0184516906738281 -8.96774959564209 0.2
12.476449966430664 -1.1332511901855469 -8.881149291992188 0.2
12.287230491638184 -1.1454505920410156 -8.956850051879883 0.2
12.184770584106445 -1.0878524780273438 -9.1277494430542 0.2
12.211560249328613 -0.956451416015625 -9.285749435424805 0.2
12.307990074157715 -0.7770500183105469 -9.331449508666992 0.2
12.377240180969238 -0.581451416015625 -9.30984878540039 0.2
12.325530052185059 -0.3981513977050781 -9.22244930267334 0.2
12.165610313415527 -0.2833518981933594 -9.155049324035645 0.2
11.966230392456055 -0.2834510803222656 -9.194249153137207 0.2
11.90491008758545 -0.4383506774902344 -9.310249328613281 0.2
11.97549057006836 -0.6357498168945312 -9.330248832702637 0.2
12.045000076293945 -0.8179512023925781 -9.254849433898926 0.2
12.022760391235352 -0.9703521728515625 -9.108949661254883 0.2
11.848770141601562 -1.0498504638671875 -9.049649238586426 0.2
11.693940162658691 -1.0345497131347656 -9.182549476623535 0.2
11.66096019744873 -0.9616508483886719 -9.37494945526123 0.2
11.738470077514648 -0.8215522766113281 -9.511049270629883 0.2
11.833380699157715 -0.636749267578125 -9.53434944152832 0.2
11.865400314331055 -0.4356498718261719 -9.491449356079102 0.2
11.751450538635254 -0.27355194091796875 -9.429948806762695 0.2
11.558159828186035 -0.19775009155273438 -9.447349548339844 0.2
11.408530235290527 -0.25025177001953125 -9.57184886932373 0.2
11.430999755859375 -0.4292488098144531 -9.679948806762695 0.2
11.508319854736328 -0.62335205078125 -9.663848876953125 0.2
11.554800033569336 -0.8094520568847656 -9.581149101257324 0.2
11.472539901733398 -0.9552497863769531 -9.455649375915527 0.2
11.274690628051758 -0.988250732421875 -9.46514892578125 0.2
11.145709991455078 -0.9202499389648438 -9.612349510192871 0.2
11.143460273742676 -0.7958488464355469 -9.782349586486816 0.2
11.231929779052734 -0.6245498657226562 -9.862548828125 0.2
11.331740379333496 -0.4403495788574219 -9.85824966430664 0.2
11.331610679626465 -0.24885177612304688 -9.780649185180664 0.2
11.163320541381836 -0.14455032348632812 -9.734148979187012 0.2
10.969249725341797 -0.1712493896484375 -9.802749633789062 0.2
10.871430397033691 -0.304351806640625 -9.927349090576172 0.2
10.899040222167969 -0.5043525695800781 -9.990649223327637 0.2
10.969550132751465 -0.6991500854492188 -9.961149215698242 0.2
11.004880905151367 -0.8767509460449219 -9.858649253845215 0.2
10.89664077758789 -0.969451904296875 -9.711548805236816 0.2
10.695690155029297 -0.9435501098632812 -9.717549324035645 0.2
10.569049835205078 -0.8498497009277344 -9.851948738098145 0.2
10.566909790039062 -0.7115516662597656 -10.01254940032959 0.2
10.650540351867676 -0.53594970703125 -10.090048789978027 0.2
10.739570617675781 -0.3468513488769531 -10.09014892578125 0.2
10.722930908203125 -0.1643524169921875 -9.992349624633789 0.2
10.539440155029297 -0.09255218505859375 -9.95474910736084 0.2
10.371760368347168 -0.1683502197265625 -10.04854965209961 0.2
10.309829711914062 -0.3284492492675781 -10.170649528503418 0.2
10.347270011901855 -0.5308494567871094 -10.2129487991333 0.2
10.420480728149414 -0.7218513488769531 -10.167949676513672 0.2
10.436920166015625 -0.8823509216308594 -10.036149024963379 0.2
10.291350364685059 -0.9464492797851562 -9.910749435424805 0.2
10.098990440368652 -0.9017524719238281 -9.963949203491211 0.2
10.001749992370605 -0.8015518188476562 -10.119049072265625 0.2
10.029340744018555 -0.654449462890625 -10.269449234008789 0.2
10.122699737548828 -0.47705078125 -10.329849243164062 0.2
10.202300071716309 -0.2850494384765625 -10.307148933410645 0.2
10.142950057983398 -0.11835098266601562 -10.20254898071289 0.2
9.943290710449219 -0.07744979858398438 -10.18704891204834 0.2
9.769450187683105 -0.15645217895507812 -10.270349502563477 0.2
9.721150398254395 -0.33225250244140625 -10.3777494430542 0.2
9.778459548950195 -0.5329513549804688 -10.396849632263184 0.2
9.851030349731445 -0.7220497131347656 -10.342148780822754 0.2
9.834659576416016 -0.8640518188476562 -10.192049026489258 0.2
9.656620025634766 -0.8881492614746094 -10.101849555969238 0.2
9.480300903320312 -0.8135490417480469 -10.180648803710938 0.2
9.41139030456543 -0.6931495666503906 -10.33764934539795 0.2
9.459230422973633 -0.527252197265625 -10.459749221801758 0.2
9.554300308227539 -0.3443489074707031 -10.498848915100098 0.2
9.610300064086914 -0.153350830078125 -10.43864917755127 0.2
9.493000030517578 -0.0227508544921875 -10.337549209594727 0.2
9.289840698242188 -0.037151336669921875 -10.363348960876465 0.2
9.15962028503418 -0.15835189819335938 -10.471049308776855 0.2
9.149720191955566 -0.35205078125 -10.558548927307129 0.2
9.219610214233398 -0.5495491027832031 -10.552749633789062 0.2
9.282090187072754 -0.73175048828125 -10.471949577331543 0.2
9.219110488891602 -0.8415489196777344 -10.309349060058594 0.2
9.022290229797363 -0.8299522399902344 -10.264749526977539 0.2
8.869560241699219 -0.7391510009765625 -10.371648788452148 0.2
8.83176040649414 -0.6030502319335938 -10.530348777770996 0.2
8.898260116577148 -0.42874908447265625 -10.626249313354492 0.2
8.99216079711914 -0.24264907836914062 -10.648049354553223 0.2
9.00830078125 -0.058349609375 -10.553049087524414 0.2
8.849180221557617 0.03025054931640625 -10.463449478149414 0.2
8.647040367126465 -0.012050628662109375 -10.487749099731445 0.2
8.533470153808594 -0.15935134887695312 -10.583748817443848 0.2
8.554250717163086 -0.36154937744140625 -10.638749122619629 0.2
8.631190299987793 -0.5560493469238281 -10.622749328613281 0.2
8.673709869384766 -0.7245521545410156 -10.505949020385742 0.2
8.563100814819336 -0.7884521484375 -10.348349571228027 0.2
8.365779876708984 -0.7322502136230469 -10.347949028015137 0.2
8.23744010925293 -0.6193504333496094 -10.468249320983887 0.2
8.234220504760742 -0.4616508483886719 -10.610849380493164 0.2
8.312650680541992 -0.2814521789550781 -10.684248924255371 0.2
8.399240493774414 -0.0910491943359375 -10.6725492477417 0.2
8.366510391235352 0.06945037841796875 -10.548849105834961 0.2
8.172800064086914 0.10165023803710938 -10.49384880065918 0.2
7.991650104522705 0.013851165771484375 -10.549249649047852 0.2
7.926090240478516 -0.16355133056640625 -10.646248817443848 0.2
7.973700046539307 -0.3659515380859375 -10.676448822021484 0.2
8.05090045928955 -0.5582504272460938 -10.640349388122559 0.2
8.065540313720703 -0.7021522521972656 -10.491748809814453 0.2
7.908420085906982 -0.7264518737792969 -10.368049621582031 0.2
7.72035026550293 -0.6496505737304688 -10.410149574279785 0.2
7.6249003410339355 -0.52545166015625 -10.549849510192871 0.2
7.65146017074585 -0.3564491271972656 -10.675249099731445 0.2
7.737370014190674 -0.17245101928710938 -10.72974967956543 0.2
7.807030200958252 0.01815032958984375 -10.681949615478516 0.2
7.715890407562256 0.1506500244140625 -10.557748794555664 0.2
7.511030197143555 0.14085006713867188 -10.542549133300781 0.2
7.36037015914917 0.023448944091796875 -10.62514877319336 0.2
7.333560466766357 -0.1694488525390625 -10.712549209594727 0.2
7.399040222167969 -0.36865234375 -10.722549438476562 0.2
7.471960067749023 -0.5548515319824219 -10.66054916381836 0.2
7.441080093383789 -0.6716499328613281 -10.49264907836914 0.2
7.255280017852783 -0.6642494201660156 -10.413148880004883 0.2
7.085940361022949 -0.573150634765625 -10.491649627685547 0.2
7.0246500968933105 -0.43415069580078125 -10.640549659729004 0.2
7.074310302734375 -0.2562522888183594 -10.741449356079102 0.2
7.161990165710449 -0.068450927734375 -10.77514934539795 0.2
7.19950008392334 0.11664962768554688 -10.685749053955078 0.2
7.058620452880859 0.20924758911132812 -10.57384967803955 0.2
6.85623025894165 0.16315078735351562 -10.584349632263184 0.2
6.7336201667785645 0.018848419189453125 -10.67544937133789 0.2
6.742880344390869 -0.18255233764648438 -10.73954963684082 0.2
6.818110466003418 -0.3788490295410156 -10.736248970031738 0.2
6.878390312194824 -0.5539512634277344 -10.638049125671387 0.2
6.796840190887451 -0.63385009765625 -10.469149589538574 0.2
6.598629951477051 -0.5906524658203125 -10.440049171447754 0.2
6.451840400695801 -0.482452392578125 -10.542749404907227 0.2
6.42788028717041 -0.3246498107910156 -10.684248924255371 0.2
6.494640350341797 -0.14105224609375 -10.762049674987793 0.2
6.580280303955078 0.05084991455078125 -10.763349533081055 0.2
6.570549964904785 0.21635055541992188 -10.640249252319336 0.2
6.386600494384766 0.2567481994628906 -10.563549041748047 0.2
6.200130462646484 0.17295074462890625 -10.607048988342285 0.2
6.122340202331543 0.00064849853515625 -10.704548835754395 0.2
6.162970542907715 -0.20215225219726562 -10.744149208068848 0.2
6.242620468139648 -0.3959503173828125 -10.72184944152832 0.2
6.278110504150391 -0.5493507385253906 -10.58604907989502 0.2
6.1419901847839355 -0.5881500244140625 -10.441948890686035 0.2
5.94657039642334 -0.520050048828125 -10.456949234008789 0.2
5.830690383911133 -0.3974494934082031 -10.582049369812012 0.2
5.839910507202148 -0.2261505126953125 -10.707348823547363 0.2
5.917759895324707 -0.039951324462890625 -10.767449378967285 0.2
5.990779876708984 0.15205001831054688 -10.728949546813965 0.2
5.918430328369141 0.28585052490234375 -10.592948913574219 0.2
5.717020034790039 0.28044891357421875 -10.549649238586426 0.2
5.554369926452637 0.16714859008789062 -10.612749099731445 0.2
5.518110275268555 -0.025051116943359375 -10.69904899597168 0.2
5.581210136413574 -0.22465133666992188 -10.718149185180664 0.2
5.659600257873535 -0.41265106201171875 -10.6681489944458 0.2
5.6496901512146 -0.5339508056640625 -10.500248908996582 0.2
5.473880290985107 -0.5314521789550781 -10.399748802185059 0.2
5.2941999435424805 -0.4432525634765625 -10.456149101257324 0.2
5.217260360717773 -0.3027496337890625 -10.596149444580078 0.2
5.256270408630371 -0.1217498779296875 -10.697349548339844 0.2
5.337530136108398 0.068450927734375 -10.734848976135254 0.2
5.381259918212891 0.2539482116699219 -10.647449493408203 0.2
5.247020244598389 0.3451499938964844 -10.527249336242676 0.2
5.045790195465088 0.2941474914550781 -10.534849166870117 0.2
4.924290180206299 0.14844894409179688 -10.626349449157715 0.2
4.932590484619141 -0.0527496337890625 -10.692849159240723 0.2
5.008060455322266 -0.2492523193359375 -10.692449569702148 0.2
5.07735013961792 -0.42565155029296875 -10.601948738098145 0.2
5.010740280151367 -0.5139503479003906 -10.429948806762695 0.2
4.8125 -0.482452392578125 -10.387449264526367 0.2
4.65440034866333 -0.38175201416015625 -10.480849266052246 0.2
4.61968994140625 -0.2259521484375 -10.622949600219727 0.2
4.678950309753418 -0.040248870849609375 -10.70254898071289 0.2
4.7592902183532715 0.15435028076171875 -10.709949493408203 0.2
4.755610466003418 0.3239479064941406 -10.590848922729492 0.2
4.575590133666992 0.3687477111816406 -10.507349014282227 0.2
4.387030124664307 0.28714752197265625 -10.546648979187012 0.2
4.307470321655273 0.11624908447265625 -10.645049095153809 0.2
4.349460124969482 -0.086151123046875 -10.687349319458008 0.2
4.43241024017334 -0.2792510986328125 -10.66874885559082 0.2
4.476510047912598 -0.43685150146484375 -10.53964900970459 0.2
4.349170207977295 -0.4866523742675781 -10.390349388122559 0.2
4.149770259857178 -0.4289512634277344 -10.396248817443848 0.2
4.024700164794922 -0.31114959716796875 -10.516348838806152 0.2
4.0263800621032715 -0.13875198364257812 -10.641749382019043 0.2
4.097220420837402 0.050750732421875 -10.700549125671387 0.2
4.166670322418213 0.24544906616210938 -10.666049003601074 0.2
4.09829044342041 0.3822479248046875 -10.530348777770996 0.2
3.8970162868499756 0.3764495849609375 -10.488749504089355 0.2
3.73724627494812 0.2621498107910156 -10.558049201965332 0.2
3.7031033039093018 0.07144927978515625 -10.648849487304688 0.2
3.7686941623687744 -0.12744903564453125 -10.668949127197266 0.2
3.851360321044922 -0.3153495788574219 -10.624249458312988 0.2
3.851149082183838 -0.444549560546875 -10.461249351501465 0.2
3.679809093475342 -0.4560508728027344 -10.353448867797852 0.2
3.493039131164551 -0.3778495788574219 -10.401749610900879 0.2
3.4065182209014893 -0.24074935913085938 -10.539149284362793 0.2
3.4384663105010986 -0.057849884033203125 -10.640149116516113 0.2
3.5133721828460693 0.13504791259765625 -10.678049087524414 0.2
3.5557761192321777 0.3237495422363281 -10.595149040222168 0.2
3.4256153106689453 0.4176483154296875 -10.47204875946045 0.2
3.223788261413574 0.36824798583984375 -10.476149559020996 0.2
3.101060152053833 0.22335052490234375 -10.567349433898926 0.2
3.110931158065796 0.02285003662109375 -10.635748863220215 0.2
3.1900742053985596 -0.17245101928710938 -10.638049125671387 0.2
3.265129327774048 -0.3500518798828125 -10.554348945617676 0.2
3.2097373008728027 -0.4449501037597656 -10.381149291992188 0.2
3.0132834911346436 -0.42205047607421875 -10.324748992919922 0.2
2.8454201221466064 -0.32614898681640625 -10.405149459838867 0.2
2.8003082275390625 -0.1690521240234375 -10.5431489944458 0.2
2.852546215057373 0.01934814453125 -10.621949195861816 0.2
2.9273734092712402 0.21624755859375 -10.63084888458252 0.2
2.9255592823028564 0.3860511779785156 -10.51094913482666 0.2
2.7474851608276367 0.4273490905761719 -10.421548843383789 0.2
2.5595781803131104 0.3422508239746094 -10.457149505615234 0.2
2.481288194656372 0.16904830932617188 -10.552848815917969 0.2
2.5254383087158203 -0.03314971923828125 -10.594449043273926 0.2
2.611349105834961 -0.22534942626953125 -10.578649520874023 0.2
2.6651482582092285 -0.38265228271484375 -10.452349662780762 0.2
2.5486083030700684 -0.4354515075683594 -10.294949531555176 0.2
2.3473212718963623 -0.38385009765625 -10.284249305725098 0.2
2.211038112640381 -0.2696495056152344 -10.394749641418457 0.2
2.203723192214966 -0.09704971313476562 -10.520349502563477 0.2
2.2671892642974854 0.09474945068359375 -10.580549240112305 0.2
2.3328702449798584 0.2918510437011719 -10.548849105834961 0.2
2.2650022506713867 0.4295501708984375 -10.413848876953125 0.2
2.0634641647338867 0.4198493957519531 -10.376049041748047 0.2
1.9093601703643799 0.30104827880859375 -10.451349258422852 0.2
1.8801202774047852 0.10894775390625 -10.54124927520752 0.2
1.9487801790237427 -0.08935165405273438 -10.557748794555664 0.2
2.0363142490386963 -0.27545166015625 -10.513548851013184 0.2
2.0473601818084717 -0.4058494567871094 -10.351449012756348 0.2
1.8830702304840088 -0.4255523681640625 -10.233549118041992 0.2
1.6895701885223389 -0.3573493957519531 -10.270249366760254 0.2
1.5915602445602417 -0.22695159912109375 -10.405949592590332 0.2
1.6149402856826782 -0.044849395751953125 -10.511249542236328 0.2
1.6825602054595947 0.15024948120117188 -10.552948951721191 0.2
1.7219302654266357 0.3433494567871094 -10.477048873901367 0.2
1.592360258102417 0.4412498474121094 -10.356348991394043 0.2
1.3913302421569824 0.38974761962890625 -10.364949226379395 0.2
1.2730302810668945 0.24195098876953125 -10.457749366760254 0.2
1.2871302366256714 0.040248870849609375 -10.521849632263184 0.2
1.3705002069473267 -0.15345001220703125 -10.518649101257324 0.2
1.452080249786377 -0.32884979248046875 -10.4358491897583 0.2
1.4087402820587158 -0.42565155029296875 -10.259449005126953 0.2
1.2148102521896362 -0.41194915771484375 -10.191349029541016 0.2
1.0376002788543701 -0.3264503479003906 -10.262848854064941 0.2
0.9823601245880127 -0.175750732421875 -10.404549598693848 0.2
1.0267802476882935 0.012950897216796875 -10.487849235534668 0.2
1.0941601991653442 0.21255111694335938 -10.501548767089844 0.2
1.088820219039917 0.3885498046875 -10.38914966583252 0.2
0.9075801372528076 0.4322509765625 -10.308649063110352 0.2
0.7241702079772949 0.3432502746582031 -10.356449127197266 0.2
0.654090166091919 0.16774749755859375 -10.453948974609375 0.2
0.704470157623291 -0.034450531005859375 -10.488348960876465 0.2
0.795870304107666 -0.22365188598632812 -10.465848922729492 0.2
0.857180118560791 -0.3794517517089844 -10.340848922729492 0.2
0.7512202262878418 -0.4382514953613281 -10.17724895477295 0.2
0.5478901863098145 -0.3993492126464844 -10.155448913574219 0.2
0.4001603126525879 -0.2969512939453125 -10.2621488571167 0.2
0.3821902275085449 -0.12974929809570312 -10.394449234008789 0.2
0.4389302730560303 0.062450408935546875 -10.460148811340332 0.2
0.4963102340698242 0.2638511657714844 -10.436649322509766 0.2
0.42420029640197754 0.40834808349609375 -10.310049057006836 0.2
0.22161030769348145 0.4006500244140625 -10.275548934936523 0.2
0.06821012496948242 0.2791481018066406 -10.348448753356934 0.2
0.04491019248962402 0.08264923095703125 -10.428049087524414 0.2
0.1206202507019043 -0.11384963989257812 -10.43394947052002 0.2
0.21432018280029297 -0.2962493896484375 -10.386448860168457 0.2
0.2413802146911621 -0.422149658203125 -10.221949577331543 0.2
0.09421014785766602 -0.44355010986328125 -10.081849098205566 0.2
-0.10633969306945801 -0.38645172119140625 -10.08484935760498 0.2
-0.2233598232269287 -0.2650489807128906 -10.21204948425293 0.2
-0.21100974082946777 -0.08665084838867188 -10.32564926147461 0.2
-0.1509397029876709 0.10924911499023438 -10.37494945526123 0.2
-0.11867976188659668 0.3080482482910156 -10.305849075317383 0.2
-0.2559998035430908 0.40744781494140625 -10.196549415588379 0.2
-0.4545097351074219 0.3487510681152344 -10.214749336242676 0.2
-0.5622997283935547 0.19215011596679688 -10.30674934387207 0.2
-0.5375196933746338 -0.012248992919921875 -10.356149673461914 0.2
-0.4479398727416992 -0.2026519775390625 -10.338748931884766 0.2
-0.35768985748291016 -0.3710517883300781 -10.24994945526123 0.2
-0.3855597972869873 -0.4617500305175781 -10.066749572753906 0.2
-0.5734796524047852 -0.45475006103515625 -9.98124885559082 0.2
-0.7616398334503174 -0.3831520080566406 -10.038549423217773 0.2
-0.8308897018432617 -0.24534988403320312 -10.186948776245117 0.2
-0.7960598468780518 -0.06005096435546875 -10.282249450683594 0.2
-0.7380797863006592 0.14184951782226562 -10.306448936462402 0.2
-0.7520198822021484 0.32724761962890625 -10.208349227905273 0.2
-0.9378697872161865 0.37474822998046875 -10.140949249267578 0.2
-1.1183695793151855 0.2821502685546875 -10.193449020385742 0.2
-1.178919792175293 0.10054779052734375 -10.285248756408691 0.2
-1.1177196502685547 -0.10065078735351562 -10.304649353027344 0.2
-1.0183095932006836 -0.28385162353515625 -10.269248962402344 0.2
-0.9479398727416992 -0.433349609375 -10.140849113464355 0.2
-1.0414199829101562 -0.492950439453125 -9.968949317932129 0.2
-1.245119571685791 -0.4671516418457031 -9.933349609375 0.2
-1.4050397872924805 -0.380950927734375 -10.034749031066895 0.2
-1.433699607849121 -0.22375106811523438 -10.177848815917969 0.2
-1.3858299255371094 -0.0321502685546875 -10.252049446105957 0.2
-1.3400096893310547 0.1739501953125 -10.238149642944336 0.2
-1.423149585723877 0.32595062255859375 -10.127248764038086 0.2
-1.6278295516967773 0.31784820556640625 -10.104449272155762 0.2
-1.7759499549865723 0.19134902954101562 -10.179449081420898 0.2
-1.7852096557617188 -0.00855255126953125 -10.252049446105957 0.2
-1.6980595588684082 -0.20035171508789062 -10.24384880065918 0.2
-1.596560001373291 -0.3757514953613281 -10.186348915100098 0.2
-1.5633296966552734 -0.4974517822265625 -10.019148826599121 0.2
-1.706559658050537 -0.5251502990722656 -9.87554931640625 0.2
-1.9109597206115723 -0.4826507568359375 -9.875948905944824 0.2
-2.035059928894043 -0.3759498596191406 -10.008548736572266 0.2
-2.0291895866394043 -0.20315170288085938 -10.131349563598633 0.2
-1.9776897430419922 -0.005950927734375 -10.185949325561523 0.2
-1.9637699127197266 0.19884872436523438 -10.126249313354492 0.2
-2.113579750061035 0.3003501892089844 -10.03434944152832 0.2
-2.314499855041504 0.24575042724609375 -10.052449226379395 0.2
-2.4193997383117676 0.08535003662109375 -10.138849258422852 0.2
-2.376779556274414 -0.11785125732421875 -10.176349639892578 0.2
-2.2746596336364746 -0.3010520935058594 -10.149748802185059 0.2
-2.1770997047424316 -0.4643516540527344 -10.058649063110352 0.2
-2.1909399032592773 -0.5524520874023438 -9.871048927307129 0.2
-2.364799976348877 -0.5550498962402344 -9.75624942779541 0.2
-2.5628795623779297 -0.4982490539550781 -9.78494930267334 0.2
-2.6437196731567383 -0.3691520690917969 -9.935249328613281 0.2
-2.614529609680176 -0.18745040893554688 -10.039349555969238 0.2
-2.5672097206115723 0.016948699951171875 -10.068948745727539 0.2
-2.603719711303711 0.20544815063476562 -9.980548858642578 0.2
-2.7960495948791504 0.248748779296875 -9.920248985290527 0.2
-2.9807896614074707 0.15634918212890625 -9.956748962402344 0.2
-3.029359817504883 -0.034252166748046875 -10.033549308776855 0.2
-2.9509897232055664 -0.23054885864257812 -10.037649154663086 0.2
-2.8429999351501465 -0.4083518981933594 -9.998148918151855 0.2
-2.758169651031494 -0.5504493713378906 -9.869349479675293 0.2
-2.824709892272949 -0.6026496887207031 -9.681448936462402 0.2
-3.0170397758483887 -0.5837516784667969 -9.601149559020996 0.2
-3.193659782409668 -0.5082511901855469 -9.677148818969727 0.2
-3.2364296913146973 -0.3600502014160156 -9.827149391174316 0.2
-3.1974596977233887 -0.17095184326171875 -9.912348747253418 0.2
-3.1628799438476562 0.039051055908203125 -9.906949043273926 0.2
-3.258889675140381 0.19374847412109375 -9.810349464416504 0.2
-3.465139865875244 0.18454742431640625 -9.78904914855957 0.2
-3.6129298210144043 0.05374908447265625 -9.856049537658691 0.2
-3.608269691467285 -0.14875030517578125 -9.919149398803711 0.2
-3.509279727935791 -0.3341522216796875 -9.901449203491211 0.2
-3.3984899520874023 -0.5028495788574219 -9.840349197387695 0.2
-3.349979877471924 -0.6200523376464844 -9.673349380493164 0.2
-3.4772496223449707 -0.6521492004394531 -9.515149116516113 0.2
-3.682999610900879 -0.6232490539550781 -9.493049621582031 0.2
-3.8220295906066895 -0.5302505493164062 -9.619648933410645 0.2
-3.8285698890686035 -0.36405181884765625 -9.751749038696289 0.2
-3.787289619445801 -0.167449951171875 -9.816749572753906 0.2
-3.7826199531555176 0.041748046875 -9.768649101257324 0.2
-3.9317398071289062 0.14635086059570312 -9.676749229431152 0.2
-4.134939670562744 0.09584808349609375 -9.676448822021484 0.2
-4.241939544677734 -0.06795120239257812 -9.751049041748047 0.2
-4.190539836883545 -0.26975250244140625 -9.784049034118652 0.2
-4.080009937286377 -0.4479522705078125 -9.756448745727539 0.2
-3.9732699394226074 -0.6063499450683594 -9.666549682617188 0.2
-3.971019744873047 -0.6912498474121094 -9.476248741149902 0.2
-4.131849765777588 -0.699951171875 -9.343149185180664 0.2
-4.334029674530029 -0.6549491882324219 -9.354449272155762 0.2
-4.427189826965332 -0.5360488891601562 -9.505549430847168 0.2
-4.4096198081970215 -0.35755157470703125 -9.617849349975586 0.2
-4.37244987487793 -0.15275192260742188 -9.658148765563965 0.2
-4.409139633178711 0.039348602294921875 -9.575749397277832 0.2
-4.595249652862549 0.08844757080078125 -9.498748779296875 0.2
-4.785119533538818 0.00064849853515625 -9.509949684143066 0.2
-4.837080001831055 -0.19115066528320312 -9.578349113464355 0.2
-4.7526397705078125 -0.3849525451660156 -9.585049629211426 0.2
-4.63815975189209 -0.5592498779296875 -9.548249244689941 0.2
-4.5453596115112305 -0.6959495544433594 -9.418649673461914 0.2
-4.585909843444824 -0.7462501525878906 -9.220449447631836 0.2
-4.754929542541504 -0.7391510009765625 -9.09744930267334 0.2
-4.940069675445557 -0.6764488220214844 -9.15934944152832 0.2
-4.99308967590332 -0.5373497009277344 -9.314549446105957 0.2
-4.967139720916748 -0.35375213623046875 -9.415549278259277 0.2
-4.942959785461426 -0.14274978637695312 -9.42764949798584 0.2
-5.0300493240356445 0.01654815673828125 -9.327049255371094 0.2
-5.229000091552734 0.01744842529296875 -9.26414966583252 0.2
-5.388070106506348 -0.11334991455078125 -9.290148735046387 0.2
-5.386349678039551 -0.31925201416015625 -9.3379487991333 0.2
-5.283060073852539 -0.5027503967285156 -9.32404899597168 0.2
-5.165689468383789 -0.6689491271972656 -9.268448829650879 0.2
-5.094099998474121 -0.7740516662597656 -9.100849151611328 0.2
-5.180529594421387 -0.7969512939453125 -8.91364860534668 0.2
-5.371669769287109 -0.77294921875 -8.836050033569336 0.2
-5.527639389038086 -0.6905517578125 -8.946949005126953 0.2
-5.550449371337891 -0.5353507995605469 -9.09054946899414 0.2
-5.523409843444824 -0.3452491760253906 -9.178349494934082 0.2
-5.513460159301758 -0.13175201416015625 -9.153449058532715 0.2
-5.642509460449219 -0.013950347900390625 -9.047348976135254 0.2
-5.843279838562012 -0.0581512451171875 -9.006949424743652 0.2
-5.96560001373291 -0.22175216674804688 -9.050748825073242 0.2
-5.922379493713379 -0.42565155029296875 -9.081648826599121 0.2
-5.807709693908691 -0.60205078125 -9.058849334716797 0.2
-5.690059661865234 -0.7561492919921875 -8.975749015808105 0.2
-5.658069610595703 -0.8355522155761719 -8.784749984741211 0.2
-5.786179542541504 -0.8481521606445312 -8.619449615478516 0.2
-5.987979888916016 -0.814849853515625 -8.593849182128906 0.2
-6.103099822998047 -0.7097511291503906 -8.73914909362793 0.2
-6.104189872741699 -0.5398521423339844 -8.86564826965332 0.2
-6.07681941986084 -0.34075164794921875 -8.932350158691406 0.2
-6.091219902038574 -0.13814926147460938 -8.868249893188477 0.2
-6.254539489746094 -0.07435226440429688 -8.75994873046875 0.2
-6.444479942321777 -0.1578521728515625 -8.728849411010742 0.2
-6.519519805908203 -0.34854888916015625 -8.775749206542969 0.2
-6.444399833679199 -0.5455513000488281 -8.788448333740234 0.2
-6.325240135192871 -0.7181510925292969 -8.760149002075195 0.2
-6.215319633483887 -0.8522491455078125 -8.641448974609375 0.2
-6.228719711303711 -0.9019508361816406 -8.43954849243164 0.2
-6.381830215454102 -0.8992500305175781 -8.297248840332031 0.2
-6.575909614562988 -0.8456497192382812 -8.333349227905273 0.2
-6.652639389038086 -0.7150497436523438 -8.485349655151367 0.2
-6.641599655151367 -0.5368499755859375 -8.597848892211914 0.2
-6.616069793701172 -0.3291511535644531 -8.631948471069336 0.2
-6.667989730834961 -0.15684890747070312 -8.527149200439453 0.2
-6.844639778137207 -0.14245223999023438 -8.418548583984375 0.2
-7.012299537658691 -0.26255035400390625 -8.397249221801758 0.2
-7.036600112915039 -0.4681510925292969 -8.438549041748047 0.2
-6.938329696655273 -0.6548500061035156 -8.437849044799805 0.2
-6.816109657287598 -0.8199501037597656 -8.390348434448242 0.2
-6.726160049438477 -0.9205513000488281 -8.22774887084961 0.2
-6.772699356079102 -0.9491500854492188 -8.026548385620117 0.2
-6.947609901428223 -0.9364509582519531 -7.92034912109375 0.2
-7.114899635314941 -0.8595504760742188 -8.019248962402344 0.2
-7.1529998779296875 -0.7058525085449219 -8.15934944152832 0.2
-7.139900207519531 -0.5208511352539062 -8.260149002075195 0.2
-7.121999740600586 -0.3077507019042969 -8.244850158691406 0.2
-7.206099510192871 -0.18004989624023438 -8.106548309326172 0.2
-7.376399993896484 -0.19974899291992188 -7.9866485595703125 0.2
-7.506099700927734 -0.3609504699707031 -7.97344970703125 0.2
-7.472199440002441 -0.5674514770507812 -7.99854850769043 0.2
-7.360699653625488 -0.7467498779296875 -7.986349105834961 0.2
-7.233099937438965 -0.8907508850097656 -7.898149490356445 0.2
-7.1707000732421875 -0.9531517028808594 -7.707048416137695 0.2
-7.251399993896484 -0.9663505554199219 -7.514848709106445 0.2
-7.448800086975098 -0.93695068359375 -7.4772491455078125 0.2
-7.569399833679199 -0.8297500610351562 -7.613349914550781 0.2
-7.587699890136719 -0.6624488830566406 -7.741949081420898 0.2
-7.575699806213379 -0.4662513732910156 -7.821048736572266 0.2
-7.563899993896484 -0.2626495361328125 -7.758949279785156 0.2
-7.651999473571777 -0.1647491455078125 -7.5957489013671875 0.2
-7.807299613952637 -0.21364974975585938 -7.468448638916016 0.2
-7.88539981842041 -0.4084510803222656 -7.472049713134766 0.2
-7.814199447631836 -0.6072502136230469 -7.487649917602539 0.2
-7.694899559020996 -0.7800521850585938 -7.463048934936523 0.2
-7.571999549865723 -0.895050048828125 -7.331949234008789 0.2
-7.561200141906738 -0.9367523193359375 -7.1264495849609375 0.2
-7.697199821472168 -0.9349517822265625 -6.97144889831543 0.2
-7.887800216674805 -0.8701515197753906 -7.020349502563477 0.2
-7.9593000411987305 -0.7248497009277344 -7.156949996948242 0.2
-7.9670000076293945 -0.5482521057128906 -7.273149490356445 0.2
-7.941699981689453 -0.34004974365234375 -7.307649612426758 0.2
-7.945499420166016 -0.17005157470703125 -7.185649871826172 0.2
-8.045599937438965 -0.12414932250976562 -7.007450103759766 0.2
-8.183599472045898 -0.2447509765625 -6.915948867797852 0.2
-8.196999549865723 -0.45655059814453125 -6.9324493408203125 0.2
-8.102899551391602 -0.6455497741699219 -6.939849853515625 0.2
-7.9720001220703125 -0.8041496276855469 -6.888849258422852 0.2
-7.868000030517578 -0.8834495544433594 -6.722249984741211 0.2
-7.902899742126465 -0.9029502868652344 -6.517148971557617 0.2
-8.080299377441406 -0.873748779296875 -6.422048568725586 0.2
-8.23699951171875 -0.7690505981445312 -6.517749786376953 0.2
-8.278200149536133 -0.6060523986816406 -6.645549774169922 0.2
-8.280499458312988 -0.421051025390625 -6.747348785400391 0.2
-8.24209976196289 -0.21145248413085938 -6.728349685668945 0.2
-8.267600059509277 -0.08645248413085938 -6.564949035644531 0.2
-8.378600120544434 -0.10045242309570312 -6.390048980712891 0.2
-8.479499816894531 -0.27484893798828125 -6.336448669433594 0.2
-8.439199447631836 -0.4820518493652344 -6.352149963378906 0.2
-8.33080005645752 -0.6635513305664062 -6.3540496826171875 0.2
-8.182299613952637 -0.7944488525390625 -6.271749496459961 0.2
-8.117199897766113 -0.8400497436523438 -6.079549789428711 0.2
-8.204999923706055 -0.8349494934082031 -5.890348434448242 0.2
-8.3996000289917 -0.7759513854980469 -5.859048843383789 0.2
-8.514800071716309 -0.6419525146484375 -5.97454833984375 0.2
-8.545599937438965 -0.4736518859863281 -6.0993499755859375 0.2
-8.533599853515625 -0.2763519287109375 -6.177448272705078 0.2
-8.496199607849121 -0.08354949951171875 -6.10114860534668 0.2
-8.547999382019043 -0.0104522705078125 -5.911348342895508 0.2
-8.661600112915039 -0.08535003662109375 -5.755350112915039 0.2
-8.711999893188477 -0.2901496887207031 -5.737649917602539 0.2
-8.634499549865723 -0.4869499206542969 -5.754049301147461 0.2
-8.504499435424805 -0.6543502807617188 -5.742349624633789 0.2
-8.355199813842773 -0.7511520385742188 -5.6246490478515625 0.2
-8.346199989318848 -0.7774505615234375 -5.41724967956543 0.2
-8.482399940490723 -0.7650489807128906 -5.260749816894531 0.2
-8.675000190734863 -0.6921501159667969 -5.297048568725586 0.2
-8.760299682617188 -0.5439491271972656 -5.423149108886719 0.2
-8.785699844360352 -0.36804962158203125 -5.538549423217773 0.2
-8.76449966430664 -0.159149169921875 -5.573049545288086 0.2
-8.770599365234375 -0.00225067138671875 -5.438148498535156 0.2
-8.866700172424316 0.012348175048828125 -5.251850128173828 0.2
-8.9847993850708 -0.12295150756835938 -5.150249481201172 0.2
-8.986499786376953 -0.3357505798339844 -5.160148620605469 0.2
-8.883999824523926 -0.520050048828125 -5.176748275756836 0.2
-8.738999366760254 -0.671051025390625 -5.142648696899414 0.2
-8.623600006103516 -0.74114990234375 -4.982049942016602 0.2
-8.67389965057373 -0.7533493041992188 -4.779548645019531 0.2
-8.850699424743652 -0.7222518920898438 -4.679149627685547 0.2
-9.016799926757812 -0.6165504455566406 -4.758749008178711 0.2
-9.070499420166016 -0.4549522399902344 -4.8840484619140625 0.2
-9.079599380493164 -0.26795196533203125 -4.982448577880859 0.2
-9.049099922180176 -0.06114959716796875 -4.945650100708008 0.2
-9.090999603271484 0.03495025634765625 -4.767448425292969 0.2
-9.201000213623047 -0.011249542236328125 -4.596248626708984 0.2
-9.284299850463867 -0.19635009765625 -4.545848846435547 0.2
-9.230799674987793 -0.4001502990722656 -4.566648483276367 0.2
-9.113299369812012 -0.5758514404296875 -4.578449249267578 0.2
-8.952300071716309 -0.6949501037597656 -4.504049301147461 0.2
-8.886199951171875 -0.7298507690429688 -4.310850143432617 0.2
-8.976399421691895 -0.7207489013671875 -4.121849060058594 0.2
-9.170599937438965 -0.66094970703125 -4.083349227905273 0.2
-9.293499946594238 -0.5275497436523438 -4.192348480224609 0.2
-9.331899642944336 -0.3614501953125 -4.318349838256836 0.2
-9.321800231933594 -0.15735244750976562 -4.3782501220703125 0.2
-9.30639934539795 0.01815032958984375 -4.267250061035156 0.2
-9.374799728393555 0.052947998046875 -4.07135009765625 0.2
-9.481900215148926 -0.05615234375 -3.931049346923828 0.2
-9.503799438476562 -0.2662506103515625 -3.922149658203125 0.2
-9.413000106811523 -0.45655059814453125 -3.9476490020751953 0.2
-9.27139949798584 -0.6148490905761719 -3.9407501220703125 0.2
-9.11929988861084 -0.6889495849609375 -3.814748764038086 0.2
-9.112199783325195 -0.6951522827148438 -3.6046485900878906 0.2
-9.247699737548828 -0.6639518737792969 -3.4501495361328125 0.2
-9.434800148010254 -0.5727500915527344 -3.4842491149902344 0.2
-9.519100189208984 -0.4237518310546875 -3.6098499298095703 0.2
-9.547200202941895 -0.24734878540039062 -3.7247486114501953 0.2
-9.519299507141113 -0.0368499755859375 -3.721048355102539 0.2
-9.532999992370605 0.08195114135742188 -3.550649642944336 0.2
-9.612699508666992 0.06344985961914062 -3.356548309326172 0.2
-9.696000099182129 -0.10544967651367188 -3.267648696899414 0.2
-9.658100128173828 -0.3139495849609375 -3.2825489044189453 0.2
-9.545999526977539 -0.4926490783691406 -3.3075485229492188 0.2
-9.38029956817627 -0.6195487976074219 -3.2668495178222656 0.2
-9.271699905395508 -0.6549491882324219 -3.092649459838867 0.2
-9.313899993896484 -0.6452522277832031 -2.8863487243652344 0.2
-9.491000175476074 -0.5951499938964844 -2.7927494049072266 0.2
-9.647500038146973 -0.47624969482421875 -2.8740501403808594 0.2
-9.709799766540527 -0.3199501037597656 -3.003448486328125 0.2
-9.722199440002441 -0.127349853515625 -3.0909500122070312 0.2
-9.691399574279785 0.06615066528320312 -3.0174484252929688 0.2
-9.724599838256836 0.13245010375976562 -2.8211498260498047 0.2
-9.810699462890625 0.063751220703125 -2.6441497802734375 0.2
-9.860499382019043 -0.13434982299804688 -2.5952491760253906 0.2
-9.788299560546875 -0.3318519592285156 -2.622549057006836 0.2
-9.663000106811523 -0.5017509460449219 -2.6445484161376953 0.2
-9.488999366760254 -0.6017494201660156 -2.5745487213134766 0.2
-9.411699295043945 -0.6211509704589844 -2.382049560546875 0.2
-9.4798002243042 -0.6048507690429688 -2.184049606323242 0.2
-9.668299674987793 -0.5376510620117188 -2.1270484924316406 0.2
-9.799799919128418 -0.403350830078125 -2.2236499786376953 0.2
-9.860699653625488 -0.2449493408203125 -2.3516483306884766 0.2
-9.860699653625488 -0.041149139404296875 -2.411548614501953 0.2
-9.826000213623047 0.12775039672851562 -2.29534912109375 0.2
-9.847299575805664 0.16244888305664062 -2.087848663330078 0.2
-9.91409969329834 0.06914901733398438 -1.9136486053466797 0.2
-9.939199447631836 -0.13605117797851562 -1.8781490325927734 0.2
-9.861700057983398 -0.32975006103515625 -1.919748306274414 0.2
-9.732399940490723 -0.4954490661621094 -1.9521484375 0.2
-9.553199768066406 -0.5826492309570312 -1.8824501037597656 0.2
-9.476900100708008 -0.5949516296386719 -1.6867485046386719 0.2
-9.539199829101562 -0.5719490051269531 -1.4872493743896484 0.2
-9.723699569702148 -0.4916496276855469 -1.4292488098144531 0.2
-9.854199409484863 -0.35124969482421875 -1.520050048828125 0.2
-9.923299789428711 -0.18865203857421875 -1.6390495300292969 0.2
-9.913999557495117 0.0173492431640625 -1.6801490783691406 0.2
-9.859999656677246 0.16455078125 -1.5443496704101562 0.2
-9.848299980163574 0.18795013427734375 -1.3338489532470703 0.2
-9.888899803161621 0.08934783935546875 -1.1551494598388672 0.2
-9.91469955444336 -0.11725234985351562 -1.1224498748779297 0.2
-9.852399826049805 -0.3099517822265625 -1.1860485076904297 0.2
-9.73129940032959 -0.47515106201171875 -1.240549087524414 0.2
-9.548099517822266 -0.5593490600585938 -1.1820487976074219 0.2
-9.463299751281738 -0.5682525634765625 -0.9906482696533203 0.2
-9.516499519348145 -0.5391502380371094 -0.7902488708496094 0.2
-9.691399574279785 -0.4472503662109375 -0.7191486358642578 0.2
-9.821800231933594 -0.29534912109375 -0.7887496948242188 0.2
-9.900799751281738 -0.1246490478515625 -0.8872489929199219 0.2
-9.885099411010742 0.08224868774414062 -0.9249496459960938 0.2
-9.797499656677246 0.22285079956054688 -0.8006496429443359 0.2
-9.755899429321289 0.23254776000976562 -0.5930500030517578 0.2
-9.782899856567383 0.12244796752929688 -0.4180488586425781 0.2
-9.815400123596191 -0.0852508544921875 -0.39694976806640625 0.2
-9.768699645996094 -0.28025054931640625 -0.4683494567871094 0.2
-9.658699989318848 -0.45005035400390625 -0.5338497161865234 0.2
-9.47499942779541 -0.5423507690429688 -0.4900493621826172 0.2
-9.380199432373047 -0.5602493286132812 -0.3027496337890625 0.2
-9.421799659729004 -0.5320510864257812 -0.09864997863769531 0.2
-9.589200019836426 -0.4282493591308594 -0.023349761962890625 0.2
-9.712699890136719 -0.2668495178222656 -0.08624839782714844 0.2
-9.783100128173828 -0.08655166625976562 -0.17534828186035156 0.2
-9.745399475097656 0.1188507080078125 -0.20254898071289062 0.2
-9.640799522399902 0.235748291015625 -0.06704902648925781 0.2
-9.590799331665039 0.222747802734375 0.13845062255859375 0.2
-9.628299713134766 0.08874893188476562 0.2927513122558594 0.2
-9.664400100708008 -0.1206512451171875 0.2911510467529297 0.2
-9.625399589538574 -0.3144493103027344 0.2131500244140625 0.2
-9.50979995727539 -0.48094940185546875 0.1513500213623047 0.2
-9.33169937133789 -0.5664520263671875 0.21815109252929688 0.2
-9.253199577331543 -0.5849494934082031 0.41285133361816406 0.2
-9.316100120544434 -0.5451507568359375 0.6068515777587891 0.2
-9.477799415588379 -0.4177513122558594 0.6570510864257812 0.2
-9.578800201416016 -0.24605178833007812 0.5839500427246094 0.2
-9.620599746704102 -0.05554962158203125 0.5009498596191406 0.2
-9.536999702453613 0.1376495361328125 0.5071506500244141 0.2
-9.43139934539795 0.21035003662109375 0.6704502105712891 0.2
-9.401999473571777 0.16234970092773438 0.8736515045166016 0.2
-9.464300155639648 0.000247955322265625 0.9890499114990234 0.2
-9.491499900817871 -0.20685195922851562 0.9535503387451172 0.2
-9.44950008392334 -0.3982505798339844 0.8714504241943359 0.2
-9.308300018310547 -0.5516510009765625 0.8312511444091797 0.2
-9.150099754333496 -0.6223487854003906 0.9454517364501953 0.2
-9.106399536132812 -0.6315498352050781 1.1522502899169922 0.2
-9.209400177001953 -0.5629501342773438 1.3186511993408203 0.2
-9.353099822998047 -0.4077491760253906 1.3186511993408203 0.2
-9.427800178527832 -0.22864913940429688 1.2313499450683594 0.2
-9.419699668884277 -0.02764892578125 1.1641502380371094 0.2
-9.30009937286377 0.12984848022460938 1.2295513153076172 0.2
-9.219399452209473 0.14944839477539062 1.4230499267578125 0.2
-9.229000091552734 0.06005096435546875 1.6124515533447266 0.2
-9.304200172424316 -0.12974929809570312 1.6650505065917969 0.2
-9.31089973449707 -0.331451416015625 1.5989513397216797 0.2
-9.244699478149414 -0.5166511535644531 1.518951416015625 0.2
-9.077499389648438 -0.643951416015625 1.526651382446289 0.2
-8.958600044250488 -0.6905517578125 1.6932506561279297 0.2
-8.961699485778809 -0.6733512878417969 1.9028511047363281 0.2
-9.101900100708008 -0.5606498718261719 2.0105514526367188 0.2
-9.213199615478516 -0.38645172119140625 1.962850570678711 0.2
-9.259699821472168 -0.19945144653320312 1.8729515075683594 0.2
-9.190999984741211 -0.002552032470703125 1.842050552368164 0.2
-9.066299438476562 0.0968475341796875 1.974050521850586 0.2
-9.015799522399902 0.07265090942382812 2.177949905395508 0.2
-9.069499969482422 -0.060749053955078125 2.327850341796875 0.2
-9.13070011138916 -0.2638511657714844 2.321451187133789 0.2
-9.117799758911133 -0.4590492248535156 2.238950729370117 0.2
-9.01259994506836 -0.6310501098632812 2.175251007080078 0.2
-8.843799591064453 -0.7259521484375 2.2503509521484375 0.2
-8.765899658203125 -0.7473487854003906 2.4453506469726562 0.2
-8.825499534606934 -0.6924514770507812 2.6358509063720703 0.2
-8.969200134277344 -0.5428504943847656 2.6783504486083984 0.2
-9.049300193786621 -0.36244964599609375 2.600851058959961 0.2
-9.05620002746582 -0.1665496826171875 2.5217514038085938 0.2
-8.9375 0.00354766845703125 2.5489501953125 0.2
-8.833399772644043 0.047550201416015625 2.7243499755859375 0.2
-8.820199966430664 -0.0151519775390625 2.9239501953125 0.2
-8.900199890136719 -0.18524932861328125 3.0162506103515625 0.2
-8.934000015258789 -0.3879508972167969 2.9655513763427734 0.2
-8.8996000289917 -0.5787506103515625 2.879650115966797 0.2
-8.7524995803833 -0.7279510498046875 2.852750778198242 0.2
-8.606399536132812 -0.7907524108886719 2.9864501953125 0.2
-8.568900108337402 -0.7849502563476562 3.1937503814697266 0.2
-8.675399780273438 -0.6873512268066406 3.3427505493164062 0.2
-8.796199798583984 -0.5150489807128906 3.3264503479003906 0.2
-8.854100227355957 -0.33074951171875 3.2381515502929688 0.2
-8.807299613952637 -0.132049560546875 3.182149887084961 0.2
-8.66819953918457 -0.006351470947265625 3.2703514099121094 0.2
-8.588799476623535 -0.005352020263671875 3.4661502838134766 0.2
-8.61299991607666 -0.1087493896484375 3.6454505920410156 0.2
-8.690899848937988 -0.30255126953125 3.6756515502929688 0.2
-8.704400062561035 -0.5007514953613281 3.6004505157470703 0.2
-8.636300086975098 -0.6850509643554688 3.520750045776367 0.2
-8.465899467468262 -0.80364990234375 3.545351028442383 0.2
-8.349699974060059 -0.8365516662597656 3.718250274658203 0.2
-8.35260009765625 -0.7963523864746094 3.923551559448242 0.2
-8.4822998046875 -0.6578521728515625 4.014251708984375 0.2
-8.577699661254883 -0.4766502380371094 3.958850860595703 0.2
-8.609899520874023 -0.2855491638183594 3.8724498748779297 0.2
-8.510299682617188 -0.10155105590820312 3.8504505157470703 0.2
-8.373600006103516 -0.027050018310546875 3.988950729370117 0.2
-8.314799308776855 -0.06024932861328125 4.189350128173828 0.2
-8.372300148010254 -0.2048492431640625 4.328250885009766 0.2
-8.431699752807617 -0.4076499938964844 4.310451507568359 0.2
-8.430299758911133 -0.6025505065917969 4.225650787353516 0.2
-8.321399688720703 -0.7719497680664062 4.162250518798828 0.2
-8.148900032043457 -0.8546524047851562 4.243650436401367 0.2
-8.057000160217285 -0.8592491149902344 4.434150695800781 0.2
-8.105299949645996 -0.7781524658203125 4.618751525878906 0.2
-8.231100082397461 -0.6112518310546875 4.653251647949219 0.2
-8.30840015411377 -0.42864990234375 4.577051162719727 0.2
-8.302000045776367 -0.2326507568359375 4.498849868774414 0.2
-8.160699844360352 -0.0816497802734375 4.523050308227539 0.2
-8.034099578857422 -0.04975128173828125 4.688150405883789 0.2
-8.002699851989746 -0.1181488037109375 4.883050918579102 0.2
-8.075300216674805 -0.29434967041015625 4.972650527954102 0.2
-8.116999626159668 -0.49594879150390625 4.92125129699707 0.2
-8.095699310302734 -0.6888504028320312 4.835651397705078 0.2
-7.945899963378906 -0.8330497741699219 4.802949905395508 0.2
-7.7845001220703125 -0.8814506530761719 4.9266510009765625 0.2
-7.718099594116211 -0.85565185546875 5.124851226806641 0.2
-7.801499366760254 -0.7334518432617188 5.2718505859375 0.2
-7.910499572753906 -0.5529518127441406 5.256351470947266 0.2
-7.973400115966797 -0.3675498962402344 5.173351287841797 0.2
-7.913999557495117 -0.17525100708007812 5.1076507568359375 0.2
-7.750999450683594 -0.06655120849609375 5.176250457763672 0.2
-7.635199546813965 -0.06724929809570312 5.353950500488281 0.2
-7.634499549865723 -0.17354965209960938 5.53325080871582 0.2
-7.706500053405762 -0.36875152587890625 5.570451736450195 0.2
-7.739299774169922 -0.5680503845214844 5.5021514892578125 0.2
-7.684999465942383 -0.7557525634765625 5.418750762939453 0.2
-7.5093994140625 -0.86865234375 5.426450729370117 0.2
-7.363299369812012 -0.8878517150878906 5.578851699829102 0.2
-7.328299522399902 -0.8283500671386719 5.776750564575195 0.2
-7.432600021362305 -0.6730499267578125 5.8735504150390625 0.2
-7.5279998779296875 -0.4887504577636719 5.825250625610352 0.2
-7.566899299621582 -0.2976493835449219 5.74005126953125 0.2
-7.458799362182617 -0.12274932861328125 5.694551467895508 0.2
-7.292699813842773 -0.053852081298828125 5.802350997924805 0.2
-7.191899299621582 -0.08425140380859375 5.995851516723633 0.2
-7.233699798583984 -0.24065017700195312 6.145551681518555 0.2
-7.298399925231934 -0.4548492431640625 6.126649856567383 0.2
-7.309000015258789 -0.6637496948242188 6.042850494384766 0.2
-7.176400184631348 -0.8312492370605469 5.982351303100586 0.2
-6.988590240478516 -0.8860511779785156 6.086650848388672 0.2
-6.8906097412109375 -0.8525505065917969 6.285051345825195 0.2
-6.9616594314575195 -0.7102508544921875 6.437749862670898 0.2
-7.069899559020996 -0.5145492553710938 6.4154510498046875 0.2
-7.128600120544434 -0.314849853515625 6.32805061340332 0.2
-7.035099983215332 -0.12445068359375 6.262451171875 0.2
-6.85297966003418 -0.0440521240234375 6.3605499267578125 0.2
