-6.9227800369262695 1.0647506713867188 6.42234992980957 0.2
-6.859409332275391 1.0102500915527344 6.604249954223633 0.2
-6.913290023803711 0.8510475158691406 6.714851379394531 0.2
-6.968689918518066 0.6584510803222656 6.686550140380859 0.2
-6.983249664306641 0.47084808349609375 6.611051559448242 0.2
-6.8776397705078125 0.3124504089355469 6.542951583862305 0.2
-6.697750091552734 0.2469482421875 6.598751068115234 0.2
-6.57096004486084 0.255950927734375 6.756650924682617 0.2
-6.563889503479004 0.3415489196777344 6.936651229858398 0.2
-6.664579391479492 0.5052490234375 6.99785041809082 0.2
-6.750100135803223 0.6818504333496094 6.943851470947266 0.2
-6.778539657592773 0.865447998046875 6.862051010131836 0.2
-6.66426944732666 1.0239486694335938 6.814550399780273 0.2
-6.497659683227539 1.0871505737304688 6.9071502685546875 0.2
-6.38478946685791 1.0686492919921875 7.083349227905273 0.2
-6.406189918518066 0.93695068359375 7.245550155639648 0.2
-6.4755096435546875 0.7353477478027344 7.254449844360352 0.2
-6.509610176086426 0.5356483459472656 7.184049606323242 0.2
-6.431739807128906 0.35485076904296875 7.105051040649414 0.2
-6.243009567260742 0.27124786376953125 7.141950607299805 0.2
-6.09861946105957 0.2760505676269531 7.299551010131836 0.2
-6.081569671630859 0.36624908447265625 7.487852096557617 0.2
-6.182229995727539 0.542449951171875 7.55095100402832 0.2
-6.268779754638672 0.7282485961914062 7.489252090454102 0.2
-6.2847700119018555 0.9209480285644531 7.400049209594727 0.2
-6.141329765319824 1.0705490112304688 7.365549087524414 0.2
-5.9690093994140625 1.1157493591308594 7.481050491333008 0.2
-5.875729560852051 1.0773506164550781 7.667150497436523 0.2
-5.920539855957031 0.9245491027832031 7.805349349975586 0.2
-5.9869794845581055 0.72235107421875 7.790250778198242 0.2
-6.013469696044922 0.5223503112792969 7.719049453735352 0.2
-5.905509948730469 0.352447509765625 7.65205192565918 0.2
-5.715919494628906 0.2885475158691406 7.716852188110352 0.2
-5.583310127258301 0.3071479797363281 7.883550643920898 0.2
-5.588179588317871 0.42044830322265625 8.059751510620117 0.2
-5.686200141906738 0.6065483093261719 8.087949752807617 0.2
-5.7659502029418945 0.7926483154296875 8.016752243041992 0.2
-5.757129669189453 0.9833488464355469 7.921850204467773 0.2
-5.592959403991699 1.1124496459960938 7.900850296020508 0.2
-5.418479919433594 1.141448974609375 8.027250289916992 0.2
-5.336609840393066 1.0799484252929688 8.225351333618164 0.2
-5.398599624633789 0.8973503112792969 8.335851669311523 0.2
-5.468219757080078 0.6844482421875 8.300752639770508 0.2
-5.46891975402832 0.472747802734375 8.223451614379883 0.2
-5.3033294677734375 0.3302497863769531 8.187849044799805 0.2
-5.110639572143555 0.31024932861328125 8.302949905395508 0.2
-4.997980117797852 0.4047508239746094 8.474550247192383 0.2
-5.044939994812012 0.6056480407714844 8.554651260375977 0.2
-5.153860092163086 0.8021507263183594 8.520452499389648 0.2
-5.195819854736328 1.0002479553222656 8.424352645874023 0.2
-5.049039840698242 1.1188507080078125 8.309450149536133 0.2
-4.83951997756958 1.0764503479003906 8.253049850463867 0.2
-4.767119884490967 0.9007492065429688 8.160249710083008 0.2
-4.829139709472656 0.6976509094238281 8.129949569702148 0.2
-4.902819633483887 0.4981498718261719 8.155550003051758 0.2
-4.880169868469238 0.343048095703125 8.297849655151367 0.2
-4.73514986038208 0.3025474548339844 8.450952529907227 0.2
-4.536449909210205 0.3457489013671875 8.511651992797852 0.2
-4.4130096435546875 0.4934501647949219 8.425249099731445 0.2
-4.458309650421143 0.6805496215820312 8.331449508666992 0.2
-4.55256986618042 0.8660507202148438 8.277551651000977 0.2
-4.617239952087402 1.0542488098144531 8.352949142456055 0.2
-4.532129764556885 1.1523475646972656 8.518350601196289 0.2
-4.344259738922119 1.1532478332519531 8.622049331665039 0.2
-4.157689571380615 1.055450439453125 8.611551284790039 0.2
-4.117839813232422 0.8591499328613281 8.538949966430664 0.2
-4.179699897766113 0.6542510986328125 8.511751174926758 0.2
-4.25037956237793 0.4559478759765625 8.555452346801758 0.2
-4.233500003814697 0.3276481628417969 8.722452163696289 0.2
-4.070999622344971 0.2975502014160156 8.858449935913086 0.2
-3.863579750061035 0.3340492248535156 8.893049240112305 0.2
-3.7441396713256836 0.4714508056640625 8.786050796508789 0.2
-3.79263973236084 0.6588478088378906 8.69215202331543 0.2
-3.887329578399658 0.8469505310058594 8.643350601196289 0.2
-3.9446396827697754 1.0428504943847656 8.703649520874023 0.2
-3.844399929046631 1.1549491882324219 8.850851058959961 0.2
-3.6445298194885254 1.1624488830566406 8.929952621459961 0.2
-3.454519748687744 1.073150634765625 8.903451919555664 0.2
-3.4099197387695312 0.8792495727539062 8.82695198059082 0.2
-3.476019859313965 0.6747474670410156 8.811651229858398 0.2
-3.546989917755127 0.4760475158691406 8.852849960327148 0.2
-3.530099868774414 0.33544921875 9.01045036315918 0.2
-3.3634896278381348 0.2956504821777344 9.137151718139648 0.2
-3.1514296531677246 0.31604766845703125 9.16295051574707 0.2
-3.010439872741699 0.4277496337890625 9.053152084350586 0.2
-3.045639991760254 0.610748291015625 8.948152542114258 0.2
-3.1434597969055176 0.7966499328613281 8.897951126098633 0.2
-3.2089996337890625 0.9984474182128906 8.927850723266602 0.2
-3.126919746398926 1.14215087890625 9.058450698852539 0.2
-2.9222397804260254 1.1686477661132812 9.130449295043945 0.2
-2.710559844970703 1.095550537109375 9.10725212097168 0.2
-2.650239944458008 0.8962478637695312 9.026750564575195 0.2
-2.7202796936035156 0.6789474487304688 9.020849227905273 0.2
-2.7944397926330566 0.4711494445800781 9.076452255249023 0.2
-2.758389949798584 0.3322486877441406 9.24635124206543 0.2
-2.5664896965026855 0.3042488098144531 9.36195182800293 0.2
-2.3422598838806152 0.3369483947753906 9.372652053833008 0.2
-2.216169834136963 0.4698486328125 9.247549057006836 0.2
-2.280329704284668 0.6576499938964844 9.137552261352539 0.2
-2.3913397789001465 0.8482475280761719 9.076650619506836 0.2
-2.438889980316162 1.0573501586914062 9.137449264526367 0.2
-2.3079299926757812 1.1615486145019531 9.287050247192383 0.2
-2.180449962615967 1.1121482849121094 9.465452194213867 0.2
-2.2055797576904297 0.9317474365234375 9.596349716186523 0.2
-2.2726898193359375 0.7153511047363281 9.623552322387695 0.2
-2.2796497344970703 0.49195098876953125 9.593252182006836 0.2
-2.117839813232422 0.3584480285644531 9.519750595092773 0.2
-1.8921699523925781 0.3719482421875 9.542749404907227 0.2
-1.7391796112060547 0.4942474365234375 9.65205192565918 0.2
-1.7796297073364258 0.7040481567382812 9.722452163696289 0.2
-1.8940296173095703 0.8957481384277344 9.67445182800293 0.2
-1.9725098609924316 1.0756492614746094 9.560750961303711 0.2
-1.8766498565673828 1.1883506774902344 9.395349502563477 0.2
-1.6571197509765625 1.2154502868652344 9.364751815795898 0.2
-1.4697599411010742 1.1929512023925781 9.464349746704102 0.2
-1.4340596199035645 1.0777511596679688 9.640851974487305 0.2
-1.5008196830749512 0.8936500549316406 9.731752395629883 0.2
-1.556959629058838 0.6874504089355469 9.761449813842773 0.2
-1.4833297729492188 0.50054931640625 9.694452285766602 0.2
-1.2754898071289062 0.4761505126953125 9.660951614379883 0.2
-1.0992398262023926 0.5864486694335938 9.715150833129883 0.2
-1.0771598815917969 0.7927474975585938 9.772748947143555 0.2
-1.1658897399902344 0.9840507507324219 9.726751327514648 0.2
-1.2365899085998535 1.1424484252929688 9.599050521850586 0.2
-1.1557397842407227 1.2247505187988281 9.421049118041992 0.2
-0.9484198093414307 1.2416496276855469 9.366151809692383 0.2
-0.7530896663665771 1.2204475402832031 9.449949264526367 0.2
-0.7231197357177734 1.1207504272460938 9.63585090637207 0.2
-0.8160598278045654 0.9581489562988281 9.74424934387207 0.2
-0.8878498077392578 0.7564506530761719 9.763551712036133 0.2
-0.8273696899414062 0.5839500427246094 9.653249740600586 0.2
-0.6422598361968994 0.5504493713378906 9.552350997924805 0.2
-0.47911977767944336 0.6694488525390625 9.613252639770508 0.2
-0.48767971992492676 0.8799476623535156 9.673849105834961 0.2
-0.5279898643493652 1.0840492248535156 9.617151260375977 0.2
-0.45654988288879395 1.2154502868652344 9.463552474975586 0.2
-0.2550497055053711 1.2714500427246094 9.417051315307617 0.2
-0.04773974418640137 1.3173484802246094 9.464250564575195 0.2
0.10543012619018555 1.3276481628417969 9.610952377319336 0.2
0.03844022750854492 1.2103500366210938 9.77705192565918 0.2
-0.09335970878601074 1.0369491577148438 9.778749465942383 0.2
-0.21673965454101562 0.864349365234375 9.739049911499023 0.2
-0.31613969802856445 0.6874504089355469 9.660249710083008 0.2
-0.2533597946166992 0.5281486511230469 9.530550003051758 0.2
-0.05221986770629883 0.46994781494140625 9.565351486206055 0.2
0.07862019538879395 0.5290489196777344 9.722452163696289 0.2
0.09586024284362793 0.7125511169433594 9.839250564575195 0.2
0.13685011863708496 0.9237480163574219 9.863950729370117 0.2
0.19900012016296387 1.130950927734375 9.867452621459961 0.2
0.26748013496398926 1.3193511962890625 9.785348892211914 0.2
0.43044018745422363 1.387451171875 9.665552139282227 0.2
0.6444101333618164 1.3559494018554688 9.684751510620117 0.2
0.7571401596069336 1.2898483276367188 9.852750778198242 0.2
0.6320903301239014 1.1693496704101562 9.98845100402832 0.2
0.48861026763916016 1.0062484741210938 9.965051651000977 0.2
0.35885024070739746 0.8406486511230469 9.914651870727539 0.2
0.26119017601013184 0.6579475402832031 9.841249465942383 0.2
0.32949018478393555 0.4551506042480469 9.796850204467773 0.2
0.4706902503967285 0.37454986572265625 9.93494987487793 0.2
0.5663201808929443 0.485748291015625 10.101449966430664 0.2
0.6352801322937012 0.68914794921875 10.137849807739258 0.2
0.700620174407959 0.8953475952148438 10.133951187133789 0.2
0.7753901481628418 1.096649169921875 10.107851028442383 0.2
0.8826901912689209 1.226348876953125 9.972150802612305 0.2
1.034020185470581 1.1219482421875 9.871652603149414 0.2
1.1115102767944336 0.9314498901367188 9.944650650024414 0.2
1.0723901987075806 0.7450485229492188 10.04694938659668 0.2
0.9374802112579346 0.5862503051757812 10.107751846313477 0.2
0.7861001491546631 0.4356498718261719 10.146051406860352 0.2
0.6259701251983643 0.2944488525390625 10.108152389526367 0.2
0.5472102165222168 0.19524765014648438 9.93174934387207 0.2
0.6489503383636475 0.16534805297851562 9.747751235961914 0.2
0.8316202163696289 0.278350830078125 9.749151229858398 0.2
0.9329202175140381 0.45964813232421875 9.816850662231445 0.2
1.0018401145935059 0.6604499816894531 9.85984992980957 0.2
0.9390401840209961 0.8709487915039062 9.875551223754883 0.2
0.7291102409362793 0.9089508056640625 9.833349227905273 0.2
0.6397802829742432 0.8087501525878906 9.67555046081543 0.2
0.7786202430725098 0.6476478576660156 9.603349685668945 0.2
0.8218002319335938 0.4310493469238281 9.618650436401367 0.2
0.8597702980041504 0.2326507568359375 9.520151138305664 0.2
1.0643502473831177 0.20244979858398438 9.47075080871582 0.2
1.2129902839660645 0.3284492492675781 9.56144905090332 0.2
1.1449602842330933 0.523651123046875 9.634450912475586 0.2
0.995880126953125 0.67864990234375 9.590452194213867 0.2
0.824620246887207 0.7972488403320312 9.510652542114258 0.2
0.7688403129577637 0.8765487670898438 9.321249008178711 0.2
0.9504902362823486 0.9636497497558594 9.25575065612793 0.2
1.1338502168655396 1.0033493041992188 9.365850448608398 0.2
1.2235902547836304 0.9056510925292969 9.537252426147461 0.2
1.2790402173995972 0.713348388671875 9.627450942993164 0.2
1.3445602655410767 0.5052490234375 9.648550033569336 0.2
1.4869402647018433 0.34964752197265625 9.59214973449707 0.2
1.7033802270889282 0.3293495178222656 9.598749160766602 0.2
1.8300002813339233 0.46305084228515625 9.702749252319336 0.2
1.7306501865386963 0.6510505676269531 9.740751266479492 0.2
1.567980170249939 0.7844505310058594 9.67955207824707 0.2
1.4150902032852173 0.9103507995605469 9.583250045776367 0.2
1.4041502475738525 1.0386505126953125 9.404451370239258 0.2
1.5949002504348755 1.127349853515625 9.354349136352539 0.2
1.7846202850341797 1.1557502746582031 9.457151412963867 0.2
1.8813402652740479 1.0593490600585938 9.623849868774414 0.2
1.930840253829956 0.8574485778808594 9.715250015258789 0.2
1.9801002740859985 0.6358489990234375 9.758550643920898 0.2
2.0756242275238037 0.4330482482910156 9.708650588989258 0.2
2.2871713638305664 0.3599510192871094 9.65894889831543 0.2
2.509355306625366 0.4024505615234375 9.700750350952148 0.2
2.566359281539917 0.5913505554199219 9.804849624633789 0.2
2.425354242324829 0.7730484008789062 9.798952102661133 0.2
2.2530722618103027 0.9159507751464844 9.744550704956055 0.2
2.0995872020721436 1.0588493347167969 9.64845085144043 0.2
2.1279592514038086 1.1590499877929688 9.449151992797852 0.2
2.348666191101074 1.1852493286132812 9.395551681518555 0.2
2.577003240585327 1.1884498596191406 9.431051254272461 0.2
2.796447277069092 1.1864509582519531 9.464750289916992 0.2
3.0071120262145996 1.1390495300292969 9.432149887084961 0.2
3.0866172313690186 0.9634475708007812 9.336450576782227 0.2
3.024975538253784 0.7535476684570312 9.34684944152832 0.2
2.9537246227264404 0.5590476989746094 9.419050216674805 0.2
2.9994523525238037 0.41954803466796875 9.577749252319336 0.2
3.195958137512207 0.38285064697265625 9.663049697875977 0.2
3.411086320877075 0.39495086669921875 9.62285041809082 0.2
3.5149283409118652 0.492950439453125 9.461648941040039 0.2
3.446934223175049 0.6736488342285156 9.359350204467773 0.2
3.3458452224731445 0.8658485412597656 9.325151443481445 0.2
3.3377461433410645 1.0728492736816406 9.388051986694336 0.2
3.513390302658081 1.1701507568359375 9.468549728393555 0.2
3.7332253456115723 1.1672477722167969 9.462152481079102 0.2
3.9257192611694336 1.0915489196777344 9.393251419067383 0.2
3.9600391387939453 0.8949508666992188 9.310152053833008 0.2
3.8812241554260254 0.6910476684570312 9.338750839233398 0.2
3.818901300430298 0.5030479431152344 9.433649063110352 0.2
3.90805721282959 0.38504791259765625 9.590551376342773 0.2
4.120920181274414 0.354248046875 9.63224983215332 0.2
4.322630405426025 0.3722496032714844 9.550050735473633 0.2
4.372100353240967 0.4934501647949219 9.379350662231445 0.2
4.285190105438232 0.6805496215820312 9.303152084350586 0.2
4.198930263519287 0.8827476501464844 9.289850234985352 0.2
4.253920078277588 1.0762481689453125 9.366849899291992 0.2
4.461100101470947 1.1346511840820312 9.39995002746582 0.2
4.671299934387207 1.0942497253417969 9.351850509643555 0.2
4.76623010635376 0.9291496276855469 9.251150131225586 0.2
4.709210395812988 0.7183494567871094 9.251249313354492 0.2
4.628820419311523 0.5267486572265625 9.323450088500977 0.2
4.651350021362305 0.3734474182128906 9.473352432250977 0.2
4.840200424194336 0.3179512023925781 9.562551498413086 0.2
5.056139945983887 0.31295013427734375 9.525049209594727 0.2
5.187560081481934 0.3769493103027344 9.367452621459961 0.2
5.144740104675293 0.5444488525390625 9.23735237121582 0.2
5.045470237731934 0.7360496520996094 9.199552536010742 0.2
5.004970073699951 0.94744873046875 9.225751876831055 0.2
5.146240234375 1.0910491943359375 9.298452377319336 0.2
5.372380256652832 1.1070480346679688 9.285451889038086 0.2
5.5594401359558105 1.0186500549316406 9.191152572631836 0.2
5.570110321044922 0.8057479858398438 9.116250991821289 0.2
5.4796600341796875 0.5990486145019531 9.164251327514648 0.2
5.42572021484375 0.4069480895996094 9.277151107788086 0.2
5.555620193481445 0.29885101318359375 9.425149917602539 0.2
5.78462028503418 0.27774810791015625 9.430051803588867 0.2
6.00376033782959 0.284149169921875 9.35725212097168 0.2
6.109420299530029 0.37075042724609375 9.17915153503418 0.2
6.033090114593506 0.5566482543945312 9.072149276733398 0.2
5.921170234680176 0.7573509216308594 9.05204963684082 0.2
5.909570217132568 0.9761505126953125 9.108049392700195 0.2
6.085080146789551 1.0893478393554688 9.167749404907227 0.2
6.30111026763916 1.0768508911132812 9.19434928894043 0.2
6.422900199890137 0.9609489440917969 9.327051162719727 0.2
6.398890495300293 0.7685508728027344 9.424551010131836 0.2
6.345450401306152 0.5623512268066406 9.468050003051758 0.2
6.358860015869141 0.36244964599609375 9.392751693725586 0.2
6.513460159301758 0.2832489013671875 9.267049789428711 0.2
6.723470211029053 0.315948486328125 9.22144889831543 0.2
6.8596601486206055 0.4691505432128906 9.28215217590332 0.2
6.807140350341797 0.6728477478027344 9.332448959350586 0.2
6.689820289611816 0.8558502197265625 9.326848983764648 0.2
6.619570255279541 1.0253486633300781 9.215250015258789 0.2
6.723810195922852 1.1034507751464844 9.04734992980957 0.2
6.9322404861450195 1.101348876953125 8.986349105834961 0.2
7.119110107421875 1.0259475708007812 9.057851791381836 0.2
7.148740291595459 0.8533477783203125 9.184652328491211 0.2
7.093690395355225 0.6536483764648438 9.250852584838867 0.2
7.051570415496826 0.4424476623535156 9.230852127075195 0.2
7.13023042678833 0.30554962158203125 9.089052200317383 0.2
7.32489013671875 0.3067474365234375 8.99525260925293 0.2
7.493340015411377 0.4357490539550781 9.025548934936523 0.2
7.484640121459961 0.6423492431640625 9.092950820922852 0.2
7.387820243835449 0.836151123046875 9.104452133178711 0.2
7.319590091705322 1.0151481628417969 9.005250930786133 0.2
7.413400173187256 1.0999488830566406 8.835351943969727 0.2
7.617810249328613 1.0948486328125 8.764551162719727 0.2
7.797170162200928 1.0046501159667969 8.835149765014648 0.2
7.809600353240967 0.8252487182617188 8.955751419067383 0.2
7.740670204162598 0.6288490295410156 9.015851974487305 0.2
7.670000076293945 0.4245491027832031 8.998849868774414 0.2
7.71159029006958 0.2806510925292969 8.849550247192383 0.2
7.900680065155029 0.2709503173828125 8.748750686645508 0.2
8.082290649414062 0.37664794921875 8.779550552368164 0.2
8.09337043762207 0.5727500915527344 8.870752334594727 0.2
8.03573989868164 0.7811508178710938 8.874151229858398 0.2
7.979010105133057 0.9730491638183594 8.792051315307617 0.2
8.014989852905273 1.0714492797851562 8.606550216674805 0.2
8.17512035369873 1.1055488586425781 8.466451644897461 0.2
8.368490219116211 1.1369476318359375 8.378049850463867 0.2
8.555570602416992 1.1300506591796875 8.46714973449707 0.2
8.533620834350586 1.0322494506835938 8.657548904418945 0.2
8.398170471191406 0.8887481689453125 8.742452621459961 0.2
8.271570205688477 0.7236480712890625 8.794549942016602 0.2
8.272550582885742 0.50634765625 8.771749496459961 0.2
8.464950561523438 0.4311485290527344 8.774450302124023 0.2
8.615060806274414 0.5557479858398438 8.861249923706055 0.2
8.674690246582031 0.7632484436035156 8.866552352905273 0.2
8.718059539794922 0.9400482177734375 8.751550674438477 0.2
8.753820419311523 1.0892486572265625 8.600351333618164 0.2
8.778390884399414 1.1821479797363281 8.405550003051758 0.2
8.912900924682617 1.1746482849121094 8.24165153503418 0.2
9.118009567260742 1.1234474182128906 8.215250015258789 0.2
9.202460289001465 1.0476493835449219 8.397050857543945 0.2
9.086750030517578 0.9532508850097656 8.555952072143555 0.2
8.949630737304688 0.8476486206054688 8.683450698852539 0.2
8.823690414428711 0.708648681640625 8.794851303100586 0.2
8.810550689697266 0.4953498840332031 8.765748977661133 0.2
8.997720718383789 0.4430503845214844 8.686552047729492 0.2
9.168069839477539 0.5709495544433594 8.628351211547852 0.2
9.251150131225586 0.7524490356445312 8.539152145385742 0.2
9.337030410766602 0.9345474243164062 8.461450576782227 0.2
9.374980926513672 1.0689506530761719 8.295652389526367 0.2
9.470970153808594 1.0357475280761719 8.109350204467773 0.2
9.636289596557617 0.9092483520507812 8.061052322387695 0.2
9.711990356445312 0.797149658203125 8.217649459838867 0.2
9.569829940795898 0.7426490783691406 8.373052597045898 0.2
9.405599594116211 0.6178474426269531 8.438650131225586 0.2
9.259610176086426 0.47805023193359375 8.517450332641602 0.2
9.08690071105957 0.33824920654296875 8.537252426147461 0.2
9.119670867919922 0.14825057983398438 8.465150833129883 0.2
9.325530052185059 0.09835052490234375 8.481851577758789 0.2
9.488240242004395 0.23254776000976562 8.540952682495117 0.2
9.56328010559082 0.42984771728515625 8.484651565551758 0.2
9.651410102844238 0.5956497192382812 8.367551803588867 0.2
9.861400604248047 0.6087493896484375 8.334051132202148 0.2
9.884660720825195 0.5948486328125 8.532350540161133 0.2
9.714529991149902 0.6389503479003906 8.662450790405273 0.2
9.553890228271484 0.529449462890625 8.76445198059082 0.2
9.507630348205566 0.3151512145996094 8.757349014282227 0.2
9.509590148925781 0.11045074462890625 8.674551010131836 0.2
9.652420043945312 -0.029949188232421875 8.614252090454102 0.2
9.836259841918945 0.016849517822265625 8.709451675415039 0.2
9.874330520629883 0.15264892578125 8.872549057006836 0.2
9.759160041809082 0.31114959716796875 8.961549758911133 0.2
9.606860160827637 0.46524810791015625 8.966951370239258 0.2
9.504830360412598 0.6375503540039062 8.889348983764648 0.2
9.525260925292969 0.80474853515625 8.750452041625977 0.2
9.672639846801758 0.9460487365722656 8.703351974487305 0.2
9.841360092163086 0.8927497863769531 8.82335090637207 0.2
9.91172981262207 0.6912498474121094 8.862852096557617 0.2
9.936870574951172 0.4758491516113281 8.858049392700195 0.2
9.959150314331055 0.27465057373046875 8.77385139465332 0.2
10.05763053894043 0.19575119018554688 8.595949172973633 0.2
10.238759994506836 0.2615509033203125 8.501249313354492 0.2
10.33823013305664 0.43904876708984375 8.565851211547852 0.2
10.254449844360352 0.6230506896972656 8.646051406860352 0.2
10.1220703125 0.7867507934570312 8.699251174926758 0.2
9.968330383300781 0.9423484802246094 8.712549209594727 0.2
9.853360176086426 1.0489501953125 8.559049606323242 0.2
9.970370292663574 1.1170501708984375 8.391351699829102 0.2
10.183900833129883 1.1429481506347656 8.356649398803711 0.2
10.355690002441406 1.0398483276367188 8.443349838256836 0.2
10.431529998779297 0.8279495239257812 8.490850448608398 0.2
10.477149963378906 0.6026496887207031 8.492250442504883 0.2
10.502679824829102 0.3879508972167969 8.414152145385742 0.2
10.617759704589844 0.28694915771484375 8.246950149536133 0.2
10.822490692138672 0.2978477478027344 8.144552230834961 0.2
10.983380317687988 0.4461479187011719 8.18535041809082 0.2
10.922309875488281 0.6448478698730469 8.27454948425293 0.2
10.770110130310059 0.8059501647949219 8.33125114440918 0.2
10.608060836791992 0.9638481140136719 8.365949630737305 0.2
10.468429565429688 1.0896492004394531 8.24205207824707 0.2
10.553800582885742 1.10675048828125 8.037851333618164 0.2
10.754949569702148 1.0828475952148438 7.939050674438477 0.2
10.952180862426758 1.0542488098144531 7.855649948120117 0.2
11.114950180053711 0.9854507446289062 7.730749130249023 0.2
11.130809783935547 0.8071479797363281 7.616449356079102 0.2
11.054739952087402 0.6077499389648438 7.65245246887207 0.2
11.018779754638672 0.42295074462890625 7.759149551391602 0.2
11.153300285339355 0.2911491394042969 7.857851028442383 0.2
11.360010147094727 0.24985122680664062 7.813249588012695 0.2
11.514570236206055 0.2717475891113281 7.665449142456055 0.2
11.51255989074707 0.4030494689941406 7.498750686645508 0.2
11.414820671081543 0.5936508178710938 7.469850540161133 0.2
11.34508991241455 0.7940483093261719 7.512250900268555 0.2
11.443400382995605 0.9670486450195312 7.586149215698242 0.2
11.651030540466309 1.0126495361328125 7.558050155639648 0.2
11.831299781799316 0.9724502563476562 7.445852279663086 0.2
11.880860328674316 0.8269500732421875 7.300050735473633 0.2
11.801310539245605 0.6282501220703125 7.284650802612305 0.2
11.724349975585938 0.441650390625 7.363649368286133 0.2
11.787409782409668 0.27574920654296875 7.480852127075195 0.2
11.985980033874512 0.199951171875 7.487550735473633 0.2
12.16709041595459 0.19464874267578125 7.370351791381836 0.2
12.230640411376953 0.2817497253417969 7.188650131225586 0.2
12.157010078430176 0.465850830078125 7.110349655151367 0.2
12.071849822998047 0.6626510620117188 7.14055061340332 0.2
12.09320068359375 0.8602485656738281 7.218648910522461 0.2
12.276220321655273 0.9634475708007812 7.239652633666992 0.2
12.46777057647705 0.9582481384277344 7.141050338745117 0.2
12.570890426635742 0.8657493591308594 6.980649948120117 0.2
12.515530586242676 0.680450439453125 6.893451690673828 0.2
12.42510986328125 0.4907493591308594 6.943050384521484 0.2
12.401780128479004 0.30394744873046875 7.045450210571289 0.2
12.548020362854004 0.17024993896484375 7.117452621459961 0.2
12.742070198059082 0.1275482177734375 7.038049697875977 0.2
12.872210502624512 0.15414810180664062 6.871250152587891 0.2
12.849150657653809 0.29254913330078125 6.713850021362305 0.2
12.764540672302246 0.48944854736328125 6.704050064086914 0.2
12.711100578308105 0.689849853515625 6.761951446533203 0.2
12.801370620727539 0.8663482666015625 6.834751129150391 0.2
13.001070022583008 0.9275474548339844 6.78645133972168 0.2
13.163200378417969 0.8945503234863281 6.6318511962890625 0.2
13.174500465393066 0.7539482116699219 6.461650848388672 0.2
13.080900192260742 0.5503501892089844 6.449451446533203 0.2
13.007710456848145 0.3534507751464844 6.535850524902344 0.2
13.072999954223633 0.16925048828125 6.641651153564453 0.2
13.273500442504883 0.07994842529296875 6.611850738525391 0.2
13.436600685119629 0.08504867553710938 6.455150604248047 0.2
13.481500625610352 0.21725082397460938 6.282751083374023 0.2
13.400099754333496 0.4226493835449219 6.24315071105957 0.2
13.320300102233887 0.6308479309082031 6.28325080871582 0.2
13.39169979095459 0.8157501220703125 6.380350112915039 0.2
13.609700202941895 0.8525505065917969 6.420450210571289 0.2
13.771699905395508 0.7324485778808594 6.509950637817383 0.2
13.745400428771973 0.53485107421875 6.609651565551758 0.2
13.641799926757812 0.33824920654296875 6.652151107788086 0.2
13.59689998626709 0.14004898071289062 6.566650390625 0.2
13.697400093078613 0.046749114990234375 6.388551712036133 0.2
13.88110065460205 0.0650482177734375 6.262550354003906 0.2
14.042500495910645 0.21294784545898438 6.284151077270508 0.2
14.037400245666504 0.4230499267578125 6.3614501953125 0.2
13.96090030670166 0.6308479309082031 6.401950836181641 0.2
13.885900497436523 0.8039474487304688 6.2857513427734375 0.2
13.948200225830078 0.8532485961914062 6.07965087890625 0.2
14.110199928283691 0.8132476806640625 5.935850143432617 0.2
14.271699905395508 0.6819496154785156 5.945751190185547 0.2
14.291200637817383 0.4954490661621094 6.043251037597656 0.2
14.224400520324707 0.310150146484375 6.125249862670898 0.2
14.13070011138916 0.12294769287109375 6.095849990844727 0.2
14.12540054321289 0.008548736572265625 5.921850204467773 0.2
14.24779987335205 -0.012248992919921875 5.749050140380859 0.2
14.426199913024902 0.0603485107421875 5.6683502197265625 0.2
14.522000312805176 0.23994827270507812 5.7214508056640625 0.2
14.488300323486328 0.4383506774902344 5.791851043701172 0.2
14.408300399780273 0.6346511840820312 5.804851531982422 0.2
14.34220027923584 0.7739486694335938 5.663351058959961 0.2
14.413000106811523 0.7995491027832031 5.466350555419922 0.2
14.567299842834473 0.7472496032714844 5.331850051879883 0.2
14.717300415039062 0.6031494140625 5.353851318359375 0.2
14.726799964904785 0.4160499572753906 5.453151702880859 0.2
14.660200119018555 0.22954940795898438 5.53175163269043 0.2
14.563600540161133 0.0480499267578125 5.487649917602539 0.2
14.566500663757324 -0.052150726318359375 5.304950714111328 0.2
14.686500549316406 -0.06304931640625 5.130350112915039 0.2
14.860099792480469 0.028247833251953125 5.062351226806641 0.2
14.939200401306152 0.21574783325195312 5.119350433349609 0.2
14.900700569152832 0.4124488830566406 5.19005012512207 0.2
14.815999984741211 0.6056480407714844 5.188350677490234 0.2
14.755900382995605 0.7258491516113281 5.029750823974609 0.2
14.829999923706055 0.7353477478027344 4.832651138305664 0.2
14.984700202941895 0.6665496826171875 4.710050582885742 0.2
15.1181001663208 0.5093498229980469 4.748350143432617 0.2
15.113200187683105 0.3230476379394531 4.848649978637695 0.2
15.042600631713867 0.135650634765625 4.918251037597656 0.2
14.945199966430664 -0.035449981689453125 4.844951629638672 0.2
14.962400436401367 -0.11664962768554688 4.654050827026367 0.2
15.088200569152832 -0.11154937744140625 4.484651565551758 0.2
15.254799842834473 0.00315093994140625 4.439451217651367 0.2
15.30679988861084 0.19635009765625 4.504550933837891 0.2
15.261500358581543 0.39225006103515625 4.572551727294922 0.2
15.166800498962402 0.5784492492675781 4.542350769042969 0.2
15.124600410461426 0.6736488342285156 4.36345100402832 0.2
15.212800025939941 0.6641502380371094 4.171751022338867 0.2
15.371600151062012 0.5725479125976562 4.073751449584961 0.2
15.475700378417969 0.40074920654296875 4.135351181030273 0.2
15.453499794006348 0.21564865112304688 4.236051559448242 0.2
15.370200157165527 0.02774810791015625 4.284749984741211 0.2
15.277900695800781 -0.12435150146484375 4.175750732421875 0.2
15.316800117492676 -0.18085098266601562 3.977550506591797 0.2
15.451300621032715 -0.15175247192382812 3.8194503784179688 0.2
15.603500366210938 -0.009349822998046875 3.8069515228271484 0.2
15.629600524902344 0.18634796142578125 3.880950927734375 0.2
15.57610034942627 0.3822479248046875 3.940450668334961 0.2
15.474400520324707 0.5532493591308594 3.874950408935547 0.2
15.46030044555664 0.6158485412597656 3.678251266479492 0.2
15.558700561523438 0.5835494995117188 3.4947509765625 0.2
15.714500427246094 0.4618492126464844 3.434551239013672 0.2
15.783100128173828 0.27845001220703125 3.512451171875 0.2
15.743900299072266 0.09514999389648438 3.610250473022461 0.2
15.641500473022461 -0.08715057373046875 3.625051498413086 0.2
15.567000389099121 -0.20804977416992188 3.4755516052246094 0.2
15.622200012207031 -0.23685073852539062 3.2749500274658203 0.2
15.767399787902832 -0.17515182495117188 3.1420516967773438 0.2
15.894700050354004 -0.009349822998046875 3.1606502532958984 0.2
15.89840030670166 0.1844482421875 3.2431507110595703 0.2
15.83180046081543 0.3793487548828125 3.283050537109375 0.2
15.731400489807129 0.5231475830078125 3.1718502044677734 0.2
15.741900444030762 0.5498504638671875 2.966350555419922 0.2
15.849300384521484 0.4879493713378906 2.799051284790039 0.2
15.988900184631348 0.33544921875 2.7801513671875 0.2
16.017900466918945 0.1488494873046875 2.870950698852539 0.2
15.961100578308105 -0.03385162353515625 2.9583511352539062 0.2
15.837699890136719 -0.19945144653320312 2.9237499237060547 0.2
15.788900375366211 -0.2823524475097656 2.741849899291992 0.2
15.85770034790039 -0.28125 2.5440502166748047 0.2
16.00909996032715 -0.1806488037109375 2.448150634765625 0.2
16.099899291992188 0.001049041748046875 2.4963512420654297 0.2
16.089500427246094 0.1927490234375 2.582550048828125 0.2
15.998100280761719 0.38124847412109375 2.587850570678711 0.2
15.907899856567383 0.4855499267578125 2.435750961303711 0.2
15.930200576782227 0.4772491455078125 2.2278499603271484 0.2
16.042600631713867 0.3800506591796875 2.0852508544921875 0.2
16.154300689697266 0.20494842529296875 2.1071510314941406 0.2
16.157400131225586 0.021350860595703125 2.208650588989258 0.2
16.074501037597656 -0.15985107421875 2.272550582885742 0.2
15.945700645446777 -0.2967491149902344 2.1860504150390625 0.2
15.924400329589844 -0.3432502746582031 1.9843502044677734 0.2
16.00790023803711 -0.30825042724609375 1.797750473022461 0.2
16.15380096435547 -0.16875076293945312 1.7490501403808594 0.2
16.210201263427734 0.01934814453125 1.8204517364501953 0.2
16.178199768066406 0.21125030517578125 1.8972511291503906 0.2
16.05889892578125 0.37744903564453125 1.860250473022461 0.2
15.988200187683105 0.4342498779296875 1.6759510040283203 0.2
16.019800186157227 0.3944511413574219 1.4736499786376953 0.2
16.143798828125 0.2642478942871094 1.3745498657226562 0.2
16.227001190185547 0.08065032958984375 1.4300498962402344 0.2
16.20949935913086 -0.100250244140625 1.5341510772705078 0.2
16.094900131225586 -0.27194976806640625 1.5606498718261719 0.2
15.986100196838379 -0.3731498718261719 1.4207515716552734 0.2
15.988500595092773 -0.3877525329589844 1.2126502990722656 0.2
16.09670066833496 -0.3122520446777344 1.0568504333496094 0.2
16.221599578857422 -0.14495086669921875 1.0551509857177734 0.2
16.24610137939453 0.042850494384765625 1.1434516906738281 0.2
16.177000045776367 0.231048583984375 1.196950912475586 0.2
16.045499801635742 0.3593482971191406 1.1063499450683594 0.2
15.999300003051758 0.3761482238769531 0.9054508209228516 0.2
16.056400299072266 0.3080482482910156 0.7200508117675781 0.2
16.186199188232422 0.15364837646484375 0.6742515563964844 0.2
16.237998962402344 -0.028949737548828125 0.7595500946044922 0.2
16.1919002532959 -0.21015167236328125 0.8509502410888672 0.2
16.05419921875 -0.3614501953125 0.8195514678955078 0.2
15.980100631713867 -0.4230499267578125 0.6387500762939453 0.2
16.01259994506836 -0.4024505615234375 0.4349498748779297 0.2
16.142000198364258 -0.28404998779296875 0.3301506042480469 0.2
16.228900909423828 -0.101348876953125 0.3748512268066406 0.2
16.219900131225586 0.08554840087890625 0.4669513702392578 0.2
16.103900909423828 0.2579498291015625 0.4797515869140625 0.2
15.987100601196289 0.3404502868652344 0.3354511260986328 0.2
15.973800659179688 0.3258476257324219 0.12855148315429688 0.2
16.06930160522461 0.22674942016601562 -0.021749496459960938 0.2
16.184900283813477 0.054950714111328125 -0.008649826049804688 0.2
16.205799102783203 -0.12475204467773438 0.0946502685546875 0.2
16.116600036621094 -0.3034515380859375 0.153350830078125 0.2
15.981900215148926 -0.4216499328613281 0.05565071105957031 0.2
15.945099830627441 -0.4448509216308594 -0.1472492218017578 0.2
16.012699127197266 -0.3847503662109375 -0.3314495086669922 0.2
16.141799926757812 -0.22785186767578125 -0.3713493347167969 0.2
16.18560028076172 -0.041351318359375 -0.29164886474609375 0.2
16.12820053100586 0.14244842529296875 -0.21434974670410156 0.2
15.982900619506836 0.2803497314453125 -0.26165008544921875 0.2
15.908300399780273 0.31784820556640625 -0.4494495391845703 0.2
15.939499855041504 0.2762489318847656 -0.6495494842529297 0.2
16.06930160522461 0.14324951171875 -0.7368488311767578 0.2
16.150100708007812 -0.036651611328125 -0.673248291015625 0.2
16.131000518798828 -0.216949462890625 -0.5723495483398438 0.2
16.002099990844727 -0.37905120849609375 -0.5672492980957031 0.2
15.895899772644043 -0.4526519775390625 -0.7255496978759766 0.2
15.889300346374512 -0.4412498474121094 -0.9327487945556641 0.2
15.994800567626953 -0.3343505859375 -1.0698490142822266 0.2
16.093700408935547 -0.1531524658203125 -1.047048568725586 0.2
16.090200424194336 0.029949188232421875 -0.9486484527587891 0.2
15.974599838256836 0.19744873046875 -0.9099483489990234 0.2
15.840800285339355 0.28704833984375 -1.0336494445800781 0.2
15.811100006103516 0.29524993896484375 -1.2386493682861328 0.2
15.897700309753418 0.2218475341796875 -1.4071483612060547 0.2
16.025501251220703 0.06024932861328125 -1.4217491149902344 0.2
16.06529998779297 -0.1188507080078125 -1.3241500854492188 0.2
15.997400283813477 -0.2998504638671875 -1.2520484924316406 0.2
15.85260009765625 -0.4263496398925781 -1.320749282836914 0.2
15.773600578308105 -0.458251953125 -1.5094490051269531 0.2
15.800800323486328 -0.4040489196777344 -1.7047500610351562 0.2
15.91670036315918 -0.24785232543945312 -1.769948959350586 0.2
15.963900566101074 -0.06264877319335938 -1.6905498504638672 0.2
15.902000427246094 0.11194992065429688 -1.5981483459472656 0.2
15.74429988861084 0.240447998046875 -1.6260490417480469 0.2
15.639900207519531 0.2919502258300781 -1.7963485717773438 0.2
15.644100189208984 0.27845001220703125 -2.001049041748047 0.2
15.772299766540527 0.164947509765625 -2.1111488342285156 0.2
15.871100425720215 -0.00855255126953125 -2.0602493286132812 0.2
15.87600040435791 -0.19124984741210938 -1.9618492126464844 0.2
15.75730037689209 -0.3608512878417969 -1.9521484375 0.2
15.631400108337402 -0.4360504150390625 -2.094348907470703 0.2
15.586700439453125 -0.4204521179199219 -2.2962493896484375 0.2
15.660099983215332 -0.3011512756347656 -2.4425487518310547 0.2
15.742799758911133 -0.11445236206054688 -2.4147491455078125 0.2
15.728700637817383 0.060749053955078125 -2.3039493560791016 0.2
15.596600532531738 0.21405029296875 -2.2552490234375 0.2
15.444600105285645 0.30104827880859375 -2.360849380493164 0.2
15.365500450134277 0.3311500549316406 -2.5503482818603516 0.2
15.428400039672852 0.2928504943847656 -2.738048553466797 0.2
15.587200164794922 0.16664886474609375 -2.7738494873046875 0.2
15.667900085449219 -0.00495147705078125 -2.690248489379883 0.2
15.64210033416748 -0.198150634765625 -2.620248794555664 0.2
15.5246000289917 -0.35414886474609375 -2.683948516845703 0.2
15.45620059967041 -0.39225006103515625 -2.874849319458008 0.2
15.475600242614746 -0.340850830078125 -3.074249267578125 0.2
15.581600189208984 -0.18664932250976562 -3.157449722290039 0.2
15.62279987335205 0.001850128173828125 -3.084848403930664 0.2
15.556699752807617 0.1656494140625 -2.976449966430664 0.2
15.397700309753418 0.2974510192871094 -2.9765491485595703 0.2
15.31470012664795 0.3637504577636719 -3.1478500366210938 0.2
15.365500450134277 0.358551025390625 -3.349048614501953 0.2
15.480700492858887 0.2886505126953125 -3.49114990234375 0.2
15.593700408935547 0.13014984130859375 -3.5054492950439453 0.2
15.624300003051758 -0.039249420166015625 -3.409149169921875 0.2
15.555500030517578 -0.20875167846679688 -3.3392486572265625 0.2
15.417600631713867 -0.3275489807128906 -3.405550003051758 0.2
15.338000297546387 -0.34564971923828125 -3.5839500427246094 0.2
15.345499992370605 -0.2995491027832031 -3.7750492095947266 0.2
15.453200340270996 -0.17675018310546875 -3.8786487579345703 0.2
15.536499977111816 -0.00675201416015625 -3.830648422241211 0.2
15.53219985961914 0.16154861450195312 -3.728048324584961 0.2
15.432600021362305 0.3292503356933594 -3.7089500427246094 0.2
15.3277006149292 0.4383506774902344 -3.831348419189453 0.2
15.266600608825684 0.4878501892089844 -4.01194953918457 0.2
15.264100074768066 0.4631500244140625 -4.211948394775391 0.2
15.361700057983398 0.3189506530761719 -4.315948486328125 0.2
15.44789981842041 0.14554977416992188 -4.247049331665039 0.2
15.465100288391113 -0.01435089111328125 -4.115148544311523 0.2
15.361800193786621 -0.179351806640625 -4.0527496337890625 0.2
15.208800315856934 -0.2600517272949219 -4.156549453735352 0.2
15.141900062561035 -0.23365020751953125 -4.351249694824219 0.2
15.176400184631348 -0.14245223999023438 -4.531648635864258 0.2
15.273200035095215 0.02935028076171875 -4.5957489013671875 0.2
15.322400093078613 0.22714996337890625 -4.553548812866211 0.2
15.277600288391113 0.4208488464355469 -4.499549865722656 0.2
15.118200302124023 0.5406494140625 -4.536249160766602 0.2
14.984700202941895 0.5548477172851562 -4.693149566650391 0.2
14.929500579833984 0.4920501708984375 -4.881649017333984 0.2
15.00040054321289 0.33734893798828125 -4.994850158691406 0.2
15.111200332641602 0.17205047607421875 -4.940948486328125 0.2
15.161700248718262 0.023548126220703125 -4.804349899291992 0.2
15.068400382995605 -0.13685226440429688 -4.7131500244140625 0.2
14.909000396728516 -0.22925186157226562 -4.794649124145508 0.2
14.83650016784668 -0.2203521728515625 -4.988849639892578 0.2
14.868300437927246 -0.139251708984375 -5.175748825073242 0.2
14.96030044555664 0.03424835205078125 -5.2431488037109375 0.2
14.996500015258789 0.2364501953125 -5.20844841003418 0.2
14.919899940490723 0.42314910888671875 -5.162649154663086 0.2
14.742899894714355 0.5136489868164062 -5.210849761962891 0.2
14.601600646972656 0.5272483825683594 -5.362949371337891 0.2
14.584799766540527 0.44844818115234375 -5.547649383544922 0.2
14.706700325012207 0.28984832763671875 -5.604949951171875 0.2
14.812300682067871 0.136749267578125 -5.512350082397461 0.2
14.824000358581543 -0.0274505615234375 -5.386650085449219 0.2
14.689800262451172 -0.17985153198242188 -5.353948593139648 0.2
14.55880069732666 -0.219451904296875 -5.503448486328125 0.2
14.532100677490234 -0.16334915161132812 -5.702449798583984 0.2
14.60300064086914 -0.021549224853515625 -5.836750030517578 0.2
14.65980052947998 0.17945098876953125 -5.844648361206055 0.2
14.639900207519531 0.37834930419921875 -5.785648345947266 0.2
14.495699882507324 0.521148681640625 -5.752649307250977 0.2
14.340900421142578 0.5515480041503906 -5.880949020385742 0.2
14.303000450134277 0.504150390625 -6.079248428344727 0.2
14.393099784851074 0.39624786376953125 -6.226348876953125 0.2
14.537700653076172 0.2442474365234375 -6.214448928833008 0.2
14.610000610351562 0.08514785766601562 -6.100948333740234 0.2
14.574800491333008 -0.08925247192382812 -5.994749069213867 0.2
14.431900024414062 -0.23025131225585938 -6.025249481201172 0.2
14.34380054473877 -0.2668495178222656 -6.207649230957031 0.2
14.366300582885742 -0.21974945068359375 -6.4064483642578125 0.2
14.477700233459473 -0.07015228271484375 -6.498249053955078 0.2
14.527999877929688 0.1293487548828125 -6.465848922729492 0.2
14.479900360107422 0.3251495361328125 -6.416248321533203 0.2
14.322800636291504 0.45294952392578125 -6.456150054931641 0.2
14.199200630187988 0.4870491027832031 -6.618749618530273 0.2
14.19360065460205 0.4336509704589844 -6.814048767089844 0.2
14.314800262451172 0.2817497253417969 -6.8894500732421875 0.2
14.404600143432617 0.11354827880859375 -6.8074493408203125 0.2
14.416800498962402 -0.05335235595703125 -6.683948516845703 0.2
14.293499946594238 -0.21364974975585938 -6.63184928894043 0.2
14.151700019836426 -0.2834510803222656 -6.757450103759766 0.2
14.112500190734863 -0.2565498352050781 -6.9595489501953125 0.2
14.18340015411377 -0.14424896240234375 -7.117149353027344 0.2
14.26669979095459 0.044651031494140625 -7.138149261474609 0.2
14.293399810791016 0.24654769897460938 -7.092649459838867 0.2
14.200699806213379 0.425048828125 -7.041248321533203 0.2
14.015700340270996 0.5168495178222656 -7.060548782348633 0.2
13.854499816894531 0.5371475219726562 -7.187049865722656 0.2
13.850700378417969 0.4348487854003906 -7.358148574829102 0.2
13.973999977111816 0.2657508850097656 -7.37864875793457 0.2
14.046700477600098 0.09654998779296875 -7.280649185180664 0.2
14.021100044250488 -0.07445144653320312 -7.161249160766602 0.2
13.874899864196777 -0.21775054931640625 -7.150848388671875 0.2
13.78439998626709 -0.25765228271484375 -7.327548980712891 0.2
13.81860065460205 -0.20714950561523438 -7.526948928833008 0.2
13.924300193786621 -0.07054901123046875 -7.643749237060547 0.2
14.00059986114502 0.12215042114257812 -7.628049850463867 0.2
14.005300521850586 0.3215484619140625 -7.567548751831055 0.2
13.875200271606445 0.4814491271972656 -7.56144905090332 0.2
13.714099884033203 0.5332489013671875 -7.68174934387207 0.2
13.631500244140625 0.4821510314941406 -7.862449645996094 0.2
13.687100410461426 0.30934906005859375 -7.964948654174805 0.2
13.761899948120117 0.123748779296875 -7.906648635864258 0.2
13.781200408935547 -0.03964996337890625 -7.778348922729492 0.2
13.66510009765625 -0.175048828125 -7.668949127197266 0.2
13.489999771118164 -0.2319488525390625 -7.747049331665039 0.2
13.434599876403809 -0.20714950561523438 -7.945549011230469 0.2
13.492000579833984 -0.12115097045898438 -8.125249862670898 0.2
13.592000007629395 0.048748016357421875 -8.19005012512207 0.2
13.656000137329102 0.24684906005859375 -8.169849395751953 0.2
13.622600555419922 0.4430503845214844 -8.111148834228516 0.2
13.461100578308105 0.5712509155273438 -8.08115005493164 0.2
13.273500442504883 0.6231498718261719 -8.150348663330078 0.2
13.196499824523926 0.5372505187988281 -8.312549591064453 0.2
13.282400131225586 0.3569488525390625 -8.379249572753906 0.2
13.361200332641602 0.17694854736328125 -8.308549880981445 0.2
13.362199783325195 0.006748199462890625 -8.187849044799805 0.2
13.219799995422363 -0.1282501220703125 -8.120849609375 0.2
13.069300651550293 -0.171051025390625 -8.248249053955078 0.2
13.039100646972656 -0.13434982299804688 -8.450550079345703 0.2
13.115099906921387 -0.02014923095703125 -8.60634994506836 0.2
13.217500686645508 0.15974807739257812 -8.625249862670898 0.2
13.2746000289917 0.35485076904296875 -8.578048706054688 0.2
13.191699981689453 0.5390510559082031 -8.532049179077148 0.2
13.011099815368652 0.6348495483398438 -8.567548751831055 0.2
12.851349830627441 0.6276512145996094 -8.696149826049805 0.2
12.840410232543945 0.4731483459472656 -8.826349258422852 0.2
12.917610168457031 0.278350830078125 -8.807649612426758 0.2
12.955260276794434 0.10824966430664062 -8.69234848022461 0.2
12.882650375366211 -0.034149169921875 -8.552749633789062 0.2
12.70403003692627 -0.12475204467773438 -8.558248519897461 0.2
12.617330551147461 -0.1363525390625 -8.743049621582031 0.2
12.663229942321777 -0.089752197265625 -8.94114875793457 0.2
12.788479804992676 0.037548065185546875 -9.049749374389648 0.2
12.876110076904297 0.22755050659179688 -9.05204963684082 0.2
12.89291000366211 0.432647705078125 -9.016348838806152 0.2
12.774869918823242 0.6026496887207031 -8.9983491897583 0.2
12.597660064697266 0.686248779296875 -9.070448875427246 0.2
12.48939037322998 0.6490478515625 -9.236848831176758 0.2
12.547619819641113 0.4806480407714844 -9.346348762512207 0.2
12.63010025024414 0.29364776611328125 -9.302148818969727 0.2
12.661300659179688 0.11555099487304688 -9.197249412536621 0.2
12.550180435180664 -0.03565216064453125 -9.1031494140625 0.2
12.35925006866455 -0.09144973754882812 -9.15204906463623 0.2
12.232680320739746 -0.0621490478515625 -9.314449310302734 0.2
12.247429847717285 0.0509490966796875 -9.486549377441406 0.2
12.346720695495605 0.2261505126953125 -9.54024887084961 0.2
12.4335298538208 0.41574859619140625 -9.520849227905273 0.2
12.408400535583496 0.6106491088867188 -9.451748847961426 0.2
12.257070541381836 0.7430496215820312 -9.393548965454102 0.2
12.057530403137207 0.7741508483886719 -9.427749633789062 0.2
11.966780662536621 0.6411476135253906 -9.549249649047852 0.2
12.020899772644043 0.438751220703125 -9.585549354553223 0.2
12.085229873657227 0.2537498474121094 -9.511849403381348 0.2
12.085909843444824 0.09505081176757812 -9.372949600219727 0.2
11.935100555419922 -0.00315093994140625 -9.278449058532715 0.2
11.763490676879883 -0.015552520751953125 -9.387349128723145 0.2
11.70974063873291 0.034450531005859375 -9.582348823547363 0.2
11.764520645141602 0.15594863891601562 -9.742749214172363 0.2
11.858640670776367 0.3374481201171875 -9.787049293518066 0.2
11.926700592041016 0.5347480773925781 -9.770049095153809 0.2
11.880060195922852 0.7249488830566406 -9.698149681091309 0.2
11.715929985046387 0.845550537109375 -9.65324878692627 0.2
11.520359992980957 0.8590507507324219 -9.71204948425293 0.2
11.460169792175293 0.7141494750976562 -9.84114933013916 0.2
11.528619766235352 0.5158500671386719 -9.861649513244629 0.2
11.593950271606445 0.3327484130859375 -9.78334903717041 0.2
11.569220542907715 0.1723480224609375 -9.646449089050293 0.2
11.397000312805176 0.08295059204101562 -9.587348937988281 0.2
11.239580154418945 0.09225082397460938 -9.718749046325684 0.2
11.20128059387207 0.16785049438476562 -9.909648895263672 0.2
11.271810531616211 0.31655120849609375 -10.039149284362793 0.2
11.365460395812988 0.5033493041992188 -10.057848930358887 0.2
11.399700164794922 0.7047500610351562 -10.01504898071289 0.2
11.293910026550293 0.8699493408203125 -9.943449020385742 0.2
11.102160453796387 0.9513511657714844 -9.941549301147461 0.2
10.9451904296875 0.890350341796875 -10.052449226379395 0.2
10.958209991455078 0.7021484375 -10.147849082946777 0.2
11.026410102844238 0.5048484802246094 -10.12554931640625 0.2
11.067780494689941 0.3189506530761719 -10.037749290466309 0.2
10.985190391540527 0.18194961547851562 -9.901449203491211 0.2
10.784530639648438 0.15504837036132812 -9.901749610900879 0.2
10.64126968383789 0.2167510986328125 -10.039448738098145 0.2
10.634269714355469 0.3410491943359375 -10.210248947143555 0.2
10.721750259399414 0.5141487121582031 -10.290449142456055 0.2
10.818140029907227 0.7007484436035156 -10.295549392700195 0.2
10.825250625610352 0.895050048828125 -10.221749305725098 0.2
10.657699584960938 0.9980506896972656 -10.17764949798584 0.2
10.485780715942383 0.9389495849609375 -10.273849487304688 0.2
10.421380043029785 0.7860488891601562 -10.402949333190918 0.2
10.441949844360352 0.5821495056152344 -10.454049110412598 0.2
10.500840187072754 0.3853492736816406 -10.411648750305176 0.2
10.533729553222656 0.21215057373046875 -10.300148963928223 0.2
10.424560546875 0.12395095825195312 -10.1504487991333 0.2
10.222030639648438 0.14394760131835938 -10.155549049377441 0.2
10.091020584106445 0.22935104370117188 -10.291749000549316 0.2
10.088850021362305 0.3670501708984375 -10.45314884185791 0.2
10.173410415649414 0.5443496704101562 -10.526349067687988 0.2
10.261550903320312 0.7345504760742188 -10.523448944091797 0.2
10.245200157165527 0.917449951171875 -10.4225492477417 0.2
10.066049575805664 1.0007476806640625 -10.373649597167969 0.2
9.872200012207031 0.9614486694335938 -10.437748908996582 0.2
9.791910171508789 0.8073501586914062 -10.553049087524414 0.2
9.830920219421387 0.6034507751464844 -10.589949607849121 0.2
9.897819519042969 0.4085502624511719 -10.550349235534668 0.2
9.912740707397461 0.24345016479492188 -10.42094898223877 0.2
9.77003002166748 0.1806488037109375 -10.291449546813965 0.2
9.576020240783691 0.22945022583007812 -10.339049339294434 0.2
9.475730895996094 0.3332481384277344 -10.49014949798584 0.2
9.505470275878906 0.48674774169921875 -10.634248733520508 0.2
9.597070693969727 0.6671485900878906 -10.690349578857422 0.2
9.672530174255371 0.8614501953125 -10.665349006652832 0.2
9.606010437011719 1.0272483825683594 -10.562949180603027 0.2
9.404120445251465 1.0623512268066406 -10.560749053955078 0.2
9.239490509033203 0.9755477905273438 -10.655448913574219 0.2
9.202670097351074 0.7927474975585938 -10.757649421691895 0.2
9.25903034210205 0.5902481079101562 -10.763249397277832 0.2
9.327380180358887 0.4002494812011719 -10.703449249267578 0.2
9.312150001525879 0.25875091552734375 -10.551849365234375 0.2
9.134410858154297 0.2330474853515625 -10.45944881439209 0.2
8.953700065612793 0.30175018310546875 -10.535749435424805 0.2
8.881370544433594 0.421051025390625 -10.693449020385742 0.2
8.926990509033203 0.5903511047363281 -10.811248779296875 0.2
9.017860412597656 0.7749481201171875 -10.855548858642578 0.2
9.073740005493164 0.9691505432128906 -10.802948951721191 0.2
8.967510223388672 1.1025505065917969 -10.689848899841309 0.2
8.760390281677246 1.1084480285644531 -10.673648834228516 0.2
8.603890419006348 0.9972496032714844 -10.75054931640625 0.2
8.588510513305664 0.7980499267578125 -10.826048851013184 0.2
8.654500007629395 0.5986480712890625 -10.821249008178711 0.2
8.714210510253906 0.41394805908203125 -10.742249488830566 0.2
8.659390449523926 0.3089485168457031 -10.572649002075195 0.2
8.464810371398926 0.3292503356933594 -10.519549369812012 0.2
8.308040618896484 0.42314910888671875 -10.618349075317383 0.2
8.269510269165039 0.5645484924316406 -10.773249626159668 0.2
8.33279037475586 0.74224853515625 -10.866349220275879 0.2
8.42278003692627 0.9301490783691406 -10.893149375915527 0.2
8.447090148925781 1.1148490905761719 -10.798449516296387 0.2
8.291020393371582 1.2034492492675781 -10.704049110412598 0.2
8.089770317077637 1.1561508178710938 -10.730149269104004 0.2
7.97851037979126 1.0046501159667969 -10.82504940032959 0.2
7.99616003036499 0.7994499206542969 -10.873249053955078 0.2
8.066490173339844 0.6021499633789062 -10.853349685668945 0.2
8.113420486450195 0.4317474365234375 -10.739449501037598 0.2
8.011680603027344 0.3631477355957031 -10.576848983764648 0.2
7.8117804527282715 0.4113502502441406 -10.571349143981934 0.2
7.678030014038086 0.5177497863769531 -10.692449569702148 0.2
7.6734700202941895 0.6738510131835938 -10.838048934936523 0.2
7.748010158538818 0.8564491271972656 -10.911849021911621 0.2
7.833020210266113 1.0490493774414062 -10.90994930267334 0.2
7.811890125274658 1.2182502746582031 -10.79284954071045 0.2
7.621150016784668 1.2636489868164062 -10.735649108886719 0.2
7.436330318450928 1.1835479736328125 -10.792549133300781 0.2
7.367710113525391 1.007049560546875 -10.890249252319336 0.2
7.411020278930664 0.8022499084472656 -10.9156494140625 0.2
7.484500408172607 0.6077499389648438 -10.87964916229248 0.2
7.5057902336120605 0.45674896240234375 -10.737349510192871 0.2
7.3570404052734375 0.4218482971191406 -10.60474967956543 0.2
7.163010120391846 0.4888496398925781 -10.637848854064941 0.2
7.059680461883545 0.6093482971191406 -10.775749206542969 0.2
7.082420349121094 0.7800483703613281 -10.900548934936523 0.2
7.164060115814209 0.9661483764648438 -10.956249237060547 0.2
7.234940052032471 1.1597480773925781 -10.918048858642578 0.2
7.156330108642578 1.2996482849121094 -10.79124927520752 0.2
6.95182991027832 1.3021507263183594 -10.76254940032959 0.2
6.791040420532227 1.1917495727539062 -10.835248947143555 0.2
6.7594404220581055 0.9967498779296875 -10.917649269104004 0.2
6.820120334625244 0.79534912109375 -10.924348831176758 0.2
6.8903303146362305 0.6063499450683594 -10.865348815917969 0.2
6.869190216064453 0.48635101318359375 -10.696549415588379 0.2
6.687849998474121 0.4902496337890625 -10.605749130249023 0.2
6.510720252990723 0.5768508911132812 -10.6725492477417 0.2
6.444660186767578 0.7164497375488281 -10.819149017333984 0.2
6.492420196533203 0.8968505859375 -10.9181489944458 0.2
6.576010227203369 1.0867500305175781 -10.9535493850708 0.2
6.617270469665527 1.274749755859375 -10.86864948272705 0.2
6.478859901428223 1.3730506896972656 -10.758249282836914 0.2
6.275600433349609 1.3305511474609375 -10.774249076843262 0.2
6.154940128326416 1.1856498718261719 -10.868449211120605 0.2
6.164629936218262 0.9819488525390625 -10.926548957824707 0.2
6.235810279846191 0.7837486267089844 -10.916749000549316 0.2
6.296540260314941 0.6064491271972656 -10.82094955444336 0.2
6.222530364990234 0.5214500427246094 -10.64954948425293 0.2
6.023139953613281 0.555450439453125 -10.610149383544922 0.2
5.866829872131348 0.6567497253417969 -10.705948829650879 0.2
5.84065055847168 0.8142509460449219 -10.848149299621582 0.2
5.905529975891113 0.9995498657226562 -10.925148963928223 0.2
5.987420082092285 1.1939506530761719 -10.93174934387207 0.2
5.982570171356201 1.3655509948730469 -10.814048767089844 0.2
5.800829887390137 1.4157485961914062 -10.7350492477417 0.2
5.608940124511719 1.340850830078125 -10.773348808288574 0.2
5.529990196228027 1.1664505004882812 -10.866649627685547 0.2
5.570410251617432 0.9614486694335938 -10.898049354553223 0.2
5.646369934082031 0.7660484313964844 -10.871949195861816 0.2
5.68379020690918 0.6109504699707031 -10.736449241638184 0.2
5.55210018157959 0.5696487426757812 -10.587849617004395 0.2
5.353010177612305 0.6311492919921875 -10.593149185180664 0.2
5.2323102951049805 0.7510490417480469 -10.715649604797363 0.2
5.243560314178467 0.9241485595703125 -10.840349197387695 0.2
5.317399978637695 1.1134490966796875 -10.897048950195312 0.2
5.388210296630859 1.3082504272460938 -10.860849380493164 0.2
5.315310478210449 1.4486503601074219 -10.73124885559082 0.2
5.110970497131348 1.4480476379394531 -10.704249382019043 0.2
4.954060077667236 1.3359489440917969 -10.783848762512207 0.2
4.9242401123046875 1.1426506042480469 -10.870948791503906 0.2
4.9865403175354 0.9415512084960938 -10.879849433898926 0.2
5.06210994720459 0.7521476745605469 -10.827749252319336 0.2
5.054719924926758 0.6239509582519531 -10.663249015808105 0.2
4.8804802894592285 0.6136474609375 -10.558649063110352 0.2
4.692870140075684 0.6895484924316406 -10.608949661254883 0.2
4.612950325012207 0.8259506225585938 -10.750749588012695 0.2
4.652410507202148 1.0086479187011719 -10.850149154663086 0.2
4.729210376739502 1.2018508911132812 -10.884949684143066 0.2
4.770330429077148 1.3927497863769531 -10.803648948669434 0.2
4.636390209197998 1.4944496154785156 -10.690448760986328 0.2
4.4322099685668945 1.4554481506347656 -10.705948829650879 0.2
4.310720443725586 1.3133506774902344 -10.803049087524414 0.2
4.322780132293701 1.110748291015625 -10.864849090576172 0.2
4.397690296173096 0.9135475158691406 -10.857349395751953 0.2
4.464450359344482 0.7340507507324219 -10.769049644470215 0.2
4.402180194854736 0.6395492553710938 -10.596949577331543 0.2
4.203780174255371 0.6618499755859375 -10.543649673461914 0.2
4.036410331726074 0.7562484741210938 -10.626648902893066 0.2
4.001886367797852 0.9142494201660156 -10.767148971557617 0.2
4.060270309448242 1.1035499572753906 -10.840449333190918 0.2
4.135650157928467 1.3010482788085938 -10.843249320983887 0.2
4.128109931945801 1.4738502502441406 -10.725849151611328 0.2
3.943242311477661 1.523651123046875 -10.6548490524292 0.2
3.7552802562713623 1.4478492736816406 -10.708949089050293 0.2
3.6838183403015137 1.275848388671875 -10.81204891204834 0.2
3.7299041748046875 1.0722503662109375 -10.845349311828613 0.2
3.810458183288574 0.8782501220703125 -10.821249008178711 0.2
3.85453724861145 0.7174491882324219 -10.69434928894043 0.2
3.7324581146240234 0.6614494323730469 -10.540948867797852 0.2
3.5292742252349854 0.7083511352539062 -10.53174877166748 0.2
3.395979166030884 0.8216476440429688 -10.645849227905273 0.2
3.399299144744873 0.9959487915039062 -10.770349502563477 0.2
3.467494249343872 1.1889495849609375 -10.821748733520508 0.2
3.530125141143799 1.3869476318359375 -10.783248901367188 0.2
3.4526543617248535 1.52874755859375 -10.656649589538574 0.2
3.247098207473755 1.5316505432128906 -10.635848999023438 0.2
3.0910964012145996 1.4230499267578125 -10.72184944152832 0.2
3.068946599960327 1.2305488586425781 -10.811849594116211 0.2
3.1380691528320312 1.0315475463867188 -10.819849014282227 0.2
3.2183852195739746 0.8427505493164062 -10.771749496459961 0.2
3.2202823162078857 0.7088508605957031 -10.610749244689941 0.2
3.054145574569702 0.6879501342773438 -10.49364948272705 0.2
2.858447313308716 0.7542495727539062 -10.522748947143555 0.2
2.766982316970825 0.8894500732421875 -10.657649040222168 0.2
2.800563335418701 1.0750503540039062 -10.754348754882812 0.2
2.871065139770508 1.2719497680664062 -10.782649040222168 0.2
2.900402307510376 1.4642486572265625 -10.69594955444336 0.2
2.7552781105041504 1.5623512268066406 -10.593449592590332 0.2
2.5516772270202637 1.5237503051757812 -10.621149063110352 0.2
2.439488172531128 1.3804512023925781 -10.726849555969238 0.2
2.4654111862182617 1.1785507202148438 -10.784849166870117 0.2
2.5468621253967285 0.9837493896484375 -10.773649215698242 0.2
2.61944317817688 0.80474853515625 -10.688549041748047 0.2
2.5687661170959473 0.7048492431640625 -10.514348983764648 0.2
2.374885082244873 0.7146492004394531 -10.439848899841309 0.2
2.194329261779785 0.7987480163574219 -10.502449035644531 0.2
2.1515932083129883 0.9542503356933594 -10.643548965454102 0.2
2.2055273056030273 1.1458511352539062 -10.71514892578125 0.2
2.2709972858428955 1.3474502563476562 -10.709548950195312 0.2
2.2413113117218018 1.5227508544921875 -10.59704875946045 0.2
2.046760082244873 1.5715484619140625 -10.55164909362793 0.2
1.8634601831436157 1.4985504150390625 -10.623549461364746 0.2
1.812110185623169 1.3252487182617188 -10.734048843383789 0.2
1.8747901916503906 1.1246490478515625 -10.758249282836914 0.2
1.9626702070236206 0.9343490600585938 -10.727648735046387 0.2
2.0107693672180176 0.7722511291503906 -10.603349685668945 0.2
1.897030234336853 0.7054481506347656 -10.445849418640137 0.2
1.6916002035140991 0.7342491149902344 -10.417448997497559 0.2
1.5461702346801758 0.836151123046875 -10.524848937988281 0.2
1.5460401773452759 1.0079498291015625 -10.653948783874512 0.2
1.6089202165603638 1.2040481567382812 -10.70064926147461 0.2
1.6518102884292603 1.4073486328125 -10.655448913574219 0.2
1.547120213508606 1.5495491027832031 -10.549149513244629 0.2
1.3386902809143066 1.5564498901367188 -10.551149368286133 0.2
1.1913502216339111 1.4490509033203125 -10.650749206542969 0.2
1.1968402862548828 1.2557487487792969 -10.738649368286133 0.2
1.2804902791976929 1.06195068359375 -10.733649253845215 0.2
1.3664501905441284 0.8770484924316406 -10.679049491882324 0.2
1.3709502220153809 0.7405509948730469 -10.519148826599121 0.2
1.2116001844406128 0.70574951171875 -10.39324951171875 0.2
1.0084102153778076 0.7515487670898438 -10.404149055480957 0.2
0.9111301898956299 0.8754501342773438 -10.5431489944458 0.2
0.94454026222229 1.0588493347167969 -10.645249366760254 0.2
1.0048801898956299 1.25994873046875 -10.668848991394043 0.2
1.0007202625274658 1.4576492309570312 -10.58604907989502 0.2
0.835010290145874 1.5552482604980469 -10.515349388122559 0.2
0.6321101188659668 1.5252494812011719 -10.558448791503906 0.2
0.5409502983093262 1.3790512084960938 -10.675949096679688 0.2
0.5961601734161377 1.1805496215820312 -10.72244930267334 0.2
0.6899302005767822 0.9926490783691406 -10.696148872375488 0.2
0.7631902694702148 0.8170509338378906 -10.603849411010742 0.2
0.7095801830291748 0.7123489379882812 -10.431448936462402 0.2
0.5172302722930908 0.7023506164550781 -10.349449157714844 0.2
0.33001017570495605 0.7662506103515625 -10.411949157714844 0.2
0.29192018508911133 0.9123497009277344 -10.563549041748047 0.2
0.34315013885498047 1.1040496826171875 -10.637749671936035 0.2
0.3872401714324951 1.3116493225097656 -10.630949020385742 0.2
0.3222203254699707 1.4879493713378906 -10.533049583435059 0.2
0.12435030937194824 1.54534912109375 -10.494449615478516 0.2
-0.0618898868560791 1.4806480407714844 -10.560049057006836 0.2
-0.08627986907958984 1.301849365234375 -10.667549133300781 0.2
-0.0027098655700683594 1.1071510314941406 -10.676849365234375 0.2
0.09133028984069824 0.9218482971191406 -10.634749412536621 0.2
0.1336503028869629 0.7646484375 -10.500349044799805 0.2
0.02579021453857422 0.6946487426757812 -10.336149215698242 0.2
-0.17615985870361328 0.7005500793457031 -10.281349182128906 0.2
-0.3216698169708252 0.7862510681152344 -10.398249626159668 0.2
-0.3119797706604004 0.9510498046875 -10.536349296569824 0.2
-0.25857973098754883 1.1487503051757812 -10.589348793029785 0.2
-0.24688982963562012 1.3583488464355469 -10.550848960876465 0.2
-0.37509965896606445 1.4991493225097656 -10.465649604797363 0.2
-0.5842998027801514 1.5178489685058594 -10.463449478149414 0.2
-0.7213797569274902 1.4035491943359375 -10.565349578857422 0.2
-0.6850297451019287 1.2088508605957031 -10.640249252319336 0.2
-0.5893096923828125 1.0217475891113281 -10.618449211120605 0.2
-0.5021998882293701 0.8424491882324219 -10.548648834228516 0.2
-0.5055696964263916 0.711151123046875 -10.382549285888672 0.2
-0.6592097282409668 0.6651496887207031 -10.250049591064453 0.2
-0.8648197650909424 0.6864509582519531 -10.25744915008545 0.2
-0.9526398181915283 0.7938499450683594 -10.41404914855957 0.2
-0.9172797203063965 0.9731483459472656 -10.52294921875 0.2
-0.8724696636199951 1.176849365234375 -10.557748794555664 0.2
-0.9018597602844238 1.3796501159667969 -10.492949485778809 0.2
-1.0692296028137207 1.4836502075195312 -10.427349090576172 0.2
-1.2748498916625977 1.4639511108398438 -10.456149101257324 0.2
-1.354379653930664 1.3107490539550781 -10.570348739624023 0.2
-1.2820096015930176 1.1151504516601562 -10.603249549865723 0.2
-1.18218994140625 0.9329490661621094 -10.56244945526123 0.2
-1.111649990081787 0.7631492614746094 -10.457549095153809 0.2
-1.1675095558166504 0.6588478088378906 -10.28334903717041 0.2
-1.3546695709228516 0.6297492980957031 -10.192648887634277 0.2
-1.5426297187805176 0.6700477600097656 -10.26504898071289 0.2
-1.5718498229980469 0.8044509887695312 -10.428149223327637 0.2
-1.5269598960876465 0.9952507019042969 -10.509449005126953 0.2
-1.496849536895752 1.2051506042480469 -10.520249366760254 0.2
-1.5681099891662598 1.3883476257324219 -10.437349319458008 0.2
-1.762819766998291 1.4526481628417969 -10.390748977661133 0.2
-1.9511098861694336 1.3866500854492188 -10.445649147033691 0.2
-1.9682698249816895 1.2037506103515625 -10.547149658203125 0.2
-1.8770098686218262 1.0121498107910156 -10.544649124145508 0.2
-1.7791595458984375 0.8329505920410156 -10.487548828125 0.2
-1.7397098541259766 0.6814498901367188 -10.344549179077148 0.2
-1.8492999076843262 0.604949951171875 -10.183249473571777 0.2
-2.052689552307129 0.59014892578125 -10.137649536132812 0.2
-2.1936497688293457 0.6550483703613281 -10.272149085998535 0.2
-2.1840696334838867 0.8143501281738281 -10.414949417114258 0.2
-2.1402697563171387 1.0118484497070312 -10.47754955291748 0.2
-2.1310997009277344 1.2239494323730469 -10.459949493408203 0.2
-2.2436399459838867 1.3764495849609375 -10.36824893951416 0.2
-2.448859691619873 1.4047508239746094 -10.334049224853516 0.2
-2.5998897552490234 1.2901496887207031 -10.411449432373047 0.2
-2.5695595741271973 1.0924491882324219 -10.482648849487305 0.2
-2.470059871673584 0.908050537109375 -10.454249382019043 0.2
-2.3815999031066895 0.7348480224609375 -10.371249198913574 0.2
-2.388209819793701 0.6098480224609375 -10.198649406433105 0.2
-2.5377697944641113 0.5538482666015625 -10.064148902893066 0.2
-2.7420296669006348 0.5545501708984375 -10.083148956298828 0.2
-2.823469638824463 0.6502494812011719 -10.251249313354492 0.2
-2.7946395874023438 0.8298492431640625 -10.360249519348145 0.2
-2.7574896812438965 1.0323486328125 -10.409249305725098 0.2
-2.7742199897766113 1.2401504516601562 -10.357048988342285 0.2
-2.9193196296691895 1.3563499450683594 -10.262049674987793 0.2
-3.126659870147705 1.3433494567871094 -10.242049217224121 0.2
-3.228029727935791 1.1858482360839844 -10.328649520874023 0.2
-3.161379814147949 0.987548828125 -10.360849380493164 0.2
-3.058499813079834 0.8078498840332031 -10.316049575805664 0.2
-2.9864096641540527 0.6462478637695312 -10.197949409484863 0.2
-3.0364599227905273 0.5486488342285156 -10.017148971557617 0.2
-3.2147598266601562 0.5077476501464844 -9.914548873901367 0.2
-3.4004297256469727 0.5296478271484375 -9.996149063110352 0.2
-3.4291296005249023 0.6566505432128906 -10.163848876953125 0.2
-3.394979953765869 0.8467483520507812 -10.252449035644531 0.2
-3.369119644165039 1.0556488037109375 -10.282249450683594 0.2
-3.4218597412109375 1.247650146484375 -10.204049110412598 0.2
-3.6035799980163574 1.3201484680175781 -10.126548767089844 0.2
-3.8003697395324707 1.2564506530761719 -10.142449378967285 0.2
-3.835549831390381 1.0694503784179688 -10.231749534606934 0.2
-3.7445197105407715 0.8774490356445312 -10.230849266052246 0.2
-3.6411795616149902 0.7024497985839844 -10.170248985290527 0.2
-3.595089912414551 0.556549072265625 -10.021849632263184 0.2
-3.6964597702026367 0.47644805908203125 -9.856049537658691 0.2
-3.896909713745117 0.44715118408203125 -9.806448936462402 0.2
-4.040189743041992 0.49954986572265625 -9.944748878479004 0.2
-4.040289878845215 0.6565475463867188 -10.089249610900879 0.2
-4.006549835205078 0.8526496887207031 -10.162149429321289 0.2
-3.9935197830200195 1.0650482177734375 -10.163249015808105 0.2
-4.084659576416016 1.227447509765625 -10.063348770141602 0.2
-4.2811198234558105 1.2580490112304688 -9.995948791503906 0.2
-4.445959568023682 1.1435508728027344 -10.037749290466309 0.2
-4.430989742279053 0.9420509338378906 -10.105449676513672 0.2
-4.329219818115234 0.7580490112304688 -10.081449508666992 0.2
-4.231579780578613 0.5881500244140625 -10.001249313354492 0.2
-4.220709800720215 0.4656486511230469 -9.826249122619629 0.2
-4.357579708099365 0.4051475524902344 -9.680549621582031 0.2
-4.562519550323486 0.3957481384277344 -9.685349464416504 0.2
-4.66025972366333 0.48394775390625 -9.849148750305176 0.2
-4.645469665527344 0.6610488891601562 -9.964849472045898 0.2
-4.61515998840332 0.8608474731445312 -10.027949333190918 0.2
-4.6198296546936035 1.07244873046875 -9.990849494934082 0.2
-4.748029708862305 1.1943511962890625 -9.880349159240723 0.2
-4.950639724731445 1.1775474548339844 -9.829049110412598 0.2
-5.067899703979492 1.0174484252929688 -9.88754940032959 0.2
-5.010409355163574 0.8158493041992188 -9.920848846435547 0.2
-4.901989936828613 0.6377487182617188 -9.882148742675781 0.2
-4.814029693603516 0.4803504943847656 -9.768649101257324 0.2
-4.8413896560668945 0.3858489990234375 -9.58134937286377 0.2
-5.007329940795898 0.34204864501953125 -9.46044921875 0.2
-5.201459884643555 0.3565483093261719 -9.522748947143555 0.2
-5.255390167236328 0.4790496826171875 -9.687249183654785 0.2
-5.235849380493164 0.6657485961914062 -9.787049293518066 0.2
-5.212719917297363 0.8713493347167969 -9.836548805236816 0.2
-5.240610122680664 1.0709495544433594 -9.764348983764648 0.2
-5.398839950561523 1.1505508422851562 -9.651349067687988 0.2
-5.594659805297852 1.0887489318847656 -9.615049362182617 0.2
-5.65541934967041 0.8973503112792969 -9.677948951721191 0.2
-5.5710296630859375 0.7021484375 -9.684049606323242 0.2
-5.460129737854004 0.5282478332519531 -9.634248733520508 0.2
-5.384319305419922 0.3899497985839844 -9.490049362182617 0.2
-5.446249961853027 0.3197479248046875 -9.301548957824707 0.2
-5.6308393478393555 0.29235076904296875 -9.208449363708496 0.2
-5.799229621887207 0.3347511291503906 -9.318948745727539 0.2
-5.828629493713379 0.48175048828125 -9.47144889831543 0.2
-5.811069488525391 0.6718482971191406 -9.563249588012695 0.2
-5.796839714050293 0.8828506469726562 -9.5879487991333 0.2
-5.862110137939453 1.0563507080078125 -9.486549377441406 0.2
-6.0430192947387695 1.0894508361816406 -9.385848999023438 0.2
-6.215669631958008 0.9772491455078125 -9.382749557495117 0.2
-6.22266960144043 0.7721481323242188 -9.439249038696289 0.2
-6.1205596923828125 0.5871505737304688 -9.424549102783203 0.2
-6.008199691772461 0.4201507568359375 -9.358749389648438 0.2
-5.95419979095459 0.3042488098144531 -9.186948776245117 0.2
-6.051730155944824 0.25054931640625 -9.010449409484863 0.2
-6.2517595291137695 0.23854827880859375 -8.963648796081543 0.2
-6.387589454650879 0.3121490478515625 -9.105849266052246 0.2
-6.400699615478516 0.4785499572753906 -9.237049102783203 0.2
-6.3843793869018555 0.6722488403320312 -9.321048736572266 0.2
-6.38068962097168 0.8865509033203125 -9.307449340820312 0.2
-6.485899925231934 1.0190505981445312 -9.186149597167969 0.2
-6.677430152893066 1.0009498596191406 -9.101049423217773 0.2
-6.8101301193237305 0.8429489135742188 -9.12234878540039 0.2
-6.768400192260742 0.6375503540039062 -9.156349182128906 0.2
-6.655920028686523 0.4593505859375 -9.130748748779297 0.2
-6.542949676513672 0.30355072021484375 -9.040549278259277 0.2
-6.516029357910156 0.2149505615234375 -8.849849700927734 0.2
-6.646349906921387 0.17964935302734375 -8.688749313354492 0.2
-6.851099967956543 0.19244766235351562 -8.68844985961914 0.2
-6.952360153198242 0.3003501892089844 -8.841848373413086 0.2
-6.956399917602539 0.4766502380371094 -8.960649490356445 0.2
-6.942509651184082 0.675750732421875 -9.034149169921875 0.2
-6.953129768371582 0.882049560546875 -8.978249549865723 0.2
-7.089099884033203 0.9642486572265625 -8.842748641967773 0.2
-7.2729997634887695 0.898651123046875 -8.765748977661133 0.2
-7.35159969329834 0.7054481506347656 -8.796049118041992 0.2
-7.2761993408203125 0.5067481994628906 -8.806449890136719 0.2
-7.158499717712402 0.3330497741699219 -8.77454948425293 0.2
-7.047100067138672 0.19974899291992188 -8.651350021362305 0.2
-7.0600996017456055 0.14154815673828125 -8.450149536132812 0.2
-7.218199729919434 0.1275482177734375 -8.313749313354492 0.2
-7.411799430847168 0.17494964599609375 -8.370849609375 0.2
-7.482999801635742 0.3154487609863281 -8.515649795532227 0.2
-7.484199523925781 0.4947509765625 -8.62864875793457 0.2
-7.469900131225586 0.7015495300292969 -8.676248550415039 0.2
-7.500199317932129 0.8804512023925781 -8.569448471069336 0.2
-7.644299507141113 0.9108505249023438 -8.420448303222656 0.2
-7.800899505615234 0.792449951171875 -8.354349136352539 0.2
-7.8212995529174805 0.58074951171875 -8.37394905090332 0.2
-7.724199295043945 0.3923492431640625 -8.368749618530273 0.2
-7.599499702453613 0.22705078125 -8.322750091552734 0.2
-7.496099472045898 0.13335037231445312 -8.161348342895508 0.2
-7.554100036621094 0.10955047607421875 -7.962949752807617 0.2
-7.7378997802734375 0.12664794921875 -7.870248794555664 0.2
-7.905799865722656 0.21434783935546875 -7.965950012207031 0.2
-7.950699806213379 0.3733482360839844 -8.098848342895508 0.2
-7.95359992980957 0.5544509887695312 -8.20895004272461 0.2
-7.929200172424316 0.7673492431640625 -8.21204948425293 0.2
-7.976900100708008 0.9023475646972656 -8.062250137329102 0.2
-8.115300178527832 0.8871498107910156 -7.904449462890625 0.2
-8.231800079345703 0.7224502563476562 -7.850349426269531 0.2
-8.19849967956543 0.5123481750488281 -7.857049942016602 0.2
-8.088799476623535 0.33084869384765625 -7.8475494384765625 0.2
-7.945499420166016 0.18925094604492188 -7.77495002746582 0.2
-7.872799873352051 0.1387481689453125 -7.58544921875 0.2
-7.978300094604492 0.14284896850585938 -7.4035491943359375 0.2
-8.176799774169922 0.1889495849609375 -7.36414909362793 0.2
-8.307600021362305 0.3081474304199219 -7.482448577880859 0.2
-8.339499473571777 0.4719505310058594 -7.614349365234375 0.2
-8.335000038146973 0.6633491516113281 -7.707649230957031 0.2
-8.311200141906738 0.8658485412597656 -7.650148391723633 0.2
-8.388099670410156 0.9433479309082031 -7.471149444580078 0.2
-8.521499633789062 0.8747482299804688 -7.32444953918457 0.2
-8.58430004119873 0.6738510131835938 -7.297748565673828 0.2
-8.510799407958984 0.4739494323730469 -7.301149368286133 0.2
-8.388599395751953 0.3003501892089844 -7.284948348999023 0.2
-8.23699951171875 0.195648193359375 -7.17704963684082 0.2
-8.218799591064453 0.17945098876953125 -6.970249176025391 0.2
-8.354100227355957 0.20325088500976562 -6.811149597167969 0.2
-8.550600051879883 0.27484893798828125 -6.830348968505859 0.2
-8.64579963684082 0.4136505126953125 -6.960948944091797 0.2
-8.672699928283691 0.5793495178222656 -7.091449737548828 0.2
-8.654899597167969 0.7839508056640625 -7.146949768066406 0.2
-8.655699729919434 0.9524497985839844 -7.025548934936523 0.2
-8.749699592590332 0.9773483276367188 -6.838449478149414 0.2
-8.86769962310791 0.851348876953125 -6.723548889160156 0.2
-8.87279987335205 0.6379508972167969 -6.715448379516602 0.2
-8.774399757385254 0.449951171875 -6.71714973449707 0.2
-8.632999420166016 0.2947502136230469 -6.683149337768555 0.2
-8.49899959564209 0.23294830322265625 -6.532848358154297 0.2
-8.52810001373291 0.23854827880859375 -6.325849533081055 0.2
-8.69279956817627 0.27555084228515625 -6.206348419189453 0.2
-8.871699333190918 0.36724853515625 -6.276149749755859 0.2
-8.93970012664795 0.5144500732421875 -6.412849426269531 0.2
-8.961799621582031 0.6876487731933594 -6.5332489013671875 0.2
-8.938300132751465 0.8996505737304688 -6.530948638916016 0.2
-8.975299835205078 1.01824951171875 -6.365749359130859 0.2
-9.083000183105469 0.9894485473632812 -6.187448501586914 0.2
-9.170599937438965 0.8149490356445312 -6.113548278808594 0.2
-9.120699882507324 0.6082496643066406 -6.115848541259766 0.2
-9.001799583435059 0.4324493408203125 -6.112148284912109 0.2
-8.83899974822998 0.30934906005859375 -6.0480499267578125 0.2
-8.749199867248535 0.27845001220703125 -5.863349914550781 0.2
-8.828399658203125 0.2865486145019531 -5.668149948120117 0.2
-9.021100044250488 0.32344818115234375 -5.602649688720703 0.2
-9.171099662780762 0.4274482727050781 -5.71204948425293 0.2
-9.223699569702148 0.5803489685058594 -5.850349426269531 0.2
-9.238100051879883 0.76824951171875 -5.94944953918457 0.2
-9.230500221252441 0.9711494445800781 -5.892448425292969 0.2
-9.30519962310791 1.0375480651855469 -5.708349227905273 0.2
-9.421199798583984 0.9594497680664062 -5.55164909362793 0.2
-9.469099998474121 0.757049560546875 -5.515850067138672 0.2
-9.382699966430664 0.5626487731933594 -5.522449493408203 0.2
-9.245699882507324 0.4002494812011719 -5.510950088500977 0.2
-9.083499908447266 0.3094482421875 -5.407848358154297 0.2
-9.053199768066406 0.29364776611328125 -5.202049255371094 0.2
-9.17389965057373 0.3030509948730469 -5.030149459838867 0.2
-9.376999855041504 0.35214996337890625 -5.030849456787109 0.2
-9.49209976196289 0.475250244140625 -5.161149978637695 0.2
-9.533100128173828 0.6330490112304688 -5.297649383544922 0.2
-9.536299705505371 0.8373489379882812 -5.35474967956543 0.2
-9.55519962310791 1.0018501281738281 -5.230548858642578 0.2
-9.64680004119873 1.0091476440429688 -5.040849685668945 0.2
-9.747499465942383 0.8738479614257812 -4.919948577880859 0.2
-9.736700057983398 0.6615486145019531 -4.910648345947266 0.2
-9.620699882507324 0.48384857177734375 -4.916248321533203 0.2
-9.4621000289917 0.3470497131347656 -4.880849838256836 0.2
-9.32919979095459 0.3005485534667969 -4.7254486083984375 0.2
-9.356800079345703 0.2993507385253906 -4.517250061035156 0.2
-9.52180004119873 0.3180503845214844 -4.394449234008789 0.2
-9.708000183105469 0.3923492431640625 -4.464349746704102 0.2
-9.784500122070312 0.528350830078125 -4.608049392700195 0.2
-9.815699577331543 0.7006492614746094 -4.727548599243164 0.2
-9.81470012664795 0.9107475280761719 -4.700649261474609 0.2
-9.868199348449707 0.9996490478515625 -4.521249771118164 0.2
-9.963899612426758 0.9377479553222656 -4.345048904418945 0.2
-10.014599800109863 0.7448501586914062 -4.280448913574219 0.2
-9.930999755859375 0.5495491027832031 -4.286048889160156 0.2
-9.786699295043945 0.3937492370605469 -4.279748916625977 0.2
-9.613299369812012 0.315948486328125 -4.184049606323242 0.2
-9.559399604797363 0.30954742431640625 -3.9829483032226562 0.2
-9.657099723815918 0.32035064697265625 -3.797548294067383 0.2
-9.860300064086914 0.3603477478027344 -3.778348922729492 0.2
-9.986800193786621 0.46794891357421875 -3.909648895263672 0.2
-10.037599563598633 0.6130485534667969 -4.05674934387207 0.2
-10.046799659729004 0.8210487365722656 -4.104249954223633 0.2
-10.067999839782715 0.9712486267089844 -3.9632492065429688 0.2
-10.139699935913086 0.9614486694335938 -3.7648487091064453 0.2
-10.205900192260742 0.8034477233886719 -3.6452484130859375 0.2
-10.151899337768555 0.5979499816894531 -3.6347484588623047 0.2
-10.015299797058105 0.4344482421875 -3.6363487243652344 0.2
-9.834699630737305 0.3462486267089844 -3.564149856567383 0.2
-9.747300148010254 0.341949462890625 -3.3745498657226562 0.2
-9.812699317932129 0.3580474853515625 -3.174348831176758 0.2
-10.007999420166016 0.39514923095703125 -3.1159496307373047 0.2
-10.151800155639648 0.4924507141113281 -3.2377490997314453 0.2
-10.205499649047852 0.6283493041992188 -3.3934497833251953 0.2
-10.214099884033203 0.8293495178222656 -3.469249725341797 0.2
-10.229700088500977 1.0043487548828125 -3.3559494018554688 0.2
-10.303699493408203 1.0342483520507812 -3.159648895263672 0.2
-10.391300201416016 0.903350830078125 -3.0232486724853516 0.2
-10.359399795532227 0.69384765625 -3.0020484924316406 0.2
-10.231200218200684 0.5228500366210938 -2.9913482666015625 0.2
-10.059000015258789 0.40615081787109375 -2.9396495819091797 0.2
-9.928500175476074 0.3832511901855469 -2.7760486602783203 0.2
-9.943399429321289 0.3891487121582031 -2.5633487701416016 0.2
-10.104000091552734 0.4097480773925781 -2.4325485229492188 0.2
-10.28689956665039 0.4824485778808594 -2.508749008178711 0.2
-10.366000175476074 0.5962486267089844 -2.672649383544922 0.2
-10.406000137329102 0.75164794921875 -2.814849853515625 0.2
-10.410099983215332 0.9641494750976562 -2.794649124145508 0.2
-10.458600044250488 1.0340499877929688 -2.6027488708496094 0.2
-10.526199340820312 0.9560508728027344 -2.4156494140625 0.2
-10.530900001525879 0.7725486755371094 -2.3167495727539062 0.2
-10.427399635314941 0.5996475219726562 -2.289548873901367 0.2
-10.27750015258789 0.46344757080078125 -2.266448974609375 0.2
-10.101699829101562 0.4041481018066406 -2.1846485137939453 0.2
-10.011199951171875 0.40615081787109375 -2.0039501190185547 0.2
-10.028800010681152 0.4168510437011719 -1.8020496368408203 0.2
-10.183599472045898 0.4478492736816406 -1.6807498931884766 0.2
-10.357099533081055 0.5189476013183594 -1.7507495880126953 0.2
-10.447400093078613 0.6039505004882812 -1.91204833984375 0.2
-10.508500099182129 0.7161483764648438 -2.0699501037597656 0.2
-10.513599395751953 0.9115486145019531 -2.121549606323242 0.2
-10.4847993850708 1.0574493408203125 -1.9878482818603516 0.2
-10.464599609375 1.1030502319335938 -1.7910499572753906 0.2
-10.447199821472168 1.1288490295410156 -1.5903491973876953 0.2
-10.43079948425293 1.1498489379882812 -1.3888492584228516 0.2
-10.421099662780762 1.1454505920410156 -1.186248779296875 0.2
-10.442599296569824 1.0224494934082031 -1.0302486419677734 0.2
-10.442399978637695 0.8209495544433594 -1.0426483154296875 0.2
-10.383199691772461 0.6659507751464844 -1.1604499816894531 0.2
-10.275099754333496 0.5346488952636719 -1.2709484100341797 0.2
-10.088199615478516 0.4654502868652344 -1.2606487274169922 0.2
-9.972399711608887 0.4672508239746094 -1.0963497161865234 0.2
-9.973599433898926 0.4900474548339844 -0.8942489624023438 0.2
-10.097599983215332 0.5387496948242188 -0.744049072265625 0.2
-10.263199806213379 0.6545486450195312 -0.7317485809326172 0.2
-10.384099960327148 0.8099479675292969 -0.784149169921875 0.2
-10.425700187683105 1.0061492919921875 -0.8106498718261719 0.2
-10.349199295043945 1.1715507507324219 -0.7136497497558594 0.2
-10.269899368286133 1.1998481750488281 -0.5176486968994141 0.2
-10.240799903869629 1.1008491516113281 -0.333648681640625 0.2
-10.255099296569824 0.8902511596679688 -0.30714988708496094 0.2
-10.220699310302734 0.711151123046875 -0.41954994201660156 0.2
-10.106499671936035 0.5681495666503906 -0.5280494689941406 0.2
-9.910499572753906 0.503448486328125 -0.49374961853027344 0.2
-9.81209945678711 0.4996490478515625 -0.30574989318847656 0.2
-9.847700119018555 0.52874755859375 -0.09884834289550781 0.2
-10.012299537658691 0.6264495849609375 -0.008649826049804688 0.2
-10.150199890136719 0.7840499877929688 -0.051349639892578125 0.2
-10.215999603271484 0.9781494140625 -0.11004829406738281 0.2
-10.139200210571289 1.1699485778808594 -0.07544898986816406 0.2
-10.02489948272705 1.2280502319335938 0.09255027770996094 0.2
-9.97029972076416 1.1615486145019531 0.2852516174316406 0.2
-10.007200241088867 0.9692497253417969 0.3645515441894531 0.2
-10.008399963378906 0.771148681640625 0.28695106506347656 0.2
-9.932600021362305 0.6048507690429688 0.1782512664794922 0.2
-9.748499870300293 0.5047492980957031 0.1672515869140625 0.2
-9.616000175476074 0.47714996337890625 0.3282508850097656 0.2
-9.608499526977539 0.4937477111816406 0.5390510559082031 0.2
-9.748499870300293 0.5864486694335938 0.6650505065917969 0.2
-9.883299827575684 0.7478485107421875 0.6352500915527344 0.2
-9.950499534606934 0.9342498779296875 0.5575504302978516 0.2
-9.88479995727539 1.1334495544433594 0.5393505096435547 0.2
-9.760600090026855 1.2194480895996094 0.6817512512207031 0.2
-9.700900077819824 1.1792488098144531 0.880950927734375 0.2
-9.739999771118164 1.0246505737304688 1.0149517059326172 0.2
-9.779699325561523 0.8183479309082031 0.9845504760742188 0.2
-9.743999481201172 0.6358489990234375 0.8817501068115234 0.2
-9.597299575805664 0.4954490661621094 0.8250503540039062 0.2
-9.433899879455566 0.433349609375 0.9376506805419922 0.2
-9.380899429321289 0.4247474670410156 1.1423511505126953 0.2
-9.476900100708008 0.48654937744140625 1.315450668334961 0.2
-9.627399444580078 0.63494873046875 1.3288516998291016 0.2
-9.70949935913086 0.8128509521484375 1.246450424194336 0.2
-9.68970012664795 1.0159492492675781 1.194650650024414 0.2
-9.568499565124512 1.1549491882324219 1.2880516052246094 0.2
-9.489099502563477 1.1592483520507812 1.483449935913086 0.2
-9.501399993896484 1.0495491027832031 1.6590499877929688 0.2
-9.564199447631836 0.8493499755859375 1.6850509643554688 0.2
-9.560400009155273 0.6573486328125 1.5950508117675781 0.2
-9.465299606323242 0.4899482727050781 1.50885009765625 0.2
-9.286299705505371 0.3938484191894531 1.5522499084472656 0.2
-9.188199996948242 0.3675498962402344 1.7364501953125 0.2
-9.21969985961914 0.4021492004394531 1.9391498565673828 0.2
-9.3681001663208 0.5286483764648438 2.018350601196289 0.2
-9.469599723815918 0.7043495178222656 1.9578514099121094 0.2
-9.496299743652344 0.8985481262207031 1.8788509368896484 0.2
-9.392099380493164 1.0795478820800781 1.8928508758544922 0.2
-9.279699325561523 1.1387481689453125 2.0574512481689453 0.2
-9.247300148010254 1.0870475769042969 2.258350372314453 0.2
-9.315299987792969 0.9231491088867188 2.3670501708984375 0.2
-9.354399681091309 0.7213478088378906 2.3192501068115234 0.2
-9.322099685668945 0.5358505249023438 2.2221508026123047 0.2
-9.175199508666992 0.3899497985839844 2.1812515258789062 0.2
-9.021200180053711 0.3258476257324219 2.3041515350341797 0.2
-8.975199699401855 0.32434844970703125 2.510150909423828 0.2
-9.07349967956543 0.4047508239746094 2.6736507415771484 0.2
-9.206600189208984 0.5678482055664062 2.6739501953125 0.2
-9.272799491882324 0.7514495849609375 2.5904502868652344 0.2
-9.234700202941895 0.9520492553710938 2.5356502532958984 0.2
-9.101499557495117 1.0845489501953125 2.6224498748779297 0.2
-9.02199935913086 1.0909500122070312 2.817750930786133 0.2
-9.040399551391602 0.9910507202148438 2.9992504119873047 0.2
-9.11769962310791 0.7980499267578125 3.031949996948242 0.2
-9.130000114440918 0.6028480529785156 2.9500503540039062 0.2
-9.057899475097656 0.42404937744140625 2.8628501892089844 0.2
-8.885099411010742 0.3090476989746094 2.884950637817383 0.2
-8.770999908447266 0.27465057373046875 3.058450698852539 0.2
-8.775599479675293 0.306549072265625 3.265350341796875 0.2
-8.910399436950684 0.43415069580078125 3.363250732421875 0.2
-9.01159954071045 0.6131477355957031 3.3133506774902344 0.2
-9.044599533081055 0.8050498962402344 3.2297515869140625 0.2
-8.948200225830078 0.99114990234375 3.2144508361816406 0.2
-8.818900108337402 1.0679512023925781 3.3583507537841797 0.2
-8.766200065612793 1.03594970703125 3.560150146484375 0.2
-8.826099395751953 0.8908500671386719 3.6967506408691406 0.2
-8.884699821472168 0.6888504028320312 3.673250198364258 0.2
-8.877399444580078 0.49794769287109375 3.580751419067383 0.2
-8.761899948120117 0.3338508605957031 3.5163516998291016 0.2
-8.591499328613281 0.253448486328125 3.603250503540039 0.2
-8.50879955291748 0.24634933471679688 3.797750473022461 0.2
-8.566100120544434 0.3192481994628906 3.982851028442383 0.2
-8.698399543762207 0.48024749755859375 4.018850326538086 0.2
-8.775099754333496 0.6633491516113281 3.9437503814697266 0.2
-8.76509952545166 0.8606491088867188 3.870450973510742 0.2
-8.627699851989746 1.0123481750488281 3.9070510864257812 0.2
-8.513099670410156 1.0440483093261719 4.080450057983398 0.2
-8.493499755859375 0.9736480712890625 4.275850296020508 0.2
-8.570699691772461 0.7958488464355469 4.357151031494141 0.2
-8.607699394226074 0.5961494445800781 4.297050476074219 0.2
-8.576799392700195 0.40744781494140625 4.205951690673828 0.2
-8.420999526977539 0.2688484191894531 4.1795501708984375 0.2
-8.267899513244629 0.221649169921875 4.313251495361328 0.2
-8.216400146484375 0.24364852905273438 4.516050338745117 0.2
-8.312799453735352 0.358551025390625 4.6607513427734375 0.2
-8.425000190734863 0.5364494323730469 4.64375114440918 0.2
-8.483399391174316 0.7230491638183594 4.560951232910156 0.2
-8.418999671936035 0.9166488647460938 4.5050506591796875 0.2
-8.263899803161621 1.024749755859375 4.590250015258789 0.2
-8.163899421691895 1.0216484069824219 4.776851654052734 0.2
-8.177800178527832 0.9106483459472656 4.952150344848633 0.2
-8.250299453735352 0.7141494750976562 4.977350234985352 0.2
-8.275199890136719 0.517547607421875 4.89995002746582 0.2
-8.208000183105469 0.33535003662109375 4.81505012512207 0.2
-8.029399871826172 0.22945022583007812 4.834650039672852 0.2
-7.894599914550781 0.21204757690429688 4.997051239013672 0.2
-7.877099990844727 0.27014923095703125 5.197050094604492 0.2
-7.991700172424316 0.42205047607421875 5.287250518798828 0.2
-8.086899757385254 0.6052474975585938 5.236351013183594 0.2
-8.118599891662598 0.7978477478027344 5.152851104736328 0.2
-8.003399848937988 0.9708480834960938 5.121650695800781 0.2
-7.845399856567383 1.03485107421875 5.244350433349609 0.2
-7.759699821472168 1.0010490417480469 5.434751510620117 0.2
-7.803899765014648 0.8511505126953125 5.574150085449219 0.2
-7.865099906921387 0.6484489440917969 5.557350158691406 0.2
-7.877999305725098 0.4525489807128906 5.474451065063477 0.2
-7.770099639892578 0.2863502502441406 5.401651382446289 0.2
-7.5854997634887695 0.21635055541992188 5.46925163269043 0.2
-7.467299461364746 0.22554779052734375 5.645450592041016 0.2
-7.491899490356445 0.32135009765625 5.828550338745117 0.2
-7.606800079345703 0.4952507019042969 5.86775016784668 0.2
-7.6897993087768555 0.6791496276855469 5.799051284790039 0.2
-7.682600021362305 0.873748779296875 5.716550827026367 0.2
-7.529099464416504 1.0145492553710938 5.723051071166992 0.2
-7.3787994384765625 1.0459480285644531 5.869050979614258 0.2
-7.324799537658691 0.9733505249023438 6.069650650024414 0.2
-7.394100189208984 0.7811508178710938 6.157751083374023 0.2
-7.4427995681762695 0.5694503784179688 6.098451614379883 0.2
-7.409599304199219 0.3677482604980469 6.007350921630859 0.2
-7.227999687194824 0.24444961547851562 5.995151519775391 0.2
-7.061699867248535 0.22805023193359375 6.143650054931641 0.2
-7.021100044250488 0.2980499267578125 6.3482513427734375 0.2
-7.128899574279785 0.4693489074707031 6.440950393676758 0.2
-7.225799560546875 0.6642494201660156 6.382450103759766 0.2
-7.242300033569336 0.8689498901367188 6.292951583862305 0.2
-7.089300155639648 1.0262489318847656 6.277950286865234 0.2
-6.9227800369262695 1.0647506713867188 6.42234992980957 0.2
