-6.8664093017578125 0.512847900390625 6.419851303100586 0.2
-6.7992401123046875 0.46054840087890625 6.601251602172852 0.2
-6.85004997253418 0.3032493591308594 6.715551376342773 0.2
-6.90585994720459 0.11034774780273438 6.689849853515625 0.2
-6.922699928283691 -0.07735061645507812 6.615150451660156 0.2
-6.822649955749512 -0.23894882202148438 6.546150207519531 0.2
-6.643650054931641 -0.3094520568847656 6.597949981689453 0.2
-6.515520095825195 -0.3032493591308594 6.754850387573242 0.2
-6.503739356994629 -0.220550537109375 6.935951232910156 0.2
-6.603209495544434 -0.05805206298828125 7.001649856567383 0.2
-6.689469337463379 0.11864852905273438 6.949150085449219 0.2
-6.721570014953613 0.3022499084472656 6.868551254272461 0.2
-6.612540245056152 0.4644508361816406 6.821050643920898 0.2
-6.447030067443848 0.5306510925292969 6.91295051574707 0.2
-6.333429336547852 0.5129508972167969 7.088750839233398 0.2
-6.350919723510742 0.3824501037597656 7.252252578735352 0.2
-6.419559478759766 0.18074798583984375 7.262948989868164 0.2
-6.453869819641113 -0.018550872802734375 7.191652297973633 0.2
-6.380169868469238 -0.20095062255859375 7.112249374389648 0.2
-6.19318962097168 -0.2889518737792969 7.146749496459961 0.2
-6.048620223999023 -0.2871513366699219 7.304052352905273 0.2
-6.028429985046387 -0.20055007934570312 7.493749618530273 0.2
-6.128779411315918 -0.026050567626953125 7.561349868774414 0.2
-6.216320037841797 0.15985107421875 7.501150131225586 0.2
-6.236069679260254 0.3533477783203125 7.414350509643555 0.2
-6.096920013427734 0.5073509216308594 7.381650924682617 0.2
-5.926159858703613 0.5543479919433594 7.498350143432617 0.2
-5.832189559936523 0.5159492492675781 7.68425178527832 0.2
-5.87455940246582 0.3630485534667969 7.822851181030273 0.2
-5.940159797668457 0.16064834594726562 7.806650161743164 0.2
-5.966320037841797 -0.0386505126953125 7.733251571655273 0.2
-5.859950065612793 -0.20965194702148438 7.666452407836914 0.2
-5.67173957824707 -0.2760505676269531 7.732351303100586 0.2
-5.540789604187012 -0.259552001953125 7.900548934936523 0.2
-5.545820236206055 -0.1488494873046875 8.078351974487305 0.2
-5.644869804382324 0.036350250244140625 8.108449935913086 0.2
-5.725099563598633 0.22245025634765625 8.037649154663086 0.2
-5.7163801193237305 0.41464996337890625 7.945749282836914 0.2
-5.553139686584473 0.5457496643066406 7.931451797485352 0.2
-5.381899833679199 0.573150634765625 8.06245231628418 0.2
-5.303279876708984 0.5080490112304688 8.260751724243164 0.2
-5.366159439086914 0.3229484558105469 8.366552352905273 0.2
-5.433989524841309 0.11045074462890625 8.325952529907227 0.2
-5.429399490356445 -0.1000518798828125 8.245550155639648 0.2
-5.260099411010742 -0.23945236206054688 8.216451644897461 0.2
-5.071619987487793 -0.25804901123046875 8.338750839233398 0.2
-4.9666595458984375 -0.16244888305664062 8.514348983764648 0.2
-5.020219802856445 0.03784942626953125 8.59214973449707 0.2
-5.129960060119629 0.23334884643554688 8.554849624633789 0.2
-5.163800239562988 0.4318504333496094 8.456850051879883 0.2
-5.00609016418457 0.547149658203125 8.35365104675293 0.2
-4.796999931335449 0.4993476867675781 8.30164909362793 0.2
-4.7286696434021 0.3219490051269531 8.208551406860352 0.2
-4.7917399406433105 0.11954879760742188 8.175649642944336 0.2
-4.863429546356201 -0.08045196533203125 8.202550888061523 0.2
-4.8366498947143555 -0.23044967651367188 8.349950790405273 0.2
-4.6902899742126465 -0.26725006103515625 8.502752304077148 0.2
-4.491739749908447 -0.22014999389648438 8.56035041809082 0.2
-4.375569820404053 -0.06705093383789062 8.472551345825195 0.2
-4.426339626312256 0.12025070190429688 8.381452560424805 0.2
-4.521939754486084 0.306549072265625 8.332849502563477 0.2
-4.583369731903076 0.4889488220214844 8.423151016235352 0.2
-4.490479946136475 0.5740509033203125 8.591951370239258 0.2
-4.301699638366699 0.5667495727539062 8.693952560424805 0.2
-4.120059967041016 0.461151123046875 8.675050735473633 0.2
-4.089599609375 0.26364898681640625 8.600549697875977 0.2
-4.153539657592773 0.05934906005859375 8.571649551391602 0.2
-4.2217698097229 -0.1365509033203125 8.627050399780273 0.2
-4.186729907989502 -0.2546501159667969 8.798650741577148 0.2
-4.015179634094238 -0.2797508239746094 8.92555046081543 0.2
-3.8082098960876465 -0.23395156860351562 8.945352554321289 0.2
-3.7118396759033203 -0.08245086669921875 8.833150863647461 0.2
-3.775639533996582 0.10594940185546875 8.749250411987305 0.2
-3.8721699714660645 0.2962493896484375 8.713350296020508 0.2
-3.9125795364379883 0.4832496643066406 8.805551528930664 0.2
-3.7852396965026855 0.5687484741210938 8.951349258422852 0.2
-3.5804996490478516 0.5596504211425781 9.018049240112305 0.2
-3.4068398475646973 0.4486503601074219 8.970151901245117 0.2
-3.3914198875427246 0.2478485107421875 8.897951126098633 0.2
-3.4641995429992676 0.044948577880859375 8.884450912475586 0.2
-3.5275497436523438 -0.15015029907226562 8.947549819946289 0.2
-3.4713096618652344 -0.26905059814453125 9.113252639770508 0.2
-3.2844595909118652 -0.2956504821777344 9.215749740600586 0.2
-3.0743398666381836 -0.25765228271484375 9.211252212524414 0.2
-2.9785799980163574 -0.1141510009765625 9.088151931762695 0.2
-3.0443496704101562 0.07484817504882812 9.008451461791992 0.2
-3.141909599304199 0.26474761962890625 8.976251602172852 0.2
-3.1756796836853027 0.45964813232421875 9.055749893188477 0.2
-3.0440797805786133 0.5609474182128906 9.187150955200195 0.2
-2.8306498527526855 0.56195068359375 9.238851547241211 0.2
-2.6427197456359863 0.4534492492675781 9.184549331665039 0.2
-2.6339597702026367 0.24004745483398438 9.115350723266602 0.2
-2.7179698944091797 0.027149200439453125 9.110849380493164 0.2
-2.77908992767334 -0.17605209350585938 9.190351486206055 0.2
-2.691129684448242 -0.2892494201660156 9.360952377319336 0.2
-2.4824299812316895 -0.3078498840332031 9.450448989868164 0.2
-2.2576699256896973 -0.2777519226074219 9.462251663208008 0.2
-2.134979724884033 -0.13954925537109375 9.33955192565918 0.2
-2.2062296867370605 0.05284881591796875 9.241449356079102 0.2
-2.3256897926330566 0.24184799194335938 9.191251754760742 0.2
-2.393059730529785 0.4487495422363281 9.244451522827148 0.2
-2.2795796394348145 0.5704498291015625 9.393350601196289 0.2
-2.1196398735046387 0.5488510131835938 9.553750991821289 0.2
-2.0902099609375 0.3844490051269531 9.704751968383789 0.2
-2.1033096313476562 0.16085052490234375 9.749849319458008 0.2
-2.093099594116211 -0.06674957275390625 9.749151229858398 0.2
-1.962629795074463 -0.23334884643554688 9.677751541137695 0.2
-1.7380499839782715 -0.25135040283203125 9.665952682495117 0.2
-1.548449993133545 -0.1701507568359375 9.760351181030273 0.2
-1.5497798919677734 0.014148712158203125 9.888250350952148 0.2
-1.6844696998596191 0.1983489990234375 9.87645149230957 0.2
-1.825119972229004 0.364349365234375 9.807851791381836 0.2
-1.8981800079345703 0.5322494506835938 9.676252365112305 0.2
-1.767359733581543 0.6413497924804688 9.539751052856445 0.2
-1.555769920349121 0.6737480163574219 9.558351516723633 0.2
-1.4028897285461426 0.6411476135253906 9.702150344848633 0.2
-1.378079891204834 0.49214935302734375 9.858152389526367 0.2
-1.391279697418213 0.28955078125 9.930051803588867 0.2
-1.385589599609375 0.0760498046875 9.957551956176758 0.2
-1.2706999778747559 -0.08945083618164062 9.888151168823242 0.2
-1.0610499382019043 -0.07715225219726562 9.87135124206543 0.2
-0.9258298873901367 0.055950164794921875 9.967351913452148 0.2
-0.967369794845581 0.2537498474121094 10.052652359008789 0.2
-1.0766096115112305 0.4306488037109375 9.996252059936523 0.2
-1.1804800033569336 0.5884475708007812 9.893350601196289 0.2
-1.2118396759033203 0.7106475830078125 9.718751907348633 0.2
-1.0632696151733398 0.7678489685058594 9.581048965454102 0.2
-0.8509597778320312 0.7790489196777344 9.601751327514648 0.2
-0.7302098274230957 0.7114486694335938 9.765748977661133 0.2
-0.7436196804046631 0.5679512023925781 9.92664909362793 0.2
-0.7794296741485596 0.3952484130859375 10.049749374389648 0.2
-0.7690696716308594 0.18394851684570312 10.02924919128418 0.2
-0.6711897850036621 0.13164901733398438 9.850851058959961 0.2
-0.562309741973877 0.28894805908203125 9.735551834106445 0.2
-0.569699764251709 0.5060501098632812 9.721052169799805 0.2
-0.6066598892211914 0.6975479125976562 9.622049331665039 0.2
-0.4743797779083252 0.7779502868652344 9.480451583862305 0.2
-0.2654297351837158 0.7415504455566406 9.503351211547852 0.2
-0.20015978813171387 0.5951499938964844 9.642148971557617 0.2
-0.3023197650909424 0.4067497253417969 9.693052291870117 0.2
-0.4073598384857178 0.2178497314453125 9.689352035522461 0.2
-0.5658698081970215 0.06354904174804688 9.695451736450195 0.2
-0.6604297161102295 -0.09035110473632812 9.586149215698242 0.2
-0.5518097877502441 -0.233551025390625 9.47035026550293 0.2
-0.35817980766296387 -0.3021507263183594 9.510549545288086 0.2
-0.2737298011779785 -0.18465042114257812 9.663152694702148 0.2
-0.25085973739624023 0.02465057373046875 9.725851058959961 0.2
-0.17618966102600098 0.22324752807617188 9.766252517700195 0.2
-0.1099097728729248 0.4272499084472656 9.784749984741211 0.2
-0.04172968864440918 0.6216506958007812 9.714349746704102 0.2
0.13941025733947754 0.7025489807128906 9.639150619506836 0.2
0.34124016761779785 0.6741485595703125 9.705251693725586 0.2
0.36001014709472656 0.5750503540039062 9.887151718139648 0.2
0.20699024200439453 0.4261474609375 9.933649063110352 0.2
0.09515023231506348 0.24974822998046875 9.875150680541992 0.2
-0.008379697799682617 0.07415008544921875 9.805349349975586 0.2
-0.10571980476379395 -0.10264968872070312 9.718648910522461 0.2
-0.04085969924926758 -0.30265045166015625 9.666051864624023 0.2
0.11217021942138672 -0.3576507568359375 9.800752639770508 0.2
0.18551015853881836 -0.2552490234375 9.975851058959961 0.2
0.2278602123260498 -0.056850433349609375 10.051351547241211 0.2
0.27917027473449707 0.1517486572265625 10.073049545288086 0.2
0.33965015411376953 0.3592491149902344 10.07765007019043 0.2
0.47036027908325195 0.5123481750488281 9.995649337768555 0.2
0.6624102592468262 0.4454498291015625 9.940252304077148 0.2
0.733950138092041 0.24905014038085938 10.000150680541992 0.2
0.6451802253723145 0.05445098876953125 10.036748886108398 0.2
0.4913003444671631 -0.09495162963867188 10.008352279663086 0.2
0.34676027297973633 -0.233551025390625 9.922449111938477 0.2
0.3562302589416504 -0.33785247802734375 9.732351303100586 0.2
0.5524101257324219 -0.3728523254394531 9.658750534057617 0.2
0.7335002422332764 -0.3021507263183594 9.737649917602539 0.2
0.7715902328491211 -0.11935043334960938 9.844949722290039 0.2
0.7579202651977539 0.09514999389648438 9.865850448608398 0.2
0.6828601360321045 0.2949485778808594 9.80164909362793 0.2
0.6503701210021973 0.3814506530761719 9.608152389526367 0.2
0.7993803024291992 0.4003486633300781 9.466550827026367 0.2
0.9559502601623535 0.3061485290527344 9.567251205444336 0.2
0.9445202350616455 0.11594772338867188 9.682249069213867 0.2
0.9012901782989502 -0.09395217895507812 9.718149185180664 0.2
0.9939002990722656 -0.28565216064453125 9.675249099731445 0.2
1.202620267868042 -0.3284492492675781 9.693750381469727 0.2
1.3464902639389038 -0.21794891357421875 9.799650192260742 0.2
1.2968802452087402 -0.015350341796875 9.850950241088867 0.2
1.1930402517318726 0.16164779663085938 9.781949996948242 0.2
1.0985902547836304 0.3197479248046875 9.665849685668945 0.2
1.130710244178772 0.4468498229980469 9.490350723266602 0.2
1.3249702453613281 0.5297508239746094 9.45734977722168 0.2
1.4896901845932007 0.5415496826171875 9.591650009155273 0.2
1.5129601955413818 0.41464996337890625 9.762651443481445 0.2
1.4979802370071411 0.21094894409179688 9.83635139465332 0.2
1.4946001768112183 -0.004150390625 9.865751266479492 0.2
1.5735301971435547 -0.19935226440429688 9.80994987487793 0.2
1.7764302492141724 -0.26605224609375 9.781049728393555 0.2
1.9716001749038696 -0.2026519775390625 9.842351913452148 0.2
1.9920202493667603 -0.010150909423828125 9.930452346801758 0.2
1.8759902715682983 0.17094802856445312 9.901350021362305 0.2
1.7461602687835693 0.32775115966796875 9.824750900268555 0.2
1.6973001956939697 0.4784507751464844 9.67445182800293 0.2
1.8502202033996582 0.5697479248046875 9.555349349975586 0.2
2.0624442100524902 0.5975494384765625 9.59214973449707 0.2
2.1968421936035156 0.5423507690429688 9.748552322387695 0.2
2.2106833457946777 0.359649658203125 9.878049850463867 0.2
2.191732168197632 0.137451171875 9.933549880981445 0.2
2.215172290802002 -0.08935165405273438 9.913049697875977 0.2
2.3864102363586426 -0.21705245971679688 9.838949203491211 0.2
2.6162662506103516 -0.21825027465820312 9.846151351928711 0.2
2.762542247772217 -0.0798492431640625 9.943552017211914 0.2
2.693272113800049 0.13164901733398438 9.981550216674805 0.2
2.546173095703125 0.3012504577636719 9.932149887084961 0.2
2.4296681880950928 0.46994781494140625 9.829252243041992 0.2
2.5073680877685547 0.5906486511230469 9.656251907348633 0.2
2.7304582595825195 0.6253509521484375 9.609552383422852 0.2
2.961601972579956 0.617950439453125 9.592550277709961 0.2
3.115276336669922 0.49414825439453125 9.501951217651367 0.2
3.0930237770080566 0.2816505432128906 9.469350814819336 0.2
3.008044958114624 0.08575057983398438 9.519350051879883 0.2
2.9564356803894043 -0.09785079956054688 9.625249862670898 0.2
3.0615885257720947 -0.1988525390625 9.783052444458008 0.2
3.2757041454315186 -0.21535110473632812 9.823652267456055 0.2
3.4834132194519043 -0.19264984130859375 9.760751724243164 0.2
3.557840347290039 -0.08034896850585938 9.593648910522461 0.2
3.4806833267211914 0.10234832763671875 9.500951766967773 0.2
3.3805291652679443 0.29434967041015625 9.46245002746582 0.2
3.3605611324310303 0.5044479370117188 9.509450912475586 0.2
3.525144100189209 0.6176490783691406 9.58955192565918 0.2
3.745009183883667 0.6214485168457031 9.590951919555664 0.2
3.9397382736206055 0.5498504638671875 9.526151657104492 0.2
3.984302282333374 0.3563499450683594 9.441652297973633 0.2
3.9111461639404297 0.15164947509765625 9.468351364135742 0.2
3.8379383087158203 -0.0397491455078125 9.545549392700195 0.2
3.8856961727142334 -0.18095016479492188 9.701650619506836 0.2
4.083900451660156 -0.22425079345703125 9.77855110168457 0.2
4.298210144042969 -0.22095108032226562 9.732751846313477 0.2
4.408260345458984 -0.135650634765625 9.568849563598633 0.2
4.348850250244141 0.04344940185546875 9.460149765014648 0.2
4.250800132751465 0.23624801635742188 9.423250198364258 0.2
4.223550319671631 0.4489479064941406 9.459150314331055 0.2
4.379120349884033 0.5764503479003906 9.535749435424805 0.2
4.598380088806152 0.5764503479003906 9.52454948425293 0.2
4.769570350646973 0.4766502380371094 9.437051773071289 0.2
4.773859977722168 0.2698478698730469 9.375150680541992 0.2
4.694330215454102 0.069549560546875 9.419549942016602 0.2
4.6396002769470215 -0.11754989624023438 9.519750595092773 0.2
4.736940383911133 -0.2337493896484375 9.672449111938477 0.2
4.950650215148926 -0.2651519775390625 9.704851150512695 0.2
5.152980327606201 -0.2537498474121094 9.623449325561523 0.2
5.214139938354492 -0.1459503173828125 9.44795036315918 0.2
5.134710311889648 0.03984832763671875 9.363851547241211 0.2
5.041290283203125 0.23744964599609375 9.339448928833008 0.2
5.050080299377441 0.4460487365722656 9.393251419067383 0.2
5.234760284423828 0.5441474914550781 9.444551467895508 0.2
5.458980560302734 0.529449462890625 9.406652450561523 0.2
5.597370147705078 0.39044952392578125 9.294050216674805 0.2
5.558420181274414 0.16735076904296875 9.267351150512695 0.2
5.469700336456299 -0.03585052490234375 9.333650588989258 0.2
5.4549102783203125 -0.21685028076171875 9.471551895141602 0.2
5.631230354309082 -0.294952392578125 9.588151931762695 0.2
5.861190319061279 -0.31005096435546875 9.565252304077148 0.2
6.077330112457275 -0.3056488037109375 9.483449935913086 0.2
6.167970180511475 -0.21845245361328125 9.29734992980957 0.2
6.085460186004639 -0.030551910400390625 9.19725227355957 0.2
5.974710464477539 0.171051025390625 9.179250717163086 0.2
5.953350067138672 0.3916511535644531 9.228250503540039 0.2
6.130270004272461 0.5180511474609375 9.287252426147461 0.2
6.361310005187988 0.5163497924804688 9.291650772094727 0.2
6.521890163421631 0.4112510681152344 9.410551071166992 0.2
6.543869972229004 0.20465087890625 9.507749557495117 0.2
6.533560276031494 -0.020549774169921875 9.551851272583008 0.2
6.568600177764893 -0.23144912719726562 9.47755241394043 0.2
6.727780342102051 -0.3106498718261719 9.337652206420898 0.2
6.946229934692383 -0.2656517028808594 9.285051345825195 0.2
7.058530330657959 -0.08395004272460938 9.356649398803711 0.2
6.959840297698975 0.11584854125976562 9.409051895141602 0.2
6.811150550842285 0.289947509765625 9.417150497436523 0.2
6.707620143890381 0.4609489440917969 9.31144905090332 0.2
6.798410415649414 0.5413475036621094 9.13475227355957 0.2
7.006570339202881 0.5368499755859375 9.075250625610352 0.2
7.190700054168701 0.45835113525390625 9.151750564575195 0.2
7.245270252227783 0.27935028076171875 9.262750625610352 0.2
7.247900009155273 0.06964874267578125 9.317750930786133 0.2
7.246520042419434 -0.14625167846679688 9.298749923706055 0.2
7.325230121612549 -0.28495025634765625 9.157949447631836 0.2
7.508730411529541 -0.2833518981933594 9.044450759887695 0.2
7.657760143280029 -0.13014984130859375 9.064149856567383 0.2
7.6124701499938965 0.07275009155273438 9.134450912475586 0.2
7.494970321655273 0.2509498596191406 9.168352127075195 0.2
7.381460189819336 0.4284477233886719 9.118951797485352 0.2
7.402560234069824 0.5332489013671875 8.936952590942383 0.2
7.593730449676514 0.5246505737304688 8.84105110168457 0.2
7.779300212860107 0.4319496154785156 8.893949508666992 0.2
7.831250190734863 0.24945068359375 9.004152297973633 0.2
7.839450359344482 0.038150787353515625 9.049650192260742 0.2
7.817950248718262 -0.17734909057617188 9.029851913452148 0.2
7.871450424194336 -0.32054901123046875 8.88435173034668 0.2
8.073049545288086 -0.3162498474121094 8.816152572631836 0.2
8.241220474243164 -0.21654891967773438 8.900548934936523 0.2
8.184670448303223 -0.0406494140625 8.999349594116211 0.2
8.05405044555664 0.13594818115234375 8.968648910522461 0.2
7.985720157623291 0.33625030517578125 8.915651321411133 0.2
7.964640140533447 0.49504852294921875 8.769350051879883 0.2
8.115869522094727 0.5745506286621094 8.64015007019043 0.2
8.322870254516602 0.5983505249023438 8.67595100402832 0.2
8.359609603881836 0.5186500549316406 8.872751235961914 0.2
8.262720108032227 0.3421478271484375 8.95195198059082 0.2
8.230420112609863 0.13814926147460938 9.023351669311523 0.2
8.310689926147461 0.021450042724609375 9.193349838256836 0.2
8.38895034790039 0.13574981689453125 9.355249404907227 0.2
8.428939819335938 0.34114837646484375 9.313150405883789 0.2
8.448379516601562 0.4936485290527344 9.163251876831055 0.2
8.465450286865234 0.6271476745605469 8.995450973510742 0.2
8.518800735473633 0.6900482177734375 8.79585075378418 0.2
8.68065071105957 0.663848876953125 8.660852432250977 0.2
8.872550010681152 0.6112480163574219 8.729349136352539 0.2
8.884900093078613 0.5332489013671875 8.93644905090332 0.2
8.795419692993164 0.42224884033203125 9.097349166870117 0.2
8.696390151977539 0.3052482604980469 9.248250961303711 0.2
8.583810806274414 0.16104888916015625 9.36305046081543 0.2
8.501489639282227 -0.0357513427734375 9.318349838256836 0.2
8.590980529785156 -0.18804931640625 9.197450637817383 0.2
8.796119689941406 -0.19775009155273438 9.146852493286133 0.2
8.933520317077637 -0.032451629638671875 9.132749557495117 0.2
8.995840072631836 0.1600494384765625 9.057352066040039 0.2
9.049630165100098 0.3442497253417969 8.959650039672852 0.2
9.078269958496094 0.5261497497558594 8.848051071166992 0.2
9.032800674438477 0.6298484802246094 8.664751052856445 0.2
9.04265022277832 0.5550498962402344 8.466352462768555 0.2
9.151180267333984 0.38484954833984375 8.406850814819336 0.2
9.185739517211914 0.24084854125976562 8.566450119018555 0.2
9.099430084228516 0.12604904174804688 8.733251571655273 0.2
9.01272964477539 -0.001850128173828125 8.882051467895508 0.2
8.898650169372559 -0.1636505126953125 8.978750228881836 0.2
8.87544059753418 -0.3646507263183594 8.91404914855957 0.2
9.057220458984375 -0.4454498291015625 8.839651107788086 0.2
9.254819869995117 -0.3683509826660156 8.849050521850586 0.2
9.318059921264648 -0.16125106811523438 8.862852096557617 0.2
9.318229675292969 0.036548614501953125 8.776750564575195 0.2
9.3270902633667 0.21175003051757812 8.647851943969727 0.2
9.3939208984375 0.2819480895996094 8.454851150512695 0.2
9.581180572509766 0.20814895629882812 8.423749923706055 0.2
9.666910171508789 0.14075088500976562 8.606649398803711 0.2
9.604360580444336 0.008251190185546875 8.77454948425293 0.2
9.50928020477295 -0.17404937744140625 8.842851638793945 0.2
9.452800750732422 -0.3766517639160156 8.786352157592773 0.2
9.582780838012695 -0.4950523376464844 8.673452377319336 0.2
9.794780731201172 -0.4804496765136719 8.667951583862305 0.2
9.90032958984375 -0.3560523986816406 8.801252365112305 0.2
9.835250854492188 -0.1701507568359375 8.887250900268555 0.2
9.742080688476562 0.024150848388671875 8.886751174926758 0.2
9.732620239257812 0.21484756469726562 8.781949996948242 0.2
9.858480453491211 0.3504486083984375 8.674352645874023 0.2
10.061389923095703 0.3432502746582031 8.714250564575195 0.2
10.129340171813965 0.15744781494140625 8.797151565551758 0.2
10.091070175170898 -0.053852081298828125 8.805551528930664 0.2
10.04911994934082 -0.2597503662109375 8.756452560424805 0.2
10.094390869140625 -0.3953514099121094 8.594850540161133 0.2
10.269250869750977 -0.40615081787109375 8.472749710083008 0.2
10.45857048034668 -0.3142509460449219 8.480951309204102 0.2
10.497190475463867 -0.13175201416015625 8.584951400756836 0.2
10.409730911254883 0.055850982666015625 8.643548965454102 0.2
10.298959732055664 0.23814773559570312 8.671049118041992 0.2
10.192779541015625 0.4012489318847656 8.574651718139648 0.2
10.255460739135742 0.4961509704589844 8.397150039672852 0.2
10.445670127868652 0.5266494750976562 8.302949905395508 0.2
10.641550064086914 0.4625511169433594 8.349752426147461 0.2
10.706110000610352 0.2666511535644531 8.440252304077148 0.2
10.689889907836914 0.04164886474609375 8.474550247192383 0.2
10.666350364685059 -0.18305206298828125 8.444150924682617 0.2
10.723899841308594 -0.3312492370605469 8.285951614379883 0.2
10.91234016418457 -0.3565521240234375 8.160749435424805 0.2
11.120160102844238 -0.2743492126464844 8.146551132202148 0.2
11.165329933166504 -0.07575225830078125 8.233152389526367 0.2
11.05364990234375 0.11465072631835938 8.292749404907227 0.2
10.919580459594727 0.29795074462890625 8.320951461791992 0.2
10.826690673828125 0.4676475524902344 8.208250045776367 0.2
10.928420066833496 0.5361480712890625 8.022649765014648 0.2
11.113690376281738 0.5194511413574219 7.888952255249023 0.2
11.192480087280273 0.4002494812011719 7.733049392700195 0.2
11.135990142822266 0.19964981079101562 7.686151504516602 0.2
11.056779861450195 0.009449005126953125 7.749349594116211 0.2
11.022080421447754 -0.1806488037109375 7.843549728393555 0.2
11.152649879455566 -0.32215118408203125 7.93174934387207 0.2
11.35929012298584 -0.36045074462890625 7.889852523803711 0.2
11.52161979675293 -0.33625030517578125 7.751550674438477 0.2
11.541150093078613 -0.21425247192382812 7.580049514770508 0.2
11.459480285644531 -0.021251678466796875 7.534551620483398 0.2
11.376880645751953 0.1766510009765625 7.559152603149414 0.2
11.39236068725586 0.3786506652832031 7.628149032592773 0.2
11.571710586547852 0.4873504638671875 7.655550003051758 0.2
11.770450592041016 0.4841499328613281 7.571451187133789 0.2
11.894240379333496 0.3964500427246094 7.422449111938477 0.2
11.858460426330566 0.21044921875 7.326150894165039 0.2
11.77457046508789 0.015048980712890625 7.365049362182617 0.2
11.726110458374023 -0.17605209350585938 7.452852249145508 0.2
11.832480430603027 -0.327850341796875 7.555051803588867 0.2
12.036430358886719 -0.38265228271484375 7.523752212524414 0.2
12.202300071716309 -0.370849609375 7.387552261352539 0.2
12.228509902954102 -0.2584495544433594 7.210851669311523 0.2
12.14822006225586 -0.06634902954101562 7.159551620483398 0.2
12.069029808044434 0.1318511962890625 7.19325065612793 0.2
12.089759826660156 0.3298492431640625 7.268850326538086 0.2
12.272500038146973 0.4327507019042969 7.289552688598633 0.2
12.463940620422363 0.426849365234375 7.191652297973633 0.2
12.566710472106934 0.3365478515625 7.030351638793945 0.2
12.516429901123047 0.15324783325195312 6.935251235961914 0.2
12.431400299072266 -0.03945159912109375 6.978750228881836 0.2
12.39346981048584 -0.22954940795898438 7.070451736450195 0.2
12.516620635986328 -0.3775520324707031 7.157251358032227 0.2
12.713809967041016 -0.4319496154785156 7.099451065063477 0.2
12.85891056060791 -0.4196510314941406 6.943151473999023 0.2
12.859869956970215 -0.3027496337890625 6.768550872802734 0.2
12.776630401611328 -0.10924911499023438 6.735651016235352 0.2
12.707830429077148 0.08864974975585938 6.784049987792969 0.2
12.752460479736328 0.2819480895996094 6.860950469970703 0.2
12.939559936523438 0.3769493103027344 6.854850769042969 0.2
13.11970043182373 0.3641510009765625 6.718351364135742 0.2
13.180700302124023 0.2555503845214844 6.535150527954102 0.2
13.099900245666504 0.057048797607421875 6.4743499755859375 0.2
13.017499923706055 -0.14274978637695312 6.543849945068359 0.2
13.028900146484375 -0.3394508361816406 6.65155029296875 0.2
13.208900451660156 -0.46324920654296875 6.68065071105957 0.2
13.391900062561035 -0.4867515563964844 6.551050186157227 0.2
13.484700202941895 -0.40164947509765625 6.364551544189453 0.2
13.4281005859375 -0.20574951171875 6.277750015258789 0.2
13.330100059509277 -0.002349853515625 6.299051284790039 0.2
13.331399917602539 0.20465087890625 6.381450653076172 0.2
13.515800476074219 0.3045501708984375 6.449550628662109 0.2
13.720499992370605 0.23474884033203125 6.50105094909668 0.2
13.764300346374512 0.049747467041015625 6.615751266479492 0.2
13.673200607299805 -0.1470489501953125 6.679851531982422 0.2
13.593400001525879 -0.3536491394042969 6.654150009155273 0.2
13.648200035095215 -0.4931488037109375 6.488750457763672 0.2
13.808700561523438 -0.5111503601074219 6.331850051879883 0.2
13.999300003051758 -0.4074516296386719 6.298250198364258 0.2
14.048999786376953 -0.202850341796875 6.372150421142578 0.2
13.982000350952148 0.004150390625 6.433050155639648 0.2
13.891200065612793 0.200347900390625 6.382150650024414 0.2
13.89799976348877 0.2929496765136719 6.1831512451171875 0.2
14.037799835205078 0.2799491882324219 6.007450103759766 0.2
14.216700553894043 0.18344879150390625 5.960750579833984 0.2
14.294400215148926 0.007049560546875 6.04734992980957 0.2
14.247600555419922 -0.17835235595703125 6.141351699829102 0.2
14.161900520324707 -0.3703498840332031 6.166250228881836 0.2
14.112199783325195 -0.518951416015625 6.028450012207031 0.2
14.202000617980957 -0.5668525695800781 5.843250274658203 0.2
14.368400573730469 -0.5299491882324219 5.719951629638672 0.2
14.51039981842041 -0.37725067138671875 5.737649917602539 0.2
14.505800247192383 -0.17795181274414062 5.809450149536133 0.2
14.434900283813477 0.017650604248046875 5.853851318359375 0.2
14.345499992370605 0.18555068969726562 5.7633514404296875 0.2
14.368599891662598 0.24625015258789062 5.565250396728516 0.2
14.501900672912598 0.22084808349609375 5.402050018310547 0.2
14.674400329589844 0.11014938354492188 5.367250442504883 0.2
14.73390007019043 -0.0704498291015625 5.458150863647461 0.2
14.685999870300293 -0.2556495666503906 5.551750183105469 0.2
14.595399856567383 -0.4467506408691406 5.560649871826172 0.2
14.551199913024902 -0.5818519592285156 5.408451080322266 0.2
14.642800331115723 -0.6178512573242188 5.220849990844727 0.2
14.807600021362305 -0.5642509460449219 5.103450775146484 0.2
14.930800437927246 -0.3970489501953125 5.133050918579102 0.2
14.91569995880127 -0.1983489990234375 5.206451416015625 0.2
14.841300010681152 -0.002651214599609375 5.241451263427734 0.2
14.751399993896484 0.15124893188476562 5.13115119934082 0.2
14.786300659179688 0.19295120239257812 4.928951263427734 0.2
14.920300483703613 0.15274810791015625 4.770351409912109 0.2
15.0826997756958 0.02304840087890625 4.758451461791992 0.2
15.122099876403809 -0.16175079345703125 4.85365104675293 0.2
15.0693998336792 -0.34735107421875 4.943151473999023 0.2
14.97189998626709 -0.533050537109375 4.927450180053711 0.2
14.943500518798828 -0.6463508605957031 4.756050109863281 0.2
15.040300369262695 -0.6656494140625 4.568950653076172 0.2
15.206000328063965 -0.5869522094726562 4.472551345825195 0.2
15.305100440979004 -0.4060516357421875 4.516351699829102 0.2
15.277400016784668 -0.20985031127929688 4.591451644897461 0.2
15.194600105285645 -0.016551971435546875 4.607049942016602 0.2
15.11460018157959 0.11384963989257812 4.46605110168457 0.2
15.16670036315918 0.13304901123046875 4.263950347900391 0.2
15.30880069732666 0.0722503662109375 4.123250961303711 0.2
15.452400207519531 -0.07835006713867188 4.141351699829102 0.2
15.464099884033203 -0.26435089111328125 4.24005126953125 0.2
15.401300430297852 -0.4508514404296875 4.317850112915039 0.2
15.296700477600098 -0.6240501403808594 4.260950088500977 0.2
15.290900230407715 -0.7093505859375 4.0722503662109375 0.2
15.398600578308105 -0.7063522338867188 3.891050338745117 0.2
15.561800003051758 -0.59735107421875 3.8263511657714844 0.2
15.627400398254395 -0.4074516296386719 3.886951446533203 0.2
15.59000015258789 -0.21285247802734375 3.961750030517578 0.2
15.49370002746582 -0.026248931884765625 3.9448509216308594 0.2
15.434200286865234 0.07434844970703125 3.774351119995117 0.2
15.50409984588623 0.06904983520507812 3.5757503509521484 0.2
15.652299880981445 -0.020351409912109375 3.461650848388672 0.2
15.763199806213379 -0.19155120849609375 3.5104503631591797 0.2
15.75059986114502 -0.3764495849609375 3.6116504669189453 0.2
15.669300079345703 -0.5632514953613281 3.6655502319335938 0.2
15.565800666809082 -0.712249755859375 3.5634498596191406 0.2
15.585200309753418 -0.765350341796875 3.362051010131836 0.2
15.703499794006348 -0.7334518432617188 3.1926498413085938 0.2
15.854100227355957 -0.5915489196777344 3.168050765991211 0.2
15.889100074768066 -0.3980522155761719 3.2427501678466797 0.2
15.840800285339355 -0.2037506103515625 3.3088512420654297 0.2
15.732500076293945 -0.034351348876953125 3.2514514923095703 0.2
15.701800346374512 0.027950286865234375 3.0569515228271484 0.2
15.78130054473877 -0.004650115966796875 2.8651504516601562 0.2
15.928299903869629 -0.12955093383789062 2.791950225830078 0.2
16.000200271606445 -0.3139495849609375 2.862649917602539 0.2
15.967599868774414 -0.4967498779296875 2.9626502990722656 0.2
15.860700607299805 -0.675750732421875 2.9790515899658203 0.2
15.77400016784668 -0.7878494262695312 2.8300514221191406 0.2
15.809900283813477 -0.8088493347167969 2.62445068359375 0.2
15.941900253295898 -0.7394523620605469 2.482950210571289 0.2
16.0669002532959 -0.5716514587402344 2.495450973510742 0.2
16.077098846435547 -0.3800506591796875 2.581350326538086 0.2
16.00909996032715 -0.18725204467773438 2.6248512268066406 0.2
15.897600173950195 -0.0498504638671875 2.5180511474609375 0.2
15.88759994506836 -0.026149749755859375 2.31195068359375 0.2
15.97599983215332 -0.09045028686523438 2.1360511779785156 0.2
16.110599517822266 -0.24594879150390625 2.108051300048828 0.2
16.145700454711914 -0.4316520690917969 2.1978511810302734 0.2
16.093299865722656 -0.6141510009765625 2.2867507934570312 0.2
15.963300704956055 -0.773651123046875 2.251649856567383 0.2
15.9035005569458 -0.8464508056640625 2.068950653076172 0.2
15.95580005645752 -0.8362503051757812 1.8670501708984375 0.2
16.097700119018555 -0.7268524169921875 1.76715087890625 0.2
16.185800552368164 -0.5439491271972656 1.8141498565673828 0.2
16.17620086669922 -0.3536491394042969 1.902151107788086 0.2
16.074399948120117 -0.17095184326171875 1.9077510833740234 0.2
15.974599838256836 -0.07575225830078125 1.756551742553711 0.2
15.982000350952148 -0.08565139770507812 1.5479507446289062 0.2
16.087299346923828 -0.18434906005859375 1.4023513793945312 0.2
16.19969940185547 -0.3587493896484375 1.4223499298095703 0.2
16.20949935913086 -0.5406494140625 1.5255508422851562 0.2
16.12470054626465 -0.72125244140625 1.5877513885498047 0.2
15.993200302124023 -0.8510513305664062 1.4967498779296875 0.2
15.964700698852539 -0.8882522583007812 1.2940502166748047 0.2
16.040300369262695 -0.8432502746582031 1.1070499420166016 0.2
16.180099487304688 -0.697052001953125 1.0610504150390625 0.2
16.232398986816406 -0.5091514587402344 1.1349506378173828 0.2
16.191600799560547 -0.3190498352050781 1.210550308227539 0.2
16.062599182128906 -0.16225051879882812 1.1676502227783203 0.2
15.990400314331055 -0.1112518310546875 0.98175048828125 0.2
16.018798828125 -0.14945220947265625 0.7792510986328125 0.2
16.14550018310547 -0.2808494567871094 0.685150146484375 0.2
16.2273006439209 -0.46305084228515625 0.7454509735107422 0.2
16.20949935913086 -0.64324951171875 0.8498516082763672 0.2
16.08919906616211 -0.8118515014648438 0.8684501647949219 0.2
15.982600212097168 -0.9025497436523438 0.7198505401611328 0.2
15.983500480651855 -0.9059524536132812 0.5113506317138672 0.2
16.09239959716797 -0.8189506530761719 0.36245155334472656 0.2
16.209701538085938 -0.6466522216796875 0.3693504333496094 0.2
16.22610092163086 -0.4590492248535156 0.4597511291503906 0.2
16.142398834228516 -0.2751502990722656 0.5062503814697266 0.2
16.01020050048828 -0.15864944458007812 0.40325164794921875 0.2
15.968600273132324 -0.14405059814453125 0.20055007934570312 0.2
16.034099578857422 -0.21364974975585938 0.019750595092773438 0.2
16.16469955444336 -0.3711509704589844 -0.013349533081054688 0.2
16.210599899291992 -0.5521507263183594 0.07855033874511719 0.2
16.156400680541992 -0.73284912109375 0.1652507781982422 0.2
16.01580047607422 -0.8766517639160156 0.12005043029785156 0.2
15.946100234985352 -0.9263496398925781 -0.06674957275390625 0.2
15.981500625610352 -0.895050048828125 -0.2680492401123047 0.2
16.111900329589844 -0.7666511535644531 -0.35994911193847656 0.2
16.188499450683594 -0.5816497802734375 -0.3063488006591797 0.2
16.167400360107422 -0.39475250244140625 -0.216949462890625 0.2
16.039199829101562 -0.23125076293945312 -0.21934890747070312 0.2
15.931500434875488 -0.16015243530273438 -0.3768501281738281 0.2
15.927200317382812 -0.1755523681640625 -0.5838489532470703 0.2
16.03499984741211 -0.28134918212890625 -0.7198486328125 0.2
16.142499923706055 -0.4558525085449219 -0.6910495758056641 0.2
16.15380096435547 -0.6344490051269531 -0.5843486785888672 0.2
16.052101135253906 -0.8098487854003906 -0.5365486145019531 0.2
15.920100212097168 -0.9158515930175781 -0.6495494842529297 0.2
15.886899948120117 -0.9278488159179688 -0.8543491363525391 0.2
15.961800575256348 -0.8562507629394531 -1.030649185180664 0.2
16.085800170898438 -0.6920509338378906 -1.0550498962402344 0.2
16.11949920654297 -0.5054512023925781 -0.9702491760253906 0.2
16.046899795532227 -0.323150634765625 -0.9020500183105469 0.2
15.899300575256348 -0.1979522705078125 -0.9696483612060547 0.2
15.83180046081543 -0.16575241088867188 -1.1624488830566406 0.2
15.870800018310547 -0.21155166625976562 -1.3589496612548828 0.2
16.00279998779297 -0.35395050048828125 -1.4275493621826172 0.2
16.073101043701172 -0.533050537109375 -1.351348876953125 0.2
16.043701171875 -0.7128524780273438 -1.2524490356445312 0.2
15.906000137329102 -0.8670501708984375 -1.2614498138427734 0.2
15.802400588989258 -0.9267501831054688 -1.4281482696533203 0.2
15.796700477600098 -0.9029502868652344 -1.6340484619140625 0.2
15.904500007629395 -0.7821502685546875 -1.7580490112304688 0.2
15.990900039672852 -0.5965499877929688 -1.7239494323730469 0.2
15.97760009765625 -0.412750244140625 -1.6279487609863281 0.2
15.847900390625 -0.2536506652832031 -1.5985488891601562 0.2
15.71030044555664 -0.17584991455078125 -1.7285499572753906 0.2
15.667099952697754 -0.1654510498046875 -1.9310493469238281 0.2
15.75610065460205 -0.24525070190429688 -2.0945491790771484 0.2
15.883600234985352 -0.4084510803222656 -2.097949981689453 0.2
15.925300598144531 -0.5847511291503906 -1.995748519897461 0.2
15.852900505065918 -0.7659492492675781 -1.9282493591308594 0.2
15.709799766540527 -0.8855514526367188 -2.009449005126953 0.2
15.638100624084473 -0.9013519287109375 -2.203248977661133 0.2
15.672200202941895 -0.8326492309570312 -2.3929500579833984 0.2
15.782800674438477 -0.6678504943847656 -2.44635009765625 0.2
15.816100120544434 -0.4783515930175781 -2.3689498901367188 0.2
15.74370002746582 -0.3047523498535156 -2.281749725341797 0.2
15.57859992980957 -0.18695068359375 -2.309049606323242 0.2
15.471199989318848 -0.1358489990234375 -2.4781494140625 0.2
15.473999977111816 -0.1354522705078125 -2.6835498809814453 0.2
15.613800048828125 -0.22555160522460938 -2.798849105834961 0.2
15.731300354003906 -0.38864898681640625 -2.7544498443603516 0.2
15.752300262451172 -0.5687522888183594 -2.65264892578125 0.2
15.657999992370605 -0.7519493103027344 -2.623048782348633 0.2
15.537799835205078 -0.8525505065917969 -2.751649856567383 0.2
15.504199981689453 -0.8477516174316406 -2.9565486907958984 0.2
15.576399803161621 -0.7554512023925781 -3.1235485076904297 0.2
15.679100036621094 -0.5765495300292969 -3.1340484619140625 0.2
15.68809986114502 -0.3905525207519531 -3.0425491333007812 0.2
15.58750057220459 -0.22175216674804688 -2.9767494201660156 0.2
15.430299758911133 -0.11865234375 -3.055349349975586 0.2
15.374700546264648 -0.08575057983398438 -3.251749038696289 0.2
15.424099922180176 -0.11954879760742188 -3.4482498168945312 0.2
15.560500144958496 -0.2547492980957031 -3.5202484130859375 0.2
15.640399932861328 -0.42874908447265625 -3.4431495666503906 0.2
15.622700691223145 -0.6060523986816406 -3.337949752807617 0.2
15.490699768066406 -0.7648506164550781 -3.336648941040039 0.2
15.379199981689453 -0.8217506408691406 -3.497549057006836 0.2
15.363100051879883 -0.7907524108886719 -3.7023487091064453 0.2
15.459799766540527 -0.6731491088867188 -3.837949752807617 0.2
15.548800468444824 -0.4870491027832031 -3.818948745727539 0.2
15.543700218200684 -0.2995491027832031 -3.7297496795654297 0.2
15.425700187683105 -0.13325119018554688 -3.6983489990234375 0.2
15.291500091552734 -0.04145050048828125 -3.8223495483398438 0.2
15.240500450134277 -0.01074981689453125 -4.021049499511719 0.2
15.300300598144531 -0.08115005493164062 -4.200649261474609 0.2
15.419400215148926 -0.24705123901367188 -4.229549407958984 0.2
15.476600646972656 -0.41754913330078125 -4.125848770141602 0.2
15.440600395202637 -0.591949462890625 -4.021949768066406 0.2
15.290200233459473 -0.7300491333007812 -4.0368499755859375 0.2
15.180700302124023 -0.7542495727539062 -4.2066497802734375 0.2
15.176000595092773 -0.6950492858886719 -4.404748916625977 0.2
15.268799781799316 -0.55615234375 -4.524848937988281 0.2
15.343100547790527 -0.3635520935058594 -4.50885009765625 0.2
15.34630012512207 -0.16844940185546875 -4.437749862670898 0.2
15.223700523376465 -0.007152557373046875 -4.403648376464844 0.2
15.061300277709961 0.05915069580078125 -4.507549285888672 0.2
14.965900421142578 0.048450469970703125 -4.691349029541016 0.2
14.994800567626953 -0.056549072265625 -4.861349105834961 0.2
15.11340045928955 -0.22494888305664062 -4.881649017333984 0.2
15.186500549316406 -0.3888511657714844 -4.776849746704102 0.2
15.152700424194336 -0.5591506958007812 -4.663448333740234 0.2
14.998000144958496 -0.692352294921875 -4.668849945068359 0.2
14.889800071716309 -0.71875 -4.840049743652344 0.2
14.886000633239746 -0.6647491455078125 -5.040548324584961 0.2
14.979100227355957 -0.5214500427246094 -5.157449722290039 0.2
15.044400215148926 -0.32485198974609375 -5.142549514770508 0.2
15.027800559997559 -0.1282501220703125 -5.077749252319336 0.2
14.882500648498535 0.015750885009765625 -5.059148788452148 0.2
14.719900131225586 0.058750152587890625 -5.178949356079102 0.2
14.639599800109863 0.0332489013671875 -5.366949081420898 0.2
14.713500022888184 -0.0910491943359375 -5.510950088500977 0.2
14.837599754333496 -0.2574501037597656 -5.492448806762695 0.2
14.90310001373291 -0.4190521240234375 -5.37864875793457 0.2
14.841899871826172 -0.5909500122070312 -5.28125 0.2
14.681900024414062 -0.6996498107910156 -5.335748672485352 0.2
14.599300384521484 -0.6863517761230469 -5.524049758911133 0.2
14.625500679016113 -0.5934524536132812 -5.705848693847656 0.2
14.713900566101074 -0.41825103759765625 -5.7814483642578125 0.2
14.749899864196777 -0.21644973754882812 -5.7449493408203125 0.2
14.687700271606445 -0.030551910400390625 -5.678249359130859 0.2
14.512900352478027 0.06814956665039062 -5.707048416137695 0.2
14.404300689697266 0.061649322509765625 -5.881248474121094 0.2
14.4173002243042 -0.013751983642578125 -6.07244873046875 0.2
14.545100212097168 -0.15404891967773438 -6.154850006103516 0.2
14.653400421142578 -0.3200492858886719 -6.091548919677734 0.2
14.691100120544434 -0.4888496398925781 -5.975849151611328 0.2
14.593500137329102 -0.6547508239746094 -5.897748947143555 0.2
14.436699867248535 -0.7442512512207031 -5.987848281860352 0.2
14.369500160217285 -0.7341499328613281 -6.1842498779296875 0.2
14.423700332641602 -0.6436500549316406 -6.360048294067383 0.2
14.525099754333496 -0.465850830078125 -6.402750015258789 0.2
14.552400588989258 -0.265350341796875 -6.353549957275391 0.2
14.45419979095459 -0.08395004272460938 -6.322050094604492 0.2
14.295599937438965 -0.00115203857421875 -6.420049667358398 0.2
14.218999862670898 -0.010250091552734375 -6.612749099731445 0.2
14.275199890136719 -0.11735153198242188 -6.775949478149414 0.2
14.395500183105469 -0.2875518798828125 -6.7785491943359375 0.2
14.458900451660156 -0.4526519775390625 -6.667848587036133 0.2
14.422699928283691 -0.6225509643554688 -6.55314826965332 0.2
14.263999938964844 -0.7530517578125 -6.553049087524414 0.2
14.142900466918945 -0.7850494384765625 -6.716848373413086 0.2
14.130800247192383 -0.7412490844726562 -6.91874885559082 0.2
14.230000495910645 -0.6029510498046875 -7.035449981689453 0.2
14.303500175476074 -0.4078521728515625 -7.027149200439453 0.2
14.305399894714355 -0.20505142211914062 -6.9801483154296875 0.2
14.17710018157959 -0.04505157470703125 -6.945249557495117 0.2
13.991000175476074 0.031948089599609375 -6.999149322509766 0.2
13.86520004272461 0.01905059814453125 -7.157449722290039 0.2
13.923200607299805 -0.1177520751953125 -7.2944488525390625 0.2
14.036399841308594 -0.2936515808105469 -7.26824951171875 0.2
14.081000328063965 -0.462249755859375 -7.153848648071289 0.2
14.006199836730957 -0.630950927734375 -7.054248809814453 0.2
13.85319995880127 -0.7439498901367188 -7.119449615478516 0.2
13.796299934387207 -0.7472496032714844 -7.3177490234375 0.2
13.848299980163574 -0.6706504821777344 -7.503448486328125 0.2
13.94950008392334 -0.5039520263671875 -7.573648452758789 0.2
14.013999938964844 -0.31024932861328125 -7.528949737548828 0.2
13.984000205993652 -0.11355209350585938 -7.472249984741211 0.2
13.82229995727539 0.013149261474609375 -7.490848541259766 0.2
13.65939998626709 0.0408477783203125 -7.616748809814453 0.2
13.600700378417969 -0.0545501708984375 -7.784248352050781 0.2
13.674400329589844 -0.24394989013671875 -7.839048385620117 0.2
13.740300178527832 -0.42095184326171875 -7.750848770141602 0.2
13.727100372314453 -0.5794525146484375 -7.615949630737305 0.2
13.574100494384766 -0.698150634765625 -7.545648574829102 0.2
13.42870044708252 -0.7354507446289062 -7.679649353027344 0.2
13.42020034790039 -0.7005500793457031 -7.884349822998047 0.2
13.508200645446777 -0.594451904296875 -8.039949417114258 0.2
13.60300064086914 -0.4118499755859375 -8.071149826049805 0.2
13.648600578308105 -0.21075057983398438 -8.038049697875977 0.2
13.572000503540039 -0.02535247802734375 -7.985649108886719 0.2
13.39370059967041 0.08115005493164062 -7.993549346923828 0.2
13.22599983215332 0.10004806518554688 -8.109548568725586 0.2
13.211999893188477 -0.02574920654296875 -8.265548706054688 0.2
13.307400703430176 -0.21215057373046875 -8.280048370361328 0.2
13.369500160217285 -0.3879508972167969 -8.186149597167969 0.2
13.328100204467773 -0.5533523559570312 -8.062849044799805 0.2
13.157000541687012 -0.6621513366699219 -8.04214859008789 0.2
13.028600692749023 -0.672149658203125 -8.201749801635742 0.2
13.015800476074219 -0.6154518127441406 -8.401649475097656 0.2
13.104499816894531 -0.47405242919921875 -8.523448944091797 0.2
13.201800346374512 -0.2893524169921875 -8.519948959350586 0.2
13.231200218200684 -0.089752197265625 -8.470649719238281 0.2
13.112700462341309 0.074951171875 -8.426849365234375 0.2
12.92322063446045 0.15324783325195312 -8.465749740600586 0.2
12.77688980102539 0.1105499267578125 -8.59844970703125 0.2
12.803290367126465 -0.06724929809570312 -8.698450088500977 0.2
12.882850646972656 -0.25695037841796875 -8.65224838256836 0.2
12.908880233764648 -0.4245491027832031 -8.529949188232422 0.2
12.806900024414062 -0.5600509643554688 -8.40574836730957 0.2
12.63090991973877 -0.6313514709472656 -8.469549179077148 0.2
12.57509994506836 -0.6177520751953125 -8.667949676513672 0.2
12.644440650939941 -0.5450515747070312 -8.849349975585938 0.2
12.768580436706543 -0.39315032958984375 -8.926248550415039 0.2
12.842740058898926 -0.19855117797851562 -8.905149459838867 0.2
12.81270980834961 0.003448486328125 -8.867048263549805 0.2
12.658900260925293 0.13454818725585938 -8.90934944152832 0.2
12.514300346374512 0.16234970092773438 -9.055849075317383 0.2
12.49374008178711 0.058948516845703125 -9.230449676513672 0.2
12.57509994506836 -0.129852294921875 -9.27294921875 0.2
12.644450187683105 -0.30915069580078125 -9.190049171447754 0.2
12.645000457763672 -0.4830513000488281 -9.076048851013184 0.2
12.49271011352539 -0.6022491455078125 -9.000049591064453 0.2
12.304340362548828 -0.6176490783691406 -9.079349517822266 0.2
12.203169822692871 -0.5610504150390625 -9.25054931640625 0.2
12.24075984954834 -0.42404937744140625 -9.401248931884766 0.2
12.339960098266602 -0.24335098266601562 -9.435449600219727 0.2
12.399900436401367 -0.045848846435546875 -9.406349182128906 0.2
12.330570220947266 0.13434982299804688 -9.32284927368164 0.2
12.161149978637695 0.2431488037109375 -9.271549224853516 0.2
11.970149993896484 0.2225494384765625 -9.334049224853516 0.2
11.937310218811035 0.053348541259765625 -9.445849418640137 0.2
12.009380340576172 -0.143951416015625 -9.44334888458252 0.2
12.069900512695312 -0.32234954833984375 -9.352249145507812 0.2
12.030330657958984 -0.46595001220703125 -9.200949668884277 0.2
11.8477201461792 -0.5392494201660156 -9.165948867797852 0.2
11.707710266113281 -0.5274505615234375 -9.316349029541016 0.2
11.687009811401367 -0.4614524841308594 -9.513249397277832 0.2
11.767970085144043 -0.3181495666503906 -9.640748977661133 0.2
11.859270095825195 -0.13035202026367188 -9.660248756408691 0.2
11.897490501403809 0.07135009765625 -9.623048782348633 0.2
11.799850463867188 0.24144744873046875 -9.553149223327637 0.2
11.612500190734863 0.33284759521484375 -9.543949127197266 0.2
11.444350242614746 0.2931480407714844 -9.648049354553223 0.2
11.451410293579102 0.11534881591796875 -9.757948875427246 0.2
11.528510093688965 -0.07905197143554688 -9.738849639892578 0.2
11.574620246887207 -0.2599525451660156 -9.644349098205566 0.2
11.491069793701172 -0.40435028076171875 -9.515949249267578 0.2
11.296070098876953 -0.4467506408691406 -9.537749290466309 0.2
11.18159008026123 -0.3896522521972656 -9.700749397277832 0.2
11.19258975982666 -0.27175140380859375 -9.875049591064453 0.2
11.28345012664795 -0.10034942626953125 -9.952448844909668 0.2
11.372179985046387 0.08895111083984375 -9.940149307250977 0.2
11.342889785766602 0.2799491882324219 -9.865249633789062 0.2
11.170390129089355 0.3887481689453125 -9.828749656677246 0.2
10.973369598388672 0.39215087890625 -9.891448974609375 0.2
10.898380279541016 0.2554512023925781 -10.024949073791504 0.2
10.948270797729492 0.054950714111328125 -10.073749542236328 0.2
11.015020370483398 -0.14075088500976562 -10.040349006652832 0.2
11.038969993591309 -0.32144927978515625 -9.939048767089844 0.2
10.920720100402832 -0.4186515808105469 -9.802349090576172 0.2
10.719420433044434 -0.3988494873046875 -9.82284927368164 0.2
10.596580505371094 -0.310150146484375 -9.963648796081543 0.2
10.604890823364258 -0.16984939575195312 -10.122749328613281 0.2
10.694549560546875 0.006748199462890625 -10.190448760986328 0.2
10.77988052368164 0.19754791259765625 -10.18804931640625 0.2
10.749099731445312 0.3827476501464844 -10.097349166870117 0.2
10.560239791870117 0.4465484619140625 -10.075949668884277 0.2
10.40530014038086 0.35784912109375 -10.179849624633789 0.2
10.35746955871582 0.18835067749023438 -10.2975492477417 0.2
10.39680004119873 -0.015949249267578125 -10.323948860168457 0.2
10.464520454406738 -0.2066497802734375 -10.269148826599121 0.2
10.471090316772461 -0.36225128173828125 -10.13064956665039 0.2
10.316230773925781 -0.4190521240234375 -10.013349533081055 0.2
10.126910209655762 -0.3717498779296875 -10.076748847961426 0.2
10.036820411682129 -0.27085113525390625 -10.235949516296387 0.2
10.0701904296875 -0.1197509765625 -10.380748748779297 0.2
10.16292953491211 0.06005096435546875 -10.435648918151855 0.2
10.238460540771484 0.25354766845703125 -10.409149169921875 0.2
10.174260139465332 0.41754913330078125 -10.30224895477295 0.2
9.973350524902344 0.4570503234863281 -10.287149429321289 0.2
9.798700332641602 0.379150390625 -10.369548797607422 0.2
9.755450248718262 0.20005035400390625 -10.474148750305176 0.2
9.812200546264648 -0.001750946044921875 -10.487449645996094 0.2
9.879630088806152 -0.19185256958007812 -10.429248809814453 0.2
9.857919692993164 -0.3316497802734375 -10.276848793029785 0.2
9.676010131835938 -0.3531494140625 -10.19374942779541 0.2
9.50255012512207 -0.2787513732910156 -10.279748916625977 0.2
9.440620422363281 -0.1582489013671875 -10.440049171447754 0.2
9.494220733642578 0.008548736572265625 -10.558448791503906 0.2
9.590100288391113 0.19205093383789062 -10.594149589538574 0.2
9.641030311584473 0.3840484619140625 -10.531949043273926 0.2
9.51630973815918 0.5135498046875 -10.438149452209473 0.2
9.313430786132812 0.4989509582519531 -10.47144889831543 0.2
9.185510635375977 0.3768501281738281 -10.580948829650879 0.2
9.181489944458008 0.18024826049804688 -10.662649154663086 0.2
9.250530242919922 -0.017452239990234375 -10.649748802185059 0.2
9.30918025970459 -0.19945144653320312 -10.565149307250977 0.2
9.241849899291992 -0.30735015869140625 -10.40264892578125 0.2
9.043660163879395 -0.29505157470703125 -10.363149642944336 0.2
8.89231014251709 -0.206451416015625 -10.474148750305176 0.2
8.858470916748047 -0.0704498291015625 -10.633949279785156 0.2
8.926440238952637 0.10485076904296875 -10.727349281311035 0.2
9.018340110778809 0.2921485900878906 -10.749349594116211 0.2
9.032880783081055 0.4779510498046875 -10.655749320983887 0.2
8.874320030212402 0.5689506530761719 -10.566248893737793 0.2
8.670360565185547 0.5326499938964844 -10.586548805236816 0.2
8.556779861450195 0.3845481872558594 -10.681249618530273 0.2
8.578960418701172 0.18104934692382812 -10.731749534606934 0.2
8.653310775756836 -0.01435089111328125 -10.711949348449707 0.2
8.693840026855469 -0.18284988403320312 -10.593648910522461 0.2
8.582030296325684 -0.2467498779296875 -10.436649322509766 0.2
8.384099960327148 -0.19205093383789062 -10.440149307250977 0.2
8.2576904296875 -0.08124923706054688 -10.564848899841309 0.2
8.257619857788086 0.07595062255859375 -10.70824909210205 0.2
8.336389541625977 0.2564506530761719 -10.781048774719238 0.2
8.422030448913574 0.4477500915527344 -10.771549224853516 0.2
8.3895902633667 0.610748291015625 -10.650249481201172 0.2
8.195890426635742 0.6468505859375 -10.595648765563965 0.2
8.012639999389648 0.5621490478515625 -10.649649620056152 0.2
7.947510242462158 0.3832511901855469 -10.744548797607422 0.2
7.994250297546387 0.1795501708984375 -10.769848823547363 0.2
8.068870544433594 -0.0133514404296875 -10.730949401855469 0.2
8.082859992980957 -0.15724945068359375 -10.581449508666992 0.2
7.925220012664795 -0.181549072265625 -10.458148956298828 0.2
7.736800193786621 -0.1065521240234375 -10.502948760986328 0.2
7.643110275268555 0.0162506103515625 -10.6454496383667 0.2
7.6715803146362305 0.1853485107421875 -10.770648956298828 0.2
7.75678014755249 0.36985015869140625 -10.825348854064941 0.2
7.826180458068848 0.5615501403808594 -10.780149459838867 0.2
7.736040115356445 0.6966476440429688 -10.657448768615723 0.2
7.530640125274658 0.6905479431152344 -10.641749382019043 0.2
7.378060340881348 0.5746498107910156 -10.723249435424805 0.2
7.351720333099365 0.3802490234375 -10.807848930358887 0.2
7.415570259094238 0.18004989624023438 -10.813749313354492 0.2
7.486240386962891 -0.00675201416015625 -10.750248908996582 0.2
7.455300331115723 -0.12364959716796875 -10.581949234008789 0.2
7.269070148468018 -0.11695098876953125 -10.5027494430542 0.2
7.09889030456543 -0.027950286865234375 -10.582348823547363 0.2
7.039050102233887 0.110748291015625 -10.732349395751953 0.2
7.089810371398926 0.2893486022949219 -10.831949234008789 0.2
7.176480293273926 0.4778480529785156 -10.865949630737305 0.2
7.213980197906494 0.6643486022949219 -10.778348922729492 0.2
7.073240280151367 0.7593498229980469 -10.667749404907227 0.2
6.869840145111084 0.7163505554199219 -10.678349494934082 0.2
6.747270584106445 0.5714492797851562 -10.768949508666992 0.2
6.757349967956543 0.3686485290527344 -10.828848838806152 0.2
6.830440521240234 0.17144775390625 -10.821649551391602 0.2
6.888979911804199 -0.003849029541015625 -10.721949577331543 0.2
6.806950569152832 -0.0834503173828125 -10.55264949798584 0.2
6.6079301834106445 -0.04145050048828125 -10.524249076843262 0.2
6.46051025390625 0.064849853515625 -10.628149032592773 0.2
6.439180374145508 0.222747802734375 -10.7704496383667 0.2
6.506460189819336 0.4067497253417969 -10.847349166870117 0.2
6.591030120849609 0.59954833984375 -10.849749565124512 0.2
6.581089973449707 0.7672500610351562 -10.728949546813965 0.2
6.3962602615356445 0.8107490539550781 -10.654949188232422 0.2
6.208940505981445 0.729248046875 -10.700348854064941 0.2
6.132790565490723 0.5557479858398438 -10.797248840332031 0.2
6.173749923706055 0.3518486022949219 -10.832249641418457 0.2
6.251260280609131 0.15724945068359375 -10.80674934387207 0.2
6.285369873046875 0.00334930419921875 -10.670449256896973 0.2
6.1487202644348145 -0.036251068115234375 -10.526549339294434 0.2
5.952010154724121 0.029148101806640625 -10.541749000549316 0.2
5.836150169372559 0.15034866333007812 -10.6681489944458 0.2
5.847660064697266 0.32215118408203125 -10.793249130249023 0.2
5.925040245056152 0.5089492797851562 -10.852449417114258 0.2
5.997030258178711 0.7022476196289062 -10.815749168395996 0.2
5.924740314483643 0.8389511108398438 -10.682148933410645 0.2
5.722490310668945 0.8373489379882812 -10.6410493850708 0.2
5.559289932250977 0.7253494262695312 -10.70534896850586 0.2
5.524660110473633 0.5316505432128906 -10.789249420166016 0.2
5.586960315704346 0.3311500549316406 -10.803548812866211 0.2
5.6630401611328125 0.142547607421875 -10.751249313354492 0.2
5.6522603034973145 0.02104949951171875 -10.5829496383667 0.2
5.475880146026611 0.022251129150390625 -10.482748985290527 0.2
5.294680118560791 0.10794830322265625 -10.538848876953125 0.2
5.219350337982178 0.24814987182617188 -10.680249214172363 0.2
5.260000228881836 0.42974853515625 -10.78024959564209 0.2
5.340100288391113 0.6207504272460938 -10.817249298095703 0.2
5.383270263671875 0.8079490661621094 -10.731649398803711 0.2
5.2480902671813965 0.9024505615234375 -10.61474895477295 0.2
5.0459699630737305 0.8545494079589844 -10.626349449157715 0.2
4.925460338592529 0.7092475891113281 -10.719948768615723 0.2
4.9351701736450195 0.5069503784179688 -10.783449172973633 0.2
5.0093302726745605 0.3097496032714844 -10.778948783874512 0.2
5.076620101928711 0.13245010375976562 -10.687949180603027 0.2
5.009950160980225 0.042850494384765625 -10.5160493850708 0.2
4.8110504150390625 0.07175064086914062 -10.472249031066895 0.2
4.650820255279541 0.17004776000976562 -10.56464958190918 0.2
4.617800235748291 0.3262481689453125 -10.707149505615234 0.2
4.677520275115967 0.5129508972167969 -10.78494930267334 0.2
4.756450176239014 0.7084503173828125 -10.79224967956543 0.2
4.752600193023682 0.8800506591796875 -10.674849510192871 0.2
4.571599960327148 0.9281501770019531 -10.594549179077148 0.2
4.382180213928223 0.84954833984375 -10.63694953918457 0.2
4.304180145263672 0.6780509948730469 -10.735749244689941 0.2
4.346640110015869 0.47464752197265625 -10.773849487304688 0.2
4.427650451660156 0.2808494567871094 -10.752449035644531 0.2
4.470700263977051 0.12234878540039062 -10.623249053955078 0.2
4.343990325927734 0.0715484619140625 -10.473149299621582 0.2
4.1432905197143555 0.12635040283203125 -10.476149559020996 0.2
4.016819953918457 0.24284744262695312 -10.59584903717041 0.2
4.020319938659668 0.4159507751464844 -10.720949172973633 0.2
4.090480327606201 0.6064491271972656 -10.777849197387695 0.2
4.158720016479492 0.8022499084472656 -10.743749618530273 0.2
4.089700222015381 0.941650390625 -10.610548973083496 0.2
3.8870882987976074 0.9394493103027344 -10.574249267578125 0.2
3.7278201580047607 0.8270492553710938 -10.648149490356445 0.2
3.695951223373413 0.6353492736816406 -10.737849235534668 0.2
3.7611591815948486 0.4356498718261719 -10.75304889678955 0.2
3.8417623043060303 0.24715042114257812 -10.706249237060547 0.2
3.8412461280822754 0.11684799194335938 -10.543349266052246 0.2
3.670380115509033 0.1031494140625 -10.434248924255371 0.2
3.4811432361602783 0.17784881591796875 -10.479449272155762 0.2
3.39469313621521 0.3142509460449219 -10.617349624633789 0.2
3.428009271621704 0.4978485107421875 -10.717049598693848 0.2
3.501678228378296 0.6919479370117188 -10.75304889678955 0.2
3.542539119720459 0.8821487426757812 -10.670848846435547 0.2
3.4101271629333496 0.9794502258300781 -10.552549362182617 0.2
3.20729923248291 0.9341506958007812 -10.563949584960938 0.2
3.086514711380005 0.7901496887207031 -10.659449577331543 0.2
3.098928928375244 0.5886497497558594 -10.724349021911621 0.2
3.1773881912231445 0.3928489685058594 -10.721649169921875 0.2
3.2503011226654053 0.21434783935546875 -10.63694953918457 0.2
3.194707155227661 0.11804962158203125 -10.463748931884766 0.2
2.9979262351989746 0.1376495361328125 -10.4048490524292 0.2
2.8272032737731934 0.23064804077148438 -10.482549667358398 0.2
2.784158229827881 0.3879508972167969 -10.621149063110352 0.2
2.8373162746429443 0.5775489807128906 -10.697049140930176 0.2
2.91037654876709 0.7757492065429688 -10.70314884185791 0.2
2.9050111770629883 0.94744873046875 -10.584649085998535 0.2
2.722849130630493 0.99224853515625 -10.504849433898926 0.2
2.53537917137146 0.9106483459472656 -10.55104923248291 0.2
2.46197509765625 0.7371482849121094 -10.65014934539795 0.2
2.5086991786956787 0.5342483520507812 -10.685949325561523 0.2
2.593275308609009 0.3415489196777344 -10.665449142456055 0.2
2.645057201385498 0.18304824829101562 -10.539149284362793 0.2
2.5294692516326904 0.12765121459960938 -10.380949020385742 0.2
2.326794147491455 0.17404937744140625 -10.36454963684082 0.2
2.1879072189331055 0.28594970703125 -10.473349571228027 0.2
2.1832332611083984 0.4591484069824219 -10.59904956817627 0.2
2.246849298477173 0.6523475646972656 -10.6548490524292 0.2
2.30899715423584 0.8508491516113281 -10.619648933410645 0.2
2.2338743209838867 0.9913482666015625 -10.490849494934082 0.2
2.0294113159179688 0.9864501953125 -10.46774959564209 0.2
1.8779501914978027 0.8713493347167969 -10.553749084472656 0.2
1.8558802604675293 0.6787490844726562 -10.643949508666992 0.2
1.9268602132797241 0.4805488586425781 -10.65324878692627 0.2
2.0123982429504395 0.2940483093261719 -10.605749130249023 0.2
2.0213403701782227 0.16104888916015625 -10.444849014282227 0.2
1.857790231704712 0.1369476318359375 -10.325348854064941 0.2
1.660940170288086 0.1994476318359375 -10.355449676513672 0.2
1.5626401901245117 0.32884979248046875 -10.491148948669434 0.2
1.588860273361206 0.512451171875 -10.593849182128906 0.2
1.6554502248764038 0.7094497680664062 -10.628849029541016 0.2
1.6868302822113037 0.9041481018066406 -10.549549102783203 0.2
1.5467902421951294 1.0039482116699219 -10.442548751831055 0.2
1.3450102806091309 0.9584503173828125 -10.468149185180664 0.2
1.2331602573394775 0.8124504089355469 -10.571148872375488 0.2
1.256710171699524 0.6105499267578125 -10.630748748779297 0.2
1.3415802717208862 0.417449951171875 -10.619548797607422 0.2
1.4203602075576782 0.24094772338867188 -10.535348892211914 0.2
1.3765102624893188 0.14064788818359375 -10.359848976135254 0.2
1.1833401918411255 0.1477508544921875 -10.28554916381836 0.2
1.0010402202606201 0.22764968872070312 -10.349649429321289 0.2
0.9483401775360107 0.37815093994140625 -10.492749214172363 0.2
0.9953403472900391 0.5685501098632812 -10.571349143981934 0.2
1.0589202642440796 0.7704505920410156 -10.575849533081055 0.2
1.0374202728271484 0.9482498168945312 -10.465848922729492 0.2
0.8465001583099365 0.9944496154785156 -10.40934944152832 0.2
0.6645002365112305 0.9124488830566406 -10.474148750305176 0.2
0.6076803207397461 0.7363510131835938 -10.578049659729004 0.2
0.6684203147888184 0.5354499816894531 -10.602849006652832 0.2
0.7604501247406006 0.3472480773925781 -10.572349548339844 0.2
0.8171103000640869 0.18975067138671875 -10.446449279785156 0.2
0.7100503444671631 0.12664794921875 -10.283549308776855 0.2
0.505540132522583 0.1573486328125 -10.25364875793457 0.2
0.3554501533508301 0.2557487487792969 -10.358949661254883 0.2
0.3441202640533447 0.4235496520996094 -10.492249488830566 0.2
0.4020402431488037 0.6184501647949219 -10.549149513244629 0.2
0.44779014587402344 0.8225479125976562 -10.513949394226074 0.2
0.35117030143737793 0.96624755859375 -10.402849197387695 0.2
0.14355015754699707 0.9657478332519531 -10.39324951171875 0.2
-0.006379842758178711 0.850250244140625 -10.480249404907227 0.2
-0.008219718933105469 0.6535491943359375 -10.560249328613281 0.2
0.07679033279418945 0.46054840087890625 -10.555949211120605 0.2
0.16909027099609375 0.27874755859375 -10.501949310302734 0.2
0.18737030029296875 0.14954757690429688 -10.337549209594727 0.2
0.039690256118774414 0.12025070190429688 -10.196949005126953 0.2
-0.1634197235107422 0.16624832153320312 -10.190349578857422 0.2
-0.2742598056793213 0.2855491638183594 -10.323549270629883 0.2
-0.2518298625946045 0.46524810791015625 -10.434349060058594 0.2
-0.19314980506896973 0.6646499633789062 -10.47144889831543 0.2
-0.18768978118896484 0.8656501770019531 -10.396849632263184 0.2
-0.349719762802124 0.9620475769042969 -10.320448875427246 0.2
-0.5495998859405518 0.9147491455078125 -10.361148834228516 0.2
-0.6438198089599609 0.7593498229980469 -10.466049194335938 0.2
-0.5947797298431396 0.5577507019042969 -10.505549430847168 0.2
-0.4985697269439697 0.37165069580078125 -10.476449012756348 0.2
-0.4138498306274414 0.2021484375 -10.383149147033691 0.2
-0.44931983947753906 0.10594940185546875 -10.202349662780762 0.2
-0.6358797550201416 0.10214996337890625 -10.109148979187012 0.2
-0.8284497261047363 0.16424942016601562 -10.1587495803833 0.2
-0.8874897956848145 0.301849365234375 -10.311749458312988 0.2
-0.8459696769714355 0.48944854736328125 -10.400749206542969 0.2
-0.796839714050293 0.6955490112304688 -10.411249160766602 0.2
-0.845059871673584 0.8800506591796875 -10.319449424743652 0.2
-1.043379783630371 0.9275474548339844 -10.284749031066895 0.2
-1.224679946899414 0.8462486267089844 -10.351948738098145 0.2
-1.261009693145752 0.6631507873535156 -10.450348854064941 0.2
-1.1809797286987305 0.4672508239746094 -10.456149101257324 0.2
-1.0796499252319336 0.28675079345703125 -10.411149024963379 0.2
-1.018019676208496 0.13515090942382812 -10.279549598693848 0.2
-1.1155595779418945 0.06995010375976562 -10.109549522399902 0.2
-1.3188495635986328 0.08314895629882812 -10.060749053955078 0.2
-1.4790396690368652 0.16304779052734375 -10.163848876953125 0.2
-1.4941997528076172 0.32054901123046875 -10.309749603271484 0.2
-1.4447598457336426 0.5149497985839844 -10.375948905944824 0.2
-1.418069839477539 0.7247505187988281 -10.351149559020996 0.2
-1.531559944152832 0.8718490600585938 -10.259849548339844 0.2
-1.7405695915222168 0.8742485046386719 -10.256149291992188 0.2
-1.8851099014282227 0.7537498474121094 -10.343149185180664 0.2
-1.8657498359680176 0.5552482604980469 -10.414749145507812 0.2
-1.7682299613952637 0.36894989013671875 -10.394848823547363 0.2
-1.6696195602416992 0.19464874267578125 -10.328349113464355 0.2
-1.6505398750305176 0.07014846801757812 -10.15954875946045 0.2
-1.79548978805542 0.032947540283203125 -10.01664924621582 0.2
-2.0016298294067383 0.06024932861328125 -10.009049415588379 0.2
-2.113729953765869 0.16234970092773438 -10.153549194335938 0.2
-2.0944595336914062 0.3358497619628906 -10.274949073791504 0.2
-2.04833984375 0.5366477966308594 -10.321949005126953 0.2
-2.0630898475646973 0.7419509887695312 -10.260549545288086 0.2
-2.2272696495056152 0.8424491882324219 -10.187349319458008 0.2
-2.4328198432922363 0.8081474304199219 -10.206549644470215 0.2
-2.5247397422790527 0.6490478515625 -10.303949356079102 0.2
-2.4595398902893066 0.4510498046875 -10.33644962310791 0.2
-2.3541598320007324 0.27104949951171875 -10.300748825073242 0.2
-2.2681097984313965 0.10704803466796875 -10.19904899597168 0.2
-2.2998299598693848 0.014148712158203125 -10.013648986816406 0.2
-2.47344970703125 -0.004150390625 -9.897249221801758 0.2
-2.669839859008789 0.03894805908203125 -9.940649032592773 0.2
-2.7248497009277344 0.16645050048828125 -10.1031494140625 0.2
-2.6894798278808594 0.35124969482421875 -10.200849533081055 0.2
-2.657599925994873 0.5598487854003906 -10.22304916381836 0.2
-2.720709800720215 0.7449493408203125 -10.13914966583252 0.2
-2.913729667663574 0.8031501770019531 -10.081048965454102 0.2
-3.103879928588867 0.7279510498046875 -10.116249084472656 0.2
-3.1317195892333984 0.5391502380371094 -10.203349113464355 0.2
-3.0410995483398438 0.34735107421875 -10.203248977661133 0.2
-2.9360098838806152 0.16975021362304688 -10.155049324035645 0.2
-2.8714399337768555 0.025051116943359375 -10.015449523925781 0.2
-2.9491195678710938 -0.037052154541015625 -9.831449508666992 0.2
-3.1394295692443848 -0.038848876953125 -9.74484920501709 0.2
-3.3044795989990234 0.0267486572265625 -9.84644889831543 0.2
-3.319499969482422 0.17604827880859375 -10.001049041748047 0.2
-3.281399726867676 0.36824798583984375 -10.08074951171875 0.2
-3.270449638366699 0.5809478759765625 -10.071649551391602 0.2
-3.386079788208008 0.7315483093261719 -9.984549522399902 0.2
-3.5936198234558105 0.7446479797363281 -9.956149101257324 0.2
-3.7429800033569336 0.6217498779296875 -10.026749610900879 0.2
-3.7150797843933105 0.4225502014160156 -10.092948913574219 0.2
-3.610349655151367 0.24065017700195312 -10.069249153137207 0.2
-3.5065298080444336 0.07035064697265625 -9.99994945526123 0.2
-3.4783196449279785 -0.05175018310546875 -9.829349517822266 0.2
-3.6070799827575684 -0.09714889526367188 -9.672449111938477 0.2
-3.8125295639038086 -0.08765029907226562 -9.64854907989502 0.2
-3.9314799308776855 0.00135040283203125 -9.795549392700195 0.2
-3.921189785003662 0.17084884643554688 -9.923449516296387 0.2
-3.886709690093994 0.3704490661621094 -9.984048843383789 0.2
-3.9048399925231934 0.5794486999511719 -9.937149047851562 0.2
-4.05765962600708 0.6888504028320312 -9.849549293518066 0.2
-4.264649868011475 0.6625480651855469 -9.836749076843262 0.2
-4.366049766540527 0.5017509460449219 -9.918848991394043 0.2
-4.300039768218994 0.3040504455566406 -9.952149391174316 0.2
-4.189909934997559 0.12654876708984375 -9.917549133300781 0.2
-4.095559597015381 -0.034549713134765625 -9.818049430847168 0.2
-4.108959674835205 -0.12784957885742188 -9.629549026489258 0.2
-4.268369674682617 -0.1553497314453125 -9.495849609375 0.2
-4.46891975402832 -0.12594985961914062 -9.526449203491211 0.2
-4.537509918212891 -0.00695037841796875 -9.689748764038086 0.2
-4.514459609985352 0.175750732421875 -9.794949531555176 0.2
-4.4892096519470215 0.3829498291015625 -9.832649230957031 0.2
-4.540769577026367 0.5745506286621094 -9.753449440002441 0.2
-4.721829891204834 0.6397476196289062 -9.66974925994873 0.2
-4.916479587554932 0.5676498413085938 -9.672849655151367 0.2
-4.957899570465088 0.37744903564453125 -9.75054931640625 0.2
-4.866949558258057 0.18594741821289062 -9.754849433898926 0.2
-4.755979537963867 0.011348724365234375 -9.70884895324707 0.2
-4.67825984954834 -0.12834930419921875 -9.570049285888672 0.2
-4.730159759521484 -0.19065093994140625 -9.376049041748047 0.2
-4.906929969787598 -0.20254898071289062 -9.26664924621582 0.2
-5.081369400024414 -0.1506500244140625 -9.360649108886719 0.2
-5.11415958404541 -0.00695037841796875 -9.516749382019043 0.2
-5.090390205383301 0.18185043334960938 -9.609048843383789 0.2
-5.081029891967773 0.3944511413574219 -9.616848945617676 0.2
-5.173569679260254 0.5544509887695312 -9.51664924621582 0.2
-5.367549896240234 0.578948974609375 -9.440448760986328 0.2
-5.529990196228027 0.4560508728027344 -9.4673490524292 0.2
-5.51692008972168 0.2525482177734375 -9.524449348449707 0.2
-5.412369728088379 0.06964874267578125 -9.507248878479004 0.2
-5.301459312438965 -0.09835052490234375 -9.443248748779297 0.2
-5.243829727172852 -0.2093505859375 -9.27134895324707 0.2
-5.331219673156738 -0.2474517822265625 -9.085649490356445 0.2
-5.526390075683594 -0.241851806640625 -9.0204496383667 0.2
-5.667180061340332 -0.16495132446289062 -9.154149055480957 0.2
-5.678589820861816 -0.004352569580078125 -9.292949676513672 0.2
-5.657179832458496 0.18925094604492188 -9.375049591064453 0.2
-5.663819313049316 0.40264892578125 -9.348149299621582 0.2
-5.793950080871582 0.5237503051757812 -9.241349220275879 0.2
-5.994839668273926 0.5003509521484375 -9.186549186706543 0.2
-6.115069389343262 0.3385505676269531 -9.234048843383789 0.2
-6.060569763183594 0.13724899291992188 -9.267349243164062 0.2
-5.94650936126709 -0.039150238037109375 -9.23974895477295 0.2
-5.835849761962891 -0.19585037231445312 -9.150349617004395 0.2
-5.811149597167969 -0.2821502685546875 -8.959148406982422 0.2
-5.939139366149902 -0.3081512451171875 -8.794748306274414 0.2
-6.142729759216309 -0.2870521545410156 -8.784749984741211 0.2
-6.2440900802612305 -0.181549072265625 -8.939748764038086 0.2
-6.241879463195801 -0.007152557373046875 -9.060749053955078 0.2
-6.222410202026367 0.19414901733398438 -9.124649047851562 0.2
-6.249519348144531 0.3966484069824219 -9.060949325561523 0.2
-6.410769462585449 0.46865081787109375 -8.949949264526367 0.2
-6.603069305419922 0.3966484069824219 -8.909948348999023 0.2
-6.670069694519043 0.20475006103515625 -8.962148666381836 0.2
-6.587579727172852 0.0097503662109375 -8.972549438476562 0.2
-6.469829559326172 -0.16305160522460938 -8.938348770141602 0.2
-6.365349769592285 -0.299652099609375 -8.815349578857422 0.2
-6.381269454956055 -0.3573493957519531 -8.614448547363281 0.2
-6.536600112915039 -0.36714935302734375 -8.47494888305664 0.2
-6.729589462280273 -0.3216514587402344 -8.525949478149414 0.2
-6.798250198364258 -0.188751220703125 -8.67974853515625 0.2
-6.789669990539551 -0.00804901123046875 -8.789249420166016 0.2
-6.773409843444824 0.20045089721679688 -8.825849533081055 0.2
-6.828169822692871 0.3759498596191406 -8.724149703979492 0.2
-7.000199317932129 0.40094757080078125 -8.608449935913086 0.2
-7.167799949645996 0.2828483581542969 -8.582448959350586 0.2
-7.184399604797363 0.07555007934570312 -8.624149322509766 0.2
-7.08389949798584 -0.11025238037109375 -8.617849349975586 0.2
-6.963259696960449 -0.2759513854980469 -8.566450119018555 0.2
-6.876049995422363 -0.3800506591796875 -8.402948379516602 0.2
-6.931980133056641 -0.4157524108886719 -8.20534896850586 0.2
-7.113900184631348 -0.41104888916015625 -8.10984992980957 0.2
-7.278599739074707 -0.3355522155761719 -8.215648651123047 0.2
-7.315299987792969 -0.1784515380859375 -8.35274887084961 0.2
-7.306699752807617 0.006748199462890625 -8.454448699951172 0.2
-7.290999412536621 0.2207489013671875 -8.44944953918457 0.2
-7.366399765014648 0.35575103759765625 -8.31155014038086 0.2
-7.531899452209473 0.3378486633300781 -8.184148788452148 0.2
-7.658899307250977 0.17435073852539062 -8.163549423217773 0.2
-7.624300003051758 -0.03385162353515625 -8.182849884033203 0.2
-7.512999534606934 -0.21335220336914062 -8.167648315429688 0.2
-7.384799957275391 -0.3579521179199219 -8.078948974609375 0.2
-7.332399368286133 -0.4224510192871094 -7.885549545288086 0.2
-7.434100151062012 -0.4378509521484375 -7.702949523925781 0.2
-7.634900093078613 -0.4071502685546875 -7.677949905395508 0.2
-7.751899719238281 -0.2926521301269531 -7.811948776245117 0.2
-7.7714996337890625 -0.12364959716796875 -7.938848495483398 0.2
-7.762800216674805 0.0697479248046875 -8.02614974975586 0.2
-7.7425994873046875 0.27555084228515625 -7.974048614501953 0.2
-7.82390022277832 0.3688507080078125 -7.805248260498047 0.2
-7.970099449157715 0.3134498596191406 -7.66724967956543 0.2
-8.044699668884277 0.11584854125976562 -7.653749465942383 0.2
-7.974100112915039 -0.0843505859375 -7.661949157714844 0.2
-7.85260009765625 -0.2564506530761719 -7.637948989868164 0.2
-7.722700119018555 -0.3677520751953125 -7.509449005126953 0.2
-7.727899551391602 -0.4031524658203125 -7.303249359130859 0.2
-7.876799583435059 -0.39585113525390625 -7.157949447631836 0.2
-8.06779956817627 -0.3274497985839844 -7.20734977722168 0.2
-8.142199516296387 -0.18125152587890625 -7.342048645019531 0.2
-8.15619945526123 -0.00785064697265625 -7.4631500244140625 0.2
-8.131999969482422 0.1972503662109375 -7.513248443603516 0.2
-8.127399444580078 0.3695487976074219 -7.396049499511719 0.2
-8.224100112915039 0.4056510925292969 -7.213048934936523 0.2
-8.353300094604492 0.28604888916015625 -7.105548858642578 0.2
-8.36870002746582 0.07284927368164062 -7.106449127197266 0.2
-8.274299621582031 -0.11655044555664062 -7.110448837280273 0.2
-8.138699531555176 -0.273651123046875 -7.064949035644531 0.2
-8.029500007629395 -0.3471488952636719 -6.899848937988281 0.2
-8.079400062561035 -0.3570518493652344 -6.697050094604492 0.2
-8.258999824523926 -0.32305145263671875 -6.603748321533203 0.2
-8.419400215148926 -0.21845245361328125 -6.695749282836914 0.2
-8.466400146484375 -0.058650970458984375 -6.826148986816406 0.2
-8.473899841308594 0.12244796752929688 -6.935249328613281 0.2
-8.435799598693848 0.3321495056152344 -6.9241485595703125 0.2
-8.46500015258789 0.4516487121582031 -6.758249282836914 0.2
-8.575699806213379 0.4284477233886719 -6.58234977722168 0.2
-8.672100067138672 0.25444793701171875 -6.517848968505859 0.2
-8.630999565124512 0.04644775390625 -6.525148391723633 0.2
-8.521599769592285 -0.13484954833984375 -6.524648666381836 0.2
-8.367199897766113 -0.2638511657714844 -6.450248718261719 0.2
-8.295100212097168 -0.300750732421875 -6.259248733520508 0.2
-8.386300086975098 -0.2874488830566406 -6.07084846496582 0.2
-8.580599784851074 -0.2279510498046875 -6.032649993896484 0.2
-8.704500198364258 -0.09905242919921875 -6.146648406982422 0.2
-8.741299629211426 0.06385040283203125 -6.277448654174805 0.2
-8.734000205993652 0.25965118408203125 -6.360649108886719 0.2
-8.706399917602539 0.45224761962890625 -6.282049179077148 0.2
-8.771499633789062 0.5130500793457031 -6.091949462890625 0.2
-8.886699676513672 0.4292488098144531 -5.939949035644531 0.2
-8.930399894714355 0.22324752807617188 -5.9165496826171875 0.2
-8.848299980163574 0.0274505615234375 -5.925048828125 0.2
-8.71679973602295 -0.13904953002929688 -5.912248611450195 0.2
-8.558699607849121 -0.22954940795898438 -5.801948547363281 0.2
-8.544699668884277 -0.24485015869140625 -5.594348907470703 0.2
-8.678099632263184 -0.22735214233398438 -5.433948516845703 0.2
-8.875199317932129 -0.16015243530273438 -5.457048416137695 0.2
-8.971799850463867 -0.0209503173828125 -5.585748672485352 0.2
-9.002999305725098 0.14785003662109375 -5.710649490356445 0.2
-8.988900184631348 0.3554496765136719 -5.754949569702148 0.2
-8.999899864196777 0.5147476196289062 -5.62354850769043 0.2
-9.096699714660645 0.5252494812011719 -5.436849594116211 0.2
-9.20949935913086 0.3896484375 -5.328849792480469 0.2
-9.206999778747559 0.17654800415039062 -5.330049514770508 0.2
-9.10099983215332 -0.006649017333984375 -5.339849472045898 0.2
-8.952400207519531 -0.15435028076171875 -5.306049346923828 0.2
-8.82699966430664 -0.21535110473632812 -5.149349212646484 0.2
-8.8681001663208 -0.22135162353515625 -4.94434928894043 0.2
-9.039400100708008 -0.19465255737304688 -4.832448959350586 0.2
-9.216099739074707 -0.10274887084960938 -4.906349182128906 0.2
-9.28030014038086 0.048549652099609375 -5.0397491455078125 0.2
-9.298500061035156 0.22845077514648438 -5.150049209594727 0.2
-9.278999328613281 0.4385490417480469 -5.125450134277344 0.2
-9.325499534606934 0.5382499694824219 -4.950550079345703 0.2
-9.43340015411377 0.4908485412597656 -4.777349472045898 0.2
-9.510899543762207 0.3063507080078125 -4.716949462890625 0.2
-9.451600074768066 0.1031494140625 -4.729549407958984 0.2
-9.327099800109863 -0.06835174560546875 -4.734149932861328 0.2
-9.162099838256836 -0.17914962768554688 -4.656549453735352 0.2
-9.093999862670898 -0.20615005493164062 -4.46245002746582 0.2
-9.18239974975586 -0.19775009155273438 -4.2720489501953125 0.2
-9.37909984588623 -0.14895248413085938 -4.230649948120117 0.2
-9.510099411010742 -0.0285491943359375 -4.345249176025391 0.2
-9.554699897766113 0.1282501220703125 -4.481349945068359 0.2
-9.555399894714355 0.3298492431640625 -4.550149917602539 0.2
-9.553099632263184 0.5082511901855469 -4.442649841308594 0.2
-9.62720012664795 0.537750244140625 -4.247749328613281 0.2
-9.728099822998047 0.423248291015625 -4.106048583984375 0.2
-9.736599922180176 0.21234893798828125 -4.090250015258789 0.2
-9.633699417114258 0.027050018310546875 -4.106048583984375 0.2
-9.480999946594238 -0.11985015869140625 -4.086549758911133 0.2
-9.333000183105469 -0.17715072631835938 -3.9482498168945312 0.2
-9.33549976348877 -0.17755126953125 -3.7373485565185547 0.2
-9.479999542236328 -0.1506500244140625 -3.5905494689941406 0.2
-9.669099807739258 -0.07015228271484375 -3.638448715209961 0.2
-9.753399848937988 0.06764984130859375 -3.776548385620117 0.2
-9.784299850463867 0.23904800415039062 -3.898448944091797 0.2
-9.769599914550781 0.4504508972167969 -3.886148452758789 0.2
-9.800799369812012 0.5574493408203125 -3.7095489501953125 0.2
-9.88379955291748 0.5209503173828125 -3.519449234008789 0.2
-9.945499420166016 0.33734893798828125 -3.4396495819091797 0.2
-9.879899978637695 0.13504791259765625 -3.448549270629883 0.2
-9.748199462890625 -0.031951904296875 -3.456949234008789 0.2
-9.573699951171875 -0.127349853515625 -3.3816490173339844 0.2
-9.5 -0.13975143432617188 -3.1859493255615234 0.2
-9.573800086975098 -0.12295150756835938 -2.9891490936279297 0.2
-9.768799781799316 -0.07035064697265625 -2.9399490356445312 0.2
-9.904899597167969 0.047149658203125 -3.05364990234375 0.2
-9.957399368286133 0.19604873657226562 -3.1966495513916016 0.2
-9.959400177001953 0.3966484069824219 -3.267049789428711 0.2
-9.954699516296387 0.5699501037597656 -3.152149200439453 0.2
-10.014800071716309 0.6025505065917969 -2.951749801635742 0.2
-10.103099822998047 0.48944854736328125 -2.801248550415039 0.2
-10.102700233459473 0.2791481018066406 -2.775148391723633 0.2
-9.995399475097656 0.09595108032226562 -2.789548873901367 0.2
-9.839200019836426 -0.0478515625 -2.7737483978271484 0.2
-9.683699607849121 -0.09894943237304688 -2.641550064086914 0.2
-9.664400100708008 -0.09835052490234375 -2.431049346923828 0.2
-9.788599967956543 -0.07395172119140625 -2.265748977661133 0.2
-9.98289966583252 0.00444793701171875 -2.2845497131347656 0.2
-10.081399917602539 0.13164901733398438 -2.423349380493164 0.2
-10.12909984588623 0.2868499755859375 -2.5609493255615234 0.2
-10.118599891662598 0.49864959716796875 -2.571849822998047 0.2
-10.121299743652344 0.6203498840332031 -2.4028491973876953 0.2
-10.169599533081055 0.6061477661132812 -2.196849822998047 0.2
-10.224199295043945 0.45574951171875 -2.062549591064453 0.2
-10.178899765014648 0.24954986572265625 -2.0503482818603516 0.2
-10.059000015258789 0.0744476318359375 -2.073148727416992 0.2
-9.885000228881836 -0.0451507568359375 -2.046049118041992 0.2
-9.746500015258789 -0.07435226440429688 -1.891448974609375 0.2
-9.735899925231934 -0.07075119018554688 -1.67864990234375 0.2
-9.866899490356445 -0.03784942626953125 -1.5202484130859375 0.2
-10.050600051879883 0.056148529052734375 -1.551748275756836 0.2
-10.150400161743164 0.18164825439453125 -1.693349838256836 0.2
-10.204599380493164 0.33934783935546875 -1.8261489868164062 0.2
-10.180299758911133 0.5475502014160156 -1.8250484466552734 0.2
-10.144499778747559 0.6583480834960938 -1.6502494812011719 0.2
-10.129799842834473 0.6834487915039062 -1.4387493133544922 0.2
-10.134499549865723 0.6536483764648438 -1.228048324584961 0.2
-10.173299789428711 0.4868507385253906 -1.109548568725586 0.2
-10.147899627685547 0.2827491760253906 -1.1578483581542969 0.2
-10.063799858093262 0.11465072631835938 -1.2593498229980469 0.2
-9.899299621582031 -0.011852264404296875 -1.297048568725586 0.2
-9.735599517822266 -0.043750762939453125 -1.1719493865966797 0.2
-9.704999923706055 -0.0281524658203125 -0.9618492126464844 0.2
-9.80620002746582 0.0184478759765625 -0.7838497161865234 0.2
-9.982500076293945 0.13264846801757812 -0.7603492736816406 0.2
-10.103400230407715 0.2913475036621094 -0.8369483947753906 0.2
-10.162699699401855 0.4834480285644531 -0.9061489105224609 0.2
-10.10159969329834 0.6774482727050781 -0.8599491119384766 0.2
-10.024799346923828 0.745849609375 -0.6759490966796875 0.2
-9.997200012207031 0.6997489929199219 -0.4709491729736328 0.2
-10.031999588012695 0.520050048828125 -0.3681488037109375 0.2
-10.018599510192871 0.3154487609863281 -0.4245491027832031 0.2
-9.945099830627441 0.14175033569335938 -0.5246486663818359 0.2
-9.778599739074707 0.017547607421875 -0.5599498748779297 0.2
-9.621899604797363 -0.018650054931640625 -0.42714881896972656 0.2
-9.590799331665039 -0.0104522705078125 -0.2171497344970703 0.2
-9.706799507141113 0.04924774169921875 -0.05444908142089844 0.2
-9.869099617004395 0.18655014038085938 -0.05024909973144531 0.2
-9.972700119018555 0.3556480407714844 -0.12834930419921875 0.2
-9.996099472045898 0.5575485229492188 -0.18614959716796875 0.2
-9.895500183105469 0.7244491577148438 -0.11454963684082031 0.2
-9.80679988861084 0.7525482177734375 0.074951171875 0.2
-9.7923002243042 0.6635475158691406 0.2635517120361328 0.2
-9.839300155639648 0.46504974365234375 0.3188514709472656 0.2
-9.824899673461914 0.2669486999511719 0.2431507110595703 0.2
-9.740099906921387 0.0939483642578125 0.15415000915527344 0.2
-9.558699607849121 -0.011249542236328125 0.16425132751464844 0.2
-9.437799453735352 -0.041851043701171875 0.33265113830566406 0.2
-9.445799827575684 -0.0245513916015625 0.5420513153076172 0.2
-9.59369945526123 0.07294845581054688 0.6539516448974609 0.2
-9.721199989318848 0.23674774169921875 0.6117515563964844 0.2
-9.788399696350098 0.4199485778808594 0.5275516510009766 0.2
-9.735199928283691 0.6229476928710938 0.5022506713867188 0.2
-9.614299774169922 0.7273483276367188 0.6334514617919922 0.2
-9.554499626159668 0.7010498046875 0.8348503112792969 0.2
-9.590099334716797 0.5616493225097656 0.9850502014160156 0.2
-9.63599967956543 0.3553504943847656 0.9736499786376953 0.2
-9.6097993850708 0.16424942016601562 0.8841514587402344 0.2
-9.486199378967285 0.0043487548828125 0.8193511962890625 0.2
-9.31309986114502 -0.0769500732421875 0.9006500244140625 0.2
-9.242499351501465 -0.09585189819335938 1.0993499755859375 0.2
-9.311999320983887 -0.04814910888671875 1.2894515991210938 0.2
-9.465799331665039 0.091949462890625 1.3256511688232422 0.2
-9.555899620056152 0.2680511474609375 1.247650146484375 0.2
-9.566299438476562 0.4667510986328125 1.1747512817382812 0.2
-9.454500198364258 0.6370506286621094 1.221151351928711 0.2
-9.36139965057373 0.6709480285644531 1.406351089477539 0.2
-9.351399421691895 0.5936508178710938 1.6015510559082031 0.2
-9.422399520874023 0.4093475341796875 1.6735515594482422 0.2
-9.437899589538574 0.20804977416992188 1.6086502075195312 0.2
-9.378399848937988 0.025249481201171875 1.5187511444091797 0.2
-9.212299346923828 -0.10325241088867188 1.5113506317138672 0.2
-9.083000183105469 -0.15195083618164062 1.6688499450683594 0.2
-9.071800231933594 -0.14075088500976562 1.8789501190185547 0.2
-9.204099655151367 -0.03874969482421875 2.004650115966797 0.2
-9.324899673461914 0.1318511962890625 1.9698505401611328 0.2
-9.378199577331543 0.31784820556640625 1.8820514678955078 0.2
-9.315999984741211 0.5161476135253906 1.8480510711669922 0.2
-9.189399719238281 0.6206474304199219 1.9739513397216797 0.2
-9.131099700927734 0.6012496948242188 2.176351547241211 0.2
-9.176199913024902 0.47174835205078125 2.331951141357422 0.2
-9.239399909973145 0.2694511413574219 2.3297500610351562 0.2
-9.229499816894531 0.07654953002929688 2.2419509887695312 0.2
-9.125699996948242 -0.09325027465820312 2.1714515686035156 0.2
-8.953999519348145 -0.18735122680664062 2.2401504516601562 0.2
-8.870800018310547 -0.20944976806640625 2.432750701904297 0.2
-8.922599792480469 -0.15964889526367188 2.6271514892578125 0.2
-9.067500114440918 -0.015048980712890625 2.679851531982422 0.2
-9.152599334716797 0.16484832763671875 2.6069507598876953 0.2
-9.162099838256836 0.3609504699707031 2.5291500091552734 0.2
-9.044699668884277 0.5317497253417969 2.5558509826660156 0.2
-8.938499450683594 0.5774497985839844 2.7296504974365234 0.2
-8.920700073242188 0.516448974609375 2.929349899291992 0.2
-8.998099327087402 0.3468475341796875 3.0240516662597656 0.2
-9.033299446105957 0.14514923095703125 2.971250534057617 0.2
-8.999300003051758 -0.04315185546875 2.880250930786133 0.2
-8.850500106811523 -0.18975067138671875 2.8500499725341797 0.2
-8.702499389648438 -0.25115203857421875 2.9821510314941406 0.2
-8.662199974060059 -0.245849609375 3.1890506744384766 0.2
-8.766300201416016 -0.15175247192382812 3.3417510986328125 0.2
-8.889599800109863 0.018848419189453125 3.330150604248047 0.2
-8.949600219726562 0.20354843139648438 3.244150161743164 0.2
-8.902400016784668 0.40254974365234375 3.1901512145996094 0.2
-8.763400077819824 0.5273475646972656 3.279550552368164 0.2
-8.682499885559082 0.5288505554199219 3.474750518798828 0.2
-8.704699516296387 0.425048828125 3.653850555419922 0.2
-8.781700134277344 0.23094940185546875 3.682849884033203 0.2
-8.795700073242188 0.03424835205078125 3.6039505004882812 0.2
-8.725799560546875 -0.14765167236328125 3.5208511352539062 0.2
-8.553500175476074 -0.2631492614746094 3.544950485229492 0.2
-8.43649959564209 -0.2944488525390625 3.7176513671875 0.2
-8.438399314880371 -0.25495147705078125 3.9231510162353516 0.2
-8.568300247192383 -0.11835098266601562 4.016151428222656 0.2
-8.665299415588379 0.06264877319335938 3.9631500244140625 0.2
-8.697400093078613 0.25444793701171875 3.878650665283203 0.2
-8.596399307250977 0.4378509521484375 3.859149932861328 0.2
-8.460000038146973 0.5110511779785156 3.998750686645508 0.2
-8.40049934387207 0.4776496887207031 4.198850631713867 0.2
-8.457399368286133 0.3316497802734375 4.33635139465332 0.2
-8.51609992980957 0.12894821166992188 4.3157501220703125 0.2
-8.514200210571289 -0.06444931030273438 4.227651596069336 0.2
-8.40250015258789 -0.23115158081054688 4.162351608276367 0.2
-8.228899955749512 -0.3107490539550781 4.244350433349609 0.2
-8.136499404907227 -0.3140525817871094 4.434751510620117 0.2
-8.184999465942383 -0.233551025390625 4.619649887084961 0.2
-8.31149959564209 -0.06764984130859375 4.655651092529297 0.2
-8.389900207519531 0.1152496337890625 4.58125114440918 0.2
-8.382200241088867 0.3117485046386719 4.504850387573242 0.2
-8.240099906921387 0.46144866943359375 4.531450271606445 0.2
-8.113299369812012 0.4927482604980469 4.696750640869141 0.2
-8.08169937133789 0.42334747314453125 4.891151428222656 0.2
-8.153599739074707 0.24564743041992188 4.978450775146484 0.2
-8.194799423217773 0.044750213623046875 4.924051284790039 0.2
-8.172100067138672 -0.14675140380859375 4.83595085144043 0.2
-8.019599914550781 -0.287750244140625 4.802450180053711 0.2
-7.857399940490723 -0.33335113525390625 4.926250457763672 0.2
-7.7906999588012695 -0.3066520690917969 5.124151229858398 0.2
-7.874599456787109 -0.18524932861328125 5.271650314331055 0.2
-7.9847002029418945 -0.0052490234375 5.257650375366211 0.2
-8.048099517822266 0.1806488037109375 5.176450729370117 0.2
-7.987199783325195 0.37294769287109375 5.112150192260742 0.2
-7.823999404907227 0.4804496765136719 5.182350158691406 0.2
-7.707699775695801 0.4794502258300781 5.359750747680664 0.2
-7.706999778747559 0.3715476989746094 5.53795051574707 0.2
-7.777799606323242 0.17544937133789062 5.572551727294922 0.2
-7.8100996017456055 -0.023052215576171875 5.501850128173828 0.2
-7.753499984741211 -0.20895004272460938 5.416250228881836 0.2
-7.575699806213379 -0.3182525634765625 5.423450469970703 0.2
-7.428699493408203 -0.335052490234375 5.575450897216797 0.2
-7.393699645996094 -0.2752494812011719 5.773151397705078 0.2
-7.498899459838867 -0.120849609375 5.8706512451171875 0.2
-7.595699310302734 0.06314849853515625 5.824150085449219 0.2
-7.634699821472168 0.2548484802246094 5.740449905395508 0.2
-7.525300025939941 0.4292488098144531 5.696651458740234 0.2
-7.359199523925781 0.49755096435546875 5.805351257324219 0.2
-7.258099555969238 0.4666481018066406 5.9985504150390625 0.2
-7.299599647521973 0.3081474304199219 6.146251678466797 0.2
-7.36299991607666 0.09375 6.124351501464844 0.2
-7.371799468994141 -0.1141510009765625 6.038051605224609 0.2
-7.235899925231934 -0.27825164794921875 5.975851058959961 0.2
-7.046699523925781 -0.3294525146484375 6.079851150512695 0.2
-6.948519706726074 -0.2947502136230469 6.277950286865234 0.2
-7.021100044250488 -0.15365219116210938 6.431150436401367 0.2
-7.131099700927734 0.041347503662109375 6.410251617431641 0.2
-7.19059944152832 0.24144744873046875 6.324750900268555 0.2
-7.095600128173828 0.4319496154785156 6.261251449584961 0.2
-6.913829803466797 0.5112495422363281 6.361351013183594 0.2
