16.482500076293945 -0.7071495056152344 -5.058649063110352 0.2
16.508499145507812 -0.7115516662597656 -4.862449645996094 0.2
16.452301025390625 -0.8302497863769531 -4.718050003051758 0.2
16.394100189208984 -1.0193519592285156 -4.71674919128418 0.2
16.39630126953125 -1.1997489929199219 -4.800748825073242 0.2
16.487600326538086 -1.3600502014160156 -4.873649597167969 0.2
16.662799835205078 -1.4413490295410156 -4.839550018310547 0.2
16.767000198364258 -1.4264488220214844 -4.673948287963867 0.2
16.76129913330078 -1.3586502075195312 -4.488349914550781 0.2
16.636600494384766 -1.2445487976074219 -4.384649276733398 0.2
16.514301300048828 -1.0907516479492188 -4.412248611450195 0.2
16.455799102783203 -0.9205513000488281 -4.495948791503906 0.2
16.512300491333008 -0.7388496398925781 -4.548849105834961 0.2
16.637800216674805 -0.6169509887695312 -4.464550018310547 0.2
16.719799041748047 -0.587249755859375 -4.278848648071289 0.2
16.714599609375 -0.6762504577636719 -4.095249176025391 0.2
16.65180015563965 -0.8697509765625 -4.045648574829102 0.2
16.630901336669922 -1.0631523132324219 -4.121849060058594 0.2
16.69580078125 -1.2369499206542969 -4.214948654174805 0.2
16.880401611328125 -1.3264503479003906 -4.223348617553711 0.2
17.020000457763672 -1.3029518127441406 -4.075550079345703 0.2
17.035600662231445 -1.2207489013671875 -3.8865489959716797 0.2
16.917699813842773 -1.0952491760253906 -3.7686500549316406 0.2
16.788700103759766 -0.9327507019042969 -3.7878494262695312 0.2
16.725200653076172 -0.75054931640625 -3.8663482666015625 0.2
16.805700302124023 -0.5658493041992188 -3.912748336791992 0.2
16.949199676513672 -0.4665489196777344 -3.8068485260009766 0.2
17.038000106811523 -0.4736518859863281 -3.6194496154785156 0.2
17.027599334716797 -0.6093521118164062 -3.465749740600586 0.2
16.97920036315918 -0.8115501403808594 -3.4589500427246094 0.2
16.965801239013672 -1.0013504028320312 -3.54534912109375 0.2
17.06209945678711 -1.1575508117675781 -3.6440486907958984 0.2
17.258899688720703 -1.2045516967773438 -3.633150100708008 0.2
17.378700256347656 -1.1478500366210938 -3.475149154663086 0.2
17.369600296020508 -1.0485496520996094 -3.2937488555908203 0.2
17.24169921875 -0.9113502502441406 -3.1994495391845703 0.2
17.115400314331055 -0.7478523254394531 -3.2261486053466797 0.2
17.071399688720703 -0.559051513671875 -3.301849365234375 0.2
17.184600830078125 -0.3906517028808594 -3.324748992919922 0.2
17.333999633789062 -0.3374519348144531 -3.1943492889404297 0.2
17.418100357055664 -0.39785003662109375 -3.0149497985839844 0.2
17.399600982666016 -0.5740509033203125 -2.9036483764648438 0.2
17.357900619506836 -0.7758522033691406 -2.9342498779296875 0.2
17.36009979248047 -0.9595489501953125 -3.032949447631836 0.2
17.494400024414062 -1.0805511474609375 -3.1323490142822266 0.2
17.687599182128906 -1.0783500671386719 -3.0769500732421875 0.2
17.772300720214844 -0.9990501403808594 -2.905149459838867 0.2
17.72370147705078 -0.8887519836425781 -2.735849380493164 0.2
17.589900970458984 -0.7404518127441406 -2.673349380493164 0.2
17.473800659179688 -0.5717506408691406 -2.7130489349365234 0.2
17.477901458740234 -0.3803520202636719 -2.789949417114258 0.2
17.632598876953125 -0.2518501281738281 -2.7678489685058594 0.2
17.783199310302734 -0.24785232543945312 -2.6258487701416016 0.2
17.847700119018555 -0.3603515625 -2.4667491912841797 0.2
17.8164005279541 -0.5598487854003906 -2.408449172973633 0.2
17.77239990234375 -0.7540512084960938 -2.470949172973633 0.2
17.810501098632812 -0.9215507507324219 -2.5857486724853516 0.2
17.990400314331055 -0.9859504699707031 -2.6535491943359375 0.2
18.15610122680664 -0.9327507019042969 -2.5484485626220703 0.2
18.199100494384766 -0.8352508544921875 -2.371349334716797 0.2
18.114299774169922 -0.7044525146484375 -2.2301483154296875 0.2
17.98110008239746 -0.5455513000488281 -2.2112483978271484 0.2
17.89910125732422 -0.3646507263183594 -2.271148681640625 0.2
17.984500885009766 -0.19045257568359375 -2.333749771118164 0.2
18.16069984436035 -0.13304901123046875 -2.2519493103027344 0.2
18.27429962158203 -0.20475006103515625 -2.094949722290039 0.2
18.29330062866211 -0.3735504150390625 -1.972249984741211 0.2
18.249300003051758 -0.5761489868164062 -1.9788494110107422 0.2
18.221099853515625 -0.7604522705078125 -2.0716495513916016 0.2
18.324399948120117 -0.8813514709472656 -2.2025489807128906 0.2
18.525699615478516 -0.8767509460449219 -2.2100486755371094 0.2
18.662099838256836 -0.7974510192871094 -2.075448989868164 0.2
18.67060089111328 -0.6867523193359375 -1.900949478149414 0.2
18.55929946899414 -0.5345497131347656 -1.8138484954833984 0.2
18.437400817871094 -0.36585235595703125 -1.8256492614746094 0.2
18.418701171875 -0.18095016479492188 -1.9171485900878906 0.2
18.544300079345703 -0.040149688720703125 -2.0019493103027344 0.2
18.735700607299805 0.033649444580078125 -1.9920482635498047 0.2
18.86910057067871 -0.04415130615234375 -1.8646488189697266 0.2
18.85430145263672 -0.23514938354492188 -1.7791500091552734 0.2
18.80430030822754 -0.4354515075683594 -1.8044490814208984 0.2
18.827999114990234 -0.6137504577636719 -1.9117488861083984 0.2
18.993099212646484 -0.692352294921875 -1.9979496002197266 0.2
19.16860008239746 -0.6347503662109375 -1.9149494171142578 0.2
19.22879981994629 -0.52294921875 -1.7508487701416016 0.2
19.158700942993164 -0.3825492858886719 -1.610849380493164 0.2
19.023000717163086 -0.22764968872070312 -1.5873489379882812 0.2
18.924699783325195 -0.056549072265625 -1.6512489318847656 0.2
18.990699768066406 0.11174774169921875 -1.7463493347167969 0.2
19.178300857543945 0.18564987182617188 -1.7135486602783203 0.2
19.336299896240234 0.15005111694335938 -1.5846500396728516 0.2
19.38170051574707 -0.002651214599609375 -1.4484500885009766 0.2
19.343599319458008 -0.20515060424804688 -1.4180488586425781 0.2
19.30229949951172 -0.403350830078125 -1.4682483673095703 0.2
19.36090087890625 -0.550750732421875 -1.598348617553711 0.2
19.5492000579834 -0.5556488037109375 -1.6669483184814453 0.2
19.70490074157715 -0.4532508850097656 -1.5792484283447266 0.2
19.74810028076172 -0.3211517333984375 -1.4253482818603516 0.2
19.667200088500977 -0.16445159912109375 -1.3106498718261719 0.2
19.537500381469727 -0.001850128173828125 -1.2937488555908203 0.2
19.456199645996094 0.17264938354492188 -1.3688488006591797 0.2
19.553800582885742 0.3179512023925781 -1.4695491790771484 0.2
19.75080108642578 0.3439483642578125 -1.4271488189697266 0.2
19.886301040649414 0.2568511962890625 -1.2967491149902344 0.2
19.926000595092773 0.0843505859375 -1.181650161743164 0.2
19.884599685668945 -0.11935043334960938 -1.1693496704101562 0.2
19.8523006439209 -0.31185150146484375 -1.2404499053955078 0.2
19.94499969482422 -0.4237518310546875 -1.385049819946289 0.2
20.14069938659668 -0.390350341796875 -1.4194488525390625 0.2
20.276599884033203 -0.274749755859375 -1.3150501251220703 0.2
20.295299530029297 -0.12485122680664062 -1.1683483123779297 0.2
20.194900512695312 0.038848876953125 -1.0881500244140625 0.2
20.06570053100586 0.20254898071289062 -1.0903491973876953 0.2
20.031200408935547 0.3686485290527344 -1.2078495025634766 0.2
20.173601150512695 0.4654502868652344 -1.3167495727539062 0.2
20.38010025024414 0.4649505615234375 -1.3211498260498047 0.2
20.528100967407227 0.3507499694824219 -1.2276496887207031 0.2
20.5408992767334 0.15874862670898438 -1.149148941040039 0.2
20.491199493408203 -0.043552398681640625 -1.13494873046875 0.2
20.484100341796875 -0.216949462890625 -1.2495498657226562 0.2
20.606300354003906 -0.24594879150390625 -1.4069499969482422 0.2
20.77720069885254 -0.13574981689453125 -1.4394493103027344 0.2
20.88249969482422 0.029850006103515625 -1.3653488159179688 0.2
20.85540008544922 0.21284866333007812 -1.2688484191894531 0.2
20.74139976501465 0.3787498474121094 -1.2123489379882812 0.2
20.6156005859375 0.533050537109375 -1.2713489532470703 0.2
20.625600814819336 0.6325492858886719 -1.4477500915527344 0.2
20.79669952392578 0.6447486877441406 -1.5625495910644531 0.2
20.991701126098633 0.5721511840820312 -1.5616493225097656 0.2
21.096900939941406 0.40924835205078125 -1.4812488555908203 0.2
21.091800689697266 0.213348388671875 -1.4084491729736328 0.2
21.043899536132812 0.011051177978515625 -1.423248291015625 0.2
21.03619956970215 -0.10684967041015625 -1.5896492004394531 0.2
21.156299591064453 -0.053951263427734375 -1.745849609375 0.2
21.297100067138672 0.09384918212890625 -1.7861499786376953 0.2
21.357999801635742 0.28404998779296875 -1.71514892578125 0.2
21.296899795532227 0.465850830078125 -1.6318492889404297 0.2
21.170700073242188 0.6296501159667969 -1.5992488861083984 0.2
21.053199768066406 0.7529487609863281 -1.715250015258789 0.2
21.13640022277832 0.8080482482910156 -1.8903484344482422 0.2
21.333499908447266 0.7778511047363281 -1.9491500854492188 0.2
21.50589942932129 0.667449951171875 -1.8974494934082031 0.2
21.569000244140625 0.4841499328613281 -1.8163490295410156 0.2
21.551700592041016 0.2817497253417969 -1.7625484466552734 0.2
21.496400833129883 0.09064865112304688 -1.8214492797851562 0.2
21.533899307250977 0.020748138427734375 -2.0072498321533203 0.2
21.679800033569336 0.10575103759765625 -2.126649856567383 0.2
21.813100814819336 0.2646484375 -2.1211490631103516 0.2
21.833900451660156 0.4562492370605469 -2.0298500061035156 0.2
21.743600845336914 0.6342506408691406 -1.9645500183105469 0.2
21.606700897216797 0.7928504943847656 -1.9754486083984375 0.2
21.54840087890625 0.9132499694824219 -2.1304492950439453 0.2
21.696001052856445 0.9659500122070312 -2.2616500854492188 0.2
21.90220069885254 0.9359474182128906 -2.2651500701904297 0.2
22.045299530029297 0.8068504333496094 -2.1801490783691406 0.2
22.064800262451172 0.6121482849121094 -2.1040496826171875 0.2
22.034700393676758 0.40705108642578125 -2.070049285888672 0.2
21.99720001220703 0.22784805297851562 -2.1705493927001953 0.2
22.057899475097656 0.17314910888671875 -2.3598499298095703 0.2
22.199501037597656 0.23804855346679688 -2.4977493286132812 0.2
22.316600799560547 0.4057502746582031 -2.479349136352539 0.2
22.285400390625 0.5935478210449219 -2.3864498138427734 0.2
22.167800903320312 0.7622489929199219 -2.343050003051758 0.2
22.037700653076172 0.9154510498046875 -2.4154491424560547 0.2
22.06130027770996 1.0349502563476562 -2.5787487030029297 0.2
22.238901138305664 1.09014892578125 -2.6741485595703125 0.2
22.439701080322266 1.0527496337890625 -2.6423492431640625 0.2
22.52869987487793 0.8945503234863281 -2.538949966430664 0.2
22.52120018005371 0.6926498413085938 -2.4781494140625 0.2
22.493200302124023 0.4844474792480469 -2.4836483001708984 0.2
22.48579978942871 0.3255500793457031 -2.6211490631103516 0.2
22.56839942932129 0.27014923095703125 -2.805448532104492 0.2
22.732500076293945 0.3421478271484375 -2.901449203491211 0.2
22.8125 0.5155487060546875 -2.819448471069336 0.2
22.743000030517578 0.6994476318359375 -2.7424488067626953 0.2
22.629301071166992 0.8759498596191406 -2.722249984741211 0.2
22.51569938659668 1.0308494567871094 -2.815349578857422 0.2
22.51580047607422 1.1436500549316406 -2.992349624633789 0.2
22.657899856567383 1.20574951171875 -3.128549575805664 0.2
22.85110092163086 1.1447486877441406 -3.09014892578125 0.2
22.91830062866211 0.9693489074707031 -2.9938488006591797 0.2
22.911800384521484 0.7669486999511719 -2.9343490600585938 0.2
22.892799377441406 0.5590476989746094 -2.9665489196777344 0.2
22.91029930114746 0.4206504821777344 -3.1253490447998047 0.2
23.01919937133789 0.40254974365234375 -3.301849365234375 0.2
23.169200897216797 0.5336494445800781 -3.347749710083008 0.2
23.18429946899414 0.7315483093261719 -3.2766494750976562 0.2
23.096200942993164 0.9144477844238281 -3.2184486389160156 0.2
22.975000381469727 1.0874481201171875 -3.212848663330078 0.2
22.856201171875 1.2119483947753906 -3.339048385620117 0.2
22.862600326538086 1.2789497375488281 -3.5368499755859375 0.2
23.021499633789062 1.2698478698730469 -3.6635494232177734 0.2
23.1825008392334 1.1401481628417969 -3.612649917602539 0.2
23.219600677490234 0.9470481872558594 -3.534749984741211 0.2
23.208200454711914 0.7419509887695312 -3.4842491149902344 0.2
23.157699584960938 0.54425048828125 -3.5516490936279297 0.2
23.204200744628906 0.4740486145019531 -3.738048553466797 0.2
23.34819984436035 0.54534912109375 -3.8727493286132812 0.2
23.469999313354492 0.715850830078125 -3.8723487854003906 0.2
23.450000762939453 0.9159507751464844 -3.805849075317383 0.2
23.357200622558594 1.1003494262695312 -3.7580490112304688 0.2
23.220300674438477 1.2623481750488281 -3.7784500122070312 0.2
23.126501083374023 1.3609504699707031 -3.93804931640625 0.2
23.187299728393555 1.4035491943359375 -4.135049819946289 0.2
23.37339973449707 1.3653488159179688 -4.214048385620117 0.2
23.503999710083008 1.2154502868652344 -4.138849258422852 0.2
23.530500411987305 1.020050048828125 -4.059049606323242 0.2
23.51620101928711 0.8105506896972656 -4.022548675537109 0.2
23.475099563598633 0.6271476745605469 -4.123748779296875 0.2
23.52630043029785 0.565948486328125 -4.318748474121094 0.2
23.65880012512207 0.646148681640625 -4.4566497802734375 0.2
23.732500076293945 0.8440475463867188 -4.433750152587891 0.2
23.67500114440918 1.0406494140625 -4.374549865722656 0.2
23.573400497436523 1.2237510681152344 -4.334348678588867 0.2
23.4242000579834 1.3651504516601562 -4.396249771118164 0.2
23.374401092529297 1.4263496398925781 -4.590749740600586 0.2
23.480501174926758 1.4234504699707031 -4.772249221801758 0.2
23.667301177978516 1.3270492553710938 -4.789848327636719 0.2
23.75480079650879 1.1481475830078125 -4.711948394775391 0.2
23.781400680541992 0.9508476257324219 -4.636449813842773 0.2
23.747600555419922 0.7397499084472656 -4.622749328613281 0.2
23.701000213623047 0.5926475524902344 -4.765249252319336 0.2
23.753999710083008 0.578948974609375 -4.969049453735352 0.2
23.873300552368164 0.7137489318847656 -5.073148727416992 0.2
23.899700164794922 0.9237480163574219 -5.03704833984375 0.2
23.832500457763672 1.1177482604980469 -4.981048583984375 0.2
23.720699310302734 1.2973480224609375 -4.951448440551758 0.2
23.565099716186523 1.4093475341796875 -5.045848846435547 0.2
23.5393009185791 1.4400482177734375 -5.251949310302734 0.2
23.66950035095215 1.4063491821289062 -5.410449981689453 0.2
23.84040069580078 1.2773475646972656 -5.399148941040039 0.2
23.90959930419922 1.090850830078125 -5.322349548339844 0.2
23.93779945373535 0.8922500610351562 -5.250450134277344 0.2
23.883100509643555 0.6838493347167969 -5.260648727416992 0.2
23.837600708007812 0.5694503784179688 -5.429248809814453 0.2
23.89069938659668 0.5942497253417969 -5.631248474121094 0.2
23.98859977722168 0.7658500671386719 -5.706249237060547 0.2
23.978200912475586 0.9755477905273438 -5.6647491455078125 0.2
23.90839958190918 1.1695480346679688 -5.609149932861328 0.2
23.775699615478516 1.338348388671875 -5.589748382568359 0.2
23.622100830078125 1.4176483154296875 -5.7113494873046875 0.2
23.61479949951172 1.4191474914550781 -5.923349380493164 0.2
23.761499404907227 1.3529510498046875 -6.0574493408203125 0.2
23.907499313354492 1.1986503601074219 -6.025348663330078 0.2
23.972900390625 1.0098495483398438 -5.947849273681641 0.2
23.994300842285156 0.8069496154785156 -5.880350112915039 0.2
23.916900634765625 0.6097488403320312 -5.91404914855957 0.2
23.869300842285156 0.5270500183105469 -6.103248596191406 0.2
23.918399810791016 0.587249755859375 -6.298948287963867 0.2
23.98870086669922 0.7847480773925781 -6.3439483642578125 0.2
23.958999633789062 0.9924507141113281 -6.29694938659668 0.2
23.88920021057129 1.1879501342773438 -6.242149353027344 0.2
23.735000610351562 1.3388481140136719 -6.234048843383789 0.2
23.59149932861328 1.38385009765625 -6.381649017333984 0.2
23.598899841308594 1.3575477600097656 -6.592449188232422 0.2
23.757299423217773 1.2594490051269531 -6.693349838256836 0.2
23.881200790405273 1.0888481140136719 -6.64794921875 0.2
23.948999404907227 0.9002494812011719 -6.572349548339844 0.2
23.95400047302246 0.6941490173339844 -6.510549545288086 0.2
23.855501174926758 0.516448974609375 -6.572649002075195 0.2
23.803199768066406 0.4619483947753906 -6.770849227905273 0.2
23.8528995513916 0.5608482360839844 -6.9483489990234375 0.2
23.895299911499023 0.7717475891113281 -6.970548629760742 0.2
23.858301162719727 0.9766502380371094 -6.920949935913086 0.2
23.783599853515625 1.1707496643066406 -6.868349075317383 0.2
23.607999801635742 1.2963485717773438 -6.876949310302734 0.2
23.477399826049805 1.3095474243164062 -7.040948867797852 0.2
23.506200790405273 1.25634765625 -7.242549896240234 0.2
23.665599822998047 1.1301498413085938 -7.311948776245117 0.2
23.770599365234375 0.9506492614746094 -7.258049011230469 0.2
23.838199615478516 0.7610511779785156 -7.184349060058594 0.2
23.815500259399414 0.5532493591308594 -7.12714958190918 0.2
23.7002010345459 0.39984893798828125 -7.213850021362305 0.2
23.64579963684082 0.37364959716796875 -7.417749404907227 0.2
23.692699432373047 0.5083503723144531 -7.57404899597168 0.2
23.709199905395508 0.7232475280761719 -7.575248718261719 0.2
23.673500061035156 0.9288482666015625 -7.524648666381836 0.2
23.585599899291992 1.1188507080078125 -7.4707489013671875 0.2
23.39550018310547 1.2145500183105469 -7.495349884033203 0.2
23.276899337768555 1.1970481872558594 -7.671649932861328 0.2
23.323801040649414 1.1144485473632812 -7.860649108886719 0.2
23.473499298095703 0.9632492065429688 -7.898149490356445 0.2
23.571300506591797 0.7802505493164062 -7.839149475097656 0.2
23.636499404907227 0.588348388671875 -7.764949798583984 0.2
23.582700729370117 0.3861503601074219 -7.710748672485352 0.2
23.4502010345459 0.26004791259765625 -7.818248748779297 0.2
23.387800216674805 0.26255035400390625 -8.021749496459961 0.2
23.42620086669922 0.4291496276855469 -8.15104866027832 0.2
23.428699493408203 0.6449508666992188 -8.138849258422852 0.2
23.399900436401367 0.8528480529785156 -8.091548919677734 0.2
23.29490089416504 1.033050537109375 -8.034849166870117 0.2
23.095300674438477 1.0923500061035156 -8.075048446655273 0.2
22.981201171875 1.0457496643066406 -8.249549865722656 0.2
23.04560089111328 0.9335479736328125 -8.416849136352539 0.2
23.181400299072266 0.7650489807128906 -8.430849075317383 0.2
23.278499603271484 0.5826492309570312 -8.372549057006836 0.2
23.33449935913086 0.3891487121582031 -8.295648574829102 0.2
23.2445011138916 0.19964981079101562 -8.249248504638672 0.2
23.097999572753906 0.101348876953125 -8.366548538208008 0.2
23.03569984436035 0.13904953002929688 -8.563749313354492 0.2
23.06220054626465 0.32814788818359375 -8.665548324584961 0.2
23.057701110839844 0.5420494079589844 -8.64484977722168 0.2
23.02989959716797 0.7502479553222656 -8.599748611450195 0.2
22.89940071105957 0.9119491577148438 -8.536548614501953 0.2
22.696800231933594 0.9346504211425781 -8.589149475097656 0.2
22.593900680541992 0.8623504638671875 -8.760848999023438 0.2
22.6742000579834 0.7254486083984375 -8.903949737548828 0.2
22.79800033569336 0.5486488342285156 -8.897249221801758 0.2
22.897199630737305 0.3665504455566406 -8.840349197387695 0.2
22.934999465942383 0.17144775390625 -8.75364875793457 0.2
22.81369972229004 0.0003509521484375 -8.71875 0.2
22.657100677490234 -0.07155227661132812 -8.845548629760742 0.2
22.596799850463867 0.00225067138671875 -9.034249305725098 0.2
22.613000869750977 0.20615005493164062 -9.104649543762207 0.2
22.60900115966797 0.4205474853515625 -9.080549240112305 0.2
22.575700759887695 0.6285476684570312 -9.030749320983887 0.2
22.422399520874023 0.7639503479003906 -8.961648941040039 0.2
22.220500946044922 0.75164794921875 -9.028348922729492 0.2
22.131799697875977 0.6552505493164062 -9.196549415588379 0.2
22.226600646972656 0.4989509582519531 -9.310749053955078 0.2
22.34589958190918 0.31945037841796875 -9.291549682617188 0.2
22.44740104675293 0.1369476318359375 -9.23694896697998 0.2
22.461999893188477 -0.05535125732421875 -9.138849258422852 0.2
22.31220054626465 -0.20365142822265625 -9.118749618530273 0.2
22.14750099182129 -0.2510490417480469 -9.246648788452148 0.2
22.094900131225586 -0.14165115356445312 -9.421049118041992 0.2
22.104900360107422 0.0697479248046875 -9.468548774719238 0.2
22.10449981689453 0.2837486267089844 -9.44684886932373 0.2
22.060199737548828 0.4869499206542969 -9.388648986816406 0.2
21.884201049804688 0.5880508422851562 -9.321549415588379 0.2
21.688400268554688 0.5477485656738281 -9.395049095153809 0.2
21.625200271606445 0.4290504455566406 -9.557449340820312 0.2
21.7278995513916 0.2584495544433594 -9.642949104309082 0.2
21.843900680541992 0.07944869995117188 -9.616549491882324 0.2
21.941600799560547 -0.10335159301757812 -9.55894947052002 0.2
21.92180061340332 -0.2883491516113281 -9.448948860168457 0.2
21.75040054321289 -0.41094970703125 -9.44314956665039 0.2
21.586200714111328 -0.42864990234375 -9.575949668884277 0.2
21.54290008544922 -0.2870521545410156 -9.73124885559082 0.2
21.549800872802734 -0.07324981689453125 -9.75844955444336 0.2
21.551300048828125 0.14075088500976562 -9.737849235534668 0.2
21.488500595092773 0.33374786376953125 -9.661149024963379 0.2
21.295700073242188 0.39624786376953125 -9.601149559020996 0.2
21.10900115966797 0.3295478820800781 -9.68174934387207 0.2
21.072799682617188 0.1878509521484375 -9.835248947143555 0.2
21.180999755859375 0.00894927978515625 -9.889248847961426 0.2
21.29829978942871 -0.16934967041015625 -9.8600492477417 0.2
21.38789939880371 -0.35285186767578125 -9.788748741149902 0.2
21.331501007080078 -0.522552490234375 -9.671149253845215 0.2
21.141000747680664 -0.6189498901367188 -9.679948806762695 0.2
20.97960090637207 -0.6042518615722656 -9.816649436950684 0.2
20.94770050048828 -0.4347496032714844 -9.946449279785156 0.2
20.957799911499023 -0.2196502685546875 -9.963849067687988 0.2
20.9591007232666 -0.004650115966796875 -9.942949295043945 0.2
20.875200271606445 0.16914749145507812 -9.846049308776855 0.2
20.66990089416504 0.18975067138671875 -9.798748970031738 0.2
20.4950008392334 0.09814834594726562 -9.881049156188965 0.2
20.491701126098633 -0.06534957885742188 -10.01824951171875 0.2
20.603900909423828 -0.247650146484375 -10.047149658203125 0.2
20.722700119018555 -0.42475128173828125 -10.019148826599121 0.2
20.796300888061523 -0.6048507690429688 -9.926448822021484 0.2
20.698299407958984 -0.7511520385742188 -9.809148788452148 0.2
20.49690055847168 -0.8204498291015625 -9.824549674987793 0.2
20.34869956970215 -0.7672500610351562 -9.964348793029785 0.2
20.325599670410156 -0.5794525146484375 -10.069149017333984 0.2
20.339599609375 -0.36605072021484375 -10.08544921875 0.2
20.33570098876953 -0.15295028686523438 -10.056849479675293 0.2
20.22599983215332 -0.009952545166015625 -9.940849304199219 0.2
20.019100189208984 -0.025150299072265625 -9.900849342346191 0.2
19.864500045776367 -0.14175033569335938 -9.98444938659668 0.2
19.8887996673584 -0.32215118408203125 -10.098849296569824 0.2
20.003799438476562 -0.5031509399414062 -10.109349250793457 0.2
20.12179946899414 -0.6792488098144531 -10.077249526977539 0.2
20.170900344848633 -0.8494491577148438 -9.954249382019043 0.2
20.03809928894043 -0.9684524536132812 -9.84334945678711 0.2
19.83099937438965 -1.0104522705078125 -9.867949485778809 0.2
19.699800491333008 -0.9207496643066406 -10.008049011230469 0.2
19.68779945373535 -0.72235107421875 -10.08954906463623 0.2
19.704999923706055 -0.5093498229980469 -10.108749389648438 0.2
19.692501068115234 -0.3001518249511719 -10.058349609375 0.2
19.56060028076172 -0.19425201416015625 -9.931448936462402 0.2
19.354900360107422 -0.24074935913085938 -9.898749351501465 0.2
19.22450065612793 -0.3832511901855469 -9.983649253845215 0.2
19.275800704956055 -0.5728492736816406 -10.070448875427246 0.2
19.395700454711914 -0.751251220703125 -10.073248863220215 0.2
19.512500762939453 -0.9260520935058594 -10.027548789978027 0.2
19.532400131225586 -1.0777511596679688 -9.878449440002441 0.2
19.370100021362305 -1.16925048828125 -9.777249336242676 0.2
19.16080093383789 -1.1822509765625 -9.809549331665039 0.2
19.051700592041016 -1.0577507019042969 -9.944449424743652 0.2
19.050199508666992 -0.8542518615722656 -10.013548851013184 0.2
19.067800521850586 -0.641448974609375 -10.036149024963379 0.2
19.045101165771484 -0.4436492919921875 -9.956549644470215 0.2
18.89440155029297 -0.38085174560546875 -9.824549674987793 0.2
18.69700050354004 -0.45355224609375 -9.789949417114258 0.2
18.600500106811523 -0.6211509704589844 -9.873649597167969 0.2
18.67169952392578 -0.8138504028320312 -9.936149597167969 0.2
18.794200897216797 -0.9892501831054688 -9.938549041748047 0.2
18.906299591064453 -1.1577491760253906 -9.868948936462402 0.2
18.887699127197266 -1.2834510803222656 -9.700849533081055 0.2
18.709300994873047 -1.3468513488769531 -9.605449676513672 0.2
18.50659942626953 -1.3248519897460938 -9.651848793029785 0.2
18.418899536132812 -1.1728515625 -9.775049209594727 0.2
18.425701141357422 -0.9693489074707031 -9.839049339294434 0.2
18.441600799560547 -0.7569503784179688 -9.854249000549316 0.2
18.404701232910156 -0.5821495056152344 -9.737749099731445 0.2
18.245201110839844 -0.5600509643554688 -9.60374927520752 0.2
18.062301635742188 -0.6594505310058594 -9.571949005126953 0.2
18.002399444580078 -0.8472518920898438 -9.650548934936523 0.2
18.091100692749023 -1.0363502502441406 -9.694149017333984 0.2
18.215301513671875 -1.2096519470214844 -9.694549560546875 0.2
18.320600509643555 -1.3634490966796875 -9.589149475097656 0.2
18.267101287841797 -1.4585494995117188 -9.411249160766602 0.2
18.0791015625 -1.4938507080078125 -9.319748878479004 0.2
17.886899948120117 -1.435150146484375 -9.379049301147461 0.2
17.822898864746094 -1.2637519836425781 -9.488149642944336 0.2
17.83300018310547 -1.0615501403808594 -9.55574893951416 0.2
17.85070037841797 -0.8488502502441406 -9.548949241638184 0.2
17.80459976196289 -0.7062492370605469 -9.401248931884766 0.2
17.646499633789062 -0.7183494567871094 -9.260748863220215 0.2
17.483501434326172 -0.8461494445800781 -9.227648735046387 0.2
17.461299896240234 -1.0468521118164062 -9.294548988342285 0.2
17.56060028076172 -1.2315521240234375 -9.334149360656738 0.2
17.688098907470703 -1.4024505615234375 -9.326549530029297 0.2
17.78350067138672 -1.5297508239746094 -9.18644905090332 0.2
17.702499389648438 -1.5899505615234375 -9.002049446105957 0.2
17.512500762939453 -1.5916519165039062 -8.910049438476562 0.2
17.339099884033203 -1.4926490783691406 -8.979148864746094 0.2
17.294200897216797 -1.31085205078125 -9.080549240112305 0.2
17.302900314331055 -1.1100502014160156 -9.151549339294434 0.2
17.330101013183594 -0.9039497375488281 -9.109249114990234 0.2
17.27869987487793 -0.8051490783691406 -8.933248519897461 0.2
17.137401580810547 -0.8439521789550781 -8.780349731445312 0.2
17.0039005279541 -1.0022506713867188 -8.752748489379883 0.2
17.01420021057129 -1.2069511413574219 -8.80994987487793 0.2
17.116100311279297 -1.3882522583007812 -8.854249954223633 0.2
17.251201629638672 -1.5489501953125 -8.825349807739258 0.2
17.326400756835938 -1.6393508911132812 -8.652948379516602 0.2
17.232799530029297 -1.66455078125 -8.465848922729492 0.2
17.043399810791016 -1.629150390625 -8.387948989868164 0.2
16.895000457763672 -1.4974517822265625 -8.463449478149414 0.2
16.86410140991211 -1.3131523132324219 -8.563650131225586 0.2
16.87779998779297 -1.1104507446289062 -8.62354850769043 0.2
16.918899536132812 -0.9234504699707031 -8.534948348999023 0.2
16.867401123046875 -0.86614990234375 -8.341449737548828 0.2
16.741100311279297 -0.9323501586914062 -8.18804931640625 0.2
16.638198852539062 -1.1148490905761719 -8.173948287963867 0.2
16.67460060119629 -1.3150520324707031 -8.23134994506836 0.2
16.777599334716797 -1.4944496154785156 -8.277448654174805 0.2
16.925201416015625 -1.6339492797851562 -8.216148376464844 0.2
16.974201202392578 -1.6891517639160156 -8.02294921875 0.2
16.87190055847168 -1.6848487854003906 -7.838449478149414 0.2
16.684600830078125 -1.6137504577636719 -7.783748626708984 0.2
16.56760025024414 -1.4588508605957031 -7.866548538208008 0.2
16.54360008239746 -1.2741508483886719 -7.967948913574219 0.2
16.578100204467773 -1.0681495666503906 -8.002248764038086 0.2
16.627500534057617 -0.9130516052246094 -7.872749328613281 0.2
16.5791015625 -0.8897514343261719 -7.669149398803711 0.2
16.464900970458984 -0.9852523803710938 -7.5238494873046875 0.2
16.393600463867188 -1.183349609375 -7.528648376464844 0.2
16.44219970703125 -1.3784523010253906 -7.594749450683594 0.2
16.553199768066406 -1.5540504455566406 -7.6340484619140625 0.2
16.70560073852539 -1.6655502319335938 -7.542449951171875 0.2
16.729700088500977 -1.6896514892578125 -7.336648941040039 0.2
16.622900009155273 -1.6575508117675781 -7.158849716186523 0.2
16.443300247192383 -1.55364990234375 -7.132049560546875 0.2
16.35099983215332 -1.3863525390625 -7.221649169921875 0.2
16.3346004486084 -1.199249267578125 -7.318948745727539 0.2
16.39739990234375 -0.9988517761230469 -7.321748733520508 0.2
16.447200775146484 -0.8824501037597656 -7.158649444580078 0.2
16.407100677490234 -0.8846511840820312 -6.952049255371094 0.2
16.300899505615234 -1.0104522705078125 -6.827449798583984 0.2
16.253799438476562 -1.214752197265625 -6.849149703979492 0.2
16.305700302124023 -1.4050521850585938 -6.924449920654297 0.2
16.431400299072266 -1.5709495544433594 -6.951148986816406 0.2
16.577899932861328 -1.6523513793945312 -6.830249786376953 0.2
16.58890151977539 -1.6508522033691406 -6.621549606323242 0.2
16.475000381469727 -1.5940513610839844 -6.458549499511719 0.2
16.308500289916992 -1.4660491943359375 -6.453149795532227 0.2
16.23390007019043 -1.2938499450683594 -6.548149108886719 0.2
16.232601165771484 -1.1026496887207031 -6.635149002075195 0.2
16.3218994140625 -0.9169502258300781 -6.60154914855957 0.2
16.370601654052734 -0.8345489501953125 -6.418548583984375 0.2
16.3346004486084 -0.8606491088867188 -6.214448928833008 0.2
16.23579978942871 -1.0112495422363281 -6.113248825073242 0.2
16.207799911499023 -1.2143516540527344 -6.154150009155273 0.2
16.260799407958984 -1.4011497497558594 -6.235349655151367 0.2
16.406299591064453 -1.5521507263183594 -6.247549057006836 0.2
16.543701171875 -1.6068496704101562 -6.105548858642578 0.2
16.547800064086914 -1.5843505859375 -5.897249221801758 0.2
16.428001403808594 -1.5051498413085938 -5.749349594116211 0.2
16.277299880981445 -1.3603515625 -5.762748718261719 0.2
16.211999893188477 -1.1860504150390625 -5.860248565673828 0.2
16.234500885009766 -0.9909515380859375 -5.933248519897461 0.2
16.340801239013672 -0.8265495300292969 -5.867748260498047 0.2
16.389699935913086 -0.7721519470214844 -5.668849945068359 0.2
16.35179901123047 -0.8319511413574219 -5.461948394775391 0.2
16.26020050048828 -1.0215492248535156 -5.401248931884766 0.2
16.254199981689453 -1.2294502258300781 -5.475849151611328 0.2
16.33970069885254 -1.4168510437011719 -5.554849624633789 0.2
16.522701263427734 -1.5260505676269531 -5.508649826049805 0.2
16.613100051879883 -1.5231513977050781 -5.309648513793945 0.2
16.563701629638672 -1.4536514282226562 -5.10784912109375 0.2
16.402000427246094 -1.3168525695800781 -5.048948287963867 0.2
16.300800323486328 -1.1385498046875 -5.130149841308594 0.2
16.30120086669922 -0.9376487731933594 -5.220249176025391 0.2
16.42060089111328 -0.760650634765625 -5.181449890136719 0.2
