-6.330739974975586 -7.880451202392578 6.7521514892578125 0.2
-6.30851936340332 -7.951450347900391 6.936651229858398 0.2
-6.390429496765137 -8.115550994873047 7.019250869750977 0.2
-6.448229789733887 -8.30255126953125 6.970050811767578 0.2
-6.455419540405273 -8.48575210571289 6.885250091552734 0.2
-6.340399742126465 -8.641151428222656 6.828250885009766 0.2
-6.173460006713867 -8.71145248413086 6.910150527954102 0.2
-6.07151985168457 -8.709651947021484 7.084352493286133 0.2
-6.094280242919922 -8.624752044677734 7.262449264526367 0.2
-6.196209907531738 -8.457450866699219 7.308450698852539 0.2
-6.2647294998168945 -8.275749206542969 7.250051498413086 0.2
-6.265679359436035 -8.088150024414062 7.174352645874023 0.2
-6.132439613342285 -7.939250946044922 7.157449722290039 0.2
-5.981550216674805 -7.892452239990234 7.280851364135742 0.2
-5.901820182800293 -7.928352355957031 7.470849990844727 0.2
-5.957029342651367 -8.072650909423828 7.612649917602539 0.2
-6.031689643859863 -8.271049499511719 7.593751907348633 0.2
-6.058819770812988 -8.464649200439453 7.507150650024414 0.2
-5.968440055847168 -8.639251708984375 7.428850173950195 0.2
-5.787289619445801 -8.725151062011719 7.48845100402832 0.2
-5.664989471435547 -8.729751586914062 7.663049697875977 0.2
-5.675849914550781 -8.64645004272461 7.854150772094727 0.2
-5.781379699707031 -8.471050262451172 7.909452438354492 0.2
-5.855229377746582 -8.2801513671875 7.848249435424805 0.2
-5.848919868469238 -8.082752227783203 7.770750045776367 0.2
-5.695409774780273 -7.940349578857422 7.770349502563477 0.2
-5.5421600341796875 -7.909648895263672 7.913652420043945 0.2
-5.479829788208008 -7.965850830078125 8.107149124145508 0.2
-5.546919822692871 -8.129650115966797 8.220949172973633 0.2
-5.612170219421387 -8.328052520751953 8.179449081420898 0.2
-5.628349304199219 -8.520950317382812 8.08955192565918 0.2
-5.5091400146484375 -8.68265151977539 8.023351669311523 0.2
-5.328089714050293 -8.749549865722656 8.105852127075195 0.2
-5.215330123901367 -8.742252349853516 8.286550521850586 0.2
-5.2431793212890625 -8.641349792480469 8.467550277709961 0.2
-5.345190048217773 -8.458450317382812 8.49785041809082 0.2
-5.416879653930664 -8.267349243164062 8.433149337768555 0.2
-5.392499923706055 -8.07065200805664 8.356351852416992 0.2
-5.226109504699707 -7.944149017333984 8.369852066040039 0.2
-5.07051944732666 -7.927051544189453 8.52025032043457 0.2
-5.014749526977539 -8.006851196289062 8.720151901245117 0.2
-5.087779998779297 -8.199249267578125 8.802949905395508 0.2
-5.150400161743164 -8.407051086425781 8.73914909362793 0.2
-5.137809753417969 -8.608749389648438 8.640851974487305 0.2
-4.965590000152588 -8.742950439453125 8.60765266418457 0.2
-4.783759593963623 -8.770050048828125 8.737150192260742 0.2
-4.68956995010376 -8.6927490234375 8.926950454711914 0.2
-4.749489784240723 -8.50455093383789 9.025350570678711 0.2
-4.86113977432251 -8.308448791503906 9.002351760864258 0.2
-4.897169589996338 -8.102249145507812 8.923849105834961 0.2
-4.741849899291992 -7.968849182128906 8.841650009155273 0.2
-4.5257697105407715 -7.998050689697266 8.807451248168945 0.2
-4.437359809875488 -8.158050537109375 8.702051162719727 0.2
-4.494199752807617 -8.354148864746094 8.637651443481445 0.2
-4.5695695877075195 -8.554149627685547 8.629751205444336 0.2
-4.5562896728515625 -8.724849700927734 8.752950668334961 0.2
-4.423449993133545 -8.779850006103516 8.911951065063477 0.2
-4.23376989364624 -8.739151000976562 8.997549057006836 0.2
-4.106159687042236 -8.579750061035156 8.946352005004883 0.2
-4.145079612731934 -8.382152557373047 8.874250411987305 0.2
-4.238259792327881 -8.192150115966797 8.838251113891602 0.2
-4.3142499923706055 -8.018951416015625 8.934652328491211 0.2
-4.2476396560668945 -7.942951202392578 9.118951797485352 0.2
-4.072479724884033 -7.949352264404297 9.242452621459961 0.2
-3.881969928741455 -8.038749694824219 9.239751815795898 0.2
-3.828479766845703 -8.220550537109375 9.143548965454102 0.2
-3.8839898109436035 -8.418251037597656 9.077852249145508 0.2
-3.953889846801758 -8.620849609375 9.085550308227539 0.2
-3.945629596710205 -8.769451141357422 9.234750747680664 0.2
-3.7946996688842773 -8.811149597167969 9.380350112915039 0.2
-3.5946297645568848 -8.770851135253906 9.441850662231445 0.2
-3.4722795486450195 -8.613849639892578 9.372152328491211 0.2
-3.518209934234619 -8.415451049804688 9.303350448608398 0.2
-3.614229679107666 -8.224052429199219 9.275850296020508 0.2
-3.6818995475769043 -8.044052124023438 9.365949630737305 0.2
-3.596409797668457 -7.957950592041016 9.537851333618164 0.2
-3.406559944152832 -7.9573516845703125 9.638750076293945 0.2
-3.212009906768799 -8.037551879882812 9.619749069213867 0.2
-3.155259609222412 -8.216651916503906 9.519552230834961 0.2
-3.215639591217041 -8.415451049804688 9.462949752807617 0.2
-3.2849698066711426 -8.618450164794922 9.466650009155273 0.2
-3.2737298011779785 -8.777450561523438 9.605649948120117 0.2
-3.1166396141052246 -8.82645034790039 9.741052627563477 0.2
-2.910609722137451 -8.799152374267578 9.793352127075195 0.2
-2.7683496475219727 -8.661651611328125 9.720849990844727 0.2
-2.8030295372009277 -8.46445083618164 9.645750045776367 0.2
-2.901869773864746 -8.274951934814453 9.616052627563477 0.2
-2.9727697372436523 -8.084548950195312 9.682249069213867 0.2
-2.899099826812744 -7.972251892089844 9.84465217590332 0.2
-2.703089714050293 -7.957149505615234 9.940851211547852 0.2
-2.489269733428955 -8.024749755859375 9.928651809692383 0.2
-2.4211297035217285 -8.210250854492188 9.825349807739258 0.2
-2.4882898330688477 -8.422649383544922 9.774652481079102 0.2
-2.561579704284668 -8.636749267578125 9.79265022277832 0.2
-2.5276198387145996 -8.792049407958984 9.947549819946289 0.2
-2.344209671020508 -8.826148986816406 10.075651168823242 0.2
-2.1254096031188965 -8.786849975585938 10.119550704956055 0.2
-1.9948196411132812 -8.63064956665039 10.03215217590332 0.2
-2.0563597679138184 -8.429248809814453 9.947649002075195 0.2
-2.1684799194335938 -8.23324966430664 9.910951614379883 0.2
-2.2218198776245117 -8.041549682617188 10.010049819946289 0.2
-2.098989963531494 -7.967449188232422 10.183549880981445 0.2
-1.985419750213623 -8.04275131225586 10.362051010131836 0.2
-2.019129753112793 -8.24114990234375 10.460752487182617 0.2
-2.0836496353149414 -8.459548950195312 10.444551467895508 0.2
-2.0756797790527344 -8.67325210571289 10.373651504516602 0.2
-1.8966999053955078 -8.784049987792969 10.302751541137695 0.2
-1.6781296730041504 -8.76824951171875 10.363649368286133 0.2
-1.5486998558044434 -8.663249969482422 10.513952255249023 0.2
-1.6086196899414062 -8.469650268554688 10.611051559448242 0.2
-1.7241697311401367 -8.275550842285156 10.57695198059082 0.2
-1.7856497764587402 -8.081550598144531 10.477651596069336 0.2
-1.657209873199463 -7.947551727294922 10.356050491333008 0.2
-1.4364895820617676 -7.915752410888672 10.375852584838867 0.2
-1.2718796730041504 -7.954551696777344 10.506052017211914 0.2
-1.2680397033691406 -8.10165023803711 10.660951614379883 0.2
-1.3443799018859863 -8.299850463867188 10.701250076293945 0.2
-1.3889398574829102 -8.50925064086914 10.676252365112305 0.2
-1.277329921722412 -8.667449951171875 10.591249465942383 0.2
-1.0646100044250488 -8.668449401855469 10.603750228881836 0.2
-0.913989782333374 -8.558551788330078 10.710451126098633 0.2
-0.9257297515869141 -8.361751556396484 10.796651840209961 0.2
-1.0193195343017578 -8.170249938964844 10.76085090637207 0.2
-1.0603599548339844 -7.997650146484375 10.639150619506836 0.2
-0.927919864654541 -7.897552490234375 10.507452011108398 0.2
-0.7130997180938721 -7.875850677490234 10.514650344848633 0.2
-0.552269697189331 -7.919551849365234 10.647451400756836 0.2
-0.5778498649597168 -8.063850402832031 10.803251266479492 0.2
-0.6835498809814453 -8.248550415039062 10.844449996948242 0.2
-0.7202696800231934 -8.452251434326172 10.78685188293457 0.2
-0.5955197811126709 -8.570449829101562 10.660551071166992 0.2
-0.38528966903686523 -8.560550689697266 10.630552291870117 0.2
-0.2828197479248047 -8.434650421142578 10.768251419067383 0.2
-0.33223986625671387 -8.234050750732422 10.837850570678711 0.2
-0.36320972442626953 -8.027050018310547 10.786352157592773 0.2
-0.24451971054077148 -7.889251708984375 10.67445182800293 0.2
-0.037369728088378906 -7.833148956298828 10.696950912475586 0.2
0.1569201946258545 -7.7915496826171875 10.785951614379883 0.2
0.2902102470397949 -7.7940521240234375 10.952150344848633 0.2
0.2039201259613037 -7.929248809814453 11.093149185180664 0.2
0.0728902816772461 -8.097049713134766 11.047449111938477 0.2
-0.04264974594116211 -8.256050109863281 10.958051681518555 0.2
-0.12767982482910156 -8.416351318359375 10.838750839233398 0.2
-0.04662966728210449 -8.554752349853516 10.69365119934082 0.2
0.14933013916015625 -8.616451263427734 10.744050979614258 0.2
0.2583801746368408 -8.586151123046875 10.924749374389648 0.2
0.2601501941680908 -8.43014907836914 11.076749801635742 0.2
0.29299020767211914 -8.227352142333984 11.145151138305664 0.2
0.3501701354980469 -8.02395248413086 11.191949844360352 0.2
0.4286203384399414 -7.826652526855469 11.14954948425293 0.2
0.6072702407836914 -7.7431488037109375 11.067251205444336 0.2
0.8175301551818848 -7.773250579833984 11.113649368286133 0.2
0.90975022315979 -7.8605499267578125 11.284551620483398 0.2
0.7718901634216309 -8.000652313232422 11.382749557495117 0.2
0.6352102756500244 -8.156551361083984 11.313352584838867 0.2
0.5158803462982178 -8.309452056884766 11.217351913452148 0.2
0.42754030227661133 -8.471050262451172 11.098352432250977 0.2
0.5042102336883545 -8.653751373291016 11.006250381469727 0.2
0.6437501907348633 -8.759449005126953 11.127050399780273 0.2
0.7217202186584473 -8.697250366210938 11.324651718139648 0.2
0.778130292892456 -8.510150909423828 11.42085075378418 0.2
0.833550214767456 -8.306949615478516 11.470151901245117 0.2
0.902050256729126 -8.10354995727539 11.497251510620117 0.2
1.0205901861190796 -7.947452545166016 11.406251907348633 0.2
1.1877301931381226 -8.026050567626953 11.307050704956055 0.2
1.2652702331542969 -8.224552154541016 11.351850509643555 0.2
1.2228002548217773 -8.427249908447266 11.413549423217773 0.2
1.085630178451538 -8.594551086425781 11.425752639770508 0.2
0.9327802658081055 -8.747650146484375 11.413152694702148 0.2
0.7803702354431152 -8.878551483154297 11.33234977722168 0.2
0.7116601467132568 -8.9510498046875 11.140451431274414 0.2
0.8179402351379395 -8.953849792480469 10.957651138305664 0.2
1.0028102397918701 -8.851451873779297 10.991949081420898 0.2
1.1006802320480347 -8.691951751708984 11.104852676391602 0.2
1.1680501699447632 -8.50735092163086 11.195650100708008 0.2
1.1266902685165405 -8.299152374267578 11.25465202331543 0.2
0.926030158996582 -8.229148864746094 11.211648941040039 0.2
0.8223903179168701 -8.301651000976562 11.045549392700195 0.2
0.951470136642456 -8.447349548339844 10.934850692749023 0.2
1.0014703273773193 -8.661552429199219 10.906850814819336 0.2
1.0414502620697021 -8.836349487304688 10.769948959350586 0.2
1.2472102642059326 -8.849750518798828 10.720449447631836 0.2
1.3859202861785889 -8.739551544189453 10.842550277709961 0.2
1.3100202083587646 -8.563350677490234 10.948949813842773 0.2
1.1599602699279785 -8.404949188232422 10.928152084350586 0.2
0.9873101711273193 -8.282451629638672 10.856351852416992 0.2
0.949390172958374 -8.183250427246094 10.673849105834961 0.2
1.1358401775360107 -8.088150024414062 10.637948989868164 0.2
1.3098602294921875 -8.060550689697266 10.765851974487305 0.2
1.3892902135849 -8.179351806640625 10.928049087524414 0.2
1.443150281906128 -8.383552551269531 10.986349105834961 0.2
1.51291024684906 -8.590351104736328 10.966451644897461 0.2
1.6628202199935913 -8.727249145507812 10.886850357055664 0.2
1.8788602352142334 -8.745948791503906 10.902650833129883 0.2
1.9954001903533936 -8.636249542236328 11.040449142456055 0.2
1.8882402181625366 -8.463150024414062 11.111650466918945 0.2
1.7245101928710938 -8.324451446533203 11.06865119934082 0.2
1.576640248298645 -8.184150695800781 10.985349655151367 0.2
1.5880602598190308 -8.024250030517578 10.835451126098633 0.2
1.7826201915740967 -7.9295501708984375 10.828950881958008 0.2
1.9606802463531494 -7.9248504638671875 10.953752517700195 0.2
2.045231342315674 -8.058349609375 11.100252151489258 0.2
2.092991352081299 -8.275749206542969 11.145151138305664 0.2
2.1447291374206543 -8.500652313232422 11.135950088500977 0.2
2.2589492797851562 -8.675750732421875 11.042051315307617 0.2
2.4799091815948486 -8.723251342773438 11.000650405883789 0.2
2.6919171810150146 -8.677749633789062 11.075052261352539 0.2
2.713719129562378 -8.506851196289062 11.216451644897461 0.2
2.5602991580963135 -8.335151672363281 11.231851577758789 0.2
2.386610269546509 -8.18695068359375 11.199750900268555 0.2
2.2470202445983887 -8.026248931884766 11.112249374389648 0.2
2.3230412006378174 -7.898052215576172 10.944849014282227 0.2
2.5515823364257812 -7.868949890136719 10.930849075317383 0.2
2.778855323791504 -7.869449615478516 10.975149154663086 0.2
2.9894859790802 -7.873050689697266 11.014150619506836 0.2
3.1967782974243164 -7.894451141357422 11.004850387573242 0.2
3.3206441402435303 -8.005451202392578 10.88475227355957 0.2
3.285872220993042 -8.19845199584961 10.818052291870117 0.2
3.2070372104644775 -8.391651153564453 10.823549270629883 0.2
3.184645175933838 -8.579750061035156 10.907251358032227 0.2
3.3183791637420654 -8.681449890136719 11.026052474975586 0.2
3.5257701873779297 -8.692951202392578 11.044450759887695 0.2
3.704522132873535 -8.63125228881836 10.96135139465332 0.2
3.7259321212768555 -8.46445083618164 10.843149185180664 0.2
3.6384432315826416 -8.27585220336914 10.81715202331543 0.2
3.555999279022217 -8.085552215576172 10.84575080871582 0.2
3.5989952087402344 -7.927051544189453 10.969751358032227 0.2
3.793633222579956 -7.881752014160156 11.034551620483398 0.2
4.012810230255127 -7.892250061035156 11.014749526977539 0.2
4.179830074310303 -7.977149963378906 10.906049728393555 0.2
4.172910213470459 -8.167949676513672 10.802652359008789 0.2
4.083250045776367 -8.368949890136719 10.804349899291992 0.2
4.041630268096924 -8.569252014160156 10.880151748657227 0.2
4.176959991455078 -8.690650939941406 10.996252059936523 0.2
4.3952202796936035 -8.712150573730469 10.998350143432617 0.2
4.570460319519043 -8.649250030517578 10.887948989868164 0.2
4.5717902183532715 -8.469451904296875 10.768251419067383 0.2
4.476680278778076 -8.271549224853516 10.759149551391602 0.2
4.418980121612549 -8.068649291992188 10.816751480102539 0.2
4.539910316467285 -7.9313507080078125 10.930051803588867 0.2
4.758180141448975 -7.913349151611328 10.934751510620117 0.2
4.947120189666748 -7.9703521728515625 10.843050003051758 0.2
4.981490135192871 -8.141551971435547 10.716352462768555 0.2
4.899630069732666 -8.344551086425781 10.704648971557617 0.2
4.833010196685791 -8.546150207519531 10.757749557495117 0.2
4.921060085296631 -8.701351165771484 10.878149032592773 0.2
5.13247013092041 -8.746849060058594 10.901151657104492 0.2
5.332590103149414 -8.723152160644531 10.817850112915039 0.2
5.39723014831543 -8.5843505859375 10.667451858520508 0.2
5.319930076599121 -8.384151458740234 10.628450393676758 0.2
5.232080459594727 -8.185749053955078 10.657751083374023 0.2
5.265620231628418 -8.000652313232422 10.762750625610352 0.2
5.461640357971191 -7.928150177001953 10.816152572631836 0.2
5.685800552368164 -7.9389495849609375 10.759450912475586 0.2
5.812620162963867 -8.052249908447266 10.610952377319336 0.2
5.756800174713135 -8.261550903320312 10.540250778198242 0.2
5.659780502319336 -8.469951629638672 10.566949844360352 0.2
5.66670036315918 -8.671150207519531 10.67125129699707 0.2
5.861249923706055 -8.763351440429688 10.739351272583008 0.2
6.08650016784668 -8.769451141357422 10.68895149230957 0.2
6.264540195465088 -8.70865249633789 10.560750961303711 0.2
6.25894021987915 -8.52395248413086 10.432550430297852 0.2
6.1556901931762695 -8.316852569580078 10.43895149230957 0.2
6.088020324707031 -8.108451843261719 10.508550643920898 0.2
6.2078704833984375 -7.957450866699219 10.623151779174805 0.2
6.423680305480957 -7.92864990234375 10.620752334594727 0.2
6.63662052154541 -7.971351623535156 10.625051498413086 0.2
6.742120265960693 -8.131450653076172 10.721750259399414 0.2
6.703030586242676 -8.34115219116211 10.767351150512695 0.2
6.6401801109313965 -8.549652099609375 10.755151748657227 0.2
6.650090217590332 -8.713550567626953 10.618951797485352 0.2
6.807760238647461 -8.749752044677734 10.476949691772461 0.2
7.016849994659424 -8.703948974609375 10.439550399780273 0.2
7.141650199890137 -8.561649322509766 10.540750503540039 0.2
7.086540222167969 -8.373748779296875 10.634851455688477 0.2
6.980890274047852 -8.18655014038086 10.67234992980957 0.2
6.934300422668457 -7.997951507568359 10.583349227905273 0.2
7.064630031585693 -7.909751892089844 10.43895149230957 0.2
7.273630142211914 -7.920249938964844 10.380151748657227 0.2
7.437550067901611 -8.04315185546875 10.440752029418945 0.2
7.436530113220215 -8.248950958251953 10.510049819946289 0.2
7.367430210113525 -8.454849243164062 10.520051956176758 0.2
7.322460174560547 -8.64105224609375 10.422651290893555 0.2
7.420470237731934 -8.711051940917969 10.247350692749023 0.2
7.618380069732666 -8.675151824951172 10.168951034545898 0.2
7.767490386962891 -8.542652130126953 10.250852584838867 0.2
7.743110179901123 -8.354850769042969 10.358251571655273 0.2
7.65647029876709 -8.161651611328125 10.406850814819336 0.2
7.618730068206787 -7.970451354980469 10.31715202331543 0.2
7.752230167388916 -7.887248992919922 10.173051834106445 0.2
7.958430290222168 -7.909751892089844 10.111650466918945 0.2
8.100000381469727 -8.056449890136719 10.17595100402832 0.2
8.070940017700195 -8.2635498046875 10.234052658081055 0.2
7.984730243682861 -8.462451934814453 10.238950729370117 0.2
7.910040378570557 -8.636051177978516 10.135251998901367 0.2
7.993040084838867 -8.69955062866211 9.951848983764648 0.2
8.193309783935547 -8.666751861572266 9.880949020385742 0.2
8.34650993347168 -8.555351257324219 9.973451614379883 0.2
8.339360237121582 -8.372051239013672 10.090551376342773 0.2
8.291669845581055 -8.163951873779297 10.125051498413086 0.2
8.251409530639648 -7.969951629638672 10.04005241394043 0.2
8.341870307922363 -7.8753509521484375 9.870851516723633 0.2
8.5118408203125 -7.824851989746094 9.747251510620117 0.2
8.71560001373291 -7.796451568603516 9.683050155639648 0.2
8.865249633789062 -7.864952087402344 9.810750961303711 0.2
8.788280487060547 -8.010250091552734 9.949251174926758 0.2
8.639610290527344 -8.15875244140625 9.999452590942383 0.2
8.518320083618164 -8.337051391601562 10.00465202331543 0.2
8.549169540405273 -8.526451110839844 9.903451919555664 0.2
8.755229949951172 -8.555648803710938 9.89954948425293 0.2
8.905920028686523 -8.434452056884766 9.995550155639648 0.2
8.972020149230957 -8.229450225830078 10.010751724243164 0.2
9.024020195007324 -8.037349700927734 9.927450180053711 0.2
9.045379638671875 -7.860450744628906 9.803850173950195 0.2
9.088910102844238 -7.762950897216797 9.618349075317383 0.2
9.248029708862305 -7.772449493408203 9.47435188293457 0.2
9.442440032958984 -7.853950500488281 9.484949111938477 0.2
9.453720092773438 -7.977149963378906 9.666849136352539 0.2
9.32091999053955 -8.099250793457031 9.788850784301758 0.2
9.18433952331543 -8.226051330566406 9.897748947143555 0.2
9.062030792236328 -8.404449462890625 9.925649642944336 0.2
9.125150680541992 -8.569950103759766 9.813749313354492 0.2
9.329290390014648 -8.548648834228516 9.753351211547852 0.2
9.471220016479492 -8.384552001953125 9.722951889038086 0.2
9.557510375976562 -8.191349029541016 9.672651290893555 0.2
9.627080917358398 -7.997249603271484 9.607751846313477 0.2
9.656890869140625 -7.8807525634765625 9.428750991821289 0.2
9.777230262756348 -7.9371490478515625 9.261049270629883 0.2
9.934860229492188 -8.078350067138672 9.246049880981445 0.2
9.943000793457031 -8.191951751708984 9.42085075378418 0.2
9.778380393981934 -8.27975082397461 9.534151077270508 0.2
9.623960494995117 -8.424652099609375 9.575448989868164 0.2
9.459230422973633 -8.562149047851562 9.620450973510742 0.2
9.338210105895996 -8.723949432373047 9.546152114868164 0.2
9.476180076599121 -8.862751007080078 9.479650497436523 0.2
9.678230285644531 -8.840351104736328 9.541849136352539 0.2
9.8031005859375 -8.66244888305664 9.593351364135742 0.2
9.864970207214355 -8.461750030517578 9.526449203491211 0.2
10.022199630737305 -8.348949432373047 9.41765022277832 0.2
10.17926025390625 -8.420848846435547 9.514551162719727 0.2
10.087050437927246 -8.42245101928711 9.702951431274414 0.2
9.909259796142578 -8.438949584960938 9.825849533081055 0.2
9.795490264892578 -8.626651763916016 9.84895133972168 0.2
9.76947021484375 -8.82094955444336 9.75935173034668 0.2
9.805030822753906 -8.98685073852539 9.619852066040039 0.2
10.002840042114258 -9.051651000976562 9.61345100402832 0.2
10.141000747680664 -8.987751007080078 9.76515007019043 0.2
10.110389709472656 -8.8697509765625 9.941350936889648 0.2
9.973640441894531 -8.721649169921875 10.021051406860352 0.2
9.837350845336914 -8.554450988769531 10.03685188293457 0.2
9.793569564819336 -8.356948852539062 9.962350845336914 0.2
9.877260208129883 -8.174549102783203 9.875551223754883 0.2
10.071900367736816 -8.121051788330078 9.928152084350586 0.2
10.18766975402832 -8.294551849365234 9.984151840209961 0.2
10.219820022583008 -8.50735092163086 9.948049545288086 0.2
10.227230072021484 -8.713249206542969 9.87645149230957 0.2
10.259940147399902 -8.838851928710938 9.697549819946289 0.2
10.401900291442871 -8.818851470947266 9.534952163696289 0.2
10.578250885009766 -8.69845199584961 9.529352188110352 0.2
10.591289520263672 -8.525951385498047 9.659250259399414 0.2
10.481710433959961 -8.367950439453125 9.763349533081055 0.2
10.353469848632812 -8.214550018310547 9.851049423217773 0.2
10.194400787353516 -8.064350128173828 9.832849502563477 0.2
10.180049896240234 -7.947650909423828 9.653249740600586 0.2
10.350820541381836 -7.884250640869141 9.533449172973633 0.2
10.56272029876709 -7.921550750732422 9.540250778198242 0.2
10.685890197753906 -8.105350494384766 9.582651138305664 0.2
10.734840393066406 -8.32815170288086 9.558450698852539 0.2
10.759260177612305 -8.548450469970703 9.496950149536133 0.2
10.790130615234375 -8.694351196289062 9.324651718139648 0.2
10.943700790405273 -8.714752197265625 9.157651901245117 0.2
11.151430130004883 -8.64105224609375 9.108251571655273 0.2
11.222380638122559 -8.461151123046875 9.219049453735352 0.2
11.105899810791016 -8.296249389648438 9.327051162719727 0.2
10.958550453186035 -8.146049499511719 9.417551040649414 0.2
10.793439865112305 -7.987850189208984 9.436651229858398 0.2
10.727519989013672 -7.884849548339844 9.250852584838867 0.2
10.883779525756836 -7.8811492919921875 9.083650588989258 0.2
11.072239875793457 -7.899349212646484 8.969751358032227 0.2
11.255330085754395 -7.920551300048828 8.85405158996582 0.2
11.386680603027344 -7.9826507568359375 8.694551467895508 0.2
11.365260124206543 -8.155052185058594 8.57185173034668 0.2
11.288660049438477 -8.355949401855469 8.603750228881836 0.2
11.283790588378906 -8.552051544189453 8.693952560424805 0.2
11.447110176086426 -8.682048797607422 8.735651016235352 0.2
11.63916015625 -8.70865249633789 8.638750076293945 0.2
11.754770278930664 -8.654449462890625 8.466451644897461 0.2
11.710149765014648 -8.487548828125 8.343149185180664 0.2
11.614510536193848 -8.294349670410156 8.370851516723633 0.2
11.585820198059082 -8.098251342773438 8.456350326538086 0.2
11.736810684204102 -7.959850311279297 8.51154899597168 0.2
11.93397045135498 -7.934749603271484 8.42704963684082 0.2
12.074150085449219 -7.979652404785156 8.269552230834961 0.2
12.059450149536133 -8.130050659179688 8.120450973510742 0.2
11.968070030212402 -8.32564926147461 8.127252578735352 0.2
11.921589851379395 -8.520450592041016 8.209150314331055 0.2
12.041640281677246 -8.680549621582031 8.278249740600586 0.2
12.235779762268066 -8.733749389648438 8.204549789428711 0.2
12.375590324401855 -8.709152221679688 8.04265022277832 0.2
12.369510650634766 -8.573951721191406 7.880151748657227 0.2
12.2814302444458 -8.378150939941406 7.874551773071289 0.2
12.224130630493164 -8.184650421142578 7.953351974487305 0.2
12.316810607910156 -8.012649536132812 8.035451889038086 0.2
12.511590003967285 -7.947849273681641 7.980249404907227 0.2
12.66122055053711 -7.963352203369141 7.825750350952148 0.2
12.681739807128906 -8.071250915527344 7.645452499389648 0.2
12.59319019317627 -8.260250091552734 7.601152420043945 0.2
12.520720481872559 -8.451950073242188 7.669649124145508 0.2
12.563970565795898 -8.640750885009766 7.756452560424805 0.2
12.74608039855957 -8.744449615478516 7.73484992980957 0.2
12.90492057800293 -8.755550384521484 7.59065055847168 0.2
12.961370468139648 -8.680549621582031 7.401651382446289 0.2
12.887030601501465 -8.502750396728516 7.313749313354492 0.2
12.810310363769531 -8.30984878540039 7.370149612426758 0.2
12.808300018310547 -8.116950988769531 7.461450576782227 0.2
12.965880393981934 -7.981151580810547 7.490152359008789 0.2
13.14430046081543 -7.950450897216797 7.362852096557617 0.2
13.23550033569336 -7.999351501464844 7.164449691772461 0.2
13.169700622558594 -8.161849975585938 7.029150009155273 0.2
13.079700469970703 -8.36545181274414 7.067949295043945 0.2
13.056099891662598 -8.570350646972656 7.159151077270508 0.2
13.20419979095459 -8.73025131225586 7.194051742553711 0.2
13.383600234985352 -8.771949768066406 7.06715202331543 0.2
13.481500625610352 -8.714851379394531 6.872251510620117 0.2
13.4443998336792 -8.533451080322266 6.752250671386719 0.2
13.350700378417969 -8.331050872802734 6.78955078125 0.2
13.325900077819824 -8.127349853515625 6.879550933837891 0.2
13.48859977722168 -7.991550445556641 6.939050674438477 0.2
13.704100608825684 -8.007652282714844 6.913249969482422 0.2
13.8326997756958 -8.158149719238281 6.982551574707031 0.2
13.7947998046875 -8.351249694824219 7.06395149230957 0.2
13.700900077819824 -8.540752410888672 7.098451614379883 0.2
13.649399757385254 -8.712650299072266 6.991550445556641 0.2
13.721199989318848 -8.776050567626953 6.800849914550781 0.2
13.874199867248535 -8.75054931640625 6.655450820922852 0.2
14.039299964904785 -8.621749877929688 6.652750015258789 0.2
14.06570053100586 -8.429752349853516 6.739450454711914 0.2
14.005400657653809 -8.237350463867188 6.811349868774414 0.2
13.914800643920898 -8.05324935913086 6.763950347900391 0.2
13.913200378417969 -7.960948944091797 6.576150894165039 0.2
14.028200149536133 -7.959651947021484 6.396350860595703 0.2
14.200300216674805 -8.049251556396484 6.318950653076172 0.2
14.287099838256836 -8.231151580810547 6.382150650024414 0.2
14.246100425720215 -8.421749114990234 6.46875 0.2
14.156800270080566 -8.612651824951172 6.489351272583008 0.2
14.086899757385254 -8.746749877929688 6.34535026550293 0.2
14.153900146484375 -8.777950286865234 6.147050857543945 0.2
14.306300163269043 -8.734249114990234 6.008050918579102 0.2
14.456600189208984 -8.589149475097656 6.021350860595703 0.2
14.467400550842285 -8.396751403808594 6.109951019287109 0.2
14.40570068359375 -8.203750610351562 6.175651550292969 0.2
14.313300132751465 -8.02865219116211 6.103549957275391 0.2
14.324600219726562 -7.9526519775390625 5.909151077270508 0.2
14.444900512695312 -7.96405029296875 5.734251022338867 0.2
14.612000465393066 -8.074249267578125 5.677350997924805 0.2
14.671000480651855 -8.263450622558594 5.749351501464844 0.2
14.621800422668457 -8.453651428222656 5.832450866699219 0.2
14.522600173950195 -8.640750885009766 5.828651428222656 0.2
14.464700698852539 -8.754749298095703 5.664051055908203 0.2
14.543399810791016 -8.770549774169922 5.467550277709961 0.2
14.702400207519531 -8.70785140991211 5.346151351928711 0.2
14.83180046081543 -8.546951293945312 5.384550094604492 0.2
14.827000617980957 -8.354949951171875 5.476051330566406 0.2
14.759300231933594 -8.16025161743164 5.527151107788086 0.2
14.67180061340332 -7.998649597167969 5.426050186157227 0.2
14.706000328063965 -7.9427490234375 5.226251602172852 0.2
14.83549976348877 -7.97235107421875 5.061550140380859 0.2
14.990900039672852 -8.109550476074219 5.037851333618164 0.2
15.019100189208984 -8.303951263427734 5.117250442504883 0.2
14.958600044250488 -8.494049072265625 5.191850662231445 0.2
14.849699974060059 -8.67034912109375 5.155450820922852 0.2
14.815999984741211 -8.756950378417969 4.969551086425781 0.2
14.908500671386719 -8.754451751708984 4.778751373291016 0.2
15.07490062713623 -8.666851043701172 4.690950393676758 0.2
15.176799774169922 -8.492149353027344 4.751649856567383 0.2
15.157400131225586 -8.301551818847656 4.843450546264648 0.2
15.079999923706055 -8.107051849365234 4.870151519775391 0.2
15.006800651550293 -7.9678497314453125 4.733951568603516 0.2
15.060900688171387 -7.934650421142578 4.533151626586914 0.2
15.201600074768066 -7.990150451660156 4.389150619506836 0.2
15.333800315856934 -8.152549743652344 4.398550033569336 0.2
15.331299781799316 -8.346649169921875 4.482450485229492 0.2
15.258200645446777 -8.536151885986328 4.5422515869140625 0.2
15.144499778747559 -8.693649291992188 4.4620513916015625 0.2
15.138500213623047 -8.750850677490234 4.262250900268555 0.2
15.247000694274902 -8.72665023803711 4.083051681518555 0.2
15.41200065612793 -8.610149383544922 4.036050796508789 0.2
15.47700023651123 -8.425750732421875 4.114049911499023 0.2
15.446800231933594 -8.235050201416016 4.201650619506836 0.2
15.353899955749512 -8.045848846435547 4.190950393676758 0.2
15.301899909973145 -7.936550140380859 4.022951126098633 0.2
15.372099876403809 -7.928550720214844 3.823751449584961 0.2
15.519100189208984 -8.018951416015625 3.7089500427246094 0.2
15.613900184631348 -8.202152252197266 3.7492504119873047 0.2
15.589500427246094 -8.393852233886719 3.8362503051757812 0.2
15.498200416564941 -8.58115005493164 3.870250701904297 0.2
15.389900207519531 -8.709949493408203 3.7474498748779297 0.2
15.410500526428223 -8.7364501953125 3.540151596069336 0.2
15.532899856567383 -8.683849334716797 3.3788509368896484 0.2
15.68179988861084 -8.536651611328125 3.375551223754883 0.2
15.715300559997559 -8.34804916381836 3.4642505645751953 0.2
15.67199993133545 -8.1551513671875 3.538949966430664 0.2
15.565199851989746 -7.9826507568359375 3.4863510131835938 0.2
15.537500381469727 -7.909351348876953 3.293651580810547 0.2
15.61620044708252 -7.929450988769531 3.099550247192383 0.2
15.761000633239746 -8.058650970458984 3.0262508392333984 0.2
15.818300247192383 -8.251949310302734 3.0876502990722656 0.2
15.780099868774414 -8.441749572753906 3.1729507446289062 0.2
15.667200088500977 -8.61865234375 3.172250747680664 0.2
15.579100608825684 -8.710750579833984 3.010150909423828 0.2
15.617300033569336 -8.70865249633789 2.803251266479492 0.2
15.754300117492676 -8.621952056884766 2.6758499145507812 0.2
15.874000549316406 -8.45145034790039 2.7074508666992188 0.2
15.883700370788574 -8.26285171508789 2.8016510009765625 0.2
15.817700386047363 -8.070152282714844 2.8523502349853516 0.2
15.707900047302246 -7.926750183105469 2.750551223754883 0.2
15.701000213623047 -7.888050079345703 2.545450210571289 0.2
15.795300483703613 -7.942150115966797 2.369050979614258 0.2
15.926000595092773 -8.102951049804688 2.3407516479492188 0.2
15.95009994506836 -8.296550750732422 2.4188499450683594 0.2
15.896100044250488 -8.48604965209961 2.492950439453125 0.2
15.763899803161621 -8.641952514648438 2.4467506408691406 0.2
15.702899932861328 -8.697349548339844 2.25775146484375 0.2
15.759600639343262 -8.667049407958984 2.0585498809814453 0.2
15.904600143432617 -8.545848846435547 1.975351333618164 0.2
15.987299919128418 -8.362751007080078 2.0352516174316406 0.2
15.980199813842773 -8.173751831054688 2.1282501220703125 0.2
15.882500648498535 -7.9880523681640625 2.1440505981445312 0.2
15.784700393676758 -7.880149841308594 1.9989509582519531 0.2
15.79680061340332 -7.872951507568359 1.78955078125 0.2
15.908100128173828 -7.966350555419922 1.643850326538086 0.2
16.010499954223633 -8.148750305175781 1.6584510803222656 0.2
16.01300048828125 -8.34014892578125 1.7463512420654297 0.2
15.931500434875488 -8.52655029296875 1.7988510131835938 0.2
15.79419994354248 -8.65155029296875 1.7067508697509766 0.2
15.759900093078613 -8.672149658203125 1.5019512176513672 0.2
15.836899757385254 -8.6103515625 1.3193511962890625 0.2
15.976400375366211 -8.458251953125 1.2855510711669922 0.2
16.02910041809082 -8.27115249633789 1.364950180053711 0.2
16.000900268554688 -8.080150604248047 1.4476509094238281 0.2
15.877699851989746 -7.913349151611328 1.4226512908935547 0.2
15.80150032043457 -7.844051361083984 1.2432498931884766 0.2
15.829299926757812 -7.868949890136719 1.037750244140625 0.2
15.951700210571289 -8.002750396728516 0.9378509521484375 0.2
16.02159881591797 -8.195350646972656 0.9842510223388672 0.2
16.005699157714844 -8.38534927368164 1.0730514526367188 0.2
15.890700340270996 -8.55875015258789 1.0960502624511719 0.2
15.765800476074219 -8.644351959228516 0.9581508636474609 0.2
15.752400398254395 -8.634449005126953 0.7496509552001953 0.2
15.855999946594238 -8.538848876953125 0.6006507873535156 0.2
15.977100372314453 -8.366950988769531 0.6087512969970703 0.2
16.008100509643555 -8.179950714111328 0.6992511749267578 0.2
15.94890022277832 -7.989849090576172 0.7628517150878906 0.2
15.815800666809082 -7.85205078125 0.6872501373291016 0.2
15.762700080871582 -7.818050384521484 0.48925018310546875 0.2
15.81659984588623 -7.879550933837891 0.30065155029296875 0.2
15.935900688171387 -8.043949127197266 0.2501506805419922 0.2
15.975800514221191 -8.237049102783203 0.32025146484375 0.2
15.93529987335205 -8.42605209350586 0.4008502960205078 0.2
15.791000366210938 -8.57564926147461 0.3820514678955078 0.2
15.690500259399414 -8.623050689697266 0.20985031127929688 0.2
15.704700469970703 -8.583850860595703 0.0062503814697265625 0.2
15.830100059509277 -8.457050323486328 -0.0975494384765625 0.2
15.923800468444824 -8.275550842285156 -0.05354881286621094 0.2
15.936400413513184 -8.087749481201172 0.03875160217285156 0.2
15.838500022888184 -7.9051513671875 0.07275009155273438 0.2
15.714900016784668 -7.8027496337890625 -0.053249359130859375 0.2
15.69010066986084 -7.8045501708984375 -0.2604484558105469 0.2
15.77340030670166 -7.907352447509766 -0.4171485900878906 0.2
15.873000144958496 -8.091548919677734 -0.4192485809326172 0.2
15.89109992980957 -8.28274917602539 -0.33514976501464844 0.2
15.81510066986084 -8.466548919677734 -0.2698497772216797 0.2
15.659200668334961 -8.583148956298828 -0.3361492156982422 0.2
15.59119987487793 -8.591049194335938 -0.5317497253417969 0.2
15.63860034942627 -8.517250061035156 -0.7190494537353516 0.2
15.76990032196045 -8.36294937133789 -0.7727489471435547 0.2
15.839500427246094 -8.17824935913086 -0.7043495178222656 0.2
15.826000213623047 -7.9884490966796875 -0.6178493499755859 0.2
15.696900367736816 -7.825649261474609 -0.6220493316650391 0.2
15.59630012512207 -7.767452239990234 -0.7907485961914062 0.2
15.598899841308594 -7.8092498779296875 -0.9946498870849609 0.2
15.701700210571289 -7.951450347900391 -1.1058483123779297 0.2
15.776100158691406 -8.144248962402344 -1.07244873046875 0.2
15.77560043334961 -8.333850860595703 -0.9836483001708984 0.2
15.661800384521484 -8.502349853515625 -0.9393501281738281 0.2
15.513999938964844 -8.575851440429688 -1.056549072265625 0.2
15.481200218200684 -8.54315185546875 -1.2589492797851562 0.2
15.563899993896484 -8.43545150756836 -1.4135494232177734 0.2
15.684599876403809 -8.263450622558594 -1.4275493621826172 0.2
15.735600471496582 -8.07815170288086 -1.3451499938964844 0.2
15.6875 -7.890251159667969 -1.270050048828125 0.2
15.54050064086914 -7.759952545166016 -1.3245487213134766 0.2
15.466100692749023 -7.747749328613281 -1.5161495208740234 0.2
15.498600006103516 -7.829952239990234 -1.7019500732421875 0.2
15.603899955749512 -7.9992523193359375 -1.7686500549316406 0.2
15.65719985961914 -8.191749572753906 -1.7083492279052734 0.2
15.633299827575684 -8.379150390625 -1.6205501556396484 0.2
15.483699798583984 -8.5218505859375 -1.6097488403320312 0.2
15.359000205993652 -8.550552368164062 -1.7662487030029297 0.2
15.362299919128418 -8.48324966430664 -1.9623489379882812 0.2
15.469799995422363 -8.348751068115234 -2.0793495178222656 0.2
15.572400093078613 -8.168251037597656 -2.0587501525878906 0.2
15.607100486755371 -7.981349945068359 -1.9721488952636719 0.2
15.51669979095459 -7.802150726318359 -1.9161491394042969 0.2
15.369400024414062 -7.710552215576172 -2.0196495056152344 0.2
15.321900367736816 -7.738750457763672 -2.219449996948242 0.2
15.379799842834473 -7.855751037597656 -2.379650115966797 0.2
15.475900650024414 -8.040851593017578 -2.402750015258789 0.2
15.514699935913086 -8.230850219726562 -2.324949264526367 0.2
15.454899787902832 -8.412250518798828 -2.2414493560791016 0.2
15.285799980163574 -8.521049499511719 -2.273649215698242 0.2
15.195799827575684 -8.506752014160156 -2.456449508666992 0.2
15.229300498962402 -8.412750244140625 -2.6387500762939453 0.2
15.348199844360352 -8.25735092163086 -2.7167491912841797 0.2
15.433700561523438 -8.073150634765625 -2.669649124145508 0.2
15.442800521850586 -7.884151458740234 -2.581850051879883 0.2
15.315299987792969 -7.724651336669922 -2.555948257446289 0.2
15.184800148010254 -7.678150177001953 -2.7037487030029297 0.2
15.163599967956543 -7.741249084472656 -2.9007492065429688 0.2
15.242799758911133 -7.888149261474609 -3.0261497497558594 0.2
15.32450008392334 -8.080249786376953 -3.0119495391845703 0.2
15.347200393676758 -8.268550872802734 -2.9236488342285156 0.2
15.247000694274902 -8.434551239013672 -2.851949691772461 0.2
15.07610034942627 -8.501152038574219 -2.934549331665039 0.2
15.018500328063965 -8.451351165771484 -3.126249313354492 0.2
15.079800605773926 -8.336250305175781 -3.28704833984375 0.2
15.196599960327148 -8.16604995727539 -3.3299484252929688 0.2
15.2677001953125 -7.980548858642578 -3.2648487091064453 0.2
15.241900444030762 -7.7933502197265625 -3.1794490814208984 0.2
15.086400032043457 -7.664051055908203 -3.1991500854492188 0.2
14.978700637817383 -7.661251068115234 -3.3728485107421875 0.2
14.983699798583984 -7.754852294921875 -3.557048797607422 0.2
15.07229995727539 -7.924751281738281 -3.6447486877441406 0.2
15.139800071716309 -8.11655044555664 -3.598848342895508 0.2
15.138899803161621 -8.302650451660156 -3.5055484771728516 0.2
14.995500564575195 -8.443550109863281 -3.4590492248535156 0.2
14.839900016784668 -8.466548919677734 -3.5844497680664062 0.2
14.815299987792969 -8.389350891113281 -3.7750492095947266 0.2
14.901300430297852 -8.255050659179688 -3.9100494384765625 0.2
15.008800506591797 -8.075950622558594 -3.9170494079589844 0.2
15.064800262451172 -7.889049530029297 -3.842548370361328 0.2
14.994000434875488 -7.7095489501953125 -3.7660484313964844 0.2
14.829100608825684 -7.616851806640625 -3.834749221801758 0.2
14.753800392150879 -7.654651641845703 -4.022649765014648 0.2
14.7878999710083 -7.777252197265625 -4.187049865722656 0.2
14.876700401306152 -7.962150573730469 -4.232648849487305 0.2
14.931500434875488 -8.15195083618164 -4.165248870849609 0.2
14.89370059967041 -8.332149505615234 -4.0686492919921875 0.2
14.721500396728516 -8.44015121459961 -4.060449600219727 0.2
14.597700119018555 -8.42245101928711 -4.220348358154297 0.2
14.603899955749512 -8.325550079345703 -4.40424919128418 0.2
14.707799911499023 -8.174049377441406 -4.507648468017578 0.2
14.804800033569336 -7.99114990234375 -4.48444938659668 0.2
14.837699890136719 -7.802650451660156 -4.401449203491211 0.2
14.724200248718262 -7.640350341796875 -4.347249984741211 0.2
14.567399978637695 -7.591548919677734 -4.464048385620117 0.2
14.517600059509277 -7.661048889160156 -4.652849197387695 0.2
14.572199821472168 -7.8081512451171875 -4.791349411010742 0.2
14.655400276184082 -7.999851226806641 -4.797948837280273 0.2
14.697600364685059 -8.187149047851562 -4.715349197387695 0.2
14.616700172424316 -8.353050231933594 -4.62354850769043 0.2
14.431900024414062 -8.418949127197266 -4.667049407958984 0.2
14.340800285339355 -8.365249633789062 -4.843149185180664 0.2
14.374600410461426 -8.24945068359375 -5.011749267578125 0.2
14.48169994354248 -8.08115005493164 -5.080348968505859 0.2
14.566699981689453 -7.896350860595703 -5.0332489013671875 0.2
14.563300132751465 -7.709751129150391 -4.943248748779297 0.2
14.408599853515625 -7.579250335693359 -4.927848815917969 0.2
14.269800186157227 -7.578350067138672 -5.076349258422852 0.2
14.247200012207031 -7.677650451660156 -5.256349563598633 0.2
14.31659984588623 -7.846549987792969 -5.361949920654297 0.2
14.39430046081543 -8.037750244140625 -5.33384895324707 0.2
14.415400505065918 -8.223350524902344 -5.24224853515625 0.2
14.285200119018555 -8.363948822021484 -5.167348861694336 0.2
14.106500625610352 -8.384349822998047 -5.256750106811523 0.2
14.047300338745117 -8.302650451660156 -5.4371490478515625 0.2
14.105199813842773 -8.166851043701172 -5.585350036621094 0.2
14.208600044250488 -7.987651824951172 -5.615148544311523 0.2
14.27910041809082 -7.801448822021484 -5.552949905395508 0.2
14.225600242614746 -7.623950958251953 -5.460748672485352 0.2
14.048900604248047 -7.53375244140625 -5.492349624633789 0.2
13.940800666809082 -7.576148986816406 -5.661249160766602 0.2
13.947500228881836 -7.700950622558594 -5.827848434448242 0.2
14.026900291442871 -7.88385009765625 -5.89324951171875 0.2
14.099100112915039 -8.072349548339844 -5.841249465942383 0.2
14.084099769592285 -8.252750396728516 -5.740148544311523 0.2
13.916800498962402 -8.359748840332031 -5.698249816894531 0.2
13.76259994506836 -8.33755111694336 -5.827749252319336 0.2
13.731800079345703 -8.235549926757812 -6.0061492919921875 0.2
13.809599876403809 -8.08034896850586 -6.125848770141602 0.2
13.906900405883789 -7.896450042724609 -6.121049880981445 0.2
13.953499794006348 -7.7091522216796875 -6.042949676513672 0.2
13.849300384521484 -7.552150726318359 -5.962949752807617 0.2
13.670900344848633 -7.510150909423828 -6.04534912109375 0.2
13.59280014038086 -7.586452484130859 -6.220849990844727 0.2
13.624800682067871 -7.7337493896484375 -6.3663482666015625 0.2
13.708000183105469 -7.923351287841797 -6.3923492431640625 0.2
13.769499778747559 -8.110450744628906 -6.323249816894531 0.2
13.709400177001953 -8.276351928710938 -6.217948913574219 0.2
13.519000053405762 -8.339950561523438 -6.22344970703125 0.2
13.394499778747559 -8.281749725341797 -6.375648498535156 0.2
13.394000053405762 -8.16244888305664 -6.544948577880859 0.2
13.483400344848633 -7.991950988769531 -6.6311492919921875 0.2
13.574100494384766 -7.806850433349609 -6.599849700927734 0.2
13.58530044555664 -7.6224517822265625 -6.506948471069336 0.2
13.434000015258789 -7.496250152587891 -6.459749221801758 0.2
13.271900177001953 -7.498950958251953 -6.581048965454102 0.2
13.227200508117676 -7.600349426269531 -6.755548477172852 0.2
13.281100273132324 -7.766448974609375 -6.87394905090332 0.2
13.366700172424316 -7.955852508544922 -6.864448547363281 0.2
13.406900405883789 -8.141349792480469 -6.780448913574219 0.2
13.293800354003906 -8.283550262451172 -6.68494987487793 0.2
13.102100372314453 -8.304752349853516 -6.740449905395508 0.2
13.012800216674805 -8.221050262451172 -6.906549453735352 0.2
13.043399810791016 -8.08365249633789 -7.060949325561523 0.2
13.138800621032715 -7.9035491943359375 -7.107149124145508 0.2
13.216700553894043 -7.717449188232422 -7.055448532104492 0.2
13.177300453186035 -7.542449951171875 -6.952449798583984 0.2
12.997220039367676 -7.454151153564453 -6.95265007019043 0.2
12.867509841918945 -7.496551513671875 -7.104448318481445 0.2
12.855500221252441 -7.619251251220703 -7.2720489501953125 0.2
12.927550315856934 -7.799152374267578 -7.352849960327148 0.2
13.009320259094238 -7.986949920654297 -7.316049575805664 0.2
13.01300048828125 -8.168251037597656 -7.2160491943359375 0.2
12.857020378112793 -8.279048919677734 -7.148349761962891 0.2
12.684830665588379 -8.259849548339844 -7.252048492431641 0.2
12.629830360412598 -8.158950805664062 -7.424848556518555 0.2
12.690299987792969 -8.00564956665039 -7.5556488037109375 0.2
12.787150382995605 -7.821750640869141 -7.566249847412109 0.2
12.843210220336914 -7.634651184082031 -7.494749069213867 0.2
12.754230499267578 -7.476650238037109 -7.39954948425293 0.2
12.56840991973877 -7.427848815917969 -7.456548690795898 0.2
12.475720405578613 -7.498649597167969 -7.626150131225586 0.2
12.496590614318848 -7.639152526855469 -7.77964973449707 0.2
12.580130577087402 -7.825351715087891 -7.823049545288086 0.2
12.653170585632324 -8.0113525390625 -7.763648986816406 0.2
12.613590240478516 -8.181652069091797 -7.656148910522461 0.2
12.427980422973633 -8.255950927734375 -7.636049270629883 0.2
12.285090446472168 -8.203250885009766 -7.771949768066406 0.2
12.265490531921387 -8.085250854492188 -7.940948486328125 0.2
12.34115982055664 -7.915550231933594 -8.040548324584961 0.2
12.434300422668457 -7.730449676513672 -8.020648956298828 0.2
12.457900047302246 -7.5462493896484375 -7.930149078369141 0.2
12.31609058380127 -7.419151306152344 -7.860149383544922 0.2
12.139260292053223 -7.418750762939453 -7.957248687744141 0.2
12.076530456542969 -7.518451690673828 -8.126649856567383 0.2
12.115230560302734 -7.681850433349609 -8.254249572753906 0.2
12.202380180358887 -7.870349884033203 -8.260749816894531 0.2
12.257140159606934 -8.055850982666016 -8.185949325561523 0.2
12.16392993927002 -8.20064926147461 -8.074348449707031 0.2
11.965849876403809 -8.224052429199219 -8.093849182128906 0.2
11.849940299987793 -8.139751434326172 -8.241748809814453 0.2
11.853850364685059 -8.002952575683594 -8.399648666381836 0.2
11.940159797668457 -7.823951721191406 -8.46354866027832 0.2
12.027629852294922 -7.638751983642578 -8.427549362182617 0.2
12.00808048248291 -7.463748931884766 -8.319849014282227 0.2
11.83120059967041 -7.375652313232422 -8.285648345947266 0.2
11.676370620727539 -7.418651580810547 -8.41054916381836 0.2
11.635430335998535 -7.542152404785156 -8.572948455810547 0.2
11.689940452575684 -7.721752166748047 -8.665948867797852 0.2
11.778810501098633 -7.908550262451172 -8.645849227905273 0.2
11.800140380859375 -8.089149475097656 -8.547849655151367 0.2
11.657569885253906 -8.19675064086914 -8.452049255371094 0.2
11.468729972839355 -8.172050476074219 -8.518548965454102 0.2
11.381800651550293 -8.066349029541016 -8.674148559570312 0.2
11.41294002532959 -7.9089508056640625 -8.810548782348633 0.2
11.506070137023926 -7.725452423095703 -8.838150024414062 0.2
11.574880599975586 -7.539150238037109 -8.77724838256836 0.2
11.50217056274414 -7.387149810791016 -8.661949157714844 0.2
11.305960655212402 -7.349449157714844 -8.676149368286133 0.2
11.178330421447754 -7.427848815917969 -8.81734848022461 0.2
11.163290023803711 -7.573650360107422 -8.967248916625977 0.2
11.235370635986328 -7.760150909423828 -9.024349212646484 0.2
11.319390296936035 -7.946449279785156 -8.984748840332031 0.2
11.298379898071289 -8.112350463867188 -8.866449356079102 0.2
11.117660522460938 -8.173049926757812 -8.804548263549805 0.2
10.948840141296387 -8.108551025390625 -8.900148391723633 0.2
10.890899658203125 -7.983551025390625 -9.054749488830566 0.2
10.941740036010742 -7.809349060058594 -9.161449432373047 0.2
11.03637981414795 -7.623851776123047 -9.161449432373047 0.2
11.076910018920898 -7.4427490234375 -9.071748733520508 0.2
10.949950218200684 -7.326148986816406 -8.966049194335938 0.2
10.755029678344727 -7.336551666259766 -9.01764965057373 0.2
10.655059814453125 -7.439849853515625 -9.165948867797852 0.2
10.66217041015625 -7.603649139404297 -9.29854965209961 0.2
10.750850677490234 -7.789051055908203 -9.3285493850708 0.2
10.822110176086426 -7.974651336669922 -9.271149635314941 0.2
10.750289916992188 -8.115150451660156 -9.141149520874023 0.2
10.551790237426758 -8.126350402832031 -9.114849090576172 0.2
10.40625 -8.0301513671875 -9.223949432373047 0.2
10.37012004852295 -7.878849029541016 -9.365448951721191 0.2
10.434829711914062 -7.692852020263672 -9.432748794555664 0.2
10.524510383605957 -7.5068511962890625 -9.409749031066895 0.2
10.522720336914062 -7.345249176025391 -9.282049179077148 0.2
10.352590560913086 -7.284648895263672 -9.195549011230469 0.2
10.171689987182617 -7.346050262451172 -9.26824951171875 0.2
10.089570045471191 -7.475849151611328 -9.409749031066895 0.2
10.12306022644043 -7.654350280761719 -9.51314926147461 0.2
10.216540336608887 -7.839550018310547 -9.529349327087402 0.2
10.261550903320312 -8.019550323486328 -9.439048767089844 0.2
10.143720626831055 -8.116748809814453 -9.307148933410645 0.2
9.945170402526855 -8.077651977539062 -9.316848754882812 0.2
9.818470001220703 -7.9613494873046875 -9.432748794555664 0.2
9.814940452575684 -7.792049407958984 -9.558149337768555 0.2
9.894380569458008 -7.603549957275391 -9.595549583435059 0.2
9.969340324401855 -7.418750762939453 -9.538349151611328 0.2
9.920110702514648 -7.281150817871094 -9.39574909210205 0.2
9.723750114440918 -7.254352569580078 -9.366748809814453 0.2
9.572440147399902 -7.3323516845703125 -9.482949256896973 0.2
9.532690048217773 -7.472148895263672 -9.634149551391602 0.2
9.596980094909668 -7.6531524658203125 -9.714849472045898 0.2
9.689519882202148 -7.839252471923828 -9.704449653625488 0.2
9.695369720458984 -8.010650634765625 -9.592148780822754 0.2
9.5314302444458 -8.079551696777344 -9.50014877319336 0.2
9.347240447998047 -8.014251708984375 -9.55984878540039 0.2
9.2610502243042 -7.881649017333984 -9.694849014282227 0.2
9.288080215454102 -7.701148986816406 -9.798949241638184 0.2
9.380040168762207 -7.514549255371094 -9.80734920501709 0.2
9.430480003356934 -7.336750030517578 -9.71614933013916 0.2
9.318010330200195 -7.2308502197265625 -9.585749626159668 0.2
9.117770195007324 -7.250450134277344 -9.60474967956543 0.2
8.998910903930664 -7.3587493896484375 -9.734649658203125 0.2
8.989290237426758 -7.525550842285156 -9.864249229431152 0.2
9.068540573120117 -7.712749481201172 -9.90894889831543 0.2
9.145440101623535 -7.899848937988281 -9.864849090576172 0.2
9.101909637451172 -8.038551330566406 -9.72024917602539 0.2
8.911720275878906 -8.051151275634766 -9.658549308776855 0.2
8.749080657958984 -7.957752227783203 -9.74424934387207 0.2
8.694999694824219 -7.8121490478515625 -9.884049415588379 0.2
8.7504301071167 -7.628349304199219 -9.968049049377441 0.2
8.839469909667969 -7.440452575683594 -9.964149475097656 0.2
8.863000869750977 -7.271152496337891 -9.847649574279785 0.2
8.713410377502441 -7.190151214599609 -9.742249488830566 0.2
8.524330139160156 -7.235450744628906 -9.80104923248291 0.2
8.430320739746094 -7.354850769042969 -9.943948745727539 0.2
8.45009994506836 -7.527252197265625 -10.061149597167969 0.2
8.544890403747559 -7.710651397705078 -10.086849212646484 0.2
8.60222053527832 -7.895050048828125 -10.013749122619629 0.2
8.50316047668457 -8.011951446533203 -9.88084888458252 0.2
8.303239822387695 -7.987251281738281 -9.875848770141602 0.2
8.170720100402832 -7.869350433349609 -9.983348846435547 0.2
8.147470474243164 -7.697551727294922 -10.103649139404297 0.2
8.220250129699707 -7.507549285888672 -10.145349502563477 0.2
8.30111026763916 -7.322750091552734 -10.096549034118652 0.2
8.270350456237793 -7.189250946044922 -9.94494915008545 0.2
8.08213996887207 -7.175251007080078 -9.8777494430542 0.2
7.91532039642334 -7.264751434326172 -9.959649085998535 0.2
7.849470138549805 -7.412651062011719 -10.094649314880371 0.2
7.898710250854492 -7.594451904296875 -10.183049201965332 0.2
7.990560054779053 -7.7810516357421875 -10.194748878479004 0.2
8.02168083190918 -7.948249816894531 -10.080549240112305 0.2
7.882960319519043 -8.004150390625 -9.947149276733398 0.2
7.691860198974609 -7.929752349853516 -9.95314884185791 0.2
7.5756001472473145 -7.791149139404297 -10.055648803710938 0.2
7.578710079193115 -7.606651306152344 -10.157349586486816 0.2
7.659910202026367 -7.417049407958984 -10.18744945526123 0.2
7.7302703857421875 -7.2409515380859375 -10.106649398803711 0.2
7.6525702476501465 -7.143650054931641 -9.94784927368164 0.2
7.4546403884887695 -7.171451568603516 -9.915449142456055 0.2
7.308070182800293 -7.280250549316406 -10.012848854064941 0.2
7.270359992980957 -7.4432525634765625 -10.14224910736084 0.2
7.343290328979492 -7.624851226806641 -10.213748931884766 0.2
7.430920124053955 -7.811149597167969 -10.194149017333984 0.2
7.411180019378662 -7.954051971435547 -10.049049377441406 0.2
7.23369026184082 -7.965049743652344 -9.956048965454102 0.2
7.060450077056885 -7.862949371337891 -10.000948905944824 0.2
6.980710029602051 -7.7010498046875 -10.110249519348145 0.2
7.020900249481201 -7.509651184082031 -10.182748794555664 0.2
7.109180450439453 -7.321449279785156 -10.178349494934082 0.2
7.143190383911133 -7.1683502197265625 -10.043848991394043 0.2
7.001650333404541 -7.119049072265625 -9.911349296569824 0.2
6.809760093688965 -7.186851501464844 -9.935548782348633 0.2
6.698980331420898 -7.318450927734375 -10.054049491882324 0.2
6.710030555725098 -7.496650695800781 -10.165749549865723 0.2
6.792420387268066 -7.683349609375 -10.207749366760254 0.2
6.861949920654297 -7.865451812744141 -10.13654899597168 0.2
6.784440040588379 -7.974849700927734 -9.985548973083496 0.2
6.5863800048828125 -7.947151184082031 -9.954249382019043 0.2
6.436700344085693 -7.833950042724609 -10.043349266052246 0.2
6.408289909362793 -7.667049407958984 -10.168949127197266 0.2
6.475720405578613 -7.476749420166016 -10.222549438476562 0.2
6.557980537414551 -7.288951873779297 -10.187349319458008 0.2
6.546380043029785 -7.140850067138672 -10.045248985290527 0.2
6.36344051361084 -7.09735107421875 -9.97774887084961 0.2
6.194030284881592 -7.168251037597656 -10.06994915008545 0.2
6.128849983215332 -7.3009490966796875 -10.219649314880371 0.2
6.1750102043151855 -7.478950500488281 -10.3177490234375 0.2
6.271880149841309 -7.663551330566406 -10.32814884185791 0.2
6.301860332489014 -7.8428497314453125 -10.23284912109375 0.2
6.160930156707764 -7.928249359130859 -10.117749214172363 0.2
5.967780113220215 -7.867450714111328 -10.141448974609375 0.2
5.8583502769470215 -7.727352142333984 -10.251949310302734 0.2
5.859499931335449 -7.539951324462891 -10.34684944152832 0.2
5.944129943847656 -7.350349426269531 -10.367949485778809 0.2
6.011710166931152 -7.173851013183594 -10.285348892211914 0.2
5.934320449829102 -7.081352233886719 -10.122448921203613 0.2
5.739830017089844 -7.119350433349609 -10.080449104309082 0.2
5.592910289764404 -7.2353515625 -10.169548988342285 0.2
5.552000045776367 -7.401248931884766 -10.294849395751953 0.2
5.619009971618652 -7.583751678466797 -10.370549201965332 0.2
5.70727014541626 -7.770751953125 -10.358749389648438 0.2
5.704240322113037 -7.912349700927734 -10.210848808288574 0.2
5.536700248718262 -7.923851013183594 -10.10054874420166 0.2
5.3585205078125 -7.823951721191406 -10.130148887634277 0.2
5.270510196685791 -7.664852142333984 -10.235849380493164 0.2
5.300310134887695 -7.471950531005859 -10.312149047851562 0.2
5.383200168609619 -7.280952453613281 -10.316449165344238 0.2
5.435150146484375 -7.122852325439453 -10.192648887634277 0.2
5.3154802322387695 -7.062751770019531 -10.044149398803711 0.2
5.120240211486816 -7.121051788330078 -10.052549362182617 0.2
4.995700359344482 -7.2420501708984375 -10.169949531555176 0.2
4.988530158996582 -7.411251068115234 -10.294049263000488 0.2
5.071380138397217 -7.592151641845703 -10.356649398803711 0.2
5.1475701332092285 -7.778652191162109 -10.30984878540039 0.2
5.087810516357422 -7.8977508544921875 -10.157049179077148 0.2
4.898430347442627 -7.867549896240234 -10.092248916625977 0.2
4.742180347442627 -7.7402496337890625 -10.145648956298828 0.2
4.688760280609131 -7.557949066162109 -10.237548828125 0.2
4.748970031738281 -7.365150451660156 -10.288949012756348 0.2
4.838210105895996 -7.181652069091797 -10.25054931640625 0.2
4.840579986572266 -7.066551208496094 -10.081849098205566 0.2
4.675220489501953 -7.080051422119141 -9.9673490524292 0.2
4.498340129852295 -7.184551239013672 -9.996648788452148 0.2
4.413430213928223 -7.341949462890625 -10.10884952545166 0.2
4.445460319519043 -7.527050018310547 -10.202249526977539 0.2
4.530140399932861 -7.715751647949219 -10.229349136352539 0.2
4.592790126800537 -7.877750396728516 -10.118049621582031 0.2
4.476370334625244 -7.939052581787109 -9.967049598693848 0.2
4.2806501388549805 -7.876651763916016 -9.951449394226074 0.2
4.14601993560791 -7.7503509521484375 -10.043549537658691 0.2
4.141480445861816 -7.571651458740234 -10.158248901367188 0.2
4.212160110473633 -7.378452301025391 -10.195348739624023 0.2
4.287840366363525 -7.194652557373047 -10.135149002075195 0.2
4.237430095672607 -7.066951751708984 -9.984748840332031 0.2
4.039730072021484 -7.054950714111328 -9.951148986816406 0.2
3.8911423683166504 -7.142951965332031 -10.064249038696289 0.2
3.848201274871826 -7.288051605224609 -10.213149070739746 0.2
3.9167041778564453 -7.468250274658203 -10.291349411010742 0.2
4.011280059814453 -7.6535491943359375 -10.284749031066895 0.2
4.006396293640137 -7.823051452636719 -10.167049407958984 0.2
3.834458351135254 -7.87554931640625 -10.078349113464355 0.2
3.6563501358032227 -7.787952423095703 -10.130349159240723 0.2
3.56738018989563 -7.630550384521484 -10.241048812866211 0.2
3.5942561626434326 -7.436149597167969 -10.311149597167969 0.2
3.6803741455078125 -7.246051788330078 -10.311149597167969 0.2
3.7259740829467773 -7.085151672363281 -10.18964958190918 0.2
3.6104562282562256 -7.0339508056640625 -10.032849311828613 0.2
3.4193031787872314 -7.1058502197265625 -10.023049354553223 0.2
3.2921652793884277 -7.237751007080078 -10.124849319458008 0.2
3.2821693420410156 -7.411750793457031 -10.242849349975586 0.2
3.3579533100128174 -7.594451904296875 -10.309649467468262 0.2
3.443831205368042 -7.778350830078125 -10.26724910736084 0.2
3.4078073501586914 -7.8941497802734375 -10.104948997497559 0.2
3.2248213291168213 -7.871051788330078 -10.021149635314941 0.2
3.0564424991607666 -7.757152557373047 -10.063849449157715 0.2
2.991831064224243 -7.585651397705078 -10.169649124145508 0.2
3.038583517074585 -7.391651153564453 -10.231049537658691 0.2
3.123737335205078 -7.202350616455078 -10.212449073791504 0.2
3.1450202465057373 -7.062351226806641 -10.063749313354492 0.2
2.9856364727020264 -7.037849426269531 -9.945249557495117 0.2
2.8009603023529053 -7.120849609375 -9.984148979187012 0.2
2.699153184890747 -7.260551452636719 -10.105949401855469 0.2
2.722194194793701 -7.439350128173828 -10.210148811340332 0.2
2.814357280731201 -7.622249603271484 -10.252248764038086 0.2
2.8744142055511475 -7.797752380371094 -10.164249420166016 0.2
2.7727832794189453 -7.871849060058594 -10.007649421691895 0.2
2.5842812061309814 -7.80364990234375 -9.963149070739746 0.2
2.4434092044830322 -7.657451629638672 -10.019749641418457 0.2
2.418609142303467 -7.465549468994141 -10.098849296569824 0.2
2.4879682064056396 -7.2738494873046875 -10.145849227905273 0.2
2.575683116912842 -7.101348876953125 -10.075549125671387 0.2
2.5467922687530518 -7.035449981689453 -9.886649131774902 0.2
2.3851571083068848 -7.100849151611328 -9.77864933013916 0.2
2.2265021800994873 -7.232051849365234 -9.79944896697998 0.2
2.165656089782715 -7.407550811767578 -9.902849197387695 0.2
2.211010217666626 -7.592151641845703 -9.989949226379395 0.2
2.3086612224578857 -7.775249481201172 -9.99424934387207 0.2
2.3442163467407227 -7.908851623535156 -9.844849586486816 0.2
2.1967811584472656 -7.924152374267578 -9.707348823547363 0.2
2.007540225982666 -7.838550567626953 -9.700249671936035 0.2
1.8961002826690674 -7.690151214599609 -9.792149543762207 0.2
1.9152302742004395 -7.49835205078125 -9.879549026489258 0.2
1.9903502464294434 -7.303852081298828 -9.892048835754395 0.2
2.0547471046447754 -7.133449554443359 -9.788949012756348 0.2
1.9507702589035034 -7.0384521484375 -9.647048950195312 0.2
1.7498302459716797 -7.064250946044922 -9.661048889160156 0.2
1.6228601932525635 -7.166149139404297 -9.790948867797852 0.2
1.6126902103424072 -7.323451995849609 -9.932249069213867 0.2
1.6972802877426147 -7.504951477050781 -9.989949226379395 0.2
1.7793402671813965 -7.693550109863281 -9.959149360656738 0.2
1.7320501804351807 -7.847049713134766 -9.832049369812012 0.2
1.5369502305984497 -7.862548828125 -9.786949157714844 0.2
1.3771902322769165 -7.754852294921875 -9.86414909362793 0.2
1.3163702487945557 -7.5834503173828125 -9.972549438476562 0.2
1.372090220451355 -7.389652252197266 -10.022849082946777 0.2
1.4587801694869995 -7.201751708984375 -9.996048927307129 0.2
1.4636201858520508 -7.061550140380859 -9.84684944152832 0.2
1.3033902645111084 -7.050151824951172 -9.726248741149902 0.2
1.1226402521133423 -7.146152496337891 -9.755349159240723 0.2
1.026010274887085 -7.2944488525390625 -9.870149612426758 0.2
1.0503102540969849 -7.4759521484375 -9.9712495803833 0.2
1.137620210647583 -7.661350250244141 -10.012449264526367 0.2
1.207450270652771 -7.833049774169922 -9.923048973083496 0.2
1.115530252456665 -7.908851623535156 -9.761448860168457 0.2
0.9232001304626465 -7.852352142333984 -9.718149185180664 0.2
0.7769403457641602 -7.723049163818359 -9.788848876953125 0.2
0.7444202899932861 -7.540149688720703 -9.890549659729004 0.2
0.808340311050415 -7.346851348876953 -9.937549591064453 0.2
0.8910901546478271 -7.163551330566406 -9.887749671936035 0.2
0.863030195236206 -7.053352355957031 -9.719348907470703 0.2
0.6811401844024658 -7.072849273681641 -9.633849143981934 0.2
0.5133602619171143 -7.179752349853516 -9.692949295043945 0.2
0.43757033348083496 -7.339450836181641 -9.810249328613281 0.2
0.4910101890563965 -7.520050048828125 -9.899449348449707 0.2
0.586550235748291 -7.703948974609375 -9.916149139404297 0.2
0.6160502433776855 -7.856849670410156 -9.782448768615723 0.2
0.478790283203125 -7.880851745605469 -9.6371488571167 0.2
0.29751014709472656 -7.783451080322266 -9.61574935913086 0.2
0.17760014533996582 -7.618049621582031 -9.673849105834961 0.2
0.18636012077331543 -7.4230499267578125 -9.746648788452148 0.2
0.26409029960632324 -7.2319488525390625 -9.776349067687988 0.2
0.3458902835845947 -7.085350036621094 -9.657149314880371 0.2
0.2865002155303955 -7.071949005126953 -9.464749336242676 0.2
0.1262202262878418 -7.1694488525390625 -9.377348899841309 0.2
-0.013849735260009766 -7.320152282714844 -9.4156494140625 0.2
-0.04437971115112305 -7.503150939941406 -9.516149520874023 0.2
0.011470317840576172 -7.688251495361328 -9.594549179077148 0.2
0.12356019020080566 -7.860050201416016 -9.559649467468262 0.2
0.12721014022827148 -7.955650329589844 -9.383049011230469 0.2
-0.03337979316711426 -7.929050445556641 -9.258749008178711 0.2
-0.21505975723266602 -7.827449798583984 -9.252449035644531 0.2
-0.30008983612060547 -7.661949157714844 -9.349649429321289 0.2
-0.2683298587799072 -7.466548919677734 -9.42094898223877 0.2
-0.18608975410461426 -7.274452209472656 -9.416749000549316 0.2
-0.1442098617553711 -7.122249603271484 -9.28394889831543 0.2
-0.29405975341796875 -7.069549560546875 -9.161449432373047 0.2
-0.4881298542022705 -7.128849029541016 -9.197949409484863 0.2
-0.5968396663665771 -7.248649597167969 -9.328948974609375 0.2
-0.5798697471618652 -7.419750213623047 -9.451848983764648 0.2
-0.48712968826293945 -7.603549957275391 -9.487849235534668 0.2
-0.41899967193603516 -7.788349151611328 -9.423849105834961 0.2
-0.5081796646118164 -7.915248870849609 -9.293249130249023 0.2
-0.7103097438812256 -7.903049468994141 -9.286249160766602 0.2
-0.8502597808837891 -7.789051055908203 -9.389348983764648 0.2
-0.8847498893737793 -7.613151550292969 -9.501949310302734 0.2
-0.8137598037719727 -7.420650482177734 -9.539548873901367 0.2
-0.7340898513793945 -7.234550476074219 -9.492949485778809 0.2
-0.769129753112793 -7.107250213623047 -9.336149215698242 0.2
-0.9524598121643066 -7.112251281738281 -9.253149032592773 0.2
-1.120419979095459 -7.215549468994141 -9.31554889678955 0.2
-1.1961398124694824 -7.371849060058594 -9.43744945526123 0.2
-1.1474995613098145 -7.555049896240234 -9.524048805236816 0.2
-1.0518598556518555 -7.7391510009765625 -9.543449401855469 0.2
-1.0105199813842773 -7.899650573730469 -9.421449661254883 0.2
-1.1382899284362793 -7.943351745605469 -9.272549629211426 0.2
-1.3267197608947754 -7.862651824951172 -9.25304889678955 0.2
-1.4581198692321777 -7.714351654052734 -9.326949119567871 0.2
-1.4656095504760742 -7.523151397705078 -9.40954875946045 0.2
-1.3923397064208984 -7.3316497802734375 -9.449748992919922 0.2
-1.3148798942565918 -7.163150787353516 -9.358649253845215 0.2
-1.3713698387145996 -7.109050750732422 -9.172948837280273 0.2
-1.5425496101379395 -7.183750152587891 -9.088048934936523 0.2
-1.6965699195861816 -7.322849273681641 -9.122749328613281 0.2
-1.741189956665039 -7.502552032470703 -9.219049453735352 0.2
-1.682309627532959 -7.682350158691406 -9.307848930358887 0.2
-1.57958984375 -7.860649108886719 -9.286249160766602 0.2
-1.5596098899841309 -7.957649230957031 -9.109748840332031 0.2
-1.6924595832824707 -7.919349670410156 -8.95884895324707 0.2
-1.8564696311950684 -7.796352386474609 -8.920549392700195 0.2
-1.9468798637390137 -7.613948822021484 -8.975349426269531 0.2
-1.927459716796875 -7.42034912109375 -9.05104923248291 0.2
-1.835099697113037 -7.234149932861328 -9.057048797607422 0.2
-1.7624096870422363 -7.1246490478515625 -8.901948928833008 0.2
-1.8543596267700195 -7.149250030517578 -8.721948623657227 0.2
-2.0158095359802246 -7.256351470947266 -8.645750045776367 0.2
-2.1348695755004883 -7.417449951171875 -8.704750061035156 0.2
-2.1317296028137207 -7.604148864746094 -8.802148818969727 0.2
-2.0506796836853027 -7.790149688720703 -8.852348327636719 0.2
-1.9480400085449219 -7.951652526855469 -8.773248672485352 0.2
-2.019779682159424 -8.035850524902344 -8.606149673461914 0.2
-2.2144699096679688 -8.001449584960938 -8.549348831176758 0.2
-2.3801097869873047 -7.893352508544922 -8.60944938659668 0.2
-2.4264097213745117 -7.721549987792969 -8.723749160766602 0.2
-2.372109889984131 -7.526248931884766 -8.775548934936523 0.2
-2.2920398712158203 -7.337150573730469 -8.739948272705078 0.2
-2.3053698539733887 -7.196552276611328 -8.591148376464844 0.2
-2.4885196685791016 -7.171649932861328 -8.513248443603516 0.2
-2.661219596862793 -7.254852294921875 -8.589649200439453 0.2
-2.7353696823120117 -7.395450592041016 -8.728748321533203 0.2
-2.6882095336914062 -7.575351715087891 -8.82284927368164 0.2
-2.587449550628662 -7.757549285888672 -8.839149475097656 0.2
-2.5497398376464844 -7.933250427246094 -8.73714828491211 0.2
-2.6853199005126953 -8.011650085449219 -8.61094856262207 0.2
-2.8807597160339355 -7.950050354003906 -8.617048263549805 0.2
-3.009509563446045 -7.810749053955078 -8.709449768066406 0.2
-3.0158095359802246 -7.622249603271484 -8.797449111938477 0.2
-2.9352498054504395 -7.432350158691406 -8.83034896850586 0.2
-2.8704795837402344 -7.2561492919921875 -8.744150161743164 0.2
-2.945279598236084 -7.183750152587891 -8.571149826049805 0.2
-3.1282896995544434 -7.248950958251953 -8.508249282836914 0.2
-3.2774295806884766 -7.383552551269531 -8.565849304199219 0.2
-3.3173398971557617 -7.562950134277344 -8.668048858642578 0.2
-3.2508296966552734 -7.747150421142578 -8.739948272705078 0.2
-3.149439811706543 -7.926849365234375 -8.717748641967773 0.2
-3.1336798667907715 -8.042350769042969 -8.55164909362793 0.2
-3.288569927215576 -8.0301513671875 -8.422248840332031 0.2
-3.469829559326172 -7.92864990234375 -8.422649383544922 0.2
-3.5766396522521973 -7.7673492431640625 -8.508049011230469 0.2
-3.559539794921875 -7.577751159667969 -8.592350006103516 0.2
-3.4814696311950684 -7.386051177978516 -8.616548538208008 0.2
-3.42195987701416 -7.238948822021484 -8.487548828125 0.2
-3.523019790649414 -7.2268524169921875 -8.314350128173828 0.2
-3.695359706878662 -7.328151702880859 -8.260648727416992 0.2
-3.8252997398376465 -7.487049102783203 -8.311349868774414 0.2
-3.830139636993408 -7.672248840332031 -8.405248641967773 0.2
-3.752079963684082 -7.854251861572266 -8.471248626708984 0.2
-3.647939682006836 -8.012950897216797 -8.394149780273438 0.2
-3.6739397048950195 -8.059349060058594 -8.200248718261719 0.2
-3.824199676513672 -7.9853515625 -8.079648971557617 0.2
-3.9779696464538574 -7.841850280761719 -8.073848724365234 0.2
-4.036379814147949 -7.6535491943359375 -8.143548965454102 0.2
-4.001079559326172 -7.462150573730469 -8.220048904418945 0.2
-3.892789840698242 -7.289249420166016 -8.191848754882812 0.2
-3.8489999771118164 -7.222652435302734 -8.006649017333984 0.2
-3.953589916229248 -7.283351898193359 -7.839649200439453 0.2
-4.106649875640869 -7.4089508056640625 -7.783548355102539 0.2
-4.195429801940918 -7.585651397705078 -7.858148574829102 0.2
-4.169429779052734 -7.77545166015625 -7.942548751831055 0.2
-4.068399906158447 -7.956249237060547 -7.965549468994141 0.2
-3.9857797622680664 -8.091850280761719 -7.837949752807617 0.2
-4.098489761352539 -8.133651733398438 -7.676549911499023 0.2
-4.294899940490723 -8.074748992919922 -7.648448944091797 0.2
-4.441279888153076 -7.952251434326172 -7.730649948120117 0.2
-4.4616498947143555 -7.7718505859375 -7.8381500244140625 0.2
-4.398429870605469 -7.577751159667969 -7.881448745727539 0.2
-4.3220696449279785 -7.395252227783203 -7.815149307250977 0.2
-4.379239559173584 -7.286949157714844 -7.655248641967773 0.2
-4.572999954223633 -7.314849853515625 -7.60474967956543 0.2
-4.728699684143066 -7.428749084472656 -7.684049606323242 0.2
-4.781739711761475 -7.59625244140625 -7.800449371337891 0.2
-4.711609840393066 -7.7781524658203125 -7.872650146484375 0.2
-4.611669540405273 -7.960151672363281 -7.8634490966796875 0.2
-4.599559783935547 -8.099750518798828 -7.71514892578125 0.2
-4.754349708557129 -8.108451843261719 -7.586448669433594 0.2
-4.937619686126709 -8.010051727294922 -7.581850051879883 0.2
-5.051849365234375 -7.84735107421875 -7.650949478149414 0.2
-5.035419464111328 -7.658851623535156 -7.736448287963867 0.2
-4.957619667053223 -7.468452453613281 -7.768049240112305 0.2
-4.889199733734131 -7.323951721191406 -7.641349792480469 0.2
-4.958789825439453 -7.325550079345703 -7.4521484375 0.2
-5.109620094299316 -7.437351226806641 -7.364749908447266 0.2
-5.234819412231445 -7.604652404785156 -7.392950057983398 0.2
-5.251079559326172 -7.794551849365234 -7.478048324584961 0.2
-5.18412971496582 -7.980251312255859 -7.54534912109375 0.2
-5.057779312133789 -8.130752563476562 -7.486049652099609 0.2
-5.047410011291504 -8.176448822021484 -7.291049957275391 0.2
-5.188749313354492 -8.114849090576172 -7.154850006103516 0.2
-5.358009338378906 -7.996250152587891 -7.141448974609375 0.2
-5.448949813842773 -7.824951171875 -7.224849700927734 0.2
-5.4333295822143555 -7.637351989746094 -7.314748764038086 0.2
-5.346949577331543 -7.449748992919922 -7.32244873046875 0.2
-5.297979354858398 -7.332050323486328 -7.1656494140625 0.2
-5.412559509277344 -7.356651306152344 -7.000648498535156 0.2
-5.576519966125488 -7.476348876953125 -6.96044921875 0.2
-5.683969497680664 -7.649848937988281 -7.017250061035156 0.2
-5.664859771728516 -7.837150573730469 -7.106149673461914 0.2
-5.571020126342773 -8.01784896850586 -7.146549224853516 0.2
-5.471019744873047 -8.153350830078125 -7.029150009155273 0.2
-5.534709930419922 -8.174751281738281 -6.840349197387695 0.2
-5.7039899826049805 -8.08945083618164 -6.759849548339844 0.2
-5.853679656982422 -7.941551208496094 -6.784948348999023 0.2
-5.894859313964844 -7.756351470947266 -6.870649337768555 0.2
-5.850339889526367 -7.566749572753906 -6.944250106811523 0.2
-5.743419647216797 -7.400249481201172 -6.886449813842773 0.2
-5.727389335632324 -7.355251312255859 -6.691249847412109 0.2
-5.844459533691406 -7.441852569580078 -6.545749664306641 0.2
-5.98777961730957 -7.591449737548828 -6.519048690795898 0.2
-6.052569389343262 -7.7785491943359375 -6.590049743652344 0.2
-6.0218095779418945 -7.965450286865234 -6.677249908447266 0.2
-5.90464973449707 -8.136451721191406 -6.681148529052734 0.2
-5.828899383544922 -8.227550506591797 -6.518348693847656 0.2
-5.93002986907959 -8.19784927368164 -6.344749450683594 0.2
-6.098519325256348 -8.09305191040039 -6.283548355102539 0.2
-6.22245979309082 -7.930850982666016 -6.3381500244140625 0.2
-6.2320098876953125 -7.743350982666016 -6.42864990234375 0.2
-6.162369728088379 -7.552249908447266 -6.472349166870117 0.2
-6.06919002532959 -7.404449462890625 -6.365549087524414 0.2
-6.133919715881348 -7.385150909423828 -6.176948547363281 0.2
-6.295549392700195 -7.483051300048828 -6.093149185180664 0.2
-6.433799743652344 -7.639350891113281 -6.123849868774414 0.2
-6.459050178527832 -7.827850341796875 -6.209848403930664 0.2
-6.39286994934082 -8.012550354003906 -6.280948638916016 0.2
-6.275529861450195 -8.173751831054688 -6.230649948120117 0.2
-6.267549514770508 -8.238052368164062 -6.041149139404297 0.2
-6.411640167236328 -8.178951263427734 -5.908048629760742 0.2
-6.578009605407715 -8.051250457763672 -5.892950057983398 0.2
-6.663149833679199 -7.873249053955078 -5.961750030517578 0.2
-6.64579963684082 -7.686550140380859 -6.054149627685547 0.2
-6.553919792175293 -7.502449035644531 -6.060449600219727 0.2
-6.4831695556640625 -7.407550811767578 -5.896549224853516 0.2
-6.559049606323242 -7.460849761962891 -5.715049743652344 0.2
-6.697909355163574 -7.596950531005859 -5.641349792480469 0.2
-6.795859336853027 -7.781749725341797 -5.673248291015625 0.2
-6.792579650878906 -7.971851348876953 -5.759449005126953 0.2
-6.702619552612305 -8.151649475097656 -5.809450149536133 0.2
-6.568619728088379 -8.262950897216797 -5.703548431396484 0.2
-6.584179878234863 -8.253250122070312 -5.502748489379883 0.2
-6.723369598388672 -8.157352447509766 -5.383949279785156 0.2
-6.873339653015137 -8.007652282714844 -5.381549835205078 0.2
-6.933509826660156 -7.825050354003906 -5.462949752807617 0.2
-6.908749580383301 -7.635551452636719 -5.545549392700195 0.2
-6.789699554443359 -7.469852447509766 -5.513050079345703 0.2
-6.743219375610352 -7.420848846435547 -5.324348449707031 0.2
-6.840060234069824 -7.504749298095703 -5.163448333740234 0.2
-6.978449821472168 -7.654850006103516 -5.113748550415039 0.2
-7.049399375915527 -7.845149993896484 -5.166648864746094 0.2
-7.027400016784668 -8.033950805664062 -5.252748489379883 0.2
-6.908219337463379 -8.202850341796875 -5.27094841003418 0.2
-6.802789688110352 -8.285449981689453 -5.120349884033203 0.2
-6.870089530944824 -8.245349884033203 -4.932548522949219 0.2
-7.022299766540527 -8.131649017333984 -4.846248626708984 0.2
-7.147699356079102 -7.963649749755859 -4.871849060058594 0.2
-7.178500175476074 -7.777751922607422 -4.961448669433594 0.2
-7.1194000244140625 -7.588352203369141 -5.023649215698242 0.2
-6.993000030517578 -7.452949523925781 -4.937749862670898 0.2
-6.989529609680176 -7.4573516845703125 -4.73594856262207 0.2
-7.1001996994018555 -7.568050384521484 -4.599248886108398 0.2
-7.227299690246582 -7.7362518310546875 -4.58234977722168 0.2
-7.2683000564575195 -7.929351806640625 -4.651948928833008 0.2
-7.223899841308594 -8.117950439453125 -4.72974967956543 0.2
-7.083700180053711 -8.26755142211914 -4.709148406982422 0.2
-7.022199630737305 -8.314449310302734 -4.524250030517578 0.2
-7.125299453735352 -8.250751495361328 -4.357749938964844 0.2
-7.28439998626709 -8.126251220703125 -4.304548263549805 0.2
-7.388999938964844 -7.951351165771484 -4.359249114990234 0.2
-7.396999359130859 -7.763950347900391 -4.451749801635742 0.2
-7.313199996948242 -7.577850341796875 -4.48594856262207 0.2
-7.214599609375 -7.464752197265625 -4.350149154663086 0.2
-7.2677001953125 -7.495449066162109 -4.156349182128906 0.2
-7.404799461364746 -7.619251251220703 -4.061849594116211 0.2
-7.518899917602539 -7.797752380371094 -4.079948425292969 0.2
-7.528299331665039 -7.9902496337890625 -4.160749435424805 0.2
-7.45359992980957 -8.174251556396484 -4.223049163818359 0.2
-7.316399574279785 -8.30575180053711 -4.144449234008789 0.2
-7.313599586486816 -8.322952270507812 -3.9443492889404297 0.2
-7.44950008392334 -8.238750457763672 -3.813749313354492 0.2
-7.604700088500977 -8.09524917602539 -3.795949935913086 0.2
-7.673799514770508 -7.9125518798828125 -3.8699493408203125 0.2
-7.6591997146606445 -7.724151611328125 -3.9588489532470703 0.2
-7.548299789428711 -7.549652099609375 -3.9471492767333984 0.2
-7.479199409484863 -7.485851287841797 -3.769350051879883 0.2
-7.554699897766113 -7.562648773193359 -3.594148635864258 0.2
-7.685599327087402 -7.711452484130859 -3.5239486694335938 0.2
-7.763400077819824 -7.903350830078125 -3.561748504638672 0.2
-7.753399848937988 -8.094551086425781 -3.6458492279052734 0.2
-7.644000053405762 -8.26755142211914 -3.6823501586914062 0.2
-7.516300201416016 -8.355949401855469 -3.5526485443115234 0.2
-7.552299499511719 -8.320751190185547 -3.355348587036133 0.2
-7.690099716186523 -8.210052490234375 -3.244548797607422 0.2
-7.8218994140625 -8.044448852539062 -3.2519493103027344 0.2
-7.867300033569336 -7.8594512939453125 -3.3380489349365234 0.2
-7.825799942016602 -7.669349670410156 -3.413148880004883 0.2
-7.694000244140625 -7.524848937988281 -3.352649688720703 0.2
-7.660900115966797 -7.518749237060547 -3.1535491943359375 0.2
-7.749300003051758 -7.6253509521484375 -2.998350143432617 0.2
-7.871600151062012 -7.793651580810547 -2.957550048828125 0.2
-7.920100212097168 -7.988651275634766 -3.0163497924804688 0.2
-7.887999534606934 -8.178352355957031 -3.0987491607666016 0.2
-7.748899459838867 -8.330551147460938 -3.096649169921875 0.2
-7.661299705505371 -8.37594985961914 -2.9218482971191406 0.2
-7.7347002029418945 -8.308650970458984 -2.7409496307373047 0.2
-7.87869930267334 -8.177452087402344 -2.6622486114501953 0.2
-7.982099533081055 -7.997951507568359 -2.699748992919922 0.2
-8.004199981689453 -7.8110504150390625 -2.7921485900878906 0.2
-7.923199653625488 -7.626850128173828 -2.8410491943359375 0.2
-7.797399520874023 -7.523952484130859 -2.7207489013671875 0.2
-7.806099891662598 -7.5646514892578125 -2.5202484130859375 0.2
-7.913000106811523 -7.6927490234375 -2.3963489532470703 0.2
-8.020999908447266 -7.876152038574219 -2.3911495208740234 0.2
-8.044400215148926 -8.070751190185547 -2.4649486541748047 0.2
-7.981599807739258 -8.255752563476562 -2.537149429321289 0.2
-7.830100059509277 -8.381649017333984 -2.4801483154296875 0.2
-7.792599678039551 -8.388751983642578 -2.2820491790771484 0.2
-7.897699356079102 -8.299850463867188 -2.127248764038086 0.2
-8.042499542236328 -8.150650024414062 -2.084148406982422 0.2
-8.117400169372559 -7.965751647949219 -2.1476497650146484 0.2
-8.115900039672852 -7.776950836181641 -2.2378482818603516 0.2
-8.000399589538574 -7.604652404785156 -2.245248794555664 0.2
-7.905599594116211 -7.542850494384766 -2.078948974609375 0.2
-7.955900192260742 -7.617549896240234 -1.893148422241211 0.2
-8.075799942016602 -7.765449523925781 -1.8031482696533203 0.2
-8.155599594116211 -7.958751678466797 -1.8280487060546875 0.2
-8.157599449157715 -8.151851654052734 -1.9094486236572266 0.2
-8.05639934539795 -8.326850891113281 -1.9602489471435547 0.2
-7.9126996994018555 -8.416950225830078 -1.849649429321289 0.2
-7.916799545288086 -8.38275146484375 -1.64794921875 0.2
-8.031899452209473 -8.271251678466797 -1.5138492584228516 0.2
-8.157599449157715 -8.1009521484375 -1.5029487609863281 0.2
-8.20930004119873 -7.913749694824219 -1.5813484191894531 0.2
-8.175799369812012 -7.7232513427734375 -1.660848617553711 0.2
-8.03380012512207 -7.580951690673828 -1.6195487976074219 0.2
-7.974900245666504 -7.575950622558594 -1.4257488250732422 0.2
-8.043600082397461 -7.679649353027344 -1.2583484649658203 0.2
-8.160399436950684 -7.848049163818359 -1.2030487060546875 0.2
-8.214300155639648 -8.044551849365234 -1.253549575805664 0.2
-8.195199966430664 -8.236148834228516 -1.3369483947753906 0.2
-8.060099601745605 -8.391651153564453 -1.3552494049072266 0.2
-7.950399398803711 -8.441749572753906 -1.1942501068115234 0.2
-7.997799873352051 -8.379051208496094 -1.0026493072509766 0.2
-8.130199432373047 -8.250251770019531 -0.9037494659423828 0.2
-8.236499786376953 -8.068950653076172 -0.9278488159179688 0.2
-8.265299797058105 -7.879550933837891 -1.0138492584228516 0.2
-8.194600105285645 -7.693149566650391 -1.0737495422363281 0.2
-8.058799743652344 -7.5805511474609375 -0.97344970703125 0.2
-8.054399490356445 -7.608249664306641 -0.7708492279052734 0.2
-8.15880012512207 -7.727748870849609 -0.6360492706298828 0.2
-8.269000053405762 -7.908851623535156 -0.6169490814208984 0.2
-8.298500061035156 -8.104549407958984 -0.686248779296875 0.2
-8.251399993896484 -8.292652130126953 -0.7642498016357422 0.2
-8.098999977111816 -8.42795181274414 -0.73284912109375 0.2
-8.024299621582031 -8.446849822998047 -0.5451488494873047 0.2
-8.088299751281738 -8.368549346923828 -0.3639488220214844 0.2
-8.21969985961914 -8.218952178955078 -0.2921485900878906 0.2
-8.295700073242188 -8.029651641845703 -0.34165000915527344 0.2
-8.298799514770508 -7.8381500244140625 -0.426849365234375 0.2
-8.182799339294434 -7.665351867675781 -0.45094871520996094 0.2
-8.071499824523926 -7.597751617431641 -0.2980499267578125 0.2
-8.114799499511719 -7.661651611328125 -0.10624885559082031 0.2
-8.235699653625488 -7.801448822021484 -0.0053501129150390625 0.2
-8.319199562072754 -7.994049072265625 -0.022150039672851562 0.2
-8.329400062561035 -8.188549041748047 -0.10094833374023438 0.2
-8.244199752807617 -8.36865234375 -0.1647491455078125 0.2
-8.087900161743164 -8.47085189819336 -0.08264923095703125 0.2
-8.048799514770508 -8.45505142211914 0.11925125122070312 0.2
-8.127599716186523 -8.35675048828125 0.2850513458251953 0.2
-8.251899719238281 -8.186851501464844 0.3146514892578125 0.2
-8.297599792480469 -7.994251251220703 0.24515151977539062 0.2
-8.257200241088867 -7.802848815917969 0.16755104064941406 0.2
-8.117400169372559 -7.653751373291016 0.2012500762939453 0.2
-8.075699806213379 -7.626750946044922 0.39745140075683594 0.2
-8.171099662780762 -7.707450866699219 0.5649509429931641 0.2
-8.30210018157959 -7.862850189208984 0.6198501586914062 0.2
-8.356200218200684 -8.058349609375 0.5665512084960938 0.2
-8.342499732971191 -8.25054931640625 0.4815502166748047 0.2
-8.223099708557129 -8.417949676513672 0.4514503479003906 0.2
-8.08489990234375 -8.493350982666016 0.5828514099121094 0.2
-8.054399490356445 -8.47304916381836 0.7883510589599609 0.2
-8.150799751281738 -8.359249114990234 0.9297504425048828 0.2
-8.25979995727539 -8.17715072631836 0.9146499633789062 0.2
-8.276800155639648 -7.986652374267578 0.8280506134033203 0.2
-8.19379997253418 -7.799949645996094 0.7758502960205078 0.2
-8.074399948120117 -7.679050445556641 0.8872509002685547 0.2
-8.091899871826172 -7.685352325439453 1.0929508209228516 0.2
-8.2076997756958 -7.78375244140625 1.234750747680664 0.2
-8.3193998336792 -7.9613494873046875 1.242950439453125 0.2
-8.341599464416504 -8.15475082397461 1.1643505096435547 0.2
-8.29419994354248 -8.343952178955078 1.08795166015625 0.2
-8.144000053405762 -8.4853515625 1.114450454711914 0.2
-8.029699325561523 -8.532249450683594 1.2807502746582031 0.2
-8.031000137329102 -8.49074935913086 1.482351303100586 0.2
-8.157599449157715 -8.348251342773438 1.5651512145996094 0.2
-8.234399795532227 -8.160652160644531 1.5087509155273438 0.2
-8.22499942779541 -7.968452453613281 1.4248504638671875 0.2
-8.10890007019043 -7.791049957275391 1.4181499481201172 0.2
-8.024499893188477 -7.707149505615234 1.5820503234863281 0.2
-8.070099830627441 -7.7364501953125 1.7834510803222656 0.2
-8.19789981842041 -7.858249664306641 1.8922500610351562 0.2
-8.280699729919434 -8.047149658203125 1.8576507568359375 0.2
-8.280499458312988 -8.23855209350586 1.770650863647461 0.2
-8.193499565124512 -8.422248840332031 1.7198505401611328 0.2
-8.042399406433105 -8.538349151611328 1.8018512725830078 0.2
-7.964699745178223 -8.567352294921875 1.9936504364013672 0.2
-8.023900032043457 -8.497451782226562 2.175750732421875 0.2
-8.153599739074707 -8.332550048828125 2.1954517364501953 0.2
-8.197699546813965 -8.141849517822266 2.1188507080078125 0.2
-8.157299995422363 -7.947349548339844 2.049051284790039 0.2
-8.026199340820312 -7.790149688720703 2.09375 0.2
-7.9654998779296875 -7.740650177001953 2.285551071166992 0.2
-8.01569938659668 -7.788749694824219 2.4816513061523438 0.2
-8.14419937133789 -7.939949035644531 2.5451507568359375 0.2
-8.19629955291748 -8.13344955444336 2.4820499420166016 0.2
-8.173600196838379 -8.324951171875 2.398151397705078 0.2
-8.050600051879883 -8.494651794433594 2.3840503692626953 0.2
-7.922900199890137 -8.583049774169922 2.521150588989258 0.2
-7.895400047302246 -8.586551666259766 2.727550506591797 0.2
-8.008199691772461 -8.480949401855469 2.862051010131836 0.2
-8.11240005493164 -8.298851013183594 2.8371505737304688 0.2
-8.13129997253418 -8.106651306152344 2.753650665283203 0.2
-8.057600021362305 -7.915149688720703 2.7067508697509766 0.2
-7.924699783325195 -7.789951324462891 2.8026504516601562 0.2
-7.87809944152832 -7.770450592041016 3.005451202392578 0.2
-7.950300216674805 -7.8522491455078125 3.1789512634277344 0.2
-8.064899444580078 -8.02804946899414 3.197050094604492 0.2
-8.09060001373291 -8.221050262451172 3.1177501678466797 0.2
-8.040200233459473 -8.411151885986328 3.0441513061523438 0.2
-7.894499778747559 -8.55794906616211 3.076650619506836 0.2
-7.79949951171875 -8.613849639892578 3.2522506713867188 0.2
-7.8218994140625 -8.581050872802734 3.4547500610351562 0.2
-7.951600074768066 -8.439750671386719 3.5367507934570312 0.2
-8.02139949798584 -8.249351501464844 3.4820499420166016 0.2
-8.02079963684082 -8.055850982666016 3.399351119995117 0.2
-7.908299446105957 -7.877250671386719 3.383951187133789 0.2
-7.783899307250977 -7.79315185546875 3.524351119995117 0.2
-7.758299827575684 -7.809551239013672 3.7313499450683594 0.2
-7.853799819946289 -7.932048797607422 3.8669509887695312 0.2
-7.939299583435059 -8.122650146484375 3.84375 0.2
-7.9492998123168945 -8.314949035644531 3.7575511932373047 0.2
-7.862199783325195 -8.498649597167969 3.6997509002685547 0.2
-7.709099769592285 -8.612449645996094 3.7799510955810547 0.2
-7.638099670410156 -8.63385009765625 3.9762516021728516 0.2
-7.6946001052856445 -8.56045150756836 4.160251617431641 0.2
-7.814899444580078 -8.390949249267578 4.192350387573242 0.2
-7.8643999099731445 -8.199150085449219 4.119251251220703 0.2
-7.836699485778809 -8.004150390625 4.043849945068359 0.2
-7.695199966430664 -7.851249694824219 4.066650390625 0.2
-7.587299346923828 -7.807750701904297 4.240150451660156 0.2
-7.585399627685547 -7.859550476074219 4.442350387573242 0.2
-7.692500114440918 -8.016250610351562 4.530351638793945 0.2
-7.752900123596191 -8.211650848388672 4.478250503540039 0.2
-7.746099472045898 -8.404251098632812 4.391651153564453 0.2
-7.622699737548828 -8.571552276611328 4.356851577758789 0.2
-7.4766998291015625 -8.649452209472656 4.48175048828125 0.2
-7.424799919128418 -8.64105224609375 4.685050964355469 0.2
-7.511499404907227 -8.529350280761719 4.83635139465332 0.2
-7.61299991607666 -8.34415054321289 4.829551696777344 0.2
-7.650099754333496 -8.152549743652344 4.747951507568359 0.2
-7.58650016784668 -7.961849212646484 4.68494987487793 0.2
-7.430600166320801 -7.844551086425781 4.753551483154297 0.2
-7.336599349975586 -7.833850860595703 4.941450119018555 0.2
-7.363399505615234 -7.9212493896484375 5.126550674438477 0.2
-7.464699745178223 -8.101249694824219 5.170650482177734 0.2
-7.507900238037109 -8.295551300048828 5.099550247192383 0.2
-7.475500106811523 -8.486549377441406 5.016351699829102 0.2
-7.321100234985352 -8.627552032470703 5.017450332641602 0.2
-7.187299728393555 -8.672351837158203 5.17125129699707 0.2
-7.160699844360352 -8.63275146484375 5.373849868774414 0.2
-7.263999938964844 -8.48855209350586 5.485050201416016 0.2
-7.345699310302734 -8.297950744628906 5.445951461791992 0.2
-7.36870002746582 -8.104850769042969 5.362951278686523 0.2
-7.261899948120117 -7.927349090576172 5.32025146484375 0.2
-7.104399681091309 -7.848049163818359 5.428550720214844 0.2
-7.025400161743164 -7.8659515380859375 5.623149871826172 0.2
-7.0789995193481445 -7.9880523681640625 5.781850814819336 0.2
-7.165399551391602 -8.180450439453125 5.782350540161133 0.2
-7.197599411010742 -8.373851776123047 5.701351165771484 0.2
-7.127799987792969 -8.558448791503906 5.624151229858398 0.2
-6.956859588623047 -8.668449401855469 5.666749954223633 0.2
-6.838479995727539 -8.685951232910156 5.840950012207031 0.2
-6.84274959564209 -8.614749908447266 6.036050796508789 0.2
-6.951479911804199 -8.446449279785156 6.101051330566406 0.2
-7.020999908447266 -8.254951477050781 6.040851593017578 0.2
-7.018400192260742 -8.059452056884766 5.959051132202148 0.2
-6.877399444580078 -7.904350280761719 5.946550369262695 0.2
-6.7299394607543945 -7.8587493896484375 6.088951110839844 0.2
-6.674369812011719 -7.907951354980469 6.294651031494141 0.2
-6.759749412536621 -8.074951171875 6.410850524902344 0.2
-6.828549385070801 -8.282852172851562 6.362951278686523 0.2
-6.8284196853637695 -8.486751556396484 6.269651412963867 0.2
-6.682079315185547 -8.648151397705078 6.230251312255859 0.2
-6.5150299072265625 -8.702152252197266 6.3659515380859375 0.2
-6.453680038452148 -8.665752410888672 6.576351165771484 0.2
-6.549079895019531 -8.513851165771484 6.705051422119141 0.2
-6.639379501342773 -8.312149047851562 6.66655158996582 0.2
-6.6627302169799805 -8.10605239868164 6.580850601196289 0.2
-6.5315399169921875 -7.930549621582031 6.547950744628906 0.2
-6.366689682006836 -7.875850677490234 6.686750411987305 0.2
