25.06879997253418 -6.071449279785156 -3.527149200439453 0.2
25.196300506591797 -6.221549987792969 -3.494649887084961 0.2
25.21940040588379 -6.384552001953125 -3.3786487579345703 0.2
25.170801162719727 -6.543552398681641 -3.2655487060546875 0.2
25.029300689697266 -6.668750762939453 -3.197050094604492 0.2
24.885299682617188 -6.759052276611328 -3.294849395751953 0.2
24.88159942626953 -6.830451965332031 -3.4814491271972656 0.2
24.981201171875 -6.870349884033203 -3.650348663330078 0.2
25.165300369262695 -6.82965087890625 -3.7029495239257812 0.2
25.27120018005371 -6.672248840332031 -3.637948989868164 0.2
25.26219940185547 -6.473049163818359 -3.613149642944336 0.2
25.190799713134766 -6.287448883056641 -3.655048370361328 0.2
25.126100540161133 -6.1712493896484375 -3.8062496185302734 0.2
25.18560028076172 -6.142650604248047 -3.995149612426758 0.2
25.356399536132812 -6.187648773193359 -4.098148345947266 0.2
25.500499725341797 -6.314449310302734 -4.011449813842773 0.2
25.502901077270508 -6.468650817871094 -3.8657493591308594 0.2
25.453500747680664 -6.639251708984375 -3.750049591064453 0.2
25.385099411010742 -6.835151672363281 -3.7804489135742188 0.2
25.389400482177734 -6.951148986816406 -3.95574951171875 0.2
25.47920036315918 -6.944450378417969 -4.145349502563477 0.2
25.578399658203125 -6.782951354980469 -4.23484992980957 0.2
25.589799880981445 -6.571750640869141 -4.216949462890625 0.2
25.534900665283203 -6.367549896240234 -4.203449249267578 0.2
25.390199661254883 -6.243549346923828 -4.297149658203125 0.2
25.31450080871582 -6.271450042724609 -4.491048812866211 0.2
25.366600036621094 -6.397449493408203 -4.650049209594727 0.2
25.482099533081055 -6.574249267578125 -4.629949569702148 0.2
25.503400802612305 -6.747650146484375 -4.508049011230469 0.2
25.45440101623535 -6.904350280761719 -4.372749328613281 0.2
25.290800094604492 -7.010250091552734 -4.291149139404297 0.2
25.142601013183594 -7.092948913574219 -4.409549713134766 0.2
25.132400512695312 -7.163349151611328 -4.609748840332031 0.2
25.253400802612305 -7.189449310302734 -4.777349472045898 0.2
25.435100555419922 -7.088352203369141 -4.797548294067383 0.2
25.498899459838867 -6.886650085449219 -4.776948928833008 0.2
25.481700897216797 -6.674751281738281 -4.7868499755859375 0.2
25.379899978637695 -6.505149841308594 -4.871349334716797 0.2
25.32859992980957 -6.460750579833984 -5.068449020385742 0.2
25.407699584960938 -6.515949249267578 -5.253950119018555 0.2
25.568201065063477 -6.651649475097656 -5.268650054931641 0.2
25.626399993896484 -6.808250427246094 -5.138349533081055 0.2
25.61549949645996 -6.961551666259766 -4.991249084472656 0.2
25.537200927734375 -7.149848937988281 -4.935249328613281 0.2
25.45319938659668 -7.297149658203125 -5.058750152587891 0.2
25.457300186157227 -7.34014892578125 -5.26515007019043 0.2
25.540199279785156 -7.231651306152344 -5.425748825073242 0.2
25.588199615478516 -7.026851654052734 -5.451349258422852 0.2
25.587299346923828 -6.814949035644531 -5.431148529052734 0.2
25.470300674438477 -6.637851715087891 -5.456348419189453 0.2
25.314001083374023 -6.610252380371094 -5.592649459838867 0.2
25.267099380493164 -6.712150573730469 -5.771049499511719 0.2
25.354700088500977 -6.891750335693359 -5.836149215698242 0.2
25.417699813842773 -7.072750091552734 -5.740949630737305 0.2
25.41790008544922 -7.235149383544922 -5.6031494140625 0.2
25.325000762939453 -7.354549407958984 -5.451749801635742 0.2
25.131000518798828 -7.428249359130859 -5.444049835205078 0.2
25.02239990234375 -7.505352020263672 -5.609048843383789 0.2
25.039400100708008 -7.562351226806641 -5.812049865722656 0.2
25.2052001953125 -7.518451690673828 -5.92974853515625 0.2
25.320600509643555 -7.3388519287109375 -5.947149276733398 0.2
25.344900131225586 -7.127552032470703 -5.962949752807617 0.2
25.283300399780273 -6.923351287841797 -5.991048812866211 0.2
25.14820098876953 -6.826351165771484 -6.120048522949219 0.2
25.101499557495117 -6.863151550292969 -6.323450088500977 0.2
25.20170021057129 -6.9938507080078125 -6.4521484375 0.2
25.31800079345703 -7.1618499755859375 -6.389049530029297 0.2
25.35900115966797 -7.3128509521484375 -6.243949890136719 0.2
25.33810043334961 -7.4815521240234375 -6.116548538208008 0.2
25.212299346923828 -7.65155029296875 -6.124849319458008 0.2
25.115400314331055 -7.742351531982422 -6.289449691772461 0.2
25.12070083618164 -7.709751129150391 -6.49744987487793 0.2
25.18090057373047 -7.534950256347656 -6.6022491455078125 0.2
25.217899322509766 -7.324748992919922 -6.606349945068359 0.2
25.185501098632812 -7.114250183105469 -6.598249435424805 0.2
25.0132999420166 -6.996051788330078 -6.63654899597168 0.2
24.862699508666992 -7.043552398681641 -6.776548385620117 0.2
24.84869956970215 -7.2010498046875 -6.9129486083984375 0.2
24.93670082092285 -7.397251129150391 -6.896648406982422 0.2
24.977100372314453 -7.568050384521484 -6.775249481201172 0.2
24.97570037841797 -7.712852478027344 -6.617948532104492 0.2
24.846799850463867 -7.7850494384765625 -6.465349197387695 0.2
24.650800704956055 -7.845149993896484 -6.505449295043945 0.2
24.541500091552734 -7.915950775146484 -6.674949645996094 0.2
24.590700149536133 -7.948551177978516 -6.875049591064453 0.2
24.74090003967285 -7.835552215576172 -6.9754486083984375 0.2
24.807701110839844 -7.636951446533203 -7.0202484130859375 0.2
24.818700790405273 -7.424751281738281 -7.049549102783203 0.2
24.70549964904785 -7.244350433349609 -7.079349517822266 0.2
24.54560089111328 -7.215351104736328 -7.214849472045898 0.2
24.49020004272461 -7.3117523193359375 -7.394649505615234 0.2
24.587200164794922 -7.490348815917969 -7.459049224853516 0.2
24.676799774169922 -7.6578521728515625 -7.3605499267578125 0.2
24.729000091552734 -7.812351226806641 -7.221549987792969 0.2
24.667301177978516 -7.979652404785156 -7.106449127197266 0.2
24.498199462890625 -8.102249145507812 -7.138750076293945 0.2
24.37070083618164 -8.140850067138672 -7.304349899291992 0.2
24.364700317382812 -8.042652130126953 -7.492048263549805 0.2
24.418500900268555 -7.849151611328125 -7.564949035644531 0.2
24.463199615478516 -7.640350341796875 -7.583648681640625 0.2
24.401399612426758 -7.437351226806641 -7.560249328613281 0.2
24.202899932861328 -7.36865234375 -7.570049285888672 0.2
24.03420066833496 -7.454952239990234 -7.666749954223633 0.2
24.02429962158203 -7.647251129150391 -7.75364875793457 0.2
24.100400924682617 -7.842151641845703 -7.700550079345703 0.2
24.1564998626709 -8.008251190185547 -7.57765007019043 0.2
24.169700622558594 -8.12445068359375 -7.398149490356445 0.2
24.02790069580078 -8.16054916381836 -7.248449325561523 0.2
23.825700759887695 -8.209251403808594 -7.289348602294922 0.2
23.697900772094727 -8.269550323486328 -7.448049545288086 0.2
23.750699996948242 -8.267452239990234 -7.650249481201172 0.2
23.857099533081055 -8.11825180053711 -7.761148452758789 0.2
23.904300689697266 -7.91815185546875 -7.8215484619140625 0.2
23.890399932861328 -7.7037506103515625 -7.84174919128418 0.2
23.733699798583984 -7.562648773193359 -7.860248565673828 0.2
23.557300567626953 -7.585750579833984 -7.976848602294922 0.2
23.509300231933594 -7.7308502197265625 -8.121149063110352 0.2
23.601600646972656 -7.923450469970703 -8.133150100708008 0.2
23.696399688720703 -8.084651947021484 -8.027948379516602 0.2
23.741899490356445 -8.244850158691406 -7.893749237060547 0.2
23.6294002532959 -8.389350891113281 -7.786548614501953 0.2
23.437400817871094 -8.467552185058594 -7.833648681640625 0.2
23.307600021362305 -8.452449798583984 -7.999750137329102 0.2
23.310800552368164 -8.304450988769531 -8.151948928833008 0.2
23.370399475097656 -8.107650756835938 -8.21245002746582 0.2
23.400400161743164 -7.896049499511719 -8.227348327636719 0.2
23.28860092163086 -7.7232513427734375 -8.171749114990234 0.2
23.077199935913086 -7.723850250244141 -8.175748825073242 0.2
22.93560028076172 -7.8630523681640625 -8.248748779296875 0.2
22.965900421142578 -8.074150085449219 -8.27724838256836 0.2
23.041200637817383 -8.255352020263672 -8.190248489379883 0.2
23.110599517822266 -8.40555191040039 -8.053848266601562 0.2
23.112199783325195 -8.46514892578125 -7.849248886108398 0.2
22.93709945678711 -8.482452392578125 -7.737249374389648 0.2
22.734100341796875 -8.528350830078125 -7.78594970703125 0.2
22.62660026550293 -8.57925033569336 -7.957649230957031 0.2
22.69460105895996 -8.52655029296875 -8.151849746704102 0.2
22.761600494384766 -8.354751586914062 -8.260250091552734 0.2
22.795700073242188 -8.154949188232422 -8.327348709106445 0.2
22.741500854492188 -7.946052551269531 -8.321249008178711 0.2
22.550199508666992 -7.8630523681640625 -8.330049514770508 0.2
22.374099731445312 -7.935451507568359 -8.421148300170898 0.2
22.356901168823242 -8.123451232910156 -8.51865005493164 0.2
22.453500747680664 -8.310352325439453 -8.483549118041992 0.2
22.554800033569336 -8.469852447509766 -8.38385009765625 0.2
22.560699462890625 -8.623851776123047 -8.237249374389648 0.2
22.39929962158203 -8.719249725341797 -8.141149520874023 0.2
22.194799423217773 -8.742351531982422 -8.190649032592773 0.2
22.08220100402832 -8.660350799560547 -8.350349426269531 0.2
22.10849952697754 -8.486549377441406 -8.470149993896484 0.2
22.171300888061523 -8.294151306152344 -8.538148880004883 0.2
22.173999786376953 -8.08115005493164 -8.51624870300293 0.2
22.025699615478516 -7.968349456787109 -8.421148300170898 0.2
21.823200225830078 -8.02545166015625 -8.395050048828125 0.2
21.728599548339844 -8.209949493408203 -8.432849884033203 0.2
21.784900665283203 -8.416549682617188 -8.410848617553711 0.2
21.87310028076172 -8.587451934814453 -8.318349838256836 0.2
21.96619987487793 -8.693550109863281 -8.157148361206055 0.2
21.92329978942871 -8.696849822998047 -7.953248977661133 0.2
21.72610092163086 -8.709651947021484 -7.877349853515625 0.2
21.525300979614258 -8.748950958251953 -7.934049606323242 0.2
21.4591007232666 -8.76824951171875 -8.130350112915039 0.2
21.512001037597656 -8.654850006103516 -8.304349899291992 0.2
21.55120086669922 -8.472450256347656 -8.4073486328125 0.2
21.56529998779297 -8.262550354003906 -8.447149276733398 0.2
21.45400047302246 -8.091049194335938 -8.39645004272461 0.2
21.243499755859375 -8.07965087890625 -8.392648696899414 0.2
21.09760093688965 -8.210750579833984 -8.465749740600586 0.2
21.124401092529297 -8.418251037597656 -8.51034927368164 0.2
21.2362003326416 -8.592151641845703 -8.459949493408203 0.2
21.327699661254883 -8.753551483154297 -8.356849670410156 0.2
21.280500411987305 -8.868751525878906 -8.186149597167969 0.2
21.09309959411621 -8.903751373291016 -8.096748352050781 0.2
20.8927001953125 -8.865550994873047 -8.147348403930664 0.2
20.817100524902344 -8.730548858642578 -8.291849136352539 0.2
20.86050033569336 -8.559150695800781 -8.410148620605469 0.2
20.913700103759766 -8.364349365234375 -8.475448608398438 0.2
20.8976993560791 -8.171649932861328 -8.388349533081055 0.2
20.74530029296875 -8.1280517578125 -8.253049850463867 0.2
20.576400756835938 -8.235149383544922 -8.19124984741211 0.2
20.537599563598633 -8.44635009765625 -8.192049026489258 0.2
20.616500854492188 -8.639049530029297 -8.145750045776367 0.2
20.737899780273438 -8.787952423095703 -8.054048538208008 0.2
20.844999313354492 -8.817649841308594 -7.8746490478515625 0.2
20.756900787353516 -8.788749694824219 -7.6889495849609375 0.2
20.55900001525879 -8.789749145507812 -7.610649108886719 0.2
20.365800857543945 -8.819351196289062 -7.681848526000977 0.2
20.3164005279541 -8.78915023803711 -7.885149002075195 0.2
20.335500717163086 -8.64324951171875 -8.039348602294922 0.2
20.36050033569336 -8.456451416015625 -8.139049530029297 0.2
20.352399826049805 -8.244251251220703 -8.120748519897461 0.2
20.19740104675293 -8.138252258300781 -8.029949188232422 0.2
19.994800567626953 -8.184452056884766 -7.9931488037109375 0.2
19.898500442504883 -8.369449615478516 -8.031349182128906 0.2
19.96820068359375 -8.569751739501953 -8.034948348999023 0.2
20.086400985717773 -8.740951538085938 -7.989849090576172 0.2
20.147600173950195 -8.876350402832031 -7.841348648071289 0.2
20.053300857543945 -8.91604995727539 -7.658548355102539 0.2
19.862199783325195 -8.884151458740234 -7.574649810791016 0.2
19.69700050354004 -8.777050018310547 -7.648248672485352 0.2
19.674301147460938 -8.623550415039062 -7.792049407958984 0.2
19.714900970458984 -8.457050323486328 -7.918149948120117 0.2
19.770700454711914 -8.253650665283203 -7.921449661254883 0.2
19.734399795532227 -8.129451751708984 -7.760149002075195 0.2
19.60099983215332 -8.159049987792969 -7.599248886108398 0.2
19.494400024414062 -8.327350616455078 -7.532548904418945 0.2
19.52429962158203 -8.538749694824219 -7.513050079345703 0.2
19.639101028442383 -8.712150573730469 -7.470449447631836 0.2
19.809200286865234 -8.785751342773438 -7.369049072265625 0.2
19.85070037841797 -8.746349334716797 -7.171449661254883 0.2
19.71820068359375 -8.71405029296875 -7.010250091552734 0.2
19.517000198364258 -8.715251922607422 -6.951749801635742 0.2
19.357799530029297 -8.728950500488281 -7.082948684692383 0.2
19.320600509643555 -8.636852264404297 -7.269948959350586 0.2
19.323101043701172 -8.474052429199219 -7.405649185180664 0.2
19.344100952148438 -8.266551971435547 -7.450448989868164 0.2
19.27250099182129 -8.09885025024414 -7.353349685668945 0.2
19.094100952148438 -8.078350067138672 -7.244049072265625 0.2
18.934900283813477 -8.210151672363281 -7.210948944091797 0.2
18.936100006103516 -8.419750213623047 -7.225349426269531 0.2
19.047700881958008 -8.600151062011719 -7.224048614501953 0.2
19.157800674438477 -8.75014877319336 -7.127649307250977 0.2
19.162399291992188 -8.799652099609375 -6.924848556518555 0.2
19.03569984436035 -8.759449005126953 -6.762048721313477 0.2
18.858400344848633 -8.652851104736328 -6.733549118041992 0.2
18.76930046081543 -8.50735092163086 -6.854549407958984 0.2
18.766399383544922 -8.363250732421875 -7.009748458862305 0.2
18.826801300048828 -8.176750183105469 -7.086050033569336 0.2
18.899600982666016 -8.018951416015625 -6.972448348999023 0.2
18.871299743652344 -7.993350982666016 -6.766149520874023 0.2
18.785400390625 -8.105949401855469 -6.613849639892578 0.2
18.761699676513672 -8.316349029541016 -6.580450057983398 0.2
18.842599868774414 -8.511249542236328 -6.575048446655273 0.2
19.02120018005371 -8.621650695800781 -6.550649642944336 0.2
19.16320037841797 -8.596450805664062 -6.406049728393555 0.2
19.12190055847168 -8.542152404785156 -6.20844841003418 0.2
18.973400115966797 -8.50844955444336 -6.063749313354492 0.2
18.769800186157227 -8.512248992919922 -6.083250045776367 0.2
18.654600143432617 -8.459949493408203 -6.252349853515625 0.2
18.61870002746582 -8.317649841308594 -6.403949737548828 0.2
18.6343994140625 -8.126651763916016 -6.49224853515625 0.2
18.636600494384766 -7.932552337646484 -6.420249938964844 0.2
18.52880096435547 -7.852451324462891 -6.260549545288086 0.2
18.37070083618164 -7.9219512939453125 -6.146049499511719 0.2
18.302200317382812 -8.120849609375 -6.135648727416992 0.2
18.372900009155273 -8.316349029541016 -6.171148300170898 0.2
18.489200592041016 -8.486652374267578 -6.139249801635742 0.2
18.575300216674805 -8.557449340820312 -5.96354866027832 0.2
18.543899536132812 -8.514152526855469 -5.761348724365234 0.2
18.416500091552734 -8.396652221679688 -5.646450042724609 0.2
18.29129981994629 -8.24155044555664 -5.707048416137695 0.2
18.241300582885742 -8.104549407958984 -5.85984992980957 0.2
18.279600143432617 -7.935050964355469 -5.975248336791992 0.2
18.407100677490234 -7.776451110839844 -5.9306488037109375 0.2
18.485700607299805 -7.711750030517578 -5.748048782348633 0.2
18.464900970458984 -7.777252197265625 -5.555149078369141 0.2
18.409299850463867 -7.97235107421875 -5.48914909362793 0.2
18.438199996948242 -8.181251525878906 -5.499448776245117 0.2
18.572898864746094 -8.33795166015625 -5.534849166870117 0.2
18.768600463867188 -8.355350494384766 -5.478448867797852 0.2
18.83180046081543 -8.297149658203125 -5.290349960327148 0.2
18.76490020751953 -8.239151000976562 -5.099449157714844 0.2
18.588600158691406 -8.20865249633789 -4.99894905090332 0.2
18.407299041748047 -8.174549102783203 -5.0948486328125 0.2
18.326200485229492 -8.051651000976562 -5.2449493408203125 0.2
18.318500518798828 -7.874351501464844 -5.358249664306641 0.2
18.361499786376953 -7.670749664306641 -5.339849472045898 0.2
18.32270050048828 -7.549049377441406 -5.175849914550781 0.2
18.20330047607422 -7.556751251220703 -5.006248474121094 0.2
18.088001251220703 -7.720951080322266 -4.947248458862305 0.2
18.101200103759766 -7.925251007080078 -4.990549087524414 0.2
18.19300079345703 -8.111549377441406 -5.018049240112305 0.2
18.322500228881836 -8.226150512695312 -4.904548645019531 0.2
18.374500274658203 -8.204849243164062 -4.704050064086914 0.2
18.32229995727539 -8.09625244140625 -4.534049987792969 0.2
18.19700050354004 -7.933052062988281 -4.513948440551758 0.2
18.10580062866211 -7.791252136230469 -4.639049530029297 0.2
18.111000061035156 -7.631549835205078 -4.772548675537109 0.2
18.246700286865234 -7.473049163818359 -4.794048309326172 0.2
18.392101287841797 -7.384651184082031 -4.672548294067383 0.2
18.443599700927734 -7.412151336669922 -4.476648330688477 0.2
18.385700225830078 -7.587348937988281 -4.3746490478515625 0.2
18.368999481201172 -7.7980499267578125 -4.380350112915039 0.2
18.45240020751953 -7.980449676513672 -4.4407501220703125 0.2
18.6471004486084 -8.040950775146484 -4.461948394775391 0.2
18.782100677490234 -7.996349334716797 -4.314849853515625 0.2
18.785200119018555 -7.930049896240234 -4.11564826965332 0.2
18.670000076293945 -7.877651214599609 -3.9525489807128906 0.2
18.467899322509766 -7.842350006103516 -3.958049774169922 0.2
18.33970069885254 -7.735252380371094 -4.084148406982422 0.2
18.29650115966797 -7.5711517333984375 -4.2077484130859375 0.2
18.345300674438477 -7.371952056884766 -4.253049850463867 0.2
18.37150001525879 -7.220649719238281 -4.119449615478516 0.2
18.304500579833984 -7.194950103759766 -3.923948287963867 0.2
18.190898895263672 -7.3081512451171875 -3.7909488677978516 0.2
18.147899627685547 -7.510349273681641 -3.799449920654297 0.2
18.197601318359375 -7.70355224609375 -3.8658485412597656 0.2
18.33209991455078 -7.853851318359375 -3.8223495483398438 0.2
18.454999923706055 -7.8688507080078125 -3.6563491821289062 0.2
18.48630142211914 -7.77764892578125 -3.471649169921875 0.2
18.40530014038086 -7.611351013183594 -3.3802490234375 0.2
18.28689956665039 -7.457950592041016 -3.456949234008789 0.2
18.24020004272461 -7.309650421142578 -3.595949172973633 0.2
18.35140037536621 -7.1551513671875 -3.6847496032714844 0.2
18.532100677490234 -7.054649353027344 -3.6577491760253906 0.2
18.663799285888672 -7.046150207519531 -3.5019493103027344 0.2
18.6416015625 -7.1842498779296875 -3.350849151611328 0.2
18.592100143432617 -7.388851165771484 -3.3215484619140625 0.2
18.61400032043457 -7.5906524658203125 -3.368549346923828 0.2
18.76420021057129 -7.704250335693359 -3.453449249267578 0.2
18.955501556396484 -7.691349029541016 -3.3868484497070312 0.2
19.034900665283203 -7.626251220703125 -3.205148696899414 0.2
19.004899978637695 -7.556549072265625 -3.0116500854492188 0.2
18.829898834228516 -7.509952545166016 -2.919248580932617 0.2
18.654600143432617 -7.425251007080078 -2.9959487915039062 0.2
18.573699951171875 -7.273448944091797 -3.115549087524414 0.2
18.588199615478516 -7.087551116943359 -3.2112483978271484 0.2
18.663000106811523 -6.909149169921875 -3.147348403930664 0.2
18.65679931640625 -6.843452453613281 -2.9511489868164062 0.2
18.57849884033203 -6.904350280761719 -2.7680492401123047 0.2
18.500999450683594 -7.086750030517578 -2.7065486907958984 0.2
18.5 -7.286048889160156 -2.772449493408203 0.2
18.600200653076172 -7.464450836181641 -2.793548583984375 0.2
18.763099670410156 -7.526950836181641 -2.6836490631103516 0.2
18.868999481201172 -7.463550567626953 -2.5154495239257812 0.2
18.861099243164062 -7.3081512451171875 -2.3801498413085938 0.2
18.747400283813477 -7.1358489990234375 -2.3896484375 0.2
18.64590072631836 -6.995151519775391 -2.5066490173339844 0.2
18.691699981689453 -6.843250274658203 -2.6406497955322266 0.2
18.863300323486328 -6.7373504638671875 -2.6966495513916016 0.2
19.052600860595703 -6.700450897216797 -2.624948501586914 0.2
19.112899780273438 -6.7904510498046875 -2.455049514770508 0.2
19.058401107788086 -6.980548858642578 -2.3747501373291016 0.2
19.03350067138672 -7.187648773193359 -2.387849807739258 0.2
19.105300903320312 -7.350349426269531 -2.4950485229492188 0.2
19.301300048828125 -7.385551452636719 -2.531148910522461 0.2
19.457300186157227 -7.335849761962891 -2.4042491912841797 0.2
19.518800735473633 -7.2633514404296875 -2.2179489135742188 0.2
19.43090057373047 -7.202350616455078 -2.0445499420166016 0.2
19.235000610351562 -7.137950897216797 -2.0290489196777344 0.2
19.103200912475586 -7.004650115966797 -2.1212501525878906 0.2
19.059600830078125 -6.8316497802734375 -2.231048583984375 0.2
19.134599685668945 -6.640449523925781 -2.2554492950439453 0.2
19.202800750732422 -6.528850555419922 -2.0974483489990234 0.2
19.19569969177246 -6.536750793457031 -1.8893489837646484 0.2
19.13159942626953 -6.680450439453125 -1.754049301147461 0.2
19.085100173950195 -6.8811492919921875 -1.7797489166259766 0.2
19.127201080322266 -7.074748992919922 -1.8410491943359375 0.2
19.294300079345703 -7.189350128173828 -1.807149887084961 0.2
19.462400436401367 -7.160449981689453 -1.6878490447998047 0.2
19.546199798583984 -7.028251647949219 -1.5527496337890625 0.2
19.480199813842773 -6.8410491943359375 -1.5012493133544922 0.2
19.34510040283203 -6.694751739501953 -1.5662498474121094 0.2
19.31060028076172 -6.5487518310546875 -1.7085494995117188 0.2
19.434200286865234 -6.445652008056641 -1.8422489166259766 0.2
19.63409996032715 -6.402851104736328 -1.8765487670898438 0.2
19.787700653076172 -6.453948974609375 -1.7551498413085938 0.2
19.773000717163086 -6.616950988769531 -1.6223487854003906 0.2
19.723100662231445 -6.817451477050781 -1.5841484069824219 0.2
19.720600128173828 -7.008152008056641 -1.6680488586425781 0.2
19.85569953918457 -7.0964508056640625 -1.7908496856689453 0.2
20.0570011138916 -7.073249816894531 -1.7603492736816406 0.2
20.2007999420166 -7.001651763916016 -1.626150131225586 0.2
20.2278995513916 -6.9194488525390625 -1.4399490356445312 0.2
20.077899932861328 -6.842750549316406 -1.3240489959716797 0.2
19.9153995513916 -6.7167510986328125 -1.3577499389648438 0.2
19.82710075378418 -6.553749084472656 -1.4547500610351562 0.2
19.869600296020508 -6.371150970458984 -1.5463485717773438 0.2
20.00010108947754 -6.232952117919922 -1.4748497009277344 0.2
20.08139991760254 -6.197650909423828 -1.2867488861083984 0.2
20.072999954223633 -6.2875518798828125 -1.0993499755859375 0.2
20.000999450683594 -6.4750518798828125 -1.0538482666015625 0.2
19.968599319458008 -6.674652099609375 -1.1065483093261719 0.2
20.093299865722656 -6.835948944091797 -1.128549575805664 0.2
20.293701171875 -6.8531494140625 -1.0796489715576172 0.2
20.451400756835938 -6.751949310302734 -0.9909496307373047 0.2
20.468599319458008 -6.559349060058594 -0.9220485687255859 0.2
20.347000122070312 -6.390750885009766 -0.9396495819091797 0.2
20.25320053100586 -6.246952056884766 -1.054849624633789 0.2
20.307100296020508 -6.151950836181641 -1.233449935913086 0.2
20.470800399780273 -6.118450164794922 -1.3573493957519531 0.2
20.667800903320312 -6.152851104736328 -1.3237495422363281 0.2
20.719200134277344 -6.281650543212891 -1.1705493927001953 0.2
20.667699813842773 -6.464752197265625 -1.0778484344482422 0.2
20.61370086669922 -6.664249420166016 -1.096048355102539 0.2
20.653900146484375 -6.805049896240234 -1.2390499114990234 0.2
20.8435001373291 -6.8316497802734375 -1.308349609375 0.2
21.036100387573242 -6.780250549316406 -1.2459487915039062 0.2
21.16010093688965 -6.69635009765625 -1.1032485961914062 0.2
21.102699279785156 -6.601451873779297 -0.9331493377685547 0.2
20.941200256347656 -6.474849700927734 -0.8955497741699219 0.2
20.82940101623535 -6.312648773193359 -0.9660491943359375 0.2
20.81599998474121 -6.1401519775390625 -1.0841484069824219 0.2
20.948699951171875 -5.987548828125 -1.1008491516113281 0.2
21.079700469970703 -5.923351287841797 -0.9535484313964844 0.2
21.12860107421875 -5.966651916503906 -0.7558498382568359 0.2
21.081100463867188 -6.130352020263672 -0.6392498016357422 0.2
21.009201049804688 -6.326450347900391 -0.6583499908447266 0.2
21.06170082092285 -6.518352508544922 -0.7067489624023438 0.2
21.25320053100586 -6.5935516357421875 -0.7179489135742188 0.2
21.45009994506836 -6.5375518798828125 -0.6783485412597656 0.2
21.544599533081055 -6.368450164794922 -0.6092491149902344 0.2
21.46500015258789 -6.180549621582031 -0.5776500701904297 0.2
21.333099365234375 -6.028251647949219 -0.6301498413085938 0.2
21.31089973449707 -5.905651092529297 -0.7965488433837891 0.2
21.42329978942871 -5.855449676513672 -0.9654483795166016 0.2
21.616600036621094 -5.874549865722656 -1.0299491882324219 0.2
21.74220085144043 -5.991352081298828 -0.9211483001708984 0.2
21.720399856567383 -6.168949127197266 -0.8053493499755859 0.2
21.651500701904297 -6.363849639892578 -0.7793483734130859 0.2
21.599599838256836 -6.522850036621094 -0.9010486602783203 0.2
21.71940040588379 -6.584449768066406 -1.0524482727050781 0.2
21.924800872802734 -6.563449859619141 -1.0804500579833984 0.2
22.11090087890625 -6.503749847412109 -1.0085487365722656 0.2
22.165000915527344 -6.417350769042969 -0.8328495025634766 0.2
22.050399780273438 -6.2904510498046875 -0.7146492004394531 0.2
21.930299758911133 -6.119449615478516 -0.7177486419677734 0.2
21.87150001525879 -5.937751770019531 -0.8050498962402344 0.2
21.97209930419922 -5.782649993896484 -0.8933486938476562 0.2
22.15880012512207 -5.709651947021484 -0.84014892578125 0.2
22.30150032043457 -5.739349365234375 -0.6922492980957031 0.2
22.31060028076172 -5.8883514404296875 -0.5511493682861328 0.2
22.21430015563965 -6.071052551269531 -0.5172500610351562 0.2
22.188499450683594 -6.269950866699219 -0.5641498565673828 0.2
22.3252010345459 -6.394451141357422 -0.6551494598388672 0.2
22.52400016784668 -6.3800506591796875 -0.7162494659423828 0.2
22.679000854492188 -6.243949890136719 -0.7204494476318359 0.2
22.674301147460938 -6.043048858642578 -0.6756496429443359 0.2
22.56260108947754 -5.866851806640625 -0.6545486450195312 0.2
22.459400177001953 -5.730751037597656 -0.7728500366210938 0.2
22.440099716186523 -5.688449859619141 -0.9769496917724609 0.2
22.54010009765625 -5.723350524902344 -1.1535491943359375 0.2
22.70800018310547 -5.836452484130859 -1.1511497497558594 0.2
22.760499954223633 -5.995349884033203 -1.0190486907958984 0.2
22.722299575805664 -6.177650451660156 -0.9240493774414062 0.2
22.605899810791016 -6.348751068115234 -0.9525489807128906 0.2
22.585599899291992 -6.452049255371094 -1.1254501342773438 0.2
22.73579978942871 -6.473152160644531 -1.266448974609375 0.2
22.93589973449707 -6.440452575683594 -1.3182487487792969 0.2
23.095800399780273 -6.353851318359375 -1.2262496948242188 0.2
23.085500717163086 -6.208751678466797 -1.0774497985839844 0.2
22.997100830078125 -6.023151397705078 -1.0368499755859375 0.2
22.90719985961914 -5.842250823974609 -1.094949722290039 0.2
22.92620086669922 -5.7026519775390625 -1.2460498809814453 0.2
23.1072998046875 -5.637752532958984 -1.3191490173339844 0.2
23.307300567626953 -5.651950836181641 -1.2651500701904297 0.2
23.40250015258789 -5.7669525146484375 -1.1199493408203125 0.2
23.33930015563965 -5.9324493408203125 -1.0094490051269531 0.2
23.262100219726562 -6.123451232910156 -0.979949951171875 0.2
23.306499481201172 -6.301151275634766 -1.0752487182617188 0.2
23.458200454711914 -6.353252410888672 -1.2077484130859375 0.2
23.628400802612305 -6.274250030517578 -1.2950496673583984 0.2
23.692800521850586 -6.077751159667969 -1.2976493835449219 0.2
23.616600036621094 -5.8847503662109375 -1.2642498016357422 0.2
23.490699768066406 -5.730949401855469 -1.3251495361328125 0.2
23.40220069885254 -5.672248840332031 -1.507049560546875 0.2
23.427101135253906 -5.692951202392578 -1.712249755859375 0.2
23.589099884033203 -5.779350280761719 -1.796548843383789 0.2
23.704999923706055 -5.907249450683594 -1.6789493560791016 0.2
23.704099655151367 -6.076148986816406 -1.5521488189697266 0.2
23.621601104736328 -6.257652282714844 -1.4873485565185547 0.2
23.500900268554688 -6.403652191162109 -1.5691490173339844 0.2
23.53849983215332 -6.493049621582031 -1.75054931640625 0.2
23.693300247192383 -6.524051666259766 -1.8893489837646484 0.2
23.89430046081543 -6.492549896240234 -1.9178485870361328 0.2
23.99720001220703 -6.370250701904297 -1.7898483276367188 0.2
23.95009994506836 -6.184150695800781 -1.7044486999511719 0.2
23.869600296020508 -5.992149353027344 -1.7314491271972656 0.2
23.84510040283203 -5.834850311279297 -1.8715496063232422 0.2
23.961700439453125 -5.747951507568359 -2.021749496459961 0.2
24.162900924682617 -5.734550476074219 -2.061849594116211 0.2
24.2987003326416 -5.830451965332031 -1.9376487731933594 0.2
24.270999908447266 -5.9864501953125 -1.8010482788085938 0.2
24.19580078125 -6.1643524169921875 -1.7180500030517578 0.2
24.186399459838867 -6.364051818847656 -1.7706489562988281 0.2
24.287099838256836 -6.4573516845703125 -1.9266490936279297 0.2
24.438899993896484 -6.4183502197265625 -2.064748764038086 0.2
24.54050064086914 -6.243350982666016 -2.110849380493164 0.2
24.502201080322266 -6.038551330566406 -2.0873489379882812 0.2
24.3882999420166 -5.864349365234375 -2.109149932861328 0.2
24.270700454711914 -5.775749206542969 -2.2608489990234375 0.2
24.25819969177246 -5.7756500244140625 -2.4701499938964844 0.2
24.386899948120117 -5.845050811767578 -2.612649917602539 0.2
24.538700103759766 -5.964649200439453 -2.5420494079589844 0.2
24.560400009155273 -6.12335205078125 -2.4034500122070312 0.2
24.508100509643555 -6.301349639892578 -2.3028488159179688 0.2
24.366899490356445 -6.456050872802734 -2.284648895263672 0.2
24.291500091552734 -6.571949005126953 -2.4360485076904297 0.2
24.373001098632812 -6.6419525146484375 -2.616748809814453 0.2
24.544200897216797 -6.660850524902344 -2.7343482971191406 0.2
24.724700927734375 -6.579750061035156 -2.6853485107421875 0.2
24.748899459838867 -6.398448944091797 -2.5827484130859375 0.2
24.685300827026367 -6.197750091552734 -2.5776500701904297 0.2
24.628000259399414 -6.02545166015625 -2.690248489379883 0.2
24.682300567626953 -5.926448822021484 -2.86614990234375 0.2
24.860599517822266 -5.8995513916015625 -2.9743499755859375 0.2
25.044700622558594 -5.9855499267578125 -2.894449234008789 0.2
25.0492000579834 -6.149848937988281 -2.7473487854003906 0.2
24.97599983215332 -6.3305511474609375 -2.638948440551758 0.2
24.935501098632812 -6.542652130126953 -2.6777496337890625 0.2
24.999799728393555 -6.656452178955078 -2.8541488647460938 0.2
25.13960075378418 -6.62554931640625 -3.0208492279052734 0.2
25.24250030517578 -6.439849853515625 -3.0774497985839844 0.2
25.21980094909668 -6.221050262451172 -3.040548324584961 0.2
25.11989974975586 -6.024150848388672 -3.0531482696533203 0.2
24.992300033569336 -5.942150115966797 -3.214550018310547 0.2
24.990699768066406 -5.988651275634766 -3.430349349975586 0.2
