24.51449966430664 -2.6666488647460938 -4.315149307250977 0.2
24.690200805664062 -2.7552490234375 -4.336648941040039 0.2
24.780399322509766 -2.9077491760253906 -4.239248275756836 0.2
24.788700103759766 -3.080951690673828 -4.137449264526367 0.2
24.75029945373535 -3.2711524963378906 -4.082048416137695 0.2
24.687400817871094 -3.4444503784179688 -4.162448883056641 0.2
24.71630096435547 -3.5280494689941406 -4.340749740600586 0.2
24.833099365234375 -3.494152069091797 -4.495550155639648 0.2
24.93939971923828 -3.3256492614746094 -4.521148681640625 0.2
24.920499801635742 -3.1277503967285156 -4.488849639892578 0.2
24.846500396728516 -2.9424514770507812 -4.462549209594727 0.2
24.718700408935547 -2.7892494201660156 -4.504549026489258 0.2
24.62700080871582 -2.724651336669922 -4.669149398803711 0.2
24.67180061340332 -2.7331504821777344 -4.86414909362793 0.2
24.83679962158203 -2.807849884033203 -4.959148406982422 0.2
24.967700958251953 -2.957752227783203 -4.884649276733398 0.2
24.996200561523438 -3.137451171875 -4.774148941040039 0.2
24.972999572753906 -3.3335494995117188 -4.694149017333984 0.2
24.894399642944336 -3.522449493408203 -4.751850128173828 0.2
24.901399612426758 -3.610950469970703 -4.942949295043945 0.2
25.006000518798828 -3.567352294921875 -5.118249893188477 0.2
25.100299835205078 -3.3801498413085938 -5.1517486572265625 0.2
25.073400497436523 -3.171051025390625 -5.119850158691406 0.2
24.994199752807617 -2.974750518798828 -5.094049453735352 0.2
24.84429931640625 -2.833148956298828 -5.151649475097656 0.2
24.762300491333008 -2.8022499084472656 -5.342248916625977 0.2
24.827699661254883 -2.844951629638672 -5.5379486083984375 0.2
25.000699996948242 -2.957752227783203 -5.57914924621582 0.2
25.095199584960938 -3.125751495361328 -5.487249374389648 0.2
25.124000549316406 -3.3064498901367188 -5.378049850463867 0.2
25.078899383544922 -3.5068511962890625 -5.319549560546875 0.2
24.995800018310547 -3.667949676513672 -5.425249099731445 0.2
25.005399703979492 -3.7184524536132812 -5.630350112915039 0.2
25.107999801635742 -3.6178512573242188 -5.780849456787109 0.2
25.156200408935547 -3.4094505310058594 -5.793149948120117 0.2
25.114999771118164 -3.2032508850097656 -5.760049819946289 0.2
25.01959991455078 -3.0132522583007812 -5.742649078369141 0.2
24.854299545288086 -2.9107513427734375 -5.828849792480469 0.2
24.791500091552734 -2.9183502197265625 -6.02924919128418 0.2
24.881999969482422 -2.9930496215820312 -6.201250076293945 0.2
25.042800903320312 -3.13385009765625 -6.202749252319336 0.2
25.117300033569336 -3.3076515197753906 -6.104648590087891 0.2
25.145999908447266 -3.4907493591308594 -5.9996490478515625 0.2
25.071300506591797 -3.6886520385742188 -5.961750030517578 0.2
24.98110008239746 -3.8204498291015625 -6.09644889831543 0.2
24.98750114440918 -3.836650848388672 -6.306148529052734 0.2
25.076799392700195 -3.694652557373047 -6.4342498779296875 0.2
25.092300415039062 -3.4816513061523438 -6.433849334716797 0.2
25.051401138305664 -3.274951934814453 -6.400949478149414 0.2
24.933900833129883 -3.0953521728515625 -6.387449264526367 0.2
24.762300491333008 -3.0290489196777344 -6.490049362182617 0.2
24.705801010131836 -3.0667495727539062 -6.69114875793457 0.2
24.8085994720459 -3.1717491149902344 -6.84014892578125 0.2
24.947799682617188 -3.3322525024414062 -6.813848495483398 0.2
25.019100189208984 -3.5076522827148438 -6.713748931884766 0.2
25.039899826049805 -3.6942520141601562 -6.610149383544922 0.2
24.93760108947754 -3.880451202392578 -6.5863494873046875 0.2
24.835800170898438 -3.9856491088867188 -6.739448547363281 0.2
24.834800720214844 -3.9709510803222656 -6.949649810791016 0.2
24.907100677490234 -3.800048828125 -7.055549621582031 0.2
24.910200119018555 -3.585651397705078 -7.047649383544922 0.2
24.872499465942383 -3.376750946044922 -7.017250061035156 0.2
24.73579978942871 -3.2113494873046875 -7.00364875793457 0.2
24.5625 -3.178150177001953 -7.118049621582031 0.2
24.50790023803711 -3.241352081298828 -7.313549041748047 0.2
24.620100021362305 -3.372852325439453 -7.434848785400391 0.2
24.74220085144043 -3.5444488525390625 -7.391048431396484 0.2
24.81559944152832 -3.7196502685546875 -7.2926483154296875 0.2
24.820899963378906 -3.9072494506835938 -7.188848495483398 0.2
24.69339942932129 -4.076351165771484 -7.183448791503906 0.2
24.582000732421875 -4.1578521728515625 -7.344348907470703 0.2
24.582799911499023 -4.109550476074219 -7.547849655151367 0.2
24.6377010345459 -3.92034912109375 -7.634649276733398 0.2
24.63640022277832 -3.7068519592285156 -7.62354850769043 0.2
24.596599578857422 -3.4985504150390625 -7.594648361206055 0.2
24.43779945373535 -3.3539505004882812 -7.582048416137695 0.2
24.264400482177734 -3.350250244140625 -7.700349807739258 0.2
24.217899322509766 -3.4377517700195312 -7.886249542236328 0.2
24.33370018005371 -3.5910491943359375 -7.979448318481445 0.2
24.441600799560547 -3.7670516967773438 -7.921848297119141 0.2
24.51620101928711 -3.942951202392578 -7.825448989868164 0.2
24.498300552368164 -4.1289520263671875 -7.717350006103516 0.2
24.350099563598633 -4.277751922607422 -7.7281494140625 0.2
24.231700897216797 -4.336051940917969 -7.895149230957031 0.2
24.232799530029297 -4.255451202392578 -8.089849472045898 0.2
24.27120018005371 -4.054649353027344 -8.155448913574219 0.2
24.271499633789062 -3.840351104736328 -8.144449234008789 0.2
24.222900390625 -3.633251190185547 -8.111349105834961 0.2
24.047300338745117 -3.5125503540039062 -8.096649169921875 0.2
23.87310028076172 -3.536449432373047 -8.216548919677734 0.2
23.833999633789062 -3.6485519409179688 -8.391349792480469 0.2
23.949501037597656 -3.818450927734375 -8.454750061035156 0.2
24.053600311279297 -3.995349884033203 -8.39004898071289 0.2
24.1294002532959 -4.172649383544922 -8.294649124145508 0.2
24.088199615478516 -4.351051330566406 -8.181449890136719 0.2
23.920700073242188 -4.477149963378906 -8.206449508666992 0.2
23.791601181030273 -4.511951446533203 -8.372249603271484 0.2
23.791900634765625 -4.398750305175781 -8.552249908447266 0.2
23.81960105895996 -4.191051483154297 -8.602649688720703 0.2
23.824600219726562 -3.9767494201660156 -8.59644889831543 0.2
23.7632999420166 -3.7748489379882812 -8.55474853515625 0.2
23.572200775146484 -3.6852493286132812 -8.53904914855957 0.2
23.396900177001953 -3.732952117919922 -8.650249481201172 0.2
23.372900009155273 -3.8688507080078125 -8.808448791503906 0.2
23.484800338745117 -4.0498504638671875 -8.846149444580078 0.2
23.58810043334961 -4.225650787353516 -8.780448913574219 0.2
23.659299850463867 -4.403450012207031 -8.683849334716797 0.2
23.588300704956055 -4.569450378417969 -8.567649841308594 0.2
23.407499313354492 -4.671749114990234 -8.601848602294922 0.2
23.278400421142578 -4.6802520751953125 -8.768049240112305 0.2
23.279300689697266 -4.540851593017578 -8.931049346923828 0.2
23.300100326538086 -4.330451965332031 -8.968449592590332 0.2
23.30459976196289 -4.116352081298828 -8.963648796081543 0.2
23.225299835205078 -3.9235496520996094 -8.906648635864258 0.2
23.02429962158203 -3.8633499145507812 -8.892950057983398 0.2
22.854801177978516 -3.9318504333496094 -9.002449035644531 0.2
22.849000930786133 -4.086452484130859 -9.146449089050293 0.2
22.959300994873047 -4.270648956298828 -9.160449028015137 0.2
23.064899444580078 -4.4461517333984375 -9.096049308776855 0.2
23.127099990844727 -4.623748779296875 -8.990649223327637 0.2
23.02950096130371 -4.775550842285156 -8.877649307250977 0.2
22.83810043334961 -4.85675048828125 -8.924549102783203 0.2
22.71179962158203 -4.836952209472656 -9.092848777770996 0.2
22.714599609375 -4.672752380371094 -9.232149124145508 0.2
22.734100341796875 -4.460151672363281 -9.26094913482666 0.2
22.73590087890625 -4.244850158691406 -9.252248764038086 0.2
22.638099670410156 -4.068149566650391 -9.17824935913086 0.2
22.42850112915039 -4.040851593017578 -9.169849395751953 0.2
22.26650047302246 -4.130649566650391 -9.275249481201172 0.2
22.28350067138672 -4.303150177001953 -9.399748802185059 0.2
22.39389991760254 -4.488151550292969 -9.39694881439209 0.2
22.502599716186523 -4.663951873779297 -9.338949203491211 0.2
22.551799774169922 -4.837551116943359 -9.222349166870117 0.2
22.426700592041016 -4.968349456787109 -9.113948822021484 0.2
22.226699829101562 -5.025550842285156 -9.159849166870117 0.2
22.106599807739258 -4.9732513427734375 -9.324549674987793 0.2
22.10650062561035 -4.792751312255859 -9.442849159240723 0.2
22.127500534057617 -4.581550598144531 -9.4712495803833 0.2
22.125600814819336 -4.367549896240234 -9.456449508666992 0.2
22.00990104675293 -4.2131500244140625 -9.364048957824707 0.2
21.79960060119629 -4.213249206542969 -9.348849296569824 0.2
21.649700164794922 -4.3258514404296875 -9.444149017333984 0.2
21.67930030822754 -4.5133514404296875 -9.544849395751953 0.2
21.788799285888672 -4.697151184082031 -9.531048774719238 0.2
21.8971004486084 -4.872852325439453 -9.47494888305664 0.2
21.92840003967285 -5.035549163818359 -9.336949348449707 0.2
21.78070068359375 -5.1394500732421875 -9.230849266052246 0.2
21.57550048828125 -5.171352386474609 -9.276148796081543 0.2
21.4635009765625 -5.088748931884766 -9.435749053955078 0.2
21.46579933166504 -4.898151397705078 -9.53454875946045 0.2
21.489500045776367 -4.6878509521484375 -9.567548751831055 0.2
21.481399536132812 -4.475151062011719 -9.535849571228027 0.2
21.34830093383789 -4.349449157714844 -9.430048942565918 0.2
21.13789939880371 -4.377250671386719 -9.412348747253418 0.2
21.005701065063477 -4.51605224609375 -9.499448776245117 0.2
21.054901123046875 -4.712749481201172 -9.57094955444336 0.2
21.167200088500977 -4.894752502441406 -9.55104923248291 0.2
21.273900985717773 -5.069450378417969 -9.485949516296387 0.2
21.282800674438477 -5.211650848388672 -9.326349258422852 0.2
21.111101150512695 -5.287849426269531 -9.229948997497559 0.2
20.904800415039062 -5.294651031494141 -9.279549598693848 0.2
20.810400009155273 -5.182849884033203 -9.435149192810059 0.2
20.818599700927734 -4.986949920654297 -9.522549629211426 0.2
20.842599868774414 -4.777351379394531 -9.560949325561523 0.2
20.826200485229492 -4.570652008056641 -9.506749153137207 0.2
20.675399780273438 -4.478752136230469 -9.393749237060547 0.2
20.470199584960938 -4.530052185058594 -9.371149063110352 0.2
20.36600112915039 -4.693550109863281 -9.452749252319336 0.2
20.430299758911133 -4.89324951171875 -9.500349044799805 0.2
20.54450035095215 -5.072551727294922 -9.479449272155762 0.2
20.646400451660156 -5.241649627685547 -9.397249221801758 0.2
20.62310028076172 -5.358951568603516 -9.222949028015137 0.2
20.43720054626465 -5.409351348876953 -9.137049674987793 0.2
20.23900032043457 -5.388751983642578 -9.200749397277832 0.2
20.162099838256836 -5.252449035644531 -9.347748756408691 0.2
20.175399780273438 -5.054851531982422 -9.42724895477295 0.2
20.197999954223633 -4.845649719238281 -9.462248802185059 0.2
20.168701171875 -4.651851654052734 -9.376449584960938 0.2
20.006000518798828 -4.594551086425781 -9.259049415588379 0.2
19.811201095581055 -4.671649932861328 -9.235949516296387 0.2
19.738201141357422 -4.856449127197266 -9.309549331665039 0.2
19.816999435424805 -5.053050994873047 -9.33644962310791 0.2
19.93280029296875 -5.2308502197265625 -9.31554889678955 0.2
20.029300689697266 -5.387550354003906 -9.20574951171875 0.2
19.97439956665039 -5.476051330566406 -9.024649620056152 0.2
19.778499603271484 -5.499851226806641 -8.947649002075195 0.2
19.59040069580078 -5.447551727294922 -9.02394962310791 0.2
19.533199310302734 -5.289249420166016 -9.155649185180664 0.2
19.55000114440918 -5.092052459716797 -9.235548973083496 0.2
19.573299407958984 -4.8807525634765625 -9.25584888458252 0.2
19.533899307250977 -4.709449768066406 -9.138249397277832 0.2
19.366100311279297 -4.686649322509766 -9.0121488571167 0.2
19.186800003051758 -4.7922515869140625 -8.982648849487305 0.2
19.148700714111328 -4.993450164794922 -9.043048858642578 0.2
19.23870086669922 -5.186149597167969 -9.061649322509766 0.2
19.355300903320312 -5.3634490966796875 -9.038848876953125 0.2
19.445301055908203 -5.497650146484375 -8.900348663330078 0.2
19.361000061035156 -5.552249908447266 -8.717748641967773 0.2
19.16320037841797 -5.547351837158203 -8.64324951171875 0.2
18.992000579833984 -5.461551666259766 -8.731948852539062 0.2
18.95090103149414 -5.289951324462891 -8.851949691772461 0.2
18.966800689697266 -5.094749450683594 -8.935249328613281 0.2
18.993999481201172 -4.884052276611328 -8.928749084472656 0.2
18.940898895263672 -4.746551513671875 -8.781749725341797 0.2
18.778600692749023 -4.754150390625 -8.647048950195312 0.2
18.624401092529297 -4.891651153564453 -8.621549606323242 0.2
18.617599487304688 -5.100349426269531 -8.668449401855469 0.2
18.71339988708496 -5.288749694824219 -8.686948776245117 0.2
18.833200454711914 -5.4602508544921875 -8.651449203491211 0.2
18.907800674438477 -5.562252044677734 -8.482948303222656 0.2
18.80229949951172 -5.582752227783203 -8.304649353027344 0.2
18.605701446533203 -5.547451019287109 -8.245748519897461 0.2
18.455900192260742 -5.431049346923828 -8.342449188232422 0.2
18.429800033569336 -5.252849578857422 -8.45414924621582 0.2
18.44659996032715 -5.057048797607422 -8.533349990844727 0.2
18.4822998046875 -4.853252410888672 -8.485048294067383 0.2
18.418399810791016 -4.755352020263672 -8.31454849243164 0.2
18.26620101928711 -4.794151306152344 -8.175249099731445 0.2
18.143001556396484 -4.962852478027344 -8.157949447631836 0.2
18.167699813842773 -5.169952392578125 -8.19594955444336 0.2
18.264801025390625 -5.3569488525390625 -8.217748641967773 0.2
18.396099090576172 -5.512351989746094 -8.15625 0.2
18.44860076904297 -5.574851989746094 -7.965549468994141 0.2
18.331298828125 -5.561450958251953 -7.791648864746094 0.2
18.138700485229492 -5.493049621582031 -7.752449035644531 0.2
18.018199920654297 -5.350849151611328 -7.854448318481445 0.2
17.99919891357422 -5.172550201416016 -7.967350006103516 0.2
18.025400161743164 -4.972049713134766 -8.030550003051758 0.2
18.066200256347656 -4.789150238037109 -7.936849594116211 0.2
17.992700576782227 -4.736049652099609 -7.74854850769043 0.2
17.854598999023438 -4.813751220703125 -7.612348556518555 0.2
17.77320098876953 -5.009552001953125 -7.607149124145508 0.2
17.821701049804688 -5.212451934814453 -7.64324951171875 0.2
17.923999786376953 -5.397151947021484 -7.660249710083008 0.2
18.06909942626953 -5.520351409912109 -7.569648742675781 0.2
18.091999053955078 -5.537250518798828 -7.365549087524414 0.2
17.966999053955078 -5.491352081298828 -7.203248977661133 0.2
17.781299591064453 -5.393951416015625 -7.19584846496582 0.2
17.684200286865234 -5.238651275634766 -7.302349090576172 0.2
17.665199279785156 -5.061550140380859 -7.416149139404297 0.2
17.71030044555664 -4.858951568603516 -7.452749252319336 0.2
17.74679946899414 -4.7093505859375 -7.316249847412109 0.2
17.677101135253906 -4.692951202392578 -7.119449615478516 0.2
17.557201385498047 -4.811351776123047 -6.999050140380859 0.2
17.515399932861328 -5.019752502441406 -7.001850128173828 0.2
17.576200485229492 -5.217552185058594 -7.042549133300781 0.2
17.6968994140625 -5.389850616455078 -7.04534912109375 0.2
17.842899322509766 -5.465850830078125 -6.918149948120117 0.2
17.842201232910156 -5.441249847412109 -6.71245002746582 0.2
17.709800720214844 -5.366649627685547 -6.572549819946289 0.2
17.538101196289062 -5.2438507080078125 -6.597148895263672 0.2
17.460800170898438 -5.085151672363281 -6.711750030517578 0.2
17.44729995727539 -4.904949188232422 -6.819149017333984 0.2
17.519699096679688 -4.708049774169922 -6.809049606323242 0.2
17.542699813842773 -4.609249114990234 -6.631649017333984 0.2
17.473100662231445 -4.6459503173828125 -6.438749313354492 0.2
17.3794002532959 -4.810550689697266 -6.347949981689453 0.2
17.380300521850586 -5.020351409912109 -6.363048553466797 0.2
17.449298858642578 -5.214851379394531 -6.403949737548828 0.2
17.601200103759766 -5.359951019287109 -6.391849517822266 0.2
17.734901428222656 -5.382350921630859 -6.23954963684082 0.2
17.701099395751953 -5.317951202392578 -6.0444488525390625 0.2
17.551898956298828 -5.2176513671875 -5.939449310302734 0.2
17.399200439453125 -5.079250335693359 -5.986848831176758 0.2
17.327499389648438 -4.91925048828125 -6.103048324584961 0.2
17.336200714111328 -4.73175048828125 -6.198049545288086 0.2
17.42770004272461 -4.554351806640625 -6.146648406982422 0.2
17.444700241088867 -4.500652313232422 -5.948049545288086 0.2
17.382099151611328 -4.574352264404297 -5.763448715209961 0.2
17.312999725341797 -4.7626495361328125 -5.696649551391602 0.2
17.3291015625 -4.9696502685546875 -5.728448867797852 0.2
17.411100387573242 -5.1582489013671875 -5.771549224853516 0.2
17.58679962158203 -5.263648986816406 -5.735849380493164 0.2
17.69150161743164 -5.238651275634766 -5.562049865722656 0.2
17.651500701904297 -5.147251129150391 -5.378849029541016 0.2
17.49679946899414 -5.023250579833984 -5.308149337768555 0.2
17.365699768066406 -4.875652313232422 -5.379848480224609 0.2
17.30120086669922 -4.714851379394531 -5.498449325561523 0.2
17.352800369262695 -4.525150299072266 -5.567949295043945 0.2
17.451900482177734 -4.394451141357422 -5.450649261474609 0.2
17.459199905395508 -4.40875244140625 -5.243749618530273 0.2
17.400699615478516 -4.538249969482422 -5.090848922729492 0.2
17.36600112915039 -4.743549346923828 -5.056650161743164 0.2
17.39590072631836 -4.946449279785156 -5.100749969482422 0.2
17.50909996032715 -5.115150451660156 -5.145448684692383 0.2
17.695899963378906 -5.163249969482422 -5.080450057983398 0.2
17.75160026550293 -5.093151092529297 -4.8970489501953125 0.2
17.660099029541016 -4.983650207519531 -4.746448516845703 0.2
17.49880027770996 -4.8509521484375 -4.710149765014648 0.2
17.380300521850586 -4.6988525390625 -4.791648864746094 0.2
17.33190155029297 -4.530448913574219 -4.905448913574219 0.2
17.420000076293945 -4.3482513427734375 -4.948049545288086 0.2
17.52519989013672 -4.253749847412109 -4.803548812866211 0.2
17.53860092163086 -4.2922515869140625 -4.600149154663086 0.2
17.487499237060547 -4.4407501220703125 -4.460350036621094 0.2
17.45880126953125 -4.647151947021484 -4.450448989868164 0.2
17.484500885009766 -4.847251892089844 -4.505949020385742 0.2
17.629501342773438 -4.991851806640625 -4.5406494140625 0.2
17.806400299072266 -4.992450714111328 -4.443149566650391 0.2
17.845399856567383 -4.8885498046875 -4.268749237060547 0.2
17.755800247192383 -4.751251220703125 -4.139049530029297 0.2
17.612899780273438 -4.598350524902344 -4.1394500732421875 0.2
17.504899978637695 -4.447551727294922 -4.236049652099609 0.2
17.510000228881836 -4.273448944091797 -4.35004997253418 0.2
17.650299072265625 -4.129150390625 -4.335048675537109 0.2
17.752300262451172 -4.112251281738281 -4.158349990844727 0.2
17.762300491333008 -4.205951690673828 -3.9726486206054688 0.2
17.721799850463867 -4.389751434326172 -3.8775501251220703 0.2
17.706199645996094 -4.597049713134766 -3.896249771118164 0.2
17.761600494384766 -4.787052154541016 -3.9614486694335938 0.2
17.942399978637695 -4.877952575683594 -3.988248825073242 0.2
18.08530044555664 -4.8240509033203125 -3.8569488525390625 0.2
18.074199676513672 -4.70355224609375 -3.6881484985351562 0.2
17.952199935913086 -4.564552307128906 -3.5885486602783203 0.2
17.813400268554688 -4.40985107421875 -3.614849090576172 0.2
17.72130012512207 -4.251049041748047 -3.7149486541748047 0.2
17.75899887084961 -4.07965087890625 -3.8227500915527344 0.2
17.90959930419922 -3.957050323486328 -3.7714500427246094 0.2
17.997900009155273 -3.961750030517578 -3.5855484008789062 0.2
17.99209976196289 -4.067951202392578 -3.4065494537353516 0.2
17.940898895263672 -4.2557525634765625 -3.3280487060546875 0.2
17.91160011291504 -4.459949493408203 -3.361448287963867 0.2
17.97949981689453 -4.643852233886719 -3.425748825073242 0.2
18.17140007019043 -4.707851409912109 -3.4157485961914062 0.2
18.294099807739258 -4.6253509521484375 -3.2757492065429688 0.2
18.279800415039062 -4.484149932861328 -3.1246490478515625 0.2
18.16830062866211 -4.319252014160156 -3.0551490783691406 0.2
18.042098999023438 -4.163349151611328 -3.111949920654297 0.2
17.984901428222656 -4.001949310302734 -3.2284488677978516 0.2
18.09709930419922 -3.8529510498046875 -3.3104496002197266 0.2
18.26380157470703 -3.7981491088867188 -3.2108497619628906 0.2
18.33930015563965 -3.854949951171875 -3.026948928833008 0.2
18.32229995727539 -3.99945068359375 -2.8756484985351562 0.2
18.280601501464844 -4.200649261474609 -2.8409500122070312 0.2
18.27720069885254 -4.4035491943359375 -2.887449264526367 0.2
18.396800994873047 -4.551052093505859 -2.9688491821289062 0.2
18.590999603271484 -4.56195068359375 -2.922748565673828 0.2
18.661100387573242 -4.464649200439453 -2.7568492889404297 0.2
18.598100662231445 -4.332649230957031 -2.6088485717773438 0.2
18.463600158691406 -4.175651550292969 -2.5687484741210938 0.2
18.34950065612793 -4.015750885009766 -2.6382484436035156 0.2
18.319599151611328 -3.8493499755859375 -2.7584495544433594 0.2
18.449100494384766 -3.7027511596679688 -2.811748504638672 0.2
18.593900680541992 -3.660449981689453 -2.677448272705078 0.2
18.637500762939453 -3.7269515991210938 -2.4856491088867188 0.2
18.600000381469727 -3.8784523010253906 -2.3445491790771484 0.2
18.54170036315918 -4.076751708984375 -2.330648422241211 0.2
18.53929901123047 -4.277050018310547 -2.385549545288086 0.2
18.687801361083984 -4.406650543212891 -2.4371490478515625 0.2
18.872100830078125 -4.374950408935547 -2.3615493774414062 0.2
18.944000244140625 -4.242851257324219 -2.219148635864258 0.2
18.89929962158203 -4.069252014160156 -2.109548568725586 0.2
18.778301239013672 -3.9016494750976562 -2.117948532104492 0.2
18.67530059814453 -3.746051788330078 -2.2096500396728516 0.2
18.72100067138672 -3.602550506591797 -2.3474483489990234 0.2
18.911399841308594 -3.5396499633789062 -2.360849380493164 0.2
19.071800231933594 -3.5748519897460938 -2.235349655151367 0.2
19.13290023803711 -3.6931495666503906 -2.0752487182617188 0.2
19.107099533081055 -3.8831520080566406 -1.9933490753173828 0.2
19.0718994140625 -4.086952209472656 -2.0136489868164062 0.2
19.125499725341797 -4.252750396728516 -2.124349594116211 0.2
19.316499710083008 -4.2884521484375 -2.170949935913086 0.2
19.46339988708496 -4.201652526855469 -2.059049606323242 0.2
19.482601165771484 -4.067852020263672 -1.9031486511230469 0.2
19.387300491333008 -3.9043502807617188 -1.8111495971679688 0.2
19.260799407958984 -3.7408523559570312 -1.8353500366210938 0.2
19.180601119995117 -3.5810508728027344 -1.9396495819091797 0.2
19.26490020751953 -3.439849853515625 -2.059549331665039 0.2
19.450700759887695 -3.3794517517089844 -2.012449264526367 0.2
19.565099716186523 -3.422351837158203 -1.8464488983154297 0.2
19.58370018005371 -3.5468521118164062 -1.6777496337890625 0.2
19.529699325561523 -3.7361488342285156 -1.6141490936279297 0.2
19.489900588989258 -3.9377517700195312 -1.6435489654541016 0.2
19.59320068359375 -4.093151092529297 -1.7283496856689453 0.2
19.79520034790039 -4.094249725341797 -1.7278499603271484 0.2
19.93130111694336 -3.97705078125 -1.6258487701416016 0.2
19.94930076599121 -3.801952362060547 -1.5125484466552734 0.2
19.84480094909668 -3.6254501342773438 -1.4862499237060547 0.2
19.713699340820312 -3.471851348876953 -1.5377483367919922 0.2
19.684900283813477 -3.3311500549316406 -1.6848487854003906 0.2
19.835100173950195 -3.2598495483398438 -1.800649642944336 0.2
20.0408992767334 -3.268749237060547 -1.778848648071289 0.2
20.1820011138916 -3.3599510192871094 -1.6616497039794922 0.2
20.188199996948242 -3.53955078125 -1.5543498992919922 0.2
20.1377010345459 -3.740650177001953 -1.5485496520996094 0.2
20.138900756835938 -3.9225502014160156 -1.6525497436523438 0.2
20.29490089416504 -4.002849578857422 -1.745849609375 0.2
20.476900100708008 -3.949249267578125 -1.6759490966796875 0.2
20.5531005859375 -3.8315505981445312 -1.5234489440917969 0.2
20.49690055847168 -3.679351806640625 -1.3929500579833984 0.2
20.37459945678711 -3.5113525390625 -1.3768501281738281 0.2
20.2726993560791 -3.347148895263672 -1.4533500671386719 0.2
20.294599533081055 -3.1896514892578125 -1.5833492279052734 0.2
20.46660041809082 -3.0881500244140625 -1.583648681640625 0.2
20.604000091552734 -3.103252410888672 -1.4322490692138672 0.2
20.643699645996094 -3.20465087890625 -1.2537498474121094 0.2
20.604900360107422 -3.3831520080566406 -1.1551494598388672 0.2
20.542301177978516 -3.581451416015625 -1.1704483032226562 0.2
20.580299377441406 -3.76605224609375 -1.2504501342773438 0.2
20.76609992980957 -3.8287506103515625 -1.298248291015625 0.2
20.937400817871094 -3.745849609375 -1.2219486236572266 0.2
21.00469970703125 -3.5918502807617188 -1.0977497100830078 0.2
20.94499969482422 -3.4076499938964844 -1.0239486694335938 0.2
20.81220054626465 -3.2474517822265625 -1.039449691772461 0.2
20.73390007019043 -3.090850830078125 -1.1466484069824219 0.2
20.83099937438965 -2.9909515380859375 -1.294149398803711 0.2
21.034400939941406 -2.9881515502929688 -1.3182487487792969 0.2
21.2052001953125 -3.0645523071289062 -1.232248306274414 0.2
21.2632999420166 -3.2251510620117188 -1.1101493835449219 0.2
21.217599868774414 -3.4214515686035156 -1.0596485137939453 0.2
21.176000595092773 -3.615550994873047 -1.117849349975586 0.2
21.25629997253418 -3.7255516052246094 -1.2671489715576172 0.2
21.44930076599121 -3.6850509643554688 -1.3096485137939453 0.2
21.587499618530273 -3.5571517944335938 -1.2250499725341797 0.2
21.607601165771484 -3.385051727294922 -1.1069488525390625 0.2
21.516599655151367 -3.2045516967773438 -1.056650161743164 0.2
21.39240074157715 -3.040149688720703 -1.0863494873046875 0.2
21.344900131225586 -2.906452178955078 -1.2356491088867188 0.2
21.48400115966797 -2.84014892578125 -1.365549087524414 0.2
21.689599990844727 -2.8557510375976562 -1.3558483123779297 0.2
21.839900970458984 -2.9442520141601562 -1.2395496368408203 0.2
21.856399536132812 -3.1084518432617188 -1.1148490905761719 0.2
21.797800064086914 -3.3005523681640625 -1.058349609375 0.2
21.797000885009766 -3.4919509887695312 -1.1380500793457031 0.2
21.930601119995117 -3.5562515258789062 -1.2765483856201172 0.2
22.111900329589844 -3.4769515991210938 -1.337249755859375 0.2
22.225200653076172 -3.3027496337890625 -1.3166484832763672 0.2
22.185199737548828 -3.1052513122558594 -1.2680492401123047 0.2
22.06879997253418 -2.933849334716797 -1.2395496368408203 0.2
21.939300537109375 -2.7988510131835938 -1.3278484344482422 0.2
21.923200607299805 -2.7604522705078125 -1.5278491973876953 0.2
22.051300048828125 -2.7979507446289062 -1.6869487762451172 0.2
22.230199813842773 -2.8935508728027344 -1.7162494659423828 0.2
22.32859992980957 -3.0478515625 -1.6121482849121094 0.2
22.310501098632812 -3.2289505004882812 -1.5108489990234375 0.2
22.232099533081055 -3.4247512817382812 -1.510549545288086 0.2
22.238500595092773 -3.563251495361328 -1.6555500030517578 0.2
22.397300720214844 -3.5464515686035156 -1.7808494567871094 0.2
22.564001083374023 -3.4231491088867188 -1.7973499298095703 0.2
22.63319969177246 -3.237049102783203 -1.7295494079589844 0.2
22.57469940185547 -3.0421524047851562 -1.6796493530273438 0.2
22.45490074157715 -2.870849609375 -1.6877498626708984 0.2
22.352699279785156 -2.7477493286132812 -1.8186492919921875 0.2
22.441499710083008 -2.691852569580078 -1.9904499053955078 0.2
22.643699645996094 -2.7091522216796875 -2.031949996948242 0.2
22.81839942932129 -2.7844505310058594 -1.9459495544433594 0.2
22.876699447631836 -2.9343490600585938 -1.8109493255615234 0.2
22.838199615478516 -3.1201515197753906 -1.7215499877929688 0.2
22.802000045776367 -3.3230514526367188 -1.7473487854003906 0.2
22.87230110168457 -3.446552276611328 -1.8951492309570312 0.2
23.03860092163086 -3.4384498596191406 -2.0202484130859375 0.2
23.196001052856445 -3.3075523376464844 -2.044048309326172 0.2
23.211200714111328 -3.1065521240234375 -1.9930496215820312 0.2
23.116701126098633 -2.924152374267578 -1.9505500793457031 0.2
22.992900848388672 -2.7616500854492188 -1.9900493621826172 0.2
22.915000915527344 -2.6740493774414062 -2.1629486083984375 0.2
22.963300704956055 -2.6563491821289062 -2.364349365234375 0.2
23.130300521850586 -2.71044921875 -2.4649486541748047 0.2
23.267900466918945 -2.8407516479492188 -2.374849319458008 0.2
23.277700424194336 -3.0173492431640625 -2.2615489959716797 0.2
23.22330093383789 -3.2130508422851562 -2.2090492248535156 0.2
23.18120002746582 -3.4000511169433594 -2.293048858642578 0.2
23.307199478149414 -3.4666519165039062 -2.4347496032714844 0.2
23.49489974975586 -3.3866500854492188 -2.4713497161865234 0.2
23.616500854492188 -3.224151611328125 -2.4184494018554688 0.2
23.59910011291504 -3.023448944091797 -2.361349105834961 0.2
23.49530029296875 -2.841350555419922 -2.3482494354248047 0.2
23.380800247192383 -2.685649871826172 -2.428049087524414 0.2
23.38490104675293 -2.6034507751464844 -2.6157493591308594 0.2
23.54669952392578 -2.5975494384765625 -2.746448516845703 0.2
23.746000289916992 -2.6543502807617188 -2.75054931640625 0.2
23.850099563598633 -2.7951507568359375 -2.6387500762939453 0.2
23.835399627685547 -2.9742507934570312 -2.5295486450195312 0.2
23.78569984436035 -3.1725502014160156 -2.4849491119384766 0.2
23.744800567626953 -3.353649139404297 -2.5835494995117188 0.2
23.79199981689453 -3.4553489685058594 -2.7598495483398438 0.2
23.93560028076172 -3.4207496643066406 -2.899250030517578 0.2
24.03689956665039 -3.2409515380859375 -2.888448715209961 0.2
23.992599487304688 -3.0409507751464844 -2.8411483764648438 0.2
23.888200759887695 -2.8588523864746094 -2.833049774169922 0.2
23.756900787353516 -2.7280502319335938 -2.9370498657226562 0.2
23.712600708007812 -2.666851043701172 -3.1323490142822266 0.2
23.812299728393555 -2.6628494262695312 -3.3116493225097656 0.2
23.997800827026367 -2.7456512451171875 -3.3034496307373047 0.2
24.06999969482422 -2.9042510986328125 -3.180448532104492 0.2
24.04990005493164 -3.0927505493164062 -3.089048385620117 0.2
23.992900848388672 -3.2972488403320312 -3.080249786376953 0.2
24.013700485229492 -3.449352264404297 -3.2153491973876953 0.2
24.176799774169922 -3.4500503540039062 -3.3427486419677734 0.2
24.348899841308594 -3.3369522094726562 -3.371349334716797 0.2
24.40679931640625 -3.1413497924804688 -3.319549560546875 0.2
24.333099365234375 -2.946949005126953 -3.2874488830566406 0.2
24.22100067138672 -2.7693519592285156 -3.300649642944336 0.2
24.121999740600586 -2.6454505920410156 -3.4390487670898438 0.2
24.156999588012695 -2.594451904296875 -3.6376495361328125 0.2
24.322099685668945 -2.6058502197265625 -3.7650489807128906 0.2
24.50010108947754 -2.7176513671875 -3.7025489807128906 0.2
24.53070068359375 -2.902149200439453 -3.5826492309570312 0.2
24.500999450683594 -3.10565185546875 -3.4973487854003906 0.2
24.44409942626953 -3.3156509399414062 -3.5521488189697266 0.2
24.47410011291504 -3.4343490600585938 -3.733949661254883 0.2
24.61359977722168 -3.4082489013671875 -3.896749496459961 0.2
24.72439956665039 -3.2175521850585938 -3.9073486328125 0.2
24.680400848388672 -3.0027503967285156 -3.8669490814208984 0.2
24.575700759887695 -2.806049346923828 -3.8559494018554688 0.2
24.43790054321289 -2.6754493713378906 -3.975648880004883 0.2
24.431900024414062 -2.646251678466797 -4.1927490234375 0.2
