-19.457799911499023 13.508750915527344 6.613950729370117 0.2
-19.360700607299805 13.69635009765625 6.51405143737793 0.2
-19.433700561523438 13.92144775390625 6.500150680541992 0.2
-19.579299926757812 14.099849700927734 6.565450668334961 0.2
-19.714599609375 14.161750793457031 6.7447509765625 0.2
-19.740999221801758 14.040950775146484 6.947551727294922 0.2
-19.634599685668945 13.847747802734375 7.053949356079102 0.2
-19.403499603271484 13.839847564697266 6.9761505126953125 0.2
-19.264598846435547 13.836849212646484 6.780750274658203 0.2
-19.203800201416016 13.64725112915039 6.665050506591797 0.2
-19.171199798583984 13.445148468017578 6.77545166015625 0.2
-19.15489959716797 13.321147918701172 6.988349914550781 0.2
-19.280899047851562 13.297847747802734 7.199151992797852 0.2
-19.472700119018555 13.434547424316406 7.295652389526367 0.2
-19.57900047302246 13.660747528076172 7.291650772094727 0.2
-19.43120002746582 13.83755111694336 7.192651748657227 0.2
-19.183000564575195 13.876949310302734 7.114049911499023 0.2
-19.00659942626953 13.747749328613281 7.23444938659668 0.2
-19.060199737548828 13.512348175048828 7.315950393676758 0.2
-19.00429916381836 13.307350158691406 7.20195198059082 0.2
-18.7716007232666 13.314048767089844 7.109949111938477 0.2
-18.567899703979492 13.429550170898438 7.025951385498047 0.2
-18.54360008239746 13.651050567626953 6.959051132202148 0.2
-18.65799903869629 13.861351013183594 6.955350875854492 0.2
-18.82219886779785 14.00735092163086 7.042150497436523 0.2
-18.939800262451172 13.985149383544922 7.240049362182617 0.2
-18.948400497436523 13.805648803710938 7.408552169799805 0.2
-18.770299911499023 13.6927490234375 7.503549575805664 0.2
-18.545799255371094 13.70064926147461 7.403951644897461 0.2
-18.422800064086914 13.614448547363281 7.224248886108398 0.2
-18.43109893798828 13.387149810791016 7.183752059936523 0.2
-18.457300186157227 13.231647491455078 7.357851028442383 0.2
-18.49329948425293 13.172748565673828 7.590551376342773 0.2
-18.642398834228516 13.232547760009766 7.760149002075195 0.2
-18.8174991607666 13.39324951171875 7.793951034545898 0.2
-18.88319969177246 13.612449645996094 7.745149612426758 0.2
-18.715499877929688 13.765251159667969 7.67485237121582 0.2
-18.474199295043945 13.748050689697266 7.65934944152832 0.2
-18.36359977722168 13.569549560546875 7.771852493286133 0.2
-18.404699325561523 13.335750579833984 7.81825065612793 0.2
-18.266698837280273 13.154850006103516 7.799150466918945 0.2
-18.025999069213867 13.127948760986328 7.80415153503418 0.2
-17.823400497436523 13.21194839477539 7.725252151489258 0.2
-17.79759979248047 13.423248291015625 7.625051498413086 0.2
-17.89739990234375 13.63344955444336 7.564050674438477 0.2
-18.07040023803711 13.790348052978516 7.598550796508789 0.2
-18.218000411987305 13.756649017333984 7.770051956176758 0.2
-18.261098861694336 13.587448120117188 7.949651718139648 0.2
-18.13469886779785 13.547248840332031 8.130552291870117 0.2
-17.892000198364258 13.548248291015625 8.113950729370117 0.2
-17.72909927368164 13.4344482421875 7.984251022338867 0.2
-17.74169921875 13.212650299072266 7.921651840209961 0.2
-17.873199462890625 13.055450439453125 8.039251327514648 0.2
-17.986799240112305 12.996849060058594 8.244451522827148 0.2
-18.15049934387207 13.083850860595703 8.387052536010742 0.2
-18.27899932861328 13.285247802734375 8.376951217651367 0.2
-18.2810001373291 13.5135498046875 8.316850662231445 0.2
-18.081199645996094 13.64645004272461 8.309850692749023 0.2
-17.859399795532227 13.590351104736328 8.378149032592773 0.2
-17.82819938659668 13.41965103149414 8.54005241394043 0.2
-17.964000701904297 13.22024917602539 8.570650100708008 0.2
-17.94339942932129 12.996650695800781 8.520452499389648 0.2
-17.74289894104004 12.888748168945312 8.580549240112305 0.2
-17.517398834228516 12.905750274658203 8.657651901245117 0.2
-17.35610008239746 13.070247650146484 8.61775016784668 0.2
-17.34600067138672 13.292247772216797 8.524751663208008 0.2
-17.463300704956055 13.493949890136719 8.489450454711914 0.2
-17.659700393676758 13.518550872802734 8.600549697875977 0.2
-17.79949951171875 13.382648468017578 8.756551742553711 0.2
-17.779399871826172 13.367847442626953 8.979249954223633 0.2
-17.549400329589844 13.358848571777344 9.063150405883789 0.2
-17.402599334716797 13.189449310302734 8.98444938659668 0.2
-17.41469955444336 12.975349426269531 8.882452011108398 0.2
-17.596799850463867 12.829547882080078 8.892351150512695 0.2
-17.783899307250977 12.783149719238281 9.038949966430664 0.2
-17.959400177001953 12.884651184082031 9.153650283813477 0.2
-18.012100219726562 13.117347717285156 9.156949996948242 0.2
-17.9512996673584 13.349849700927734 9.13654899597168 0.2
-17.769100189208984 13.498249053955078 9.177949905395508 0.2
-17.597700119018555 13.410049438476562 9.303949356079102 0.2
-17.694398880004883 13.264049530029297 9.459150314331055 0.2
-17.889699935913086 13.124149322509766 9.507349014282227 0.2
-18.00320053100586 12.948848724365234 9.394651412963867 0.2
-17.924699783325195 12.733650207519531 9.364252090454102 0.2
-17.79319953918457 12.62344741821289 9.529050827026367 0.2
-17.634899139404297 12.639549255371094 9.704751968383789 0.2
-17.464099884033203 12.799549102783203 9.729249954223633 0.2
-17.389598846435547 13.015449523925781 9.650152206420898 0.2
-17.472000122070312 13.228450775146484 9.599752426147461 0.2
-17.700698852539062 13.271350860595703 9.646051406860352 0.2
-17.90060043334961 13.221450805664062 9.776449203491211 0.2
-17.833999633789062 13.158748626708984 10.002752304077148 0.2
-17.704198837280273 12.968650817871094 10.045351028442383 0.2
-17.66939926147461 12.749748229980469 9.954648971557617 0.2
-17.81839942932129 12.595348358154297 9.857950210571289 0.2
-18.055500030517578 12.556549072265625 9.888849258422852 0.2
-18.264400482177734 12.66164779663086 9.90825080871582 0.2
-18.306900024414062 12.892749786376953 9.870752334594727 0.2
-18.225399017333984 13.120647430419922 9.85255241394043 0.2
-18.077600479125977 13.288448333740234 9.932149887084961 0.2
-17.95170021057129 13.25925064086914 10.136251449584961 0.2
-18.074100494384766 13.128250122070312 10.283552169799805 0.2
-18.303600311279297 13.02804946899414 10.28904914855957 0.2
-18.42329978942871 12.874248504638672 10.148649215698242 0.2
-18.398799896240234 12.655147552490234 10.06505012512207 0.2
-18.32379913330078 12.479148864746094 10.199750900268555 0.2
-18.279800415039062 12.43804931640625 10.434549331665039 0.2
-18.133899688720703 12.540950775146484 10.587949752807617 0.2
-17.994298934936523 12.73794937133789 10.582651138305664 0.2
-17.9606990814209 12.966449737548828 10.519948959350586 0.2
-18.138500213623047 13.111248016357422 10.479452133178711 0.2
-18.386699676513672 13.11104965209961 10.486150741577148 0.2
-18.48110008239746 13.060848236083984 10.692049026489258 0.2
-18.40719985961914 12.875747680664062 10.818151473999023 0.2
-18.334299087524414 12.64794921875 10.771249771118164 0.2
-18.404199600219727 12.466449737548828 10.635251998901367 0.2
-18.623899459838867 12.412750244140625 10.559049606323242 0.2
-18.84280014038086 12.500450134277344 10.525651931762695 0.2
-18.899599075317383 12.72385025024414 10.465749740600586 0.2
-18.816699981689453 12.952648162841797 10.455350875854492 0.2
-18.696300506591797 13.148448944091797 10.527151107788086 0.2
-18.61009979248047 13.17654800415039 10.750150680541992 0.2
-18.712400436401367 13.052947998046875 10.921751022338867 0.2
-18.947099685668945 12.972148895263672 10.923051834106445 0.2
-19.082599639892578 12.84225082397461 10.776849746704102 0.2
-19.072500228881836 12.648147583007812 10.63435173034668 0.2
-19.01490020751953 12.425251007080078 10.688150405883789 0.2
-19.042098999023438 12.321147918701172 10.905050277709961 0.2
-18.99329948425293 12.360050201416016 11.133550643920898 0.2
-18.84950065612793 12.530349731445312 11.222051620483398 0.2
-18.73889923095703 12.7469482421875 11.20305061340332 0.2
-18.80430030822754 12.963249206542969 11.144250869750977 0.2
-19.03190040588379 13.028148651123047 11.075750350952148 0.2
-19.2372989654541 13.013347625732422 11.178750991821289 0.2
-19.24959945678711 12.860649108886719 11.370149612426758 0.2
-19.17759895324707 12.628047943115234 11.370351791381836 0.2
-19.161100387573242 12.413650512695312 11.260950088500977 0.2
-19.311399459838867 12.311248779296875 11.107950210571289 0.2
-19.54450035095215 12.347549438476562 11.047449111938477 0.2
-19.659500122070312 12.539348602294922 10.967752456665039 0.2
-19.596899032592773 12.773750305175781 10.950250625610352 0.2
-19.481199264526367 12.98495101928711 10.999349594116211 0.2
-19.398799896240234 13.097049713134766 11.190450668334961 0.2
-19.47049903869629 13.022048950195312 11.407350540161133 0.2
-19.698200225830078 12.943950653076172 11.43895149230957 0.2
-19.875200271606445 12.845149993896484 11.307550430297852 0.2
-19.877899169921875 12.677047729492188 11.130250930786133 0.2
-19.825698852539062 12.44704818725586 11.09105110168457 0.2
-19.850200653076172 12.274250030517578 11.25255012512207 0.2
-19.90519905090332 12.249347686767578 11.485452651977539 0.2
-19.806900024414062 12.368850708007812 11.666749954223633 0.2
-19.66939926147461 12.568050384521484 11.70515251159668 0.2
-19.617000579833984 12.801448822021484 11.676950454711914 0.2
-19.777599334716797 12.95644760131836 11.590951919555664 0.2
-20.02039909362793 12.988750457763672 11.560850143432617 0.2
-20.14109992980957 12.889148712158203 11.751550674438477 0.2
-20.112600326538086 12.65945053100586 11.811651229858398 0.2
-20.059200286865234 12.428050994873047 11.748350143432617 0.2
-20.107500076293945 12.26715087890625 11.578149795532227 0.2
-20.306900024414062 12.25634765625 11.441350936889648 0.2
-20.471899032592773 12.398147583007812 11.341249465942383 0.2
-20.44649887084961 12.63385009765625 11.299150466918945 0.2
-20.33489990234375 12.84844970703125 11.346750259399414 0.2
-20.244298934936523 13.020347595214844 11.489850997924805 0.2
-20.29050064086914 13.021350860595703 11.72905158996582 0.2
-20.502899169921875 12.941650390625 11.80204963684082 0.2
-20.716999053955078 12.884750366210938 11.682649612426758 0.2
-20.748300552368164 12.736949920654297 11.493349075317383 0.2
-20.69219970703125 12.530548095703125 11.375452041625977 0.2
-20.689699172973633 12.305747985839844 11.454351425170898 0.2
-20.813499450683594 12.215950012207031 11.642950057983398 0.2
-20.831899642944336 12.270450592041016 11.874349594116211 0.2
-20.718299865722656 12.444747924804688 11.999750137329102 0.2
-20.6033992767334 12.660049438476562 12.033552169799805 0.2
-20.633100509643555 12.886051177978516 11.970048904418945 0.2
-20.822599411010742 12.982948303222656 11.833551406860352 0.2
-21.04640007019043 12.966949462890625 11.894948959350586 0.2
-21.11829948425293 12.775848388671875 12.01984977722168 0.2
-21.07309913635254 12.533248901367188 12.010751724243164 0.2
-21.03809928894043 12.31624984741211 11.90715217590332 0.2
-21.116100311279297 12.228248596191406 11.698652267456055 0.2
-21.294300079345703 12.296749114990234 11.546049118041992 0.2
-21.33609962463379 12.50484848022461 11.437650680541992 0.2
-21.25040054321289 12.731548309326172 11.468648910522461 0.2
-21.149999618530273 12.933250427246094 11.566850662231445 0.2
-21.14150047302246 13.057647705078125 11.76915168762207 0.2
-21.303199768066406 13.00374984741211 11.945852279663086 0.2
-21.529300689697266 12.945449829101562 11.879949569702148 0.2
-21.653200149536133 12.876548767089844 11.676950454711914 0.2
-21.600500106811523 12.705047607421875 11.509149551391602 0.2
-21.545499801635742 12.475349426269531 11.458551406860352 0.2
-21.629098892211914 12.28704833984375 11.577051162719727 0.2
-21.797698974609375 12.258647918701172 11.752450942993164 0.2
-21.804800033569336 12.36465072631836 11.966550827026367 0.2
-21.696300506591797 12.556648254394531 12.075052261352539 0.2
-21.625699996948242 12.787750244140625 12.080450057983398 0.2
-21.708900451660156 12.960948944091797 11.935251235961914 0.2
-21.911800384521484 13.034950256347656 11.842649459838867 0.2
-22.100000381469727 12.923450469970703 11.95515251159668 0.2
-22.10140037536621 12.681747436523438 11.98375129699707 0.2
-22.048200607299805 12.446250915527344 11.938852310180664 0.2
-22.02560043334961 12.295448303222656 11.753549575805664 0.2
-22.12459945678711 12.316349029541016 11.534650802612305 0.2
-22.177200317382812 12.486248016357422 11.375249862670898 0.2
-22.10610008239746 12.718151092529297 11.373651504516602 0.2
-22.022199630737305 12.924449920654297 11.478849411010742 0.2
-21.99679946899414 13.102550506591797 11.641851425170898 0.2
-22.152299880981445 13.126049041748047 11.827352523803711 0.2
-22.37299919128418 13.04494857788086 11.796651840209961 0.2
-22.49289894104004 13.005847930908203 11.580251693725586 0.2
-22.45039939880371 12.870948791503906 11.386251449584961 0.2
-22.363800048828125 12.658649444580078 11.300352096557617 0.2
-22.411800384521484 12.430950164794922 11.354150772094727 0.2
-22.627399444580078 12.359447479248047 11.440851211547852 0.2
-22.787199020385742 12.42864990234375 11.605051040649414 0.2
-22.758699417114258 12.595848083496094 11.77815055847168 0.2
-22.658899307250977 12.802249908447266 11.865850448608398 0.2
-22.62030029296875 13.013347625732422 11.768449783325195 0.2
-22.684598922729492 13.128948211669922 11.553152084350586 0.2
-22.925800323486328 13.136150360107422 11.519651412963867 0.2
-23.040699005126953 12.933448791503906 11.566251754760742 0.2
-23.019100189208984 12.688949584960938 11.579851150512695 0.2
-22.949899673461914 12.478050231933594 11.487649917602539 0.2
-22.91320037841797 12.428550720214844 11.257650375366211 0.2
-22.924999237060547 12.543148040771484 11.042852401733398 0.2
-22.82819938659668 12.754447937011719 10.984151840209961 0.2
-22.747400283813477 12.962448120117188 11.086648941040039 0.2
-22.71190071105957 13.157649993896484 11.232751846313477 0.2
-22.846500396728516 13.286449432373047 11.378549575805664 0.2
-23.081998825073242 13.250247955322266 11.360250473022461 0.2
-23.17569923400879 13.202350616455078 11.139852523803711 0.2
-23.124000549316406 13.095050811767578 10.927652359008789 0.2
-23.022499084472656 12.885150909423828 10.851652145385742 0.2
-23.050199508666992 12.647750854492188 10.87244987487793 0.2
-23.261199951171875 12.543350219726562 10.905149459838867 0.2
-23.488500595092773 12.608650207519531 10.950849533081055 0.2
-23.566499710083008 12.769451141357422 11.110250473022461 0.2
-23.493900299072266 12.961650848388672 11.244951248168945 0.2
-23.3843994140625 13.173049926757812 11.239351272583008 0.2
-23.310100555419922 13.290950775146484 11.029451370239258 0.2
-23.429500579833984 13.36874771118164 10.844751358032227 0.2
-23.6427001953125 13.264850616455078 10.826452255249023 0.2
-23.703899383544922 13.031349182128906 10.868349075317383 0.2
-23.67959976196289 12.79024887084961 10.867849349975586 0.2
-23.567399978637695 12.642349243164062 10.719850540161133 0.2
-23.497900009155273 12.680049896240234 10.489751815795898 0.2
-23.367599487304688 12.838150024414062 10.369649887084961 0.2
-23.257400512695312 13.041149139404297 10.440649032592773 0.2
-23.20800018310547 13.23685073852539 10.578752517700195 0.2
-23.28070068359375 13.428050994873047 10.700750350952148 0.2
-23.515100479125977 13.487247467041016 10.686250686645508 0.2
-23.62220001220703 13.430049896240234 10.482149124145508 0.2
-23.562700271606445 13.342948913574219 10.253850936889648 0.2
-23.460599899291992 13.133949279785156 10.184049606323242 0.2
-23.464000701904297 12.894451141357422 10.201051712036133 0.2
-23.659900665283203 12.764350891113281 10.21605110168457 0.2
-23.89299964904785 12.821849822998047 10.17664909362793 0.2
-24.038999557495117 12.982749938964844 10.272951126098633 0.2
-24.009899139404297 13.171947479248047 10.422552108764648 0.2
-23.889799118041992 13.369148254394531 10.488752365112305 0.2
-23.746299743652344 13.492450714111328 10.344350814819336 0.2
-23.716400146484375 13.559249877929688 10.119451522827148 0.2
-23.930200576782227 13.545650482177734 10.003652572631836 0.2
-24.066499710083008 13.34885025024414 10.024850845336914 0.2
-24.102800369262695 13.111248016357422 10.057950973510742 0.2
-24.00040054321289 12.911449432373047 9.981851577758789 0.2
-23.86669921875 12.882450103759766 9.78645133972168 0.2
-23.729000091552734 12.973247528076172 9.652349472045898 0.2
-23.58650016784668 13.131248474121094 9.668951034545898 0.2
-23.517900466918945 13.303749084472656 9.778749465942383 0.2
-23.50279998779297 13.48134994506836 9.899751663208008 0.2
-23.613800048828125 13.649547576904297 9.959150314331055 0.2
-23.813199996948242 13.693050384521484 9.881452560424805 0.2
-23.88559913635254 13.634048461914062 9.691949844360352 0.2
-23.812299728393555 13.552047729492188 9.496652603149414 0.2
-23.70949935913086 13.378349304199219 9.427549362182617 0.2
-23.67729949951172 13.166851043701172 9.441049575805664 0.2
-23.8031005859375 12.997150421142578 9.452451705932617 0.2
-24.001399993896484 12.975948333740234 9.383550643920898 0.2
-24.17609977722168 13.076950073242188 9.312952041625977 0.2
-24.29629898071289 13.238849639892578 9.37714958190918 0.2
-24.294198989868164 13.40304946899414 9.51555061340332 0.2
-24.206100463867188 13.564949035644531 9.623849868774414 0.2
-24.042999267578125 13.686248779296875 9.581552505493164 0.2
-23.888599395751953 13.707347869873047 9.422052383422852 0.2
-23.91349983215332 13.761249542236328 9.219949722290039 0.2
-24.09709930419922 13.71405029296875 9.114950180053711 0.2
-24.226999282836914 13.543750762939453 9.123651504516602 0.2
-24.273799896240234 13.336349487304688 9.144948959350586 0.2
-24.177099227905273 13.153648376464844 9.102251052856445 0.2
-24.017099380493164 13.101848602294922 8.972848892211914 0.2
-23.843700408935547 13.160747528076172 8.864850997924805 0.2
-23.6835994720459 13.296550750732422 8.896150588989258 0.2
-23.617399215698242 13.464248657226562 9.012250900268555 0.2
-23.611400604248047 13.641948699951172 9.132551193237305 0.2
-23.710399627685547 13.822547912597656 9.171850204467773 0.2
-23.885000228881836 13.891651153564453 9.062952041625977 0.2
-23.945098876953125 13.832950592041016 8.870450973510742 0.2
-23.846399307250977 13.737350463867188 8.694150924682617 0.2
-23.731199264526367 13.564949035644531 8.645051956176758 0.2
-23.710599899291992 13.354850769042969 8.667852401733398 0.2
-23.84950065612793 13.198551177978516 8.648351669311523 0.2
-24.02039909362793 13.195549011230469 8.52745246887207 0.2
-24.14539909362793 13.307449340820312 8.39525032043457 0.2
-24.26580047607422 13.479450225830078 8.397649765014648 0.2
-24.308198928833008 13.646148681640625 8.523649215698242 0.2
-24.263198852539062 13.797649383544922 8.666250228881836 0.2
-24.094099044799805 13.905948638916016 8.713251113891602 0.2
-23.895198822021484 13.889549255371094 8.62645149230957 0.2
-23.775999069213867 13.898448944091797 8.451452255249023 0.2
-23.875 13.906349182128906 8.258249282836914 0.2
-24.036300659179688 13.784648895263672 8.195150375366211 0.2
-24.13399887084961 13.59634780883789 8.198652267456055 0.2
-24.068500518798828 13.397647857666016 8.200750350952148 0.2
-23.886999130249023 13.306148529052734 8.144052505493164 0.2
-23.668899536132812 13.318550109863281 8.092550277709961 0.2
-23.494400024414062 13.42245101928711 8.181951522827148 0.2
-23.45039939880371 13.578048706054688 8.339052200317383 0.2
-23.481199264526367 13.760848999023438 8.46674919128418 0.2
-23.58180046081543 13.952751159667969 8.433649063110352 0.2
-23.678699493408203 14.012847900390625 8.233652114868164 0.2
-23.62689971923828 13.947151184082031 8.027349472045898 0.2
-23.475299835205078 13.8011474609375 7.92704963684082 0.2
-23.41029930114746 13.587749481201172 7.953950881958008 0.2
-23.50819969177246 13.39324951171875 7.933050155639648 0.2
-23.67650032043457 13.367149353027344 7.797052383422852 0.2
-23.75029945373535 13.47344970703125 7.621652603149414 0.2
-23.831899642944336 13.643848419189453 7.531049728393555 0.2
-23.90369987487793 13.82965087890625 7.600351333618164 0.2
-23.91390037536621 13.984748840332031 7.746252059936523 0.2
-23.796998977661133 14.08905029296875 7.882749557495117 0.2
-23.58930015563965 14.065250396728516 7.906652450561523 0.2
-23.391799926757812 13.994850158691406 7.829351425170898 0.2
-23.35689926147461 14.011051177978516 7.61414909362793 0.2
-23.488399505615234 13.954448699951172 7.460851669311523 0.2
-23.625499725341797 13.802947998046875 7.408151626586914 0.2
-23.618099212646484 13.597949981689453 7.436250686645508 0.2
-23.450300216674805 13.480247497558594 7.474550247192383 0.2
-23.22049903869629 13.453048706054688 7.504152297973633 0.2
-23.054399490356445 13.52804946899414 7.649251937866211 0.2
-23.05109977722168 13.683448791503906 7.830251693725586 0.2
-23.12459945678711 13.892749786376953 7.907548904418945 0.2
-23.176700592041016 14.057750701904297 7.747652053833008 0.2
-23.137399673461914 14.073047637939453 7.510149002075195 0.2
-22.967599868774414 13.949050903320312 7.388349533081055 0.2
-22.886199951171875 13.73134994506836 7.438852310180664 0.2
-22.982200622558594 13.525650024414062 7.413049697875977 0.2
-23.109498977661133 13.511848449707031 7.222848892211914 0.2
-23.13749885559082 13.636051177978516 7.016950607299805 0.2
-23.20159912109375 13.841350555419922 6.926950454711914 0.2
-23.259199142456055 14.052848815917969 7.019750595092773 0.2
-23.236900329589844 14.211250305175781 7.195249557495117 0.2
-23.064699172973633 14.234447479248047 7.346250534057617 0.2
-22.8572998046875 14.094650268554688 7.375650405883789 0.2
-22.69219970703125 14.040149688720703 7.219152450561523 0.2
-22.750699996948242 14.053749084472656 6.989650726318359 0.2
-22.922800064086914 13.971248626708984 6.854650497436523 0.2
-22.977100372314453 13.749649047851562 6.865550994873047 0.2
-22.822999954223633 13.599449157714844 6.9555511474609375 0.2
-22.59429931640625 13.541851043701172 7.008050918579102 0.2
-22.4158992767334 13.574050903320312 7.150651931762695 0.2
-22.406700134277344 13.689350128173828 7.356451034545898 0.2
-22.48509979248047 13.870750427246094 7.483850479125977 0.2
-22.54159927368164 14.07175064086914 7.391050338745117 0.2
-22.516599655151367 14.13425064086914 7.154050827026367 0.2
-22.393299102783203 14.015350341796875 6.990850448608398 0.2
-22.308198928833008 13.78664779663086 6.991050720214844 0.2
-22.265199661254883 13.613048553466797 6.851751327514648 0.2
-22.177799224853516 13.66455078125 6.64055061340332 0.2
-22.20240020751953 13.77975082397461 6.433050155639648 0.2
-22.325300216674805 13.956249237060547 6.348451614379883 0.2
-22.452600479125977 14.131649017333984 6.445850372314453 0.2
-22.521099090576172 14.252449035644531 6.637451171875 0.2
-22.4330997467041 14.231647491455078 6.843450546264648 0.2
-22.258899688720703 14.069549560546875 6.899450302124023 0.2
-22.036399841308594 14.03125 6.887750625610352 0.2
-21.939599990844727 14.141948699951172 6.692451477050781 0.2
-22.013099670410156 14.169147491455078 6.469751358032227 0.2
-22.073699951171875 14.006248474121094 6.3193511962890625 0.2
-21.992700576782227 13.791748046875 6.352651596069336 0.2
-21.815799713134766 13.684650421142578 6.474451065063477 0.2
-21.69379997253418 13.621047973632812 6.667850494384766 0.2
-21.726999282836914 13.666450500488281 6.8948516845703125 0.2
-21.851499557495117 13.803848266601562 7.043352127075195 0.2
-21.88450050354004 14.028850555419922 7.026851654052734 0.2
-21.789499282836914 14.167247772216797 6.846549987792969 0.2
-21.607799530029297 14.16524887084961 6.701351165771484 0.2
-21.48379898071289 13.961349487304688 6.6878509521484375 0.2
-21.526100158691406 13.735347747802734 6.632951736450195 0.2
-21.483400344848633 13.675350189208984 6.41925048828125 0.2
-21.33989906311035 13.782947540283203 6.255651473999023 0.2
-21.276100158691406 13.9886474609375 6.14995002746582 0.2
-21.352800369262695 14.235050201416016 6.230550765991211 0.2
-21.4606990814209 14.389850616455078 6.428350448608398 0.2
-21.478899002075195 14.35205078125 6.687950134277344 0.2
-21.366899490356445 14.120147705078125 6.799350738525391 0.2
-21.156999588012695 14.062850952148438 6.65355110168457 0.2
-21.087900161743164 14.118949890136719 6.393550872802734 0.2
-21.06209945678711 13.924148559570312 6.226551055908203 0.2
-20.935100555419922 13.71364974975586 6.325050354003906 0.2
-20.81559944152832 13.532051086425781 6.490449905395508 0.2
-20.883298873901367 13.434150695800781 6.723649978637695 0.2
-21.062700271606445 13.555850982666016 6.884651184082031 0.2
-21.18440055847168 13.792549133300781 6.902950286865234 0.2
-21.060100555419922 13.980548858642578 6.759450912475586 0.2
-20.821300506591797 14.041950225830078 6.648151397705078 0.2
-20.62579917907715 13.877948760986328 6.722850799560547 0.2
-20.640399932861328 13.622749328613281 6.804250717163086 0.2
-20.614599227905273 13.459049224853516 6.612150192260742 0.2
-20.445798873901367 13.551250457763672 6.427051544189453 0.2
-20.316499710083008 13.7469482421875 6.287750244140625 0.2
-20.385299682617188 14.003250122070312 6.257850646972656 0.2
-20.54759979248047 14.19704818725586 6.359350204467773 0.2
-20.641599655151367 14.235847473144531 6.600851058959961 0.2
-20.577899932861328 14.066650390625 6.806051254272461 0.2
-20.355899810791016 13.93294906616211 6.803750991821289 0.2
-20.207599639892578 13.96255111694336 6.567150115966797 0.2
-20.135398864746094 13.783149719238281 6.391750335693359 0.2
-20.017099380493164 13.566349029541016 6.494649887084961 0.2
-19.97369956970215 13.40224838256836 6.704750061035156 0.2
-20.10770034790039 13.4322509765625 6.931150436401367 0.2
-20.278099060058594 13.61104965209961 7.050752639770508 0.2
-20.32149887084961 13.867847442626953 7.025051116943359 0.2
-20.1387996673584 13.991447448730469 6.850151062011719 0.2
-19.88249969482422 13.975849151611328 6.787151336669922 0.2
-19.776199340820312 13.759048461914062 6.90985107421875 0.2
-19.829700469970703 13.497650146484375 6.9051513671875 0.2
-19.685800552368164 13.395549774169922 6.719051361083984 0.2
-19.457799911499023 13.508750915527344 6.613950729370117 0.2
