25.112199783325195 -10.168949127197266 -1.8839492797851562 0.2
24.97920036315918 -10.336051940917969 -1.992849349975586 0.2
24.876699447631836 -10.513851165771484 -1.861349105834961 0.2
24.877399444580078 -10.661651611328125 -1.659749984741211 0.2
25.00160026550293 -10.849052429199219 -1.5770492553710938 0.2
25.132299423217773 -10.99155044555664 -1.7277488708496094 0.2
25.16080093383789 -11.049751281738281 -1.9670486450195312 0.2
25.06909942626953 -10.943550109863281 -2.1622486114501953 0.2
24.99049949645996 -10.709949493408203 -2.1896495819091797 0.2
25.004100799560547 -10.463150024414062 -2.1805496215820312 0.2
25.183500289916992 -10.323051452636719 -2.25885009765625 0.2
25.37179946899414 -10.384849548339844 -2.4083499908447266 0.2
25.543500900268555 -10.545150756835938 -2.363048553466797 0.2
25.54650115966797 -10.700752258300781 -2.171449661254883 0.2
25.457901000976562 -10.865550994873047 -2.0090484619140625 0.2
25.347200393676758 -11.072750091552734 -2.057048797607422 0.2
25.346200942993164 -11.19955062866211 -2.270050048828125 0.2
25.45039939880371 -11.20895004272461 -2.4919490814208984 0.2
25.57740020751953 -11.02764892578125 -2.5875492095947266 0.2
25.60740089416504 -10.780052185058594 -2.569049835205078 0.2
25.52199935913086 -10.555850982666016 -2.610048294067383 0.2
25.371400833129883 -10.510051727294922 -2.794849395751953 0.2
25.216899871826172 -10.63125228881836 -2.9417495727539062 0.2
25.078001022338867 -10.800849914550781 -2.841348648071289 0.2
25.078100204467773 -10.946849822998047 -2.6377487182617188 0.2
25.164499282836914 -11.132850646972656 -2.5056495666503906 0.2
25.271499633789062 -11.323051452636719 -2.6111488342285156 0.2
25.26799964904785 -11.421951293945312 -2.8398494720458984 0.2
25.159000396728516 -11.37845230102539 -3.0532493591308594 0.2
25.07430076599121 -11.156951904296875 -3.113748550415039 0.2
25.07859992980957 -10.906551361083984 -3.102548599243164 0.2
25.2185001373291 -10.723152160644531 -3.178548812866211 0.2
25.365100860595703 -10.745651245117188 -3.3729496002197266 0.2
25.520000457763672 -10.91054916381836 -3.456949234008789 0.2
25.603300094604492 -11.085552215576172 -3.308349609375 0.2
25.570899963378906 -11.227550506591797 -3.1041488647460938 0.2
25.443599700927734 -11.414749145507812 -3.020750045776367 0.2
25.337400436401367 -11.572650909423828 -3.1764488220214844 0.2
25.341699600219727 -11.645549774169922 -3.4146499633789062 0.2
25.458600997924805 -11.549049377441406 -3.601949691772461 0.2
25.544401168823242 -11.316951751708984 -3.6302490234375 0.2
25.539199829101562 -11.06875228881836 -3.635648727416992 0.2
25.375900268554688 -10.92605209350586 -3.741849899291992 0.2
25.1968994140625 -10.989749908447266 -3.9030494689941406 0.2
25.01420021057129 -11.137752532958984 -3.8533496856689453 0.2
24.997900009155273 -11.286651611328125 -3.655149459838867 0.2
25.06730079650879 -11.452251434326172 -3.482248306274414 0.2
25.16160011291504 -11.671649932861328 -3.517148971557617 0.2
25.141300201416016 -11.811248779296875 -3.7213497161865234 0.2
25.016000747680664 -11.828350067138672 -3.932748794555664 0.2
24.896699905395508 -11.643051147460938 -4.033548355102539 0.2
24.903499603271484 -11.391952514648438 -4.031749725341797 0.2
25.004100799560547 -11.174449920654297 -4.087249755859375 0.2
25.134000778198242 -11.142650604248047 -4.288848876953125 0.2
25.215299606323242 -11.289249420166016 -4.472249984741211 0.2
25.339399337768555 -11.489349365234375 -4.4194488525390625 0.2
25.36910057067871 -11.636051177978516 -4.21824836730957 0.2
25.29829978942871 -11.793048858642578 -4.042449951171875 0.2
25.124799728393555 -11.958549499511719 -4.0760498046875 0.2
25.023300170898438 -12.062751770019531 -4.279449462890625 0.2
25.050199508666992 -12.05405044555664 -4.5220489501953125 0.2
25.16189956665039 -11.866050720214844 -4.632648468017578 0.2
25.233400344848633 -11.625850677490234 -4.646648406982422 0.2
25.138999938964844 -11.404651641845703 -4.682048797607422 0.2
24.923601150512695 -11.373851776123047 -4.795249938964844 0.2
24.70479965209961 -11.475349426269531 -4.77924919128418 0.2
24.651700973510742 -11.620750427246094 -4.588949203491211 0.2
24.7283992767334 -11.77764892578125 -4.407249450683594 0.2
24.810199737548828 -12.002052307128906 -4.365449905395508 0.2
24.76490020751953 -12.183551788330078 -4.525049209594727 0.2
24.60580062866211 -12.242752075195312 -4.708349227905273 0.2
24.438199996948242 -12.10605239868164 -4.816949844360352 0.2
24.43830108642578 -11.857749938964844 -4.83704948425293 0.2
24.52400016784668 -11.625850677490234 -4.877248764038086 0.2
24.638500213623047 -11.531051635742188 -5.068248748779297 0.2
24.633501052856445 -11.634651184082031 -5.295949935913086 0.2
24.708600997924805 -11.852249145507812 -5.366748809814453 0.2
24.792800903320312 -12.028450012207031 -5.214149475097656 0.2
24.80980110168457 -12.169151306152344 -5.008150100708008 0.2
24.65399932861328 -12.31875228881836 -4.900348663330078 0.2
24.456100463867188 -12.424652099609375 -5.006948471069336 0.2
24.351499557495117 -12.46615219116211 -5.226949691772461 0.2
24.414400100708008 -12.34775161743164 -5.428348541259766 0.2
24.527400970458984 -12.132949829101562 -5.49224853515625 0.2
24.545101165771484 -11.888252258300781 -5.514949798583984 0.2
24.350099563598633 -11.748451232910156 -5.545749664306641 0.2
24.104101181030273 -11.787250518798828 -5.544549942016602 0.2
24.002099990844727 -11.90114974975586 -5.356649398803711 0.2
24.080699920654297 -12.059650421142578 -5.177848815917969 0.2
24.17150115966797 -12.268550872802734 -5.081748962402344 0.2
24.130199432373047 -12.489452362060547 -5.173648834228516 0.2
23.94379997253418 -12.580249786376953 -5.313549041748047 0.2
23.72879981994629 -12.505352020263672 -5.404748916625977 0.2
23.683900833129883 -12.267452239990234 -5.4371490478515625 0.2
23.77079963684082 -12.033550262451172 -5.472648620605469 0.2
23.872600555419922 -11.879051208496094 -5.632749557495117 0.2
23.839900970458984 -11.914749145507812 -5.870948791503906 0.2
23.793800354003906 -12.103649139404297 -6.018049240112305 0.2
23.884300231933594 -12.324649810791016 -5.966949462890625 0.2
23.97130012512207 -12.474250793457031 -5.784149169921875 0.2
23.92770004272461 -12.615348815917969 -5.589748382568359 0.2
23.70720100402832 -12.717948913574219 -5.555849075317383 0.2
23.501399993896484 -12.775352478027344 -5.686149597167969 0.2
23.44059944152832 -12.727550506591797 -5.915349960327148 0.2
23.53809928894043 -12.547649383544922 -6.056148529052734 0.2
23.629499435424805 -12.322650909423828 -6.118249893188477 0.2
23.536800384521484 -12.099552154541016 -6.10624885559082 0.2
23.29129981994629 -12.057552337646484 -6.081748962402344 0.2
23.137300491333008 -12.124149322509766 -5.908449172973633 0.2
23.199501037597656 -12.274250030517578 -5.721248626708984 0.2
23.316801071166992 -12.462852478027344 -5.604349136352539 0.2
23.313899993896484 -12.704452514648438 -5.623449325561523 0.2
23.125600814819336 -12.834850311279297 -5.717048645019531 0.2
22.884201049804688 -12.8177490234375 -5.770849227905273 0.2
22.760499954223633 -12.6103515625 -5.786949157714844 0.2
22.833600997924805 -12.37514877319336 -5.832849502563477 0.2
22.931499481201172 -12.18265151977539 -5.955549240112305 0.2
22.907800674438477 -12.14645004272461 -6.192449569702148 0.2
22.757200241088867 -12.267749786376953 -6.351449966430664 0.2
22.76970100402832 -12.504249572753906 -6.400249481201172 0.2
22.886199951171875 -12.688751220703125 -6.278348922729492 0.2
22.955801010131836 -12.83645248413086 -6.09014892578125 0.2
22.814001083374023 -12.93905258178711 -5.923849105834961 0.2
22.56909942626953 -12.988849639892578 -5.932149887084961 0.2
22.378400802612305 -12.984451293945312 -6.087749481201172 0.2
22.38840103149414 -12.854049682617188 -6.292549133300781 0.2
22.498001098632812 -12.661651611328125 -6.411748886108398 0.2
22.52280044555664 -12.419349670410156 -6.434450149536133 0.2
22.345500946044922 -12.27145004272461 -6.359949111938477 0.2
22.160400390625 -12.281452178955078 -6.200948715209961 0.2
22.185199737548828 -12.401351928710938 -5.989648818969727 0.2
22.315099716186523 -12.58755111694336 -5.880548477172852 0.2
22.364099502563477 -12.82564926147461 -5.8504486083984375 0.2
22.194700241088867 -12.996952056884766 -5.8941497802734375 0.2
21.945499420166016 -13.01504898071289 -5.901248931884766 0.2
21.768301010131836 -12.851852416992188 -5.871849060058594 0.2
21.802900314331055 -12.611251831054688 -5.910648345947266 0.2
21.906700134277344 -12.409751892089844 -6.019449234008789 0.2
21.90450096130371 -12.307552337646484 -6.238748550415039 0.2
21.714099884033203 -12.356651306152344 -6.389549255371094 0.2
21.595300674438477 -12.553749084472656 -6.465349197387695 0.2
21.679800033569336 -12.780052185058594 -6.422849655151367 0.2
21.809200286865234 -12.94845199584961 -6.289649963378906 0.2
21.79669952392578 -13.066349029541016 -6.078948974609375 0.2
21.586999893188477 -13.100051879882812 -5.953649520874023 0.2
21.339900970458984 -13.089649200439453 -5.975948333740234 0.2
21.216899871826172 -12.994850158691406 -6.159749984741211 0.2
21.287599563598633 -12.834049224853516 -6.336448669433594 0.2
21.375699996948242 -12.62514877319336 -6.435649871826172 0.2
21.32870101928711 -12.403549194335938 -6.355749130249023 0.2
21.167200088500977 -12.334850311279297 -6.178348541259766 0.2
21.17690086364746 -12.40264892578125 -5.946748733520508 0.2
21.302000045776367 -12.591850280761719 -5.843050003051758 0.2
21.382200241088867 -12.824649810791016 -5.807350158691406 0.2
21.249900817871094 -13.026451110839844 -5.795648574829102 0.2
21.010799407958984 -13.054950714111328 -5.731849670410156 0.2
20.823400497436523 -12.929351806640625 -5.634649276733398 0.2
20.823400497436523 -12.68804931640625 -5.634849548339844 0.2
20.927000045776367 -12.492950439453125 -5.754749298095703 0.2
20.94219970703125 -12.349651336669922 -5.952749252319336 0.2
20.750200271606445 -12.32345199584961 -6.095949172973633 0.2
20.531700134277344 -12.433052062988281 -6.114749908447266 0.2
20.507200241088867 -12.673851013183594 -6.122749328613281 0.2
20.63719940185547 -12.877250671386719 -6.057350158691406 0.2
20.735000610351562 -13.030052185058594 -5.89324951171875 0.2
20.638099670410156 -13.063152313232422 -5.67234992980957 0.2
20.420400619506836 -13.026649475097656 -5.556249618530273 0.2
20.20639991760254 -12.935249328613281 -5.620948791503906 0.2
20.179201126098633 -12.793750762939453 -5.818748474121094 0.2
20.25710105895996 -12.627750396728516 -5.988548278808594 0.2
20.321500778198242 -12.395950317382812 -5.991449356079102 0.2
20.25080108642578 -12.248451232910156 -5.806650161743164 0.2
20.253400802612305 -12.252849578857422 -5.56505012512207 0.2
20.37779998779297 -12.423751831054688 -5.442348480224609 0.2
20.470600128173828 -12.65584945678711 -5.423749923706055 0.2
20.39229965209961 -12.881450653076172 -5.388149261474609 0.2
20.18090057373047 -12.936248779296875 -5.275949478149414 0.2
20.010601043701172 -12.84115219116211 -5.12354850769043 0.2
19.986400604248047 -12.612350463867188 -5.053348541259766 0.2
20.076601028442383 -12.412952423095703 -5.169948577880859 0.2
20.121299743652344 -12.257450103759766 -5.357448577880859 0.2
19.958600997924805 -12.170650482177734 -5.510250091552734 0.2
19.713600158691406 -12.183250427246094 -5.475648880004883 0.2
19.56890106201172 -12.374752044677734 -5.459449768066406 0.2
19.637500762939453 -12.61104965209961 -5.44434928894043 0.2
19.770999908447266 -12.804450988769531 -5.365148544311523 0.2
19.80900001525879 -12.88385009765625 -5.142148971557617 0.2
19.67799949645996 -12.840751647949219 -4.93604850769043 0.2
19.471200942993164 -12.738449096679688 -4.852849960327148 0.2
19.33970069885254 -12.592750549316406 -4.99064826965332 0.2
19.359500885009766 -12.452651977539062 -5.196249008178711 0.2
19.446001052856445 -12.252952575683594 -5.304349899291992 0.2
19.498001098632812 -12.057449340820312 -5.174848556518555 0.2
19.52880096435547 -12.004749298095703 -4.938549041748047 0.2
19.66860008239746 -12.138050079345703 -4.79374885559082 0.2
19.75279998779297 -12.37295150756836 -4.790149688720703 0.2
19.71980094909668 -12.613151550292969 -4.765048980712891 0.2
19.547901153564453 -12.705249786376953 -4.620948791503906 0.2
19.414600372314453 -12.632152557373047 -4.424949645996094 0.2
19.39940071105957 -12.432350158691406 -4.289649963378906 0.2
19.479101181030273 -12.21875 -4.3717498779296875 0.2
19.529300689697266 -12.065750122070312 -4.562250137329102 0.2
19.406999588012695 -11.936248779296875 -4.723148345947266 0.2
19.177499771118164 -11.873851776123047 -4.669149398803711 0.2
18.979801177978516 -11.969451904296875 -4.567850112915039 0.2
18.946300506591797 -12.20865249633789 -4.558849334716797 0.2
19.051000595092773 -12.434452056884766 -4.553249359130859 0.2
19.172300338745117 -12.578350067138672 -4.40464973449707 0.2
19.16790008544922 -12.555252075195312 -4.161548614501953 0.2
19.0487003326416 -12.44594955444336 -3.9748497009277344 0.2
18.87670135498047 -12.280250549316406 -3.9808483123779297 0.2
18.815000534057617 -12.13785171508789 -4.172149658203125 0.2
18.855100631713867 -11.977851867675781 -4.353948593139648 0.2
18.98419952392578 -11.778450012207031 -4.334949493408203 0.2
19.075599670410156 -11.677249908447266 -4.129049301147461 0.2
19.23940086364746 -11.76504898071289 -3.9779491424560547 0.2
19.323699951171875 -11.995849609375 -3.9718494415283203 0.2
19.301599502563477 -12.241352081298828 -3.9702491760253906 0.2
19.17099952697754 -12.375251770019531 -3.82135009765625 0.2
19.086400985717773 -12.322052001953125 -3.5957489013671875 0.2
19.10070037841797 -12.15835189819336 -3.414949417114258 0.2
19.19390106201172 -11.94124984741211 -3.446849822998047 0.2
19.238300323486328 -11.78915023803711 -3.6386489868164062 0.2
19.1471004486084 -11.639751434326172 -3.8061485290527344 0.2
18.94430160522461 -11.521049499511719 -3.7626495361328125 0.2
18.773601531982422 -11.523250579833984 -3.5882492065429688 0.2
18.652599334716797 -11.719051361083984 -3.5220489501953125 0.2
18.692001342773438 -11.962348937988281 -3.545848846435547 0.2
18.818300247192383 -12.161651611328125 -3.4914493560791016 0.2
18.92300033569336 -12.190650939941406 -3.276548385620117 0.2
18.912601470947266 -12.0926513671875 -3.0497493743896484 0.2
18.791400909423828 -11.91925048828125 -2.935548782348633 0.2
18.666200637817383 -11.75155258178711 -3.0557498931884766 0.2
18.63759994506836 -11.61185073852539 -3.257749557495117 0.2
18.75870132446289 -11.43115234375 -3.3550491333007812 0.2
18.915599822998047 -11.300949096679688 -3.2201499938964844 0.2
19.09939956665039 -11.336051940917969 -3.070049285888672 0.2
19.207799911499023 -11.550949096679688 -3.0568485260009766 0.2
19.183000564575195 -11.797149658203125 -3.076648712158203 0.2
19.080699920654297 -11.970748901367188 -2.948648452758789 0.2
19.033599853515625 -11.952350616455078 -2.71044921875 0.2
19.08500099182129 -11.822952270507812 -2.507648468017578 0.2
19.20560073852539 -11.61865234375 -2.4809494018554688 0.2
19.249300003051758 -11.457149505615234 -2.660249710083008 0.2
19.180400848388672 -11.309749603271484 -2.843050003051758 0.2
19.003000259399414 -11.152851104736328 -2.828248977661133 0.2
18.885799407958984 -11.080249786376953 -2.624448776245117 0.2
18.746200561523438 -11.200252532958984 -2.472949981689453 0.2
18.70840072631836 -11.441150665283203 -2.475648880004883 0.2
18.787399291992188 -11.672550201416016 -2.4879493713378906 0.2
18.950300216674805 -11.77505111694336 -2.34844970703125 0.2
19.037500381469727 -11.707550048828125 -2.128448486328125 0.2
19.01420021057129 -11.549152374267578 -1.9450492858886719 0.2
18.8789005279541 -11.354751586914062 -1.9620494842529297 0.2
18.783599853515625 -11.214351654052734 -2.141948699951172 0.2
18.83919906616211 -11.051151275634766 -2.308948516845703 0.2
19.028499603271484 -10.908050537109375 -2.279348373413086 0.2
19.23349952697754 -10.898151397705078 -2.1511497497558594 0.2
19.382699966430664 -11.083751678466797 -2.1336498260498047 0.2
19.357500076293945 -11.328449249267578 -2.159648895263672 0.2
19.26650047302246 -11.531452178955078 -2.069049835205078 0.2
19.23870086669922 -11.558650970458984 -1.8317489624023438 0.2
19.318500518798828 -11.459548950195312 -1.6206493377685547 0.2
19.464399337768555 -11.282150268554688 -1.5508499145507812 0.2
19.530200958251953 -11.106552124023438 -1.7007484436035156 0.2
19.469100952148438 -10.964851379394531 -1.8929500579833984 0.2
19.308700561523438 -10.792350769042969 -1.923248291015625 0.2
19.219900131225586 -10.67245101928711 -1.7308483123779297 0.2
19.125900268554688 -10.714149475097656 -1.5146484375 0.2
19.03569984436035 -10.929450988769531 -1.4600486755371094 0.2
19.052499771118164 -11.172248840332031 -1.5008487701416016 0.2
19.2096004486084 -11.338951110839844 -1.4395484924316406 0.2
19.367700576782227 -11.31875228881836 -1.255350112915039 0.2
19.435501098632812 -11.187850952148438 -1.059549331665039 0.2
19.35140037536621 -10.979351043701172 -0.9848499298095703 0.2
19.217500686645508 -10.819751739501953 -1.113748550415039 0.2
19.19409942626953 -10.669849395751953 -1.3019485473632812 0.2
19.3705997467041 -10.52764892578125 -1.370849609375 0.2
19.598800659179688 -10.488052368164062 -1.2892494201660156 0.2
19.776100158691406 -10.645851135253906 -1.2868499755859375 0.2
19.758399963378906 -10.887950897216797 -1.3125495910644531 0.2
19.6658992767334 -11.101451873779297 -1.2444496154785156 0.2
19.649999618530273 -11.173751831054688 -1.0183486938476562 0.2
19.762800216674805 -11.104148864746094 -0.8114490509033203 0.2
19.93560028076172 -10.961349487304688 -0.7205486297607422 0.2
20.032699584960938 -10.786251068115234 -0.8476486206054688 0.2
19.973800659179688 -10.645549774169922 -1.0416488647460938 0.2
19.82990074157715 -10.464752197265625 -1.1036491394042969 0.2
19.75659942626953 -10.307849884033203 -0.9396495819091797 0.2
19.733699798583984 -10.287349700927734 -0.7000484466552734 0.2
19.631500244140625 -10.455249786376953 -0.5661487579345703 0.2
19.58799934387207 -10.696151733398438 -0.5941486358642578 0.2
19.69219970703125 -10.910652160644531 -0.5982494354248047 0.2
19.89419937133789 -10.950950622558594 -0.47374916076660156 0.2
20.039899826049805 -10.855049133300781 -0.3004493713378906 0.2
20.044599533081055 -10.654552459716797 -0.172149658203125 0.2
19.910900115966797 -10.462150573730469 -0.22854995727539062 0.2
19.81920051574707 -10.313949584960938 -0.39964866638183594 0.2
19.93560028076172 -10.17824935913086 -0.5549488067626953 0.2
20.173900604248047 -10.12125015258789 -0.5434494018554688 0.2
20.376800537109375 -10.242950439453125 -0.5528488159179688 0.2
20.37779998779297 -10.482349395751953 -0.5792484283447266 0.2
20.274499893188477 -10.698650360107422 -0.5256500244140625 0.2
20.257200241088867 -10.808448791503906 -0.3163490295410156 0.2
20.394100189208984 -10.77035140991211 -0.11804962158203125 0.2
20.5935001373291 -10.664249420166016 -0.025848388671875 0.2
20.732200622558594 -10.505451202392578 -0.13374900817871094 0.2
20.67690086364746 -10.363052368164062 -0.3256492614746094 0.2
20.542400360107422 -10.186752319335938 -0.42034912109375 0.2
20.482799530029297 -9.996349334716797 -0.293548583984375 0.2
20.536800384521484 -9.920951843261719 -0.06624984741210938 0.2
20.47439956665039 -10.023849487304688 0.1376514434814453 0.2
20.382400512695312 -10.247249603271484 0.1679515838623047 0.2
20.403100967407227 -10.485950469970703 0.13935089111328125 0.2
20.603300094604492 -10.605049133300781 0.1853504180908203 0.2
20.81130027770996 -10.55514907836914 0.3061504364013672 0.2
20.925500869750977 -10.387248992919922 0.43595123291015625 0.2
20.840700149536133 -10.1656494140625 0.4510517120361328 0.2
20.70090103149414 -10.002952575683594 0.33045005798339844 0.2
20.720800399780273 -9.868850708007812 0.1349506378173828 0.2
20.93440055847168 -9.808349609375 0.042449951171875 0.2
21.15019989013672 -9.899951934814453 -0.0041484832763671875 0.2
21.177101135253906 -10.133750915527344 -0.04334831237792969 0.2
21.06369972229004 -10.345050811767578 0.014150619506835938 0.2
21.031299591064453 -10.489051818847656 0.199951171875 0.2
21.18779945373535 -10.49544906616211 0.38355064392089844 0.2
21.413400650024414 -10.429149627685547 0.45385169982910156 0.2
21.588600158691406 -10.30405044555664 0.35265159606933594 0.2
21.55270004272461 -10.155952453613281 0.1656513214111328 0.2
21.41790008544922 -9.985450744628906 0.05434989929199219 0.2
21.35919952392578 -9.770050048828125 0.1336517333984375 0.2
21.471500396728516 -9.654449462890625 0.31785011291503906 0.2
21.506799697875977 -9.693351745605469 0.5488510131835938 0.2
21.408300399780273 -9.881851196289062 0.6606502532958984 0.2
21.34000015258789 -10.117050170898438 0.6523513793945312 0.2
21.473499298095703 -10.310951232910156 0.6326503753662109 0.2
21.713899612426758 -10.33005142211914 0.6707515716552734 0.2
21.917800903320312 -10.218551635742188 0.7438507080078125 0.2
21.939701080322266 -9.989452362060547 0.7973499298095703 0.2
21.800199508666992 -9.793750762939453 0.7470512390136719 0.2
21.71820068359375 -9.643451690673828 0.5793514251708984 0.2
21.849000930786133 -9.585052490234375 0.3890514373779297 0.2
22.050500869750977 -9.657852172851562 0.27335166931152344 0.2
22.07859992980957 -9.88235092163086 0.20315170288085938 0.2
21.96619987487793 -10.087749481201172 0.27555084228515625 0.2
21.920801162719727 -10.24734878540039 0.44935035705566406 0.2
22.085100173950195 -10.308448791503906 0.6114501953125 0.2
22.328899383544922 -10.288650512695312 0.63275146484375 0.2
22.5226993560791 -10.210552215576172 0.5132503509521484 0.2
22.502099990844727 -10.065452575683594 0.324951171875 0.2
22.361900329589844 -9.892452239990234 0.21875 0.2
22.31100082397461 -9.663150787353516 0.2604503631591797 0.2
22.458799362182617 -9.520450592041016 0.3849506378173828 0.2
22.603900909423828 -9.52505111694336 0.5751514434814453 0.2
22.561201095581055 -9.671249389648438 0.7586517333984375 0.2
22.443099975585938 -9.880451202392578 0.8130512237548828 0.2
22.462600708007812 -10.114250183105469 0.7791500091552734 0.2
22.674301147460938 -10.216949462890625 0.7213516235351562 0.2
22.9143009185791 -10.17755126953125 0.6884498596191406 0.2
23.0447998046875 -9.980449676513672 0.7027511596679688 0.2
22.966100692749023 -9.749649047851562 0.7099514007568359 0.2
22.84079933166504 -9.56405258178711 0.6174507141113281 0.2
22.84079933166504 -9.495052337646484 0.3896503448486328 0.2
22.965999603271484 -9.568851470947266 0.1927509307861328 0.2
22.954700469970703 -9.782150268554688 0.09105110168457031 0.2
22.846099853515625 -9.9759521484375 0.191650390625 0.2
22.80190086364746 -10.129749298095703 0.37635040283203125 0.2
22.96940040588379 -10.244548797607422 0.5001506805419922 0.2
23.205101013183594 -10.284751892089844 0.44605064392089844 0.2
23.37310028076172 -10.266551971435547 0.27105140686035156 0.2
23.347999572753906 -10.137649536132812 0.0722503662109375 0.2
23.212100982666016 -9.94375228881836 0.0001506805419921875 0.2
23.177900314331055 -9.706550598144531 0.01905059814453125 0.2
23.360700607299805 -9.557750701904297 0.06035041809082031 0.2
23.593299865722656 -9.5655517578125 0.13285064697265625 0.2
23.653900146484375 -9.684249877929688 0.32955169677734375 0.2
23.54560089111328 -9.858451843261719 0.4667510986328125 0.2
23.4689998626709 -10.085552215576172 0.4871501922607422 0.2
23.575599670410156 -10.26395034790039 0.36785125732421875 0.2
23.78260040283203 -10.30044937133789 0.23855018615722656 0.2
23.979801177978516 -10.179649353027344 0.1723499298095703 0.2
23.994400024414062 -9.938549041748047 0.185150146484375 0.2
23.888599395751953 -9.71615219116211 0.1681499481201172 0.2
23.79599952697754 -9.593952178955078 -0.015048980712890625 0.2
23.842300415039062 -9.636550903320312 -0.2509498596191406 0.2
23.81909942626953 -9.823951721191406 -0.39674949645996094 0.2
23.712100982666016 -10.02585220336914 -0.31744956970214844 0.2
23.659500122070312 -10.174652099609375 -0.12604904174804688 0.2
23.78350067138672 -10.32345199584961 0.0115509033203125 0.2
23.999000549316406 -10.41455078125 -0.05735015869140625 0.2
24.149799346923828 -10.446052551269531 -0.2498493194580078 0.2
24.136301040649414 -10.359352111816406 -0.4721488952636719 0.2
24.016700744628906 -10.158649444580078 -0.5490493774414062 0.2
23.96339988708496 -9.919448852539062 -0.5443496704101562 0.2
24.120500564575195 -9.739051818847656 -0.5398483276367188 0.2
24.363901138305664 -9.740650177001953 -0.5809497833251953 0.2
24.53260040283203 -9.84885025024414 -0.45294952392578125 0.2
24.487899780273438 -10.004749298095703 -0.2691497802734375 0.2
24.375999450683594 -10.19565200805664 -0.1618499755859375 0.2
24.361299514770508 -10.416648864746094 -0.2500495910644531 0.2
24.495100021362305 -10.519851684570312 -0.42964935302734375 0.2
24.689001083374023 -10.488849639892578 -0.5751495361328125 0.2
24.800600051879883 -10.279552459716797 -0.6082496643066406 0.2
24.750600814819336 -10.036651611328125 -0.5880489349365234 0.2
24.63409996032715 -9.846752166748047 -0.6813488006591797 0.2
24.587900161743164 -9.830951690673828 -0.9181499481201172 0.2
24.56209945678711 -9.974052429199219 -1.113748550415039 0.2
24.441200256347656 -10.178951263427734 -1.086648941040039 0.2
24.380300521850586 -10.330249786376953 -0.8983497619628906 0.2
24.44860076904297 -10.492252349853516 -0.7322483062744141 0.2
24.640501022338867 -10.63344955444336 -0.770050048828125 0.2
24.77199935913086 -10.707050323486328 -0.966949462890625 0.2
24.773000717163086 -10.676448822021484 -1.2073497772216797 0.2
24.66790008544922 -10.4853515625 -1.3145484924316406 0.2
24.59950065612793 -10.245750427246094 -1.311248779296875 0.2
24.711999893188477 -10.032550811767578 -1.3181495666503906 0.2
24.933700561523438 -10.002151489257812 -1.415548324584961 0.2
25.14780044555664 -10.109649658203125 -1.4015483856201172 0.2
25.19300079345703 -10.266551971435547 -1.222249984741211 0.2
25.102100372314453 -10.428150177001953 -1.0556488037109375 0.2
25.004301071166992 -10.646350860595703 -1.0489482879638672 0.2
25.032899856567383 -10.804248809814453 -1.234048843383789 0.2
25.16320037841797 -10.84735107421875 -1.4402484893798828 0.2
25.321500778198242 -10.707649230957031 -1.5529499053955078 0.2
25.351600646972656 -10.46255111694336 -1.5387496948242188 0.2
25.280900955200195 -10.227249145507812 -1.5526485443115234 0.2
25.15130043029785 -10.126350402832031 -1.728048324584961 0.2
