0.3395702838897705 16.006649017333984 5.3818511962890625 0.2
0.5910003185272217 16.00444793701172 5.420051574707031 0.2
0.8305702209472656 15.990047454833984 5.509550094604492 0.2
0.9379801750183105 15.7635498046875 5.551050186157227 0.2
0.9920601844787598 15.524349212646484 5.619451522827148 0.2
1.224670171737671 15.4344482421875 5.668951034545898 0.2
1.411460280418396 15.543449401855469 5.560951232910156 0.2
1.3183401823043823 15.765449523925781 5.517650604248047 0.2
1.1379302740097046 15.926448822021484 5.60875129699707 0.2
0.9252903461456299 16.056049346923828 5.670551300048828 0.2
0.7605102062225342 15.955150604248047 5.810451507568359 0.2
0.9190101623535156 15.847949981689453 5.9631500244140625 0.2
1.1699001789093018 15.872749328613281 6.016950607299805 0.2
1.4131102561950684 15.808048248291016 6.012851715087891 0.2
1.478210210800171 15.577247619628906 5.911251068115234 0.2
1.6492801904678345 15.415748596191406 5.820051193237305 0.2
1.8847101926803589 15.368549346923828 5.896450042724609 0.2
1.9160802364349365 15.499549865722656 6.0946502685546875 0.2
1.7681902647018433 15.704547882080078 6.089550018310547 0.2
1.6109201908111572 15.890548706054688 6.009550094604492 0.2
1.4069502353668213 15.993850708007812 5.903951644897461 0.2
1.3875402212142944 15.902050018310547 5.685951232910156 0.2
1.628980278968811 15.868949890136719 5.6282501220703125 0.2
1.8796201944351196 15.891548156738281 5.6860504150390625 0.2
2.07969331741333 15.741447448730469 5.7243499755859375 0.2
2.110462188720703 15.484050750732422 5.761451721191406 0.2
2.314256191253662 15.351448059082031 5.813251495361328 0.2
2.5380172729492188 15.400650024414062 5.725851058959961 0.2
2.5101611614227295 15.618148803710938 5.62605094909668 0.2
2.336904287338257 15.780349731445312 5.717950820922852 0.2
2.15181827545166 15.923149108886719 5.820350646972656 0.2
1.948330283164978 15.89434814453125 5.950950622558594 0.2
2.0340423583984375 15.743350982666016 6.117650985717773 0.2
2.28324031829834 15.75735092163086 6.165151596069336 0.2
2.538170337677002 15.765949249267578 6.153251647949219 0.2
2.6681723594665527 15.572250366210938 6.052450180053711 0.2
2.7623143196105957 15.383049011230469 5.91254997253418 0.2
3.0061774253845215 15.316947937011719 5.879449844360352 0.2
3.1627421379089355 15.37664794921875 6.0534515380859375 0.2
3.0450265407562256 15.564350128173828 6.159450531005859 0.2
2.8676841259002686 15.745750427246094 6.110651016235352 0.2
2.6606531143188477 15.892749786376953 6.069150924682617 0.2
2.4929332733154297 15.85995101928711 5.898950576782227 0.2
2.6554603576660156 15.795848846435547 5.728851318359375 0.2
2.91051983833313 15.832847595214844 5.727550506591797 0.2
3.1569101810455322 15.781349182128906 5.741250991821289 0.2
3.228685140609741 15.530548095703125 5.7438507080078125 0.2
3.399705171585083 15.34804916381836 5.763151168823242 0.2
3.6368062496185303 15.34524917602539 5.680950164794922 0.2
3.6676602363586426 15.544448852539062 5.55255126953125 0.2
3.51157808303833 15.722450256347656 5.6347503662109375 0.2
3.3520402908325195 15.852848052978516 5.786350250244141 0.2
3.1477432250976562 15.894950866699219 5.924150466918945 0.2
3.153966188430786 15.727951049804688 6.093851089477539 0.2
3.398212194442749 15.698650360107422 6.139551162719727 0.2
3.647355318069458 15.751750946044922 6.102149963378906 0.2
3.8372011184692383 15.629051208496094 5.992450714111328 0.2
3.8584961891174316 15.418449401855469 5.841951370239258 0.2
4.0533599853515625 15.3260498046875 5.715450286865234 0.2
4.28756046295166 15.339649200439453 5.787250518798828 0.2
4.281710147857666 15.499149322509766 5.968950271606445 0.2
4.103270053863525 15.68014907836914 5.987251281738281 0.2
3.907393217086792 15.843948364257812 5.984251022338867 0.2
3.6780343055725098 15.87125015258789 5.899150848388672 0.2
3.7134833335876465 15.793647766113281 5.676151275634766 0.2
3.9528961181640625 15.831050872802734 5.601251602172852 0.2
4.2069501876831055 15.851848602294922 5.580850601196289 0.2
4.347280502319336 15.642448425292969 5.548250198364258 0.2
4.455380439758301 15.413047790527344 5.559751510620117 0.2
4.696240425109863 15.359550476074219 5.498750686645508 0.2
4.807380199432373 15.500049591064453 5.336450576782227 0.2
4.675770282745361 15.705150604248047 5.351350784301758 0.2
4.531920433044434 15.83074951171875 5.52495002746582 0.2
4.355730056762695 15.92905044555664 5.683950424194336 0.2
4.260160446166992 15.809150695800781 5.867851257324219 0.2
4.470330238342285 15.711349487304688 5.939849853515625 0.2
4.711910247802734 15.78194808959961 5.885051727294922 0.2
4.935660362243652 15.75994873046875 5.77345085144043 0.2
4.9762701988220215 15.540748596191406 5.64055061340332 0.2
5.104800224304199 15.405651092529297 5.471651077270508 0.2
5.3531999588012695 15.394950866699219 5.43025016784668 0.2
5.461760520935059 15.525749206542969 5.599851608276367 0.2
5.307250022888184 15.706249237060547 5.682651519775391 0.2
5.107700347900391 15.866447448730469 5.692750930786133 0.2
4.868190288543701 15.943450927734375 5.689350128173828 0.2
4.774740219116211 15.85934829711914 5.487951278686523 0.2
4.970670223236084 15.87125015258789 5.331750869750977 0.2
5.2152605056762695 15.931747436523438 5.276151657104492 0.2
5.425479888916016 15.803550720214844 5.218650817871094 0.2
5.495400428771973 15.552947998046875 5.231651306152344 0.2
5.7187299728393555 15.447151184082031 5.198850631713867 0.2
5.888959884643555 15.519649505615234 5.036750793457031 0.2
5.8032402992248535 15.729850769042969 4.954351425170898 0.2
5.656320571899414 15.873950958251953 5.104150772094727 0.2
5.5131402015686035 15.996749877929688 5.276750564575195 0.2
5.366840362548828 15.959949493408203 5.471351623535156 0.2
5.506710052490234 15.812747955322266 5.596549987792969 0.2
5.749770164489746 15.861148834228516 5.544050216674805 0.2
5.97268009185791 15.915950775146484 5.430749893188477 0.2
6.084170341491699 15.732048034667969 5.297451019287109 0.2
6.132220268249512 15.540050506591797 5.137750625610352 0.2
6.349550247192383 15.500747680664062 5.011051177978516 0.2
6.556670188903809 15.591548919677734 5.098350524902344 0.2
6.476860046386719 15.771648406982422 5.243350982666016 0.2
6.271770477294922 15.926651000976562 5.2662506103515625 0.2
6.046780586242676 16.046550750732422 5.301950454711914 0.2
5.8434600830078125 15.989349365234375 5.188650131225586 0.2
5.951869964599609 15.954448699951172 4.972650527954102 0.2
6.180680274963379 16.03154754638672 4.882551193237305 0.2
6.4193902015686035 16.00265121459961 4.807950973510742 0.2
6.508220195770264 15.758548736572266 4.793750762939453 0.2
6.6991801261901855 15.595951080322266 4.776250839233398 0.2
6.906949996948242 15.609649658203125 4.6336517333984375 0.2
6.883370399475098 15.798347473144531 4.486551284790039 0.2
6.73477029800415 15.970050811767578 4.59425163269043 0.2
6.610179901123047 16.095848083496094 4.779550552368164 0.2
6.447500228881836 16.13705062866211 4.9676513671875 0.2
6.4929704666137695 15.978450775146484 5.138450622558594 0.2
6.740480422973633 15.966850280761719 5.116050720214844 0.2
6.955080032348633 16.055248260498047 5.001951217651367 0.2
7.129190444946289 15.953250885009766 4.851850509643555 0.2
7.131750106811523 15.725448608398438 4.722751617431641 0.2
7.2918500900268555 15.64004898071289 4.552751541137695 0.2
7.532820224761963 15.688549041748047 4.546850204467773 0.2
7.563830375671387 15.863948822021484 4.710550308227539 0.2
7.376430034637451 16.02695083618164 4.766750335693359 0.2
7.167570114135742 16.16754913330078 4.809150695800781 0.2
6.926970481872559 16.162948608398438 4.766651153564453 0.2
6.93280029296875 16.094249725341797 4.536750793457031 0.2
7.143080234527588 16.164749145507812 4.413249969482422 0.2
7.382270336151123 16.205947875976562 4.333150863647461 0.2
7.522140026092529 16.00054931640625 4.2792510986328125 0.2
7.64732027053833 15.779949188232422 4.285449981689453 0.2
7.874210357666016 15.7386474609375 4.176250457763672 0.2
7.938880443572998 15.87485122680664 3.9851512908935547 0.2
7.805850028991699 16.078750610351562 4.018150329589844 0.2
7.686820030212402 16.209148406982422 4.207250595092773 0.2
7.534730434417725 16.303050994873047 4.393451690673828 0.2
7.468330383300781 16.185348510742188 4.592851638793945 0.2
7.691370010375977 16.097747802734375 4.621049880981445 0.2
7.902380466461182 16.193347930908203 4.50575065612793 0.2
8.100250244140625 16.17864990234375 4.353351593017578 0.2
8.128230094909668 15.940048217773438 4.24785041809082 0.2
8.232219696044922 15.805747985839844 4.059150695800781 0.2
8.465829849243164 15.841751098632812 3.9679508209228516 0.2
8.554290771484375 16.030250549316406 4.093151092529297 0.2
8.382089614868164 16.199050903320312 4.1831512451171875 0.2
8.164770126342773 16.3260498046875 4.2532501220703125 0.2
7.9279303550720215 16.31264877319336 4.19325065612793 0.2
7.980180263519287 16.288650512695312 3.956850051879883 0.2
8.199000358581543 16.373050689697266 3.843050003051758 0.2
8.423070907592773 16.34164810180664 3.7262516021728516 0.2
8.455909729003906 16.09164810180664 3.689149856567383 0.2
8.605010032653809 15.895851135253906 3.7154502868652344 0.2
8.829999923706055 15.887950897216797 3.595550537109375 0.2
8.879960060119629 16.045547485351562 3.413450241088867 0.2
8.75394058227539 16.255451202392578 3.4543514251708984 0.2
8.64136028289795 16.397048950195312 3.6372509002685547 0.2
8.505500793457031 16.47064971923828 3.841350555419922 0.2
8.54662036895752 16.32864761352539 4.028751373291016 0.2
8.788419723510742 16.32244873046875 3.9845504760742188 0.2
8.97385025024414 16.432647705078125 3.8363513946533203 0.2
9.143989562988281 16.321449279785156 3.6866512298583984 0.2
9.107250213623047 16.07094955444336 3.620450973510742 0.2
9.18140983581543 15.963550567626953 3.4117507934570312 0.2
9.394889831542969 16.014850616455078 3.2856502532958984 0.2
9.523730278015137 16.201351165771484 3.3777503967285156 0.2
9.388080596923828 16.380550384521484 3.4978504180908203 0.2
9.192110061645508 16.517650604248047 3.5927505493164062 0.2
8.945500373840332 16.530548095703125 3.6207504272460938 0.2
8.884540557861328 16.464550018310547 3.400850296020508 0.2
9.069770812988281 16.553348541259766 3.2503509521484375 0.2
9.290229797363281 16.603347778320312 3.1271514892578125 0.2
9.35675048828125 16.39324951171875 3.0086517333984375 0.2
9.384000778198242 16.14324951171875 3.0593509674072266 0.2
9.613510131835938 16.05875015258789 3.000051498413086 0.2
9.765029907226562 16.147350311279297 2.8133506774902344 0.2
9.699480056762695 16.366748809814453 2.722949981689453 0.2
9.589330673217773 16.544448852539062 2.873350143432617 0.2
9.48134994506836 16.669448852539062 3.075450897216797 0.2
9.431920051574707 16.609447479248047 3.309551239013672 0.2
9.656330108642578 16.53424835205078 3.328950881958008 0.2
9.823930740356445 16.649948120117188 3.1653499603271484 0.2
10.003549575805664 16.622848510742188 2.9902515411376953 0.2
10.0224609375 16.36874771118164 2.965150833129883 0.2
9.986120223999023 16.18804931640625 2.7963504791259766 0.2
10.128490447998047 16.198749542236328 2.5830516815185547 0.2
10.3200101852417 16.356849670410156 2.567150115966797 0.2
10.274430274963379 16.562049865722656 2.7084503173828125 0.2
10.104350090026855 16.716350555419922 2.833650588989258 0.2
9.859390258789062 16.76205062866211 2.8893508911132812 0.2
9.785360336303711 16.743648529052734 2.662750244140625 0.2
9.9627103805542 16.840850830078125 2.497051239013672 0.2
10.149370193481445 16.82925033569336 2.3210506439208984 0.2
10.14579963684082 16.58905029296875 2.2428512573242188 0.2
10.204059600830078 16.35274887084961 2.304349899291992 0.2
10.43496036529541 16.28635025024414 2.232250213623047 0.2
10.560880661010742 16.378650665283203 2.0297508239746094 0.2
10.484630584716797 16.597850799560547 1.939849853515625 0.2
10.386420249938965 16.78635025024414 2.0864505767822266 0.2
10.294910430908203 16.929649353027344 2.2817516326904297 0.2
10.298500061035156 16.887348175048828 2.5228500366210938 0.2
10.532400131225586 16.868247985839844 2.502950668334961 0.2
10.65662956237793 16.992149353027344 2.304349899291992 0.2
10.824660301208496 16.8968505859375 2.1387500762939453 0.2
10.820270538330078 16.634849548339844 2.1676502227783203 0.2
10.763050079345703 16.424549102783203 2.0468502044677734 0.2
10.854900360107422 16.42074966430664 1.8063507080078125 0.2
11.04153060913086 16.562850952148438 1.7048511505126953 0.2
11.067570686340332 16.787948608398438 1.8133506774902344 0.2
10.92632007598877 16.966751098632812 1.9420509338378906 0.2
10.728099822998047 17.079547882080078 2.0692501068115234 0.2
10.518470764160156 17.030750274658203 1.9635505676269531 0.2
10.613990783691406 17.109447479248047 1.7453498840332031 0.2
10.798690795898438 17.184547424316406 1.5756511688232422 0.2
10.851520538330078 16.986351013183594 1.4190502166748047 0.2
10.833539962768555 16.726348876953125 1.4595508575439453 0.2
11.02258014678955 16.564350128173828 1.4724502563476562 0.2
11.219630241394043 16.604747772216797 1.3126506805419922 0.2
11.227720260620117 16.75135040283203 1.1059513092041016 0.2
11.094480514526367 16.964649200439453 1.121450424194336 0.2
11.009900093078613 17.143550872802734 1.2902507781982422 0.2
10.946310043334961 17.254348754882812 1.5179500579833984 0.2
11.136750221252441 17.24074935913086 1.6574516296386719 0.2
11.281140327453613 17.34735107421875 1.4749507904052734 0.2
11.408590316772461 17.362247467041016 1.2527503967285156 0.2
11.50437068939209 17.12704849243164 1.2191505432128906 0.2
11.476590156555176 16.8697509765625 1.220651626586914 0.2
11.456740379333496 16.755451202392578 0.9993515014648438 0.2
11.570390701293945 16.850849151611328 0.7854499816894531 0.2
11.69591999053955 17.069351196289062 0.7721500396728516 0.2
11.615050315856934 17.271350860595703 0.9135513305664062 0.2
11.4664306640625 17.4261474609375 1.06195068359375 0.2
11.22780990600586 17.43524932861328 1.1379508972167969 0.2
11.150110244750977 17.44704818725586 0.9142513275146484 0.2
11.28674030303955 17.56454849243164 0.7201499938964844 0.2
11.385940551757812 17.46834945678711 0.5010509490966797 0.2
11.383270263671875 17.205047607421875 0.5009498596191406 0.2
11.508170127868652 16.988147735595703 0.5388507843017578 0.2
11.73130989074707 16.99394989013672 0.4177513122558594 0.2
11.788290023803711 17.118148803710938 0.19525146484375 0.2
11.640789985656738 17.30514907836914 0.11505126953125 0.2
11.535270690917969 17.48834991455078 0.2680511474609375 0.2
11.467180252075195 17.633647918701172 0.4786510467529297 0.2
11.587320327758789 17.641651153564453 0.6966514587402344 0.2
11.770569801330566 17.734149932861328 0.5596504211425781 0.2
11.823960304260254 17.83544921875 0.31855010986328125 0.2
11.968830108642578 17.676349639892578 0.17805099487304688 0.2
12.00217056274414 17.414749145507812 0.21435165405273438 0.2
11.951620101928711 17.230148315429688 0.05325126647949219 0.2
11.98386001586914 17.287147521972656 -0.1965484619140625 0.2
12.09197998046875 17.494949340820312 -0.2910499572753906 0.2
12.055049896240234 17.710147857666016 -0.15814971923828125 0.2
11.92156982421875 17.85784912109375 0.012851715087890625 0.2
11.721320152282715 17.877849578857422 0.17405128479003906 0.2
11.560110092163086 17.817848205566406 0.0086517333984375 0.2
11.624520301818848 17.936847686767578 -0.21684837341308594 0.2
11.719840049743652 17.95024871826172 -0.4552497863769531 0.2
11.749529838562012 17.706951141357422 -0.5271492004394531 0.2
11.857890129089355 17.480648040771484 -0.4812488555908203 0.2
12.07588005065918 17.455947875976562 -0.5999488830566406 0.2
12.115570068359375 17.564350128173828 -0.832550048828125 0.2
11.953949928283691 17.725250244140625 -0.939849853515625 0.2
11.843680381774902 17.905948638916016 -0.7917499542236328 0.2
11.800610542297363 18.056949615478516 -0.5834484100341797 0.2
11.914450645446777 18.08444595336914 -0.36514854431152344 0.2
12.10477066040039 18.159748077392578 -0.4851493835449219 0.2
12.102080345153809 18.280048370361328 -0.7218494415283203 0.2
12.204830169677734 18.205951690673828 -0.9460487365722656 0.2
12.288280487060547 17.955150604248047 -0.9204483032226562 0.2
12.23978042602539 17.728050231933594 -1.0130500793457031 0.2
12.209650039672852 17.736648559570312 -1.2702484130859375 0.2
12.278360366821289 17.924850463867188 -1.4296493530273438 0.2
12.268970489501953 18.154346466064453 -1.3222484588623047 0.2
12.15116024017334 18.296947479248047 -1.1360492706298828 0.2
12.000929832458496 18.328250885009766 -0.92864990234375 0.2
11.81544017791748 18.193248748779297 -0.9869499206542969 0.2
11.800700187683105 18.285747528076172 -1.2260494232177734 0.2
11.848580360412598 18.38094711303711 -1.4646492004394531 0.2
11.882030487060547 18.18075180053711 -1.6199493408203125 0.2
11.98115062713623 17.941551208496094 -1.5702495574951172 0.2
12.188150405883789 17.88105010986328 -1.695749282836914 0.2
12.210670471191406 17.957950592041016 -1.9426498413085938 0.2
12.031940460205078 18.08614730834961 -2.06304931640625 0.2
11.914290428161621 18.26424789428711 -1.923849105834961 0.2
11.897330284118652 18.42764663696289 -1.7196483612060547 0.2
12.012240409851074 18.494945526123047 -1.5007495880126953 0.2
12.208200454711914 18.566448211669922 -1.617849349975586 0.2
12.166250228881836 18.678150177001953 -1.8538494110107422 0.2
12.170900344848633 18.664752960205078 -2.1106491088867188 0.2
12.287190437316895 18.441852569580078 -2.1564483642578125 0.2
12.291220664978027 18.186748504638672 -2.1577491760253906 0.2
12.192279815673828 18.09084701538086 -2.3699493408203125 0.2
12.188850402832031 18.21224594116211 -2.5964488983154297 0.2
12.212329864501953 18.462352752685547 -2.5844497680664062 0.2
12.131020545959473 18.632946014404297 -2.4040489196777344 0.2
12.040550231933594 18.748050689697266 -2.1876487731933594 0.2
11.899590492248535 18.610546112060547 -2.0509490966796875 0.2
11.786060333251953 18.581050872802734 -2.2616500854492188 0.2
11.776750564575195 18.709651947021484 -2.494749069213867 0.2
11.76023006439209 18.593852996826172 -2.7214488983154297 0.2
11.825730323791504 18.33945083618164 -2.6830501556396484 0.2
12.014019966125488 18.188846588134766 -2.749349594116211 0.2
12.063079833984375 18.203845977783203 -3.002948760986328 0.2
11.904500007629395 18.28024673461914 -3.190349578857422 0.2
11.7395601272583 18.45254898071289 -3.1106491088867188 0.2
11.739490509033203 18.649547576904297 -2.9366493225097656 0.2
11.817450523376465 18.80215072631836 -2.7360496520996094 0.2
12.043000221252441 18.873950958251953 -2.7650489807128906 0.2
11.998270034790039 18.958049774169922 -3.0050487518310547 0.2
11.896580696105957 18.990947723388672 -3.2459487915039062 0.2
11.979909896850586 18.800548553466797 -3.4006500244140625 0.2
12.0762300491333 18.557445526123047 -3.3452491760253906 0.2
11.981679916381836 18.33724594116211 -3.4224491119384766 0.2
11.868160247802734 18.329349517822266 -3.656148910522461 0.2
11.874650001525879 18.516849517822266 -3.825448989868164 0.2
11.866990089416504 18.75424575805664 -3.7265491485595703 0.2
11.813690185546875 18.93594741821289 -3.543548583984375 0.2
11.742600440979004 18.994152069091797 -3.3004493713378906 0.2
11.544390678405762 18.87375259399414 -3.3273487091064453 0.2
11.476130485534668 18.95754623413086 -3.568349838256836 0.2
11.421239852905273 18.929149627685547 -3.8145484924316406 0.2
11.435750007629395 18.67135238647461 -3.8369483947753906 0.2
11.565990447998047 18.448047637939453 -3.8144493103027344 0.2
11.69009017944336 18.36574935913086 -4.017749786376953 0.2
11.590700149536133 18.391246795654297 -4.258949279785156 0.2
11.373050689697266 18.513248443603516 -4.301948547363281 0.2
11.330830574035645 18.731151580810547 -4.165048599243164 0.2
11.372480392456055 18.94375228881836 -4.0173492431640625 0.2
11.561220169067383 19.07864761352539 -3.9140491485595703 0.2
11.61968994140625 19.148250579833984 -4.130649566650391 0.2
11.461230278015137 19.18655014038086 -4.34324836730957 0.2
11.475820541381836 19.05074691772461 -4.563348770141602 0.2
11.599380493164062 18.81674575805664 -4.538049697875977 0.2
11.616280555725098 18.560550689697266 -4.507749557495117 0.2
11.45542049407959 18.42325210571289 -4.6517486572265625 0.2
11.36083984375 18.474246978759766 -4.891349792480469 0.2
11.387800216674805 18.706951141357422 -4.984548568725586 0.2
11.375679969787598 18.929950714111328 -4.844348907470703 0.2
11.349130630493164 19.116649627685547 -4.654449462890625 0.2
11.171899795532227 19.133647918701172 -4.47144889831543 0.2
11.010330200195312 19.162845611572266 -4.666349411010742 0.2
10.94657039642334 19.18234634399414 -4.924549102783203 0.2
10.892410278320312 18.932247161865234 -5.00054931640625 0.2
10.977090835571289 18.687450408935547 -4.935949325561523 0.2
11.127880096435547 18.497447967529297 -5.014549255371094 0.2
11.137900352478027 18.46805191040039 -5.269548416137695 0.2
10.953920364379883 18.512248992919922 -5.446449279785156 0.2
10.783180236816406 18.68984603881836 -5.386449813842773 0.2
10.801200866699219 18.919750213623047 -5.261049270629883 0.2
10.870889663696289 19.135746002197266 -5.124349594116211 0.2
11.0593900680542 19.27444839477539 -5.194950103759766 0.2
10.940890312194824 19.321346282958984 -5.422548294067383 0.2
10.852620124816895 19.247249603271484 -5.651248931884766 0.2
10.965499877929688 19.012950897216797 -5.7030487060546875 0.2
11.057290077209473 18.767749786376953 -5.65625 0.2
10.947000503540039 18.54134750366211 -5.692049026489258 0.2
10.7806396484375 18.51034927368164 -5.895549774169922 0.2
10.74197006225586 18.667247772216797 -6.095949172973633 0.2
10.758130073547363 18.920650482177734 -6.0379486083984375 0.2
10.750049591064453 19.133747100830078 -5.88224983215332 0.2
10.691940307617188 19.270748138427734 -5.664249420166016 0.2
10.45814037322998 19.27194595336914 -5.683448791503906 0.2
10.350600242614746 19.303348541259766 -5.92864990234375 0.2
10.245650291442871 19.103351593017578 -6.057249069213867 0.2
10.323539733886719 18.856250762939453 -5.992948532104492 0.2
10.450750350952148 18.625446319580078 -5.984348297119141 0.2
10.51555061340332 18.520252227783203 -6.208749771118164 0.2
10.352380752563477 18.524951934814453 -6.418149948120117 0.2
10.127630233764648 18.64615249633789 -6.413749694824219 0.2
10.110810279846191 18.887447357177734 -6.310049057006836 0.2
10.164640426635742 19.128246307373047 -6.210048675537109 0.2
10.350350379943848 19.323551177978516 -6.199649810791016 0.2
10.279580116271973 19.39425277709961 -6.427949905395508 0.2
10.082340240478516 19.357952117919922 -6.607549667358398 0.2
10.147330284118652 19.13064956665039 -6.736749649047852 0.2
10.276660919189453 18.89864730834961 -6.697849273681641 0.2
10.279210090637207 18.642452239990234 -6.657649993896484 0.2
10.069330215454102 18.521747589111328 -6.748249053955078 0.2
9.923910140991211 18.58475112915039 -6.955648422241211 0.2
9.926600456237793 18.830745697021484 -7.028148651123047 0.2
9.93967056274414 19.068851470947266 -6.913848876953125 0.2
9.958250045776367 19.284847259521484 -6.757749557495117 0.2
9.775870323181152 19.33005142211914 -6.598348617553711 0.2
9.590749740600586 19.349346160888672 -6.7850494384765625 0.2
9.432740211486816 19.22134780883789 -6.9353485107421875 0.2
9.472350120544434 18.95944595336914 -6.885250091552734 0.2
9.593130111694336 18.722850799560547 -6.840950012207031 0.2
9.680940628051758 18.541248321533203 -7.000450134277344 0.2
9.520310401916504 18.503650665283203 -7.211149215698242 0.2
9.265939712524414 18.562549591064453 -7.236848831176758 0.2
9.20166015625 18.795352935791016 -7.137849807739258 0.2
9.26609992980957 19.04935073852539 -7.085548400878906 0.2
9.404729843139648 19.281749725341797 -7.075048446655273 0.2
9.394000053405762 19.38204574584961 -7.290149688720703 0.2
9.15095043182373 19.372447967529297 -7.4100494384765625 0.2
9.086099624633789 19.173648834228516 -7.568948745727539 0.2
9.210650444030762 18.935749053955078 -7.560548782348633 0.2
9.293439865112305 18.684749603271484 -7.5173492431640625 0.2
9.11614990234375 18.49844741821289 -7.485248565673828 0.2
8.878950119018555 18.485347747802734 -7.612949371337891 0.2
8.803130149841309 18.669849395751953 -7.77454948425293 0.2
8.8514404296875 18.928852081298828 -7.723249435424805 0.2
8.912969589233398 19.173152923583984 -7.6264495849609375 0.2
8.895589828491211 19.325847625732422 -7.405048370361328 0.2
8.64430046081543 19.345050811767578 -7.440948486328125 0.2
8.437270164489746 19.31515121459961 -7.611249923706055 0.2
8.362489700317383 19.058246612548828 -7.580848693847656 0.2
8.474370002746582 18.82094955444336 -7.524848937988281 0.2
8.58588981628418 18.583248138427734 -7.546148300170898 0.2
8.541170120239258 18.455646514892578 -7.761449813842773 0.2
8.304570198059082 18.453548431396484 -7.885648727416992 0.2
8.078740119934082 18.563152313232422 -7.824748992919922 0.2
8.086150169372559 18.812152862548828 -7.741449356079102 0.2
8.17257022857666 19.061847686767578 -7.719049453735352 0.2
8.326419830322266 19.279651641845703 -7.753950119018555 0.2
8.27258014678955 19.35464859008789 -7.9707489013671875 0.2
8.01028060913086 19.351451873779297 -8.039449691772461 0.2
7.901820182800293 19.154850006103516 -8.174049377441406 0.2
8.019200325012207 18.91385269165039 -8.175949096679688 0.2
8.106010437011719 18.665149688720703 -8.137350082397461 0.2
7.940490245819092 18.48495101928711 -8.060049057006836 0.2
7.6850104331970215 18.490047454833984 -8.136749267578125 0.2
7.587550163269043 18.666851043701172 -8.295148849487305 0.2
7.647819995880127 18.924747467041016 -8.275049209594727 0.2
7.731990337371826 19.168346405029297 -8.195348739624023 0.2
7.735960006713867 19.313648223876953 -7.972249984741211 0.2
7.478870391845703 19.33475112915039 -7.992149353027344 0.2
7.246190071105957 19.30544662475586 -8.124549865722656 0.2
7.167080402374268 19.054645538330078 -8.069849014282227 0.2
7.282510280609131 18.81875228881836 -8.013849258422852 0.2
7.363440036773682 18.584049224853516 -8.086050033569336 0.2
7.22044038772583 18.490947723388672 -8.276449203491211 0.2
6.9629902839660645 18.529949188232422 -8.308948516845703 0.2
6.84827995300293 18.731746673583984 -8.200849533081055 0.2
6.92572021484375 18.98385238647461 -8.182149887084961 0.2
7.054360389709473 19.217647552490234 -8.191349029541016 0.2
7.107920169830322 19.323650360107422 -8.406549453735352 0.2
6.853630065917969 19.341053009033203 -8.483648300170898 0.2
6.628750324249268 19.243946075439453 -8.562349319458008 0.2
6.680840492248535 18.992145538330078 -8.626348495483398 0.2
6.7980804443359375 18.753849029541016 -8.604148864746094 0.2
6.723730087280273 18.541149139404297 -8.486949920654297 0.2
6.461930274963379 18.505550384521484 -8.488449096679688 0.2
6.277850151062012 18.615352630615234 -8.634649276733398 0.2
6.312870025634766 18.866046905517578 -8.690349578857422 0.2
6.4027605056762695 19.10684585571289 -8.626348495483398 0.2
6.496610164642334 19.28415298461914 -8.455848693847656 0.2
6.295480251312256 19.31624984741211 -8.335248947143555 0.2
6.045680046081543 19.32535171508789 -8.43764877319336 0.2
5.858139991760254 19.14365005493164 -8.425548553466797 0.2
5.952879905700684 18.902545928955078 -8.363149642944336 0.2
6.0584001541137695 18.665645599365234 -8.393348693847656 0.2
5.950819969177246 18.529850006103516 -8.578548431396484 0.2
5.692870140075684 18.545146942138672 -8.633949279785156 0.2
5.533440113067627 18.708545684814453 -8.522348403930664 0.2
5.5978803634643555 18.95944595336914 -8.486549377441406 0.2
5.728940010070801 19.191852569580078 -8.507848739624023 0.2
5.862610340118408 19.29465103149414 -8.703948974609375 0.2
5.633240222930908 19.31515121459961 -8.822649002075195 0.2
5.365960121154785 19.30544662475586 -8.832448959350586 0.2
5.2799601554870605 19.069049835205078 -8.90894889831543 0.2
5.408250331878662 18.83334732055664 -8.910049438476562 0.2
5.386470317840576 18.612445831298828 -8.78864860534668 0.2
5.139730453491211 18.55984878540039 -8.735448837280273 0.2
4.9326701164245605 18.660350799560547 -8.849048614501953 0.2
4.951230049133301 18.904651641845703 -8.92544937133789 0.2
5.054710388183594 19.143451690673828 -8.879549026489258 0.2
5.215490341186523 19.304248809814453 -8.744150161743164 0.2
5.091620445251465 19.282047271728516 -8.541648864746094 0.2
4.827239990234375 19.303546905517578 -8.590848922729492 0.2
4.5821003913879395 19.22244644165039 -8.623149871826172 0.2
4.592060089111328 18.968852996826172 -8.569849014282227 0.2
4.701690196990967 18.734050750732422 -8.598949432373047 0.2
4.591360092163086 18.581951141357422 -8.765850067138672 0.2
4.329790115356445 18.590747833251953 -8.788349151611328 0.2
4.188210487365723 18.759647369384766 -8.660848617553711 0.2
4.270960330963135 19.007549285888672 -8.642648696899414 0.2
4.405990123748779 19.229549407958984 -8.685548782348633 0.2
4.562610149383545 19.290050506591797 -8.866348266601562 0.2
4.36283016204834 19.277149200439453 -9.000948905944824 0.2
4.097640037536621 19.306049346923828 -8.972949028015137 0.2
3.903163194656372 19.137348175048828 -9.015249252319336 0.2
4.008868217468262 18.893550872802734 -9.044448852539062 0.2
4.051140308380127 18.66524887084961 -8.938949584960938 0.2
3.8314671516418457 18.579853057861328 -8.833250045776367 0.2
3.5889811515808105 18.64864730834961 -8.90224838256836 0.2
3.570085287094116 18.880748748779297 -9.0052490234375 0.2
3.6852972507476807 19.11764907836914 -8.975249290466309 0.2
3.8604681491851807 19.28854751586914 -8.878849029541016 0.2
3.8349921703338623 19.26095199584961 -8.64634895324707 0.2
3.574059247970581 19.281749725341797 -8.642749786376953 0.2
3.312110185623169 19.275951385498047 -8.679149627685547 0.2
3.2188522815704346 19.038349151611328 -8.62714958190918 0.2
3.342165231704712 18.800846099853516 -8.627349853515625 0.2
3.282191276550293 18.612552642822266 -8.78274917602539 0.2
3.0279524326324463 18.58645248413086 -8.83115005493164 0.2
2.8466172218322754 18.71145248413086 -8.70574951171875 0.2
2.903177261352539 18.956348419189453 -8.651748657226562 0.2
3.0313756465911865 19.183147430419922 -8.69744873046875 0.2
3.220452308654785 19.293148040771484 -8.839349746704102 0.2
3.0816359519958496 19.25455093383789 -9.028948783874512 0.2
2.8183841705322266 19.289447784423828 -8.988348960876465 0.2
2.571258306503296 19.21474838256836 -8.971949577331543 0.2
2.585301160812378 18.96364974975586 -9.027249336242676 0.2
2.6843042373657227 18.73025131225586 -8.978249549865723 0.2
2.5387141704559326 18.592052459716797 -8.827049255371094 0.2
2.279531240463257 18.618350982666016 -8.827449798583984 0.2
2.17606520652771 18.81844711303711 -8.942548751831055 0.2
2.2789032459259033 19.059650421142578 -8.93954849243164 0.2
2.4381911754608154 19.264148712158203 -8.892448425292969 0.2
2.5562291145324707 19.264446258544922 -8.681848526000977 0.2
2.3285322189331055 19.25265121459961 -8.576549530029297 0.2
2.0631752014160156 19.279048919677734 -8.588048934936523 0.2
1.8714501857757568 19.106449127197266 -8.546049118041992 0.2
1.9735902547836304 18.859752655029297 -8.535249710083008 0.2
1.9784802198410034 18.64535140991211 -8.668649673461914 0.2
1.737720251083374 18.579547882080078 -8.740449905395508 0.2
1.5172702074050903 18.652347564697266 -8.62514877319336 0.2
1.5352202653884888 18.88284683227539 -8.520248413085938 0.2
1.6561201810836792 19.113452911376953 -8.566949844360352 0.2
1.8322802782058716 19.27724838256836 -8.674249649047852 0.2
1.8035502433776855 19.242145538330078 -8.903450012207031 0.2
1.5453602075576782 19.26755142211914 -8.877649307250977 0.2
1.2925602197647095 19.27194595336914 -8.800348281860352 0.2
1.188730239868164 19.04024887084961 -8.849248886108398 0.2
1.3105802536010742 18.803150177001953 -8.87394905090332 0.2
1.262810230255127 18.610347747802734 -8.720048904418945 0.2
1.0172302722930908 18.587352752685547 -8.636449813842773 0.2
0.8290302753448486 18.735546112060547 -8.716148376464844 0.2
0.8904201984405518 18.983150482177734 -8.756448745727539 0.2
1.0364701747894287 19.203449249267578 -8.731149673461914 0.2
1.2441402673721313 19.273548126220703 -8.598749160766602 0.2
1.1097302436828613 19.226451873779297 -8.40114974975586 0.2
0.8459901809692383 19.258747100830078 -8.376649856567383 0.2
0.6028401851654053 19.176952362060547 -8.337148666381836 0.2
0.6235003471374512 18.921245574951172 -8.308649063110352 0.2
0.6838502883911133 18.692150115966797 -8.407449722290039 0.2
0.4880502223968506 18.576152801513672 -8.516550064086914 0.2
0.24425029754638672 18.598247528076172 -8.429548263549805 0.2
0.19701027870178223 18.78664779663086 -8.268749237060547 0.2
0.3049502372741699 19.024250030517578 -8.291549682617188 0.2
0.4456801414489746 19.232746124267578 -8.367748260498047 0.2
0.5346603393554688 19.257946014404297 -8.591348648071289 0.2
0.29745030403137207 19.245052337646484 -8.64474868774414 0.2
0.05589032173156738 19.278751373291016 -8.534849166870117 0.2
-0.14557981491088867 19.11545181274414 -8.528749465942383 0.2
-0.057759761810302734 18.873645782470703 -8.600448608398438 0.2
-0.005469799041748047 18.642948150634766 -8.510549545288086 0.2
-0.2002696990966797 18.55984878540039 -8.361349105834961 0.2
-0.4472498893737793 18.639751434326172 -8.365249633789062 0.2
-0.47209978103637695 18.881549835205078 -8.43954849243164 0.2
-0.33972978591918945 19.110050201416016 -8.426448822021484 0.2
-0.13510966300964355 19.263851165771484 -8.370849609375 0.2
-0.09686970710754395 19.21414566040039 -8.143548965454102 0.2
-0.34349966049194336 19.23354721069336 -8.060150146484375 0.2
-0.6040997505187988 19.228748321533203 -8.017549514770508 0.2
-0.6872596740722656 18.987850189208984 -7.961648941040039 0.2
-0.5862598419189453 18.747249603271484 -8.019350051879883 0.2
-0.7055497169494629 18.575748443603516 -8.160648345947266 0.2
-0.9632697105407715 18.550846099853516 -8.129650115966797 0.2
-1.0923399925231934 18.666446685791016 -7.945348739624023 0.2
-1.0104598999023438 18.905452728271484 -7.8970489501953125 0.2
-0.8918297290802002 19.132747650146484 -7.95884895324707 0.2
-0.7357397079467773 19.264949798583984 -8.122049331665039 0.2
-0.8948197364807129 19.232547760009766 -8.291648864746094 0.2
-1.1360597610473633 19.264049530029297 -8.179449081420898 0.2
-1.370419979095459 19.191646575927734 -8.099649429321289 0.2
-1.3832097053527832 18.945446014404297 -8.176549911499023 0.2
-1.2870497703552246 18.704647064208984 -8.182350158691406 0.2
-1.385389804840088 18.546146392822266 -8.013349533081055 0.2
-1.6349396705627441 18.561145782470703 -7.936748504638672 0.2
-1.7752995491027832 18.761249542236328 -8.000749588012695 0.2
-1.6727499961853027 19.002452850341797 -8.010848999023438 0.2
-1.5133695602416992 19.210651397705078 -7.991849899291992 0.2
-1.3221197128295898 19.234546661376953 -7.8392486572265625 0.2
-1.4864296913146973 19.20785140991211 -7.658449172973633 0.2
-1.7444696426391602 19.231548309326172 -7.594949722290039 0.2
-1.9225797653198242 19.054851531982422 -7.51624870300293 0.2
-1.8387699127197266 18.804248809814453 -7.552949905395508 0.2
-1.8550195693969727 18.592952728271484 -7.695049285888672 0.2
-2.1006999015808105 18.522953033447266 -7.736949920654297 0.2
-2.3071799278259277 18.561145782470703 -7.58074951171875 0.2
-2.2821197509765625 18.76144790649414 -7.427949905395508 0.2
-2.168259620666504 18.99875259399414 -7.461050033569336 0.2
-2.0266799926757812 19.206546783447266 -7.552648544311523 0.2
-2.0334596633911133 19.24155044555664 -7.792049407958984 0.2
-2.2819299697875977 19.259052276611328 -7.737348556518555 0.2
-2.4993996620178223 19.257946014404297 -7.583648681640625 0.2
-2.629619598388672 19.03744888305664 -7.636348724365234 0.2
-2.541959762573242 18.803852081298828 -7.734249114990234 0.2
-2.533799648284912 18.571651458740234 -7.635250091552734 0.2
-2.7336297035217285 18.51144790649414 -7.481748580932617 0.2
-2.958509922027588 18.630451202392578 -7.465250015258789 0.2
-2.9443297386169434 18.884151458740234 -7.498350143432617 0.2
-2.8054699897766113 19.107051849365234 -7.479949951171875 0.2
-2.58782958984375 19.24985122680664 -7.431148529052734 0.2
-2.571199893951416 19.199748992919922 -7.198749542236328 0.2
-2.8156399726867676 19.22414779663086 -7.092748641967773 0.2
-3.0362396240234375 19.133350372314453 -6.99744987487793 0.2
-3.018899917602539 18.871952056884766 -7.005149841308594 0.2
-2.96481990814209 18.645153045654297 -7.124549865722656 0.2
-3.137819766998291 18.51504898071289 -7.2532501220703125 0.2
-3.3847999572753906 18.503551483154297 -7.163249969482422 0.2
-3.4721498489379883 18.589550018310547 -6.938848495483398 0.2
-3.3720297813415527 18.816448211669922 -6.86724853515625 0.2
-3.259579658508301 19.049449920654297 -6.9129486083984375 0.2
-3.1645097732543945 19.228046417236328 -7.077249526977539 0.2
-3.3696298599243164 19.28885269165039 -7.161649703979492 0.2
-3.5593996047973633 19.299945831298828 -6.971248626708984 0.2
-3.763859748840332 19.143245697021484 -6.947948455810547 0.2
-3.7337698936462402 18.920650482177734 -7.089649200439453 0.2
-3.669529914855957 18.674549102783203 -7.142648696899414 0.2
-3.755499839782715 18.50815200805664 -6.969249725341797 0.2
-3.9773998260498047 18.527446746826172 -6.828449249267578 0.2
-4.112729549407959 18.740650177001953 -6.8233489990234375 0.2
-4.008039951324463 18.981647491455078 -6.818248748779297 0.2
-3.8404698371887207 19.189151763916016 -6.805448532104492 0.2
-3.624539852142334 19.218852996826172 -6.669649124145508 0.2
-3.771969795227051 19.216251373291016 -6.461549758911133 0.2
-4.007919788360596 19.208148956298828 -6.338850021362305 0.2
-4.061169624328613 18.952449798583984 -6.296749114990234 0.2
-3.9912896156311035 18.726146697998047 -6.418849945068359 0.2
-4.0825395584106445 18.548046112060547 -6.574548721313477 0.2
-4.3325395584106445 18.51254653930664 -6.537849426269531 0.2
-4.476219654083252 18.538951873779297 -6.323949813842773 0.2
-4.3978495597839355 18.692546844482422 -6.138248443603516 0.2
-4.2910895347595215 18.93124771118164 -6.1535491943359375 0.2
-4.186549663543701 19.158145904541016 -6.23954963684082 0.2
-4.30903959274292 19.298046112060547 -6.397249221801758 0.2
-4.500199794769287 19.328250885009766 -6.225648880004883 0.2
-4.687939643859863 19.240650177001953 -6.073049545288086 0.2
-4.766989707946777 19.019550323486328 -6.184148788452148 0.2
-4.724489688873291 18.795246124267578 -6.315948486328125 0.2
-4.713039875030518 18.570049285888672 -6.206548690795898 0.2
-4.85500955581665 18.53995132446289 -5.987348556518555 0.2
-5.028789520263672 18.69205093383789 -5.876049041748047 0.2
-4.9874396324157715 18.946849822998047 -5.886148452758789 0.2
-4.835219860076904 19.160350799560547 -5.902149200439453 0.2
-4.5934295654296875 19.244449615478516 -5.902948379516602 0.2
-4.554219722747803 19.180850982666016 -5.679849624633789 0.2
-4.740619659423828 19.207950592041016 -5.489849090576172 0.2
-4.866789817810059 19.02505111694336 -5.354949951171875 0.2
-4.830379962921143 18.787052154541016 -5.466650009155273 0.2
-4.90278959274292 18.596546173095703 -5.622348785400391 0.2
-5.145219802856445 18.541950225830078 -5.571649551391602 0.2
-5.256380081176758 18.563152313232422 -5.334249496459961 0.2
-5.148839950561523 18.69784927368164 -5.1488494873046875 0.2
-5.042779922485352 18.935749053955078 -5.177848815917969 0.2
-4.963099956512451 19.16244888305664 -5.292449951171875 0.2
-5.093569755554199 19.274150848388672 -5.471248626708984 0.2
-5.272170066833496 19.308452606201172 -5.292749404907227 0.2
-5.369870185852051 19.285449981689453 -5.047149658203125 0.2
-5.510649681091309 19.069652557373047 -5.031949996948242 0.2
-5.5094194412231445 18.862346649169922 -5.200349807739258 0.2
-5.446089744567871 18.623645782470703 -5.161949157714844 0.2
-5.488229751586914 18.555347442626953 -4.91724967956543 0.2
-5.625749588012695 18.67654800415039 -4.739948272705078 0.2
-5.627719879150391 18.932247161865234 -4.742048263549805 0.2
-5.500840187072754 19.157047271728516 -4.797048568725586 0.2
-5.283939361572266 19.255748748779297 -4.896648406982422 0.2
-5.154569625854492 19.141551971435547 -4.733049392700195 0.2
-5.2700700759887695 19.16634750366211 -4.494449615478516 0.2
-5.388589859008789 19.083248138427734 -4.282749176025391 0.2
-5.375470161437988 18.831951141357422 -4.321849822998047 0.2
-5.424650192260742 18.638751983642578 -4.482948303222656 0.2
-5.644579887390137 18.538448333740234 -4.427448272705078 0.2
-5.719679832458496 18.542552947998047 -4.178348541259766 0.2
-5.601929664611816 18.66824722290039 -3.9930496215820312 0.2
-5.5185699462890625 18.910449981689453 -4.032049179077148 0.2
-5.490670204162598 19.13754653930664 -4.160249710083008 0.2
-5.6343793869018555 19.212146759033203 -4.341548919677734 0.2
-5.807879447937012 19.211246490478516 -4.170549392700195 0.2
-5.836429595947266 19.221546173095703 -3.9059486389160156 0.2
-5.9478302001953125 19.048946380615234 -3.7507495880126953 0.2
-5.983149528503418 18.83334732055664 -3.9025497436523438 0.2
-5.887969970703125 18.603450775146484 -3.921548843383789 0.2
-5.867219924926758 18.51095199584961 -3.6818485260009766 0.2
-5.976570129394531 18.602550506591797 -3.4677486419677734 0.2
-6.0153398513793945 18.853046417236328 -3.462949752807617 0.2
-5.914999961853027 19.079547882080078 -3.550548553466797 0.2
-5.731459617614746 19.176250457763672 -3.6959495544433594 0.2
-5.557429313659668 19.059947967529297 -3.5873489379882812 0.2
-5.606800079345703 19.06814956665039 -3.3323497772216797 0.2
-5.689700126647949 19.050350189208984 -3.0846500396728516 0.2
-5.703740119934082 18.805850982666016 -3.0210494995117188 0.2
-5.7494001388549805 18.601146697998047 -3.17974853515625 0.2
-5.952469825744629 18.477947235107422 -3.1080493927001953 0.2
-6.004459381103516 18.468952178955078 -2.8539485931396484 0.2
-5.867349624633789 18.594852447509766 -2.6871490478515625 0.2
-5.792610168457031 18.831951141357422 -2.748748779296875 0.2
-5.791569709777832 19.049549102783203 -2.897249221801758 0.2
-5.943229675292969 19.10605239868164 -3.0838489532470703 0.2
-6.123589515686035 19.08334732055664 -2.919248580932617 0.2
-6.128339767456055 19.105945587158203 -2.666749954223633 0.2
-6.153629302978516 19.03084945678711 -2.4352493286132812 0.2
-6.229849815368652 18.80655288696289 -2.450448989868164 0.2
-6.188570022583008 18.598552703857422 -2.561948776245117 0.2
-6.103509902954102 18.432445526123047 -2.418149948120117 0.2
-6.136980056762695 18.424251556396484 -2.178049087524414 0.2
-6.231599807739258 18.60245132446289 -2.05474853515625 0.2
-6.188240051269531 18.831851959228516 -2.1194496154785156 0.2
-6.0883893966674805 19.021846771240234 -2.236448287963867 0.2
-5.964200019836426 19.077747344970703 -2.4314498901367188 0.2
-5.817099571228027 18.907649993896484 -2.4207496643066406 0.2
-5.7971696853637695 18.87814712524414 -2.185548782348633 0.2
-5.82427978515625 18.90444564819336 -1.958648681640625 0.2
-5.851339340209961 18.799152374267578 -1.7560501098632812 0.2
-5.864339828491211 18.574947357177734 -1.798349380493164 0.2
-6.001669883728027 18.40694808959961 -1.8575496673583984 0.2
-6.11830997467041 18.312847137451172 -1.689249038696289 0.2
-6.077249526977539 18.30405044555664 -1.46514892578125 0.2
-5.918059349060059 18.430248260498047 -1.3713493347167969 0.2
-5.876779556274414 18.641048431396484 -1.4483489990234375 0.2
-5.905280113220215 18.836048126220703 -1.568349838256836 0.2
-5.998279571533203 18.946849822998047 -1.7443485260009766 0.2
-6.208239555358887 18.896747589111328 -1.7318496704101562 0.2
-6.246709823608398 18.878047943115234 -1.5038490295410156 0.2
-6.206870079040527 18.880252838134766 -1.2621498107910156 0.2
-6.204039573669434 18.754047393798828 -1.0556488037109375 0.2
-6.258540153503418 18.527751922607422 -1.1209487915039062 0.2
-6.176529884338379 18.30734634399414 -1.1399497985839844 0.2
-6.117249488830566 18.200550079345703 -0.9321498870849609 0.2
-6.173879623413086 18.281452178955078 -0.716949462890625 0.2
-6.20298957824707 18.51675033569336 -0.7127494812011719 0.2
-6.132109642028809 18.71694564819336 -0.833648681640625 0.2
-6.050839424133301 18.85684585571289 -1.0153484344482422 0.2
-5.889309883117676 18.744747161865234 -1.1318492889404297 0.2
-5.782269477844238 18.653553009033203 -0.9407501220703125 0.2
-5.757319450378418 18.654552459716797 -0.7117500305175781 0.2
-5.751460075378418 18.603351593017578 -0.4855499267578125 0.2
-5.785840034484863 18.38174819946289 -0.4413490295410156 0.2
-5.904979705810547 18.192646026611328 -0.5108489990234375 0.2
-5.993919372558594 18.052547454833984 -0.356048583984375 0.2
-5.922860145568848 18.00014877319336 -0.14464950561523438 0.2
-5.748909950256348 18.112247467041016 -0.06184959411621094 0.2
-5.722609519958496 18.329952239990234 -0.12484931945800781 0.2
-5.775779724121094 18.533649444580078 -0.2189483642578125 0.2
-5.848909378051758 18.687847137451172 -0.37204933166503906 0.2
-6.039409637451172 18.632946014404297 -0.46105003356933594 0.2
-6.117959976196289 18.544750213623047 -0.27414894104003906 0.2
-6.047299385070801 18.54574966430664 -0.04044914245605469 0.2
-5.984589576721191 18.48794937133789 0.18865013122558594 0.2
-6.039409637451172 18.257549285888672 0.2207508087158203 0.2
-6.01725959777832 18.041851043701172 0.10735130310058594 0.2
-5.899290084838867 17.87664794921875 0.23595046997070312 0.2
-5.873040199279785 17.867847442626953 0.4761505126953125 0.2
-5.926719665527344 18.070552825927734 0.5823516845703125 0.2
-5.901269912719727 18.294452667236328 0.48615074157714844 0.2
-5.854450225830078 18.478450775146484 0.3282508850097656 0.2
-5.722869873046875 18.453250885009766 0.13825035095214844 0.2
-5.558629989624023 18.32974624633789 0.2510509490966797 0.2
-5.489130020141602 18.29635238647461 0.47535133361816406 0.2
-5.438509941101074 18.253047943115234 0.6991500854492188 0.2
-5.439760208129883 18.05915069580078 0.827850341796875 0.2
-5.534699440002441 17.860347747802734 0.7399501800537109 0.2
-5.639220237731934 17.687850952148438 0.832550048828125 0.2
-5.577619552612305 17.587848663330078 1.029550552368164 0.2
-5.39070987701416 17.627548217773438 1.1460514068603516 0.2
-5.3148698806762695 17.83625030517578 1.116750717163086 0.2
-5.383509635925293 18.04814910888672 1.0532512664794922 0.2
-5.462389945983887 18.242351531982422 0.9533500671386719 0.2
-5.634610176086426 18.285945892333984 0.8200511932373047 0.2
-5.772159576416016 18.16385269165039 0.9331512451171875 0.2
-5.696629524230957 18.126850128173828 1.1583499908447266 0.2
-5.578179359436035 18.098651885986328 1.3737506866455078 0.2
-5.5612897872924805 17.89134979248047 1.4966506958007812 0.2
-5.613979339599609 17.684749603271484 1.3694515228271484 0.2
-5.491889953613281 17.484249114990234 1.3708515167236328 0.2
-5.387859344482422 17.393150329589844 1.5708503723144531 0.2
-5.399700164794922 17.507450103759766 1.77655029296875 0.2
-5.413760185241699 17.7469482421875 1.752450942993164 0.2
-5.398590087890625 17.959548950195312 1.6322517395019531 0.2
-5.376190185546875 18.08005142211914 1.4260501861572266 0.2
-5.225569725036621 17.950347900390625 1.3164501190185547 0.2
-5.085100173950195 17.86935043334961 1.4955501556396484 0.2
-4.990599632263184 17.832950592041016 1.7176513671875 0.2
-4.915539741516113 17.67184829711914 1.8823509216308594 0.2
-4.974519729614258 17.45145034790039 1.7969512939453125 0.2
-5.109129905700684 17.263648986816406 1.8475513458251953 0.2
-5.04679012298584 17.14394760131836 2.0478515625 0.2
-4.839439868927002 17.17224884033203 2.1599502563476562 0.2
-4.752549648284912 17.391048431396484 2.1305503845214844 0.2
-4.835689544677734 17.61764907836914 2.088451385498047 0.2
-4.981879711151123 17.79705047607422 2.0080509185791016 0.2
-5.192679405212402 17.74774932861328 2.0769500732421875 0.2
-5.127069473266602 17.676349639892578 2.2964515686035156 0.2
-4.954049587249756 17.636749267578125 2.493051528930664 0.2
-4.878699779510498 17.42115020751953 2.6118507385253906 0.2
-4.958719730377197 17.20684814453125 2.4790515899658203 0.2
-4.827279567718506 17.00374984741211 2.4290504455566406 0.2
-4.676869869232178 16.903549194335938 2.6135501861572266 0.2
-4.661979675292969 17.028549194335938 2.8281517028808594 0.2
-4.685259819030762 17.28404998779297 2.801351547241211 0.2
-4.7034196853637695 17.51744842529297 2.687650680541992 0.2
-4.733659744262695 17.61064910888672 2.4590511322021484 0.2
-4.577479839324951 17.45465087890625 2.377450942993164 0.2
-4.416419982910156 17.408248901367188 2.5746517181396484 0.2
-4.275449752807617 17.34204864501953 2.7834510803222656 0.2
-4.21921968460083 17.095550537109375 2.7655506134033203 0.2
-4.363489627838135 16.891448974609375 2.6985511779785156 0.2
-4.37322998046875 16.717849731445312 2.8800506591796875 0.2
-4.178459644317627 16.66164779663086 3.040651321411133 0.2
-3.99075984954834 16.822650909423828 3.038450241088867 0.2
-4.045809745788574 17.072250366210938 3.0057506561279297 0.2
-4.18818998336792 17.29145050048828 2.9736499786376953 0.2
-4.427519798278809 17.323650360107422 3.018951416015625 0.2
-4.392369747161865 17.227649688720703 3.244150161743164 0.2
-4.193359851837158 17.187549591064453 3.4108505249023438 0.2
-4.02632999420166 17.038249969482422 3.5399513244628906 0.2
-4.080509662628174 16.79615020751953 3.4836502075195312 0.2
-4.030129909515381 16.597850799560547 3.340150833129883 0.2
-3.8193697929382324 16.470149993896484 3.4030513763427734 0.2
-3.7002196311950684 16.4864501953125 3.6234512329101562 0.2
-3.7430596351623535 16.709949493408203 3.7271499633789062 0.2
-3.8034496307373047 16.951148986816406 3.6525516510009766 0.2
-3.8916196823120117 17.154048919677734 3.517850875854492 0.2
-3.861539840698242 17.114948272705078 3.284151077270508 0.2
-3.6368298530578613 17.02684783935547 3.338350296020508 0.2
-3.4552197456359863 17.003047943115234 3.527250289916992 0.2
-3.302799701690674 16.81475067138672 3.612051010131836 0.2
-3.3789796829223633 16.592350006103516 3.4986515045166016 0.2
-3.4663796424865723 16.381649017333984 3.5877513885498047 0.2
-3.314459800720215 16.27124786376953 3.7628517150878906 0.2
-3.0765199661254883 16.328250885009766 3.821950912475586 0.2
-3.0315399169921875 16.570148468017578 3.7858505249023438 0.2
-3.1629996299743652 16.794349670410156 3.787351608276367 0.2
-3.353879928588867 16.968250274658203 3.7657508850097656 0.2
-3.5636396408081055 16.89134979248047 3.8506507873535156 0.2
-3.451169967651367 16.797149658203125 4.050750732421875 0.2
-3.229829788208008 16.786849975585938 4.186550140380859 0.2
-3.0540199279785156 16.62854766845703 4.279850006103516 0.2
-3.1089797019958496 16.391048431396484 4.202051162719727 0.2
-3.016079902648926 16.208351135253906 4.061750411987305 0.2
-2.7865896224975586 16.118549346923828 4.1282501220703125 0.2
-2.6722397804260254 16.173450469970703 4.342550277709961 0.2
-2.7413697242736816 16.400650024414062 4.422950744628906 0.2
-2.836759567260742 16.630348205566406 4.35004997253418 0.2
-2.9589996337890625 16.802047729492188 4.202850341796875 0.2
-2.895089626312256 16.744850158691406 3.9809513092041016 0.2
-2.655550003051758 16.690547943115234 4.039951324462891 0.2
-2.448239803314209 16.667747497558594 4.199150085449219 0.2
-2.2950997352600098 16.4698486328125 4.251850128173828 0.2
-2.3861098289489746 16.237350463867188 4.174650192260742 0.2
-2.3782997131347656 16.034748077392578 4.310951232910156 0.2
-2.164419651031494 15.981849670410156 4.44325065612793 0.2
-1.9640698432922363 16.12594985961914 4.425050735473633 0.2
-2.031749725341797 16.367050170898438 4.396251678466797 0.2
-2.20065975189209 16.562747955322266 4.418451309204102 0.2
-2.4392995834350586 16.640148162841797 4.432149887084961 0.2
-2.513519763946533 16.495948791503906 4.605649948120117 0.2
-2.3117098808288574 16.470748901367188 4.762350082397461 0.2
-2.075969696044922 16.442649841308594 4.866950988769531 0.2
-1.9843997955322266 16.20854949951172 4.849250793457031 0.2
-1.9333796501159668 15.988948822021484 4.724950790405273 0.2
-1.710319995880127 15.869548797607422 4.768550872802734 0.2
-1.5776896476745605 15.899349212646484 4.976449966430664 0.2
-1.6523399353027344 16.117847442626953 5.063449859619141 0.2
-1.7594199180603027 16.33475112915039 4.967350006103516 0.2
-1.899129867553711 16.51614761352539 4.844951629638672 0.2
-1.9651899337768555 16.489849090576172 4.614250183105469 0.2
-1.7459897994995117 16.39794921875 4.559150695800781 0.2
-1.516939640045166 16.402050018310547 4.683250427246094 0.2
-1.3128299713134766 16.298648834228516 4.792051315307617 0.2
-1.323469638824463 16.04104995727539 4.779550552368164 0.2
-1.2758598327636719 15.824249267578125 4.892450332641602 0.2
-1.047989845275879 15.759849548339844 4.987751007080078 0.2
-0.8686296939849854 15.908550262451172 4.91925048828125 0.2
-0.9673197269439697 16.13665008544922 4.890251159667969 0.2
-1.1461796760559082 16.317550659179688 4.930850982666016 0.2
-1.3777399063110352 16.413650512695312 4.961250305175781 0.2
-1.4779696464538574 16.270851135253906 5.12445068359375 0.2
-1.2856297492980957 16.213848114013672 5.277351379394531 0.2
-1.0415596961975098 16.21944808959961 5.365251541137695 0.2
-0.8431298732757568 16.06114959716797 5.373149871826172 0.2
-0.8018798828125 15.825248718261719 5.265350341796875 0.2
-0.5943198204040527 15.68655014038086 5.250551223754883 0.2
-0.4213297367095947 15.676448822021484 5.425849914550781 0.2
-0.4830498695373535 15.861549377441406 5.569751739501953 0.2
-0.606759786605835 16.068748474121094 5.483650207519531 0.2
-0.7437398433685303 16.25804901123047 5.378551483154297 0.2
-0.8944697380065918 16.294147491455078 5.186750411987305 0.2
-0.7634696960449219 16.181049346923828 5.021951675415039 0.2
-0.5158298015594482 16.174549102783203 5.082851409912109 0.2
-0.28358983993530273 16.15584945678711 5.190851211547852 0.2
-0.18669986724853516 15.9261474609375 5.239250183105469 0.2
-0.15387988090515137 15.683349609375 5.311851501464844 0.2
0.06775021553039551 15.582550048828125 5.387651443481445 0.2
0.27302026748657227 15.68185043334961 5.304750442504883 0.2
0.1968703269958496 15.908451080322266 5.251350402832031 0.2
0.014210224151611328 16.07794952392578 5.320951461791992 0.2
-0.19850969314575195 16.21725082397461 5.3594512939453125 0.2
-0.3812897205352783 16.123550415039062 5.481349945068359 0.2
-0.2414398193359375 16.011051177978516 5.64845085144043 0.2
0.004000186920166016 16.025650024414062 5.727550506591797 0.2
0.24396014213562012 15.951148986816406 5.750949859619141 0.2
0.307070255279541 15.716049194335938 5.658151626586914 0.2
0.477750301361084 15.545249938964844 5.5843505859375 0.2
0.700930118560791 15.48714828491211 5.68695068359375 0.2
0.7160601615905762 15.617050170898438 5.888151168823242 0.2
0.5812602043151855 15.830047607421875 5.865850448608398 0.2
0.44373011589050293 16.023651123046875 5.768350601196289 0.2
0.25799012184143066 16.133750915527344 5.638551712036133 0.2
0.2642502784729004 16.03915023803711 5.420751571655273 0.2
