16.38719940185547 -0.22085189819335938 -5.030550003051758 0.2
16.407699584960938 -0.22394943237304688 -4.833549499511719 0.2
16.347200393676758 -0.3439521789550781 -4.692548751831055 0.2
16.286300659179688 -0.5311508178710938 -4.7021484375 0.2
16.2864990234375 -0.7050514221191406 -4.799249649047852 0.2
16.38180160522461 -0.8609504699707031 -4.875648498535156 0.2
16.55459976196289 -0.9413490295410156 -4.831348419189453 0.2
16.65250015258789 -0.929351806640625 -4.661048889160156 0.2
16.645299911499023 -0.86614990234375 -4.473848342895508 0.2
16.52159881591797 -0.7522506713867188 -4.3699493408203125 0.2
16.404300689697266 -0.5942497253417969 -4.39634895324707 0.2
16.353599548339844 -0.4189491271972656 -4.474649429321289 0.2
16.41830062866211 -0.23744964599609375 -4.515850067138672 0.2
16.543498992919922 -0.12184906005859375 -4.421348571777344 0.2
16.623199462890625 -0.08935165405273438 -4.234748840332031 0.2
16.615798950195312 -0.1755523681640625 -4.050149917602539 0.2
16.547100067138672 -0.3673515319824219 -4.005449295043945 0.2
16.518699645996094 -0.5546493530273438 -4.0939483642578125 0.2
16.577899932861328 -0.7249488830566406 -4.19635009765625 0.2
16.75950050354004 -0.8207511901855469 -4.204549789428711 0.2
16.898700714111328 -0.8060493469238281 -4.054849624633789 0.2
16.91830062866211 -0.7322502136230469 -3.8622493743896484 0.2
16.804698944091797 -0.6104507446289062 -3.738048553466797 0.2
16.68109893798828 -0.4428520202636719 -3.7490501403808594 0.2
16.623699188232422 -0.254852294921875 -3.818849563598633 0.2
16.705699920654297 -0.06925201416015625 -3.8580493927001953 0.2
16.8489990234375 0.031848907470703125 -3.7521495819091797 0.2
16.938600540161133 0.035747528076171875 -3.5646495819091797 0.2
16.924999237060547 -0.0926513671875 -3.4064483642578125 0.2
16.866199493408203 -0.2920494079589844 -3.401548385620117 0.2
16.844200134277344 -0.4766502380371094 -3.4974498748779297 0.2
16.927499771118164 -0.6360511779785156 -3.602649688720703 0.2
17.120899200439453 -0.6996498107910156 -3.600648880004883 0.2
17.247900009155273 -0.6588516235351562 -3.4436492919921875 0.2
17.249900817871094 -0.5715522766113281 -3.2556495666503906 0.2
17.127300262451172 -0.4396514892578125 -3.14794921875 0.2
17.00510025024414 -0.2714500427246094 -3.1628494262695312 0.2
16.95989990234375 -0.07905197143554688 -3.228048324584961 0.2
17.06869888305664 0.09325027465820312 -3.2501487731933594 0.2
17.2185001373291 0.1542510986328125 -3.1228485107421875 0.2
17.304800033569336 0.1040496826171875 -2.9414501190185547 0.2
17.28459930419922 -0.06895065307617188 -2.8269500732421875 0.2
17.23740005493164 -0.26905059814453125 -2.8616485595703125 0.2
17.232398986816406 -0.44824981689453125 -2.96875 0.2
17.357200622558594 -0.574249267578125 -3.0752487182617188 0.2
17.552499771118164 -0.5866508483886719 -3.0290489196777344 0.2
17.646499633789062 -0.5214500427246094 -2.856048583984375 0.2
17.606599807739258 -0.4234504699707031 -2.677949905395508 0.2
17.474700927734375 -0.2792510986328125 -2.6023483276367188 0.2
17.359100341796875 -0.1076507568359375 -2.630949020385742 0.2
17.359800338745117 0.088348388671875 -2.69635009765625 0.2
17.51150131225586 0.221649169921875 -2.6741485595703125 0.2
17.667200088500977 0.23604965209960938 -2.537748336791992 0.2
17.73780059814453 0.12545013427734375 -2.3811492919921875 0.2
17.7052001953125 -0.0760498046875 -2.330049514770508 0.2
17.659900665283203 -0.26634979248046875 -2.4030494689941406 0.2
17.699100494384766 -0.4280509948730469 -2.525949478149414 0.2
17.879501342773438 -0.49195098876953125 -2.5938491821289062 0.2
18.044898986816406 -0.4466514587402344 -2.484048843383789 0.2
18.08930015563965 -0.3603515625 -2.3016490936279297 0.2
18.000900268554688 -0.23725128173828125 -2.1559486389160156 0.2
17.868099212646484 -0.07835006713867188 -2.1329498291015625 0.2
17.791500091552734 0.10725021362304688 -2.185649871826172 0.2
17.882400512695312 0.2835502624511719 -2.2331485748291016 0.2
18.055299758911133 0.3406486511230469 -2.141550064086914 0.2
18.170499801635742 0.27294921875 -1.9843482971191406 0.2
18.18560028076172 0.09824752807617188 -1.8699493408203125 0.2
18.137800216674805 -0.10245132446289062 -1.8923492431640625 0.2
18.10919952392578 -0.28205108642578125 -1.9938488006591797 0.2
18.21390151977539 -0.3995513916015625 -2.127349853515625 0.2
18.41550064086914 -0.3965492248535156 -2.13494873046875 0.2
18.557600021362305 -0.32305145263671875 -2.0026493072509766 0.2
18.574298858642578 -0.21525192260742188 -1.827249526977539 0.2
18.46649932861328 -0.06365203857421875 -1.7354488372802734 0.2
18.34440040588379 0.10564804077148438 -1.734649658203125 0.2
18.315399169921875 0.29434967041015625 -1.816049575805664 0.2
18.42490005493164 0.44374847412109375 -1.9092483520507812 0.2
18.613201141357422 0.5255508422851562 -1.9176483154296875 0.2
18.760000228881836 0.4468498229980469 -1.8069496154785156 0.2
18.75080108642578 0.2514495849609375 -1.7305488586425781 0.2
18.697999954223633 0.053150177001953125 -1.7668495178222656 0.2
18.715200424194336 -0.11944961547851562 -1.8853492736816406 0.2
18.87660026550293 -0.19805145263671875 -1.9792499542236328 0.2
19.05340003967285 -0.15164947509765625 -1.8924484252929688 0.2
19.11240005493164 -0.053050994873046875 -1.7193489074707031 0.2
19.04129981994629 0.08015060424804688 -1.5728492736816406 0.2
18.911800384521484 0.23974990844726562 -1.5414485931396484 0.2
18.827098846435547 0.4207496643066406 -1.5967483520507812 0.2
18.90089988708496 0.5929489135742188 -1.6818485260009766 0.2
19.08449935913086 0.6900482177734375 -1.673349380493164 0.2
19.253299713134766 0.6828498840332031 -1.5596485137939453 0.2
19.282699584960938 0.52764892578125 -1.4230499267578125 0.2
19.234399795532227 0.3256492614746094 -1.3968486785888672 0.2
19.194799423217773 0.12585067749023438 -1.4422492980957031 0.2
19.255399703979492 -0.029750823974609375 -1.5639495849609375 0.2
19.445600509643555 -0.045551300048828125 -1.624349594116211 0.2
19.59869956970215 0.0527496337890625 -1.5280494689941406 0.2
19.6343994140625 0.18365097045898438 -1.3705501556396484 0.2
19.549800872802734 0.3406486511230469 -1.2592487335205078 0.2
19.420299530029297 0.5040512084960938 -1.2472496032714844 0.2
19.348800659179688 0.6832504272460938 -1.321249008178711 0.2
19.458900451660156 0.8282508850097656 -1.4093494415283203 0.2
19.654199600219727 0.8448486328125 -1.3539485931396484 0.2
19.781600952148438 0.7480506896972656 -1.221649169921875 0.2
19.813600540161133 0.5678482055664062 -1.1166496276855469 0.2
19.769100189208984 0.3640480041503906 -1.1171493530273438 0.2
19.73940086364746 0.17444992065429688 -1.1967487335205078 0.2
19.836999893188477 0.07024765014648438 -1.343648910522461 0.2
20.033000946044922 0.108551025390625 -1.373748779296875 0.2
20.16830062866211 0.22344970703125 -1.2675495147705078 0.2
20.18560028076172 0.3732490539550781 -1.1203498840332031 0.2
20.08570098876953 0.5375480651855469 -1.040048599243164 0.2
19.959800720214844 0.7038497924804688 -1.0373497009277344 0.2
19.923200607299805 0.870849609375 -1.1534500122070312 0.2
20.059101104736328 0.9686508178710938 -1.2705497741699219 0.2
20.264400482177734 0.9714508056640625 -1.289449691772461 0.2
20.415300369262695 0.8536491394042969 -1.2047500610351562 0.2
20.42840003967285 0.65985107421875 -1.1305484771728516 0.2
20.380599975585938 0.4570503234863281 -1.117849349975586 0.2
20.37310028076172 0.2864494323730469 -1.237548828125 0.2
20.493900299072266 0.2639503479003906 -1.396749496459961 0.2
20.662200927734375 0.37854766845703125 -1.4291496276855469 0.2
20.764101028442383 0.5462493896484375 -1.3541488647460938 0.2
20.73390007019043 0.7294502258300781 -1.2584495544433594 0.2
20.62030029296875 0.8957481384277344 -1.2017498016357422 0.2
20.491199493408203 1.0487480163574219 -1.2585487365722656 0.2
20.49920082092285 1.1498489379882812 -1.4338493347167969 0.2
20.673500061035156 1.16455078125 -1.5431499481201172 0.2
20.869300842285156 1.0921478271484375 -1.537149429321289 0.2
20.975000381469727 0.9270477294921875 -1.461648941040039 0.2
20.972299575805664 0.7284507751464844 -1.3952484130859375 0.2
20.926300048828125 0.5255508422851562 -1.410848617553711 0.2
20.91309928894043 0.4076499938964844 -1.5775489807128906 0.2
21.026899337768555 0.4595489501953125 -1.739248275756836 0.2
21.166799545288086 0.6063499450683594 -1.7865486145019531 0.2
21.228099822998047 0.7963485717773438 -1.7149486541748047 0.2
21.164100646972656 0.9778480529785156 -1.6326484680175781 0.2
21.033899307250977 1.1398506164550781 -1.6047496795654297 0.2
20.919300079345703 1.2650489807128906 -1.722848892211914 0.2
21.014801025390625 1.3311500549316406 -1.8875484466552734 0.2
21.21820068359375 1.311248779296875 -1.9274482727050781 0.2
21.388500213623047 1.2031478881835938 -1.8654499053955078 0.2
21.446199417114258 1.0161476135253906 -1.7896499633789062 0.2
21.42770004272461 0.8115501403808594 -1.744049072265625 0.2
21.374401092529297 0.6200485229492188 -1.8046493530273438 0.2
21.405799865722656 0.5481491088867188 -1.9918498992919922 0.2
21.54640007019043 0.6264495849609375 -2.1229496002197266 0.2
21.681499481201172 0.7827491760253906 -2.128549575805664 0.2
21.70050048828125 0.97344970703125 -2.034749984741211 0.2
21.602500915527344 1.1484489440917969 -1.972249984741211 0.2
21.46380043029785 1.3050498962402344 -1.9994487762451172 0.2
21.431499481201172 1.4338493347167969 -2.154949188232422 0.2
21.590499877929688 1.5001487731933594 -2.2692489624023438 0.2
21.797399520874023 1.4829483032226562 -2.2678489685058594 0.2
21.927000045776367 1.3493499755859375 -2.172149658203125 0.2
21.933700561523438 1.1525497436523438 -2.098848342895508 0.2
21.902700424194336 0.9465484619140625 -2.071249008178711 0.2
21.870500564575195 0.767547607421875 -2.175048828125 0.2
21.924301147460938 0.7026481628417969 -2.364849090576172 0.2
22.062999725341797 0.7538490295410156 -2.5098495483398438 0.2
22.1835994720459 0.9165496826171875 -2.4830493927001953 0.2
22.150699615478516 1.100250244140625 -2.3824501037597656 0.2
22.040000915527344 1.2739486694335938 -2.3391494750976562 0.2
21.92650032043457 1.4382476806640625 -2.415149688720703 0.2
21.944499969482422 1.56884765625 -2.574850082397461 0.2
22.09939956665039 1.6489486694335938 -2.6890487670898438 0.2
22.297500610351562 1.61614990234375 -2.651449203491211 0.2
22.374000549316406 1.4510498046875 -2.5479488372802734 0.2
22.365100860595703 1.2470474243164062 -2.4943485260009766 0.2
22.342899322509766 1.0378494262695312 -2.5038490295410156 0.2
22.34670066833496 0.8779487609863281 -2.6418495178222656 0.2
22.445100784301758 0.8276481628417969 -2.8197498321533203 0.2
22.61370086669922 0.904449462890625 -2.9053497314453125 0.2
22.688600540161133 1.0801506042480469 -2.8239498138427734 0.2
22.6156005859375 1.2640495300292969 -2.749849319458008 0.2
22.50360107421875 1.4414482116699219 -2.7248497009277344 0.2
22.386199951171875 1.5996475219726562 -2.8068485260009766 0.2
22.36210060119629 1.7109489440917969 -2.984149932861328 0.2
22.48750114440918 1.770050048828125 -3.1369495391845703 0.2
22.681699752807617 1.7035484313964844 -3.114349365234375 0.2
22.75200080871582 1.5251502990722656 -3.023550033569336 0.2
22.745100021362305 1.3219490051269531 -2.9654483795166016 0.2
22.722900390625 1.1134490966796875 -2.9986495971679688 0.2
22.749099731445312 0.9840507507324219 -3.1624488830566406 0.2
22.87150001525879 0.9865493774414062 -3.3321495056152344 0.2
23.019100189208984 1.1249504089355469 -3.3694496154785156 0.2
23.029800415039062 1.323150634765625 -3.2963485717773438 0.2
22.94099998474121 1.505950927734375 -3.238048553466797 0.2
22.819400787353516 1.6790504455566406 -3.2279491424560547 0.2
22.698699951171875 1.8042488098144531 -3.3510494232177734 0.2
22.709800720214844 1.8719482421875 -3.5487499237060547 0.2
22.870399475097656 1.864349365234375 -3.6747493743896484 0.2
23.03260040283203 1.7341499328613281 -3.6271495819091797 0.2
23.07240104675293 1.5398483276367188 -3.5528488159179688 0.2
23.0664005279541 1.3338508605957031 -3.5039501190185547 0.2
23.018400192260742 1.13494873046875 -3.5708484649658203 0.2
23.058000564575195 1.0629501342773438 -3.7591495513916016 0.2
23.194700241088867 1.1317481994628906 -3.9025497436523438 0.2
23.313199996948242 1.3046493530273438 -3.9040489196777344 0.2
23.289899826049805 1.5045509338378906 -3.8364486694335938 0.2
23.197799682617188 1.6888504028320312 -3.7856483459472656 0.2
23.060100555419922 1.8517494201660156 -3.798349380493164 0.2
22.959699630737305 1.9515495300292969 -3.953449249267578 0.2
23.017799377441406 1.994049072265625 -4.151649475097656 0.2
23.20210075378418 1.9547500610351562 -4.236148834228516 0.2
23.334699630737305 1.8023490905761719 -4.167749404907227 0.2
23.364900588989258 1.6054496765136719 -4.09214973449707 0.2
23.35379981994629 1.3953475952148438 -4.055749893188477 0.2
23.30970001220703 1.2116508483886719 -4.156049728393555 0.2
23.35890007019043 1.1578483581542969 -4.353748321533203 0.2
23.488500595092773 1.2437477111816406 -4.492349624633789 0.2
23.56220054626465 1.4420509338378906 -4.469049453735352 0.2
23.50589942932129 1.6387481689453125 -4.407749176025391 0.2
23.406400680541992 1.8222503662109375 -4.363048553466797 0.2
23.25510025024414 1.9659500122070312 -4.414348602294922 0.2
23.196500778198242 2.0314483642578125 -4.6051483154296875 0.2
23.296600341796875 2.033649444580078 -4.790548324584961 0.2
23.484399795532227 1.9410476684570312 -4.817150115966797 0.2
23.576900482177734 1.7621498107910156 -4.74424934387207 0.2
23.607500076293945 1.5639495849609375 -4.671649932861328 0.2
23.579500198364258 1.35205078125 -4.656049728393555 0.2
23.529399871826172 1.2021484375 -4.795249938964844 0.2
23.576000213623047 1.188751220703125 -5.000848770141602 0.2
23.69230079650879 1.323150634765625 -5.108949661254883 0.2
23.720699310302734 1.5331497192382812 -5.07244873046875 0.2
23.65489959716797 1.7271499633789062 -5.013849258422852 0.2
23.546300888061523 1.9078483581542969 -4.978349685668945 0.2
23.387001037597656 2.023651123046875 -5.062849044799805 0.2
23.3523006439209 2.058147430419922 -5.267049789428711 0.2
23.476299285888672 2.028350830078125 -5.431650161743164 0.2
23.649200439453125 1.9013481140136719 -5.428249359130859 0.2
23.72170066833496 1.7139511108398438 -5.355749130249023 0.2
23.753400802612305 1.5146484375 -5.2868499755859375 0.2
23.702699661254883 1.3048477172851562 -5.294948577880859 0.2
23.653200149536133 1.1883506774902344 -5.461448669433594 0.2
23.701601028442383 1.2128486633300781 -5.665048599243164 0.2
23.798200607299805 1.3846511840820312 -5.741649627685547 0.2
23.78849983215332 1.5943489074707031 -5.698148727416992 0.2
23.719900131225586 1.7882499694824219 -5.639949798583984 0.2
23.589900970458984 1.9587478637695312 -5.614749908447266 0.2
23.4325008392334 2.0415496826171875 -5.72974967956543 0.2
23.4197998046875 2.0462493896484375 -5.9418487548828125 0.2
23.563499450683594 1.9825477600097656 -6.080848693847656 0.2
23.710899353027344 1.8282508850097656 -6.053749084472656 0.2
23.778200149536133 1.6381492614746094 -5.980449676513672 0.2
23.803300857543945 1.4345474243164062 -5.9156494140625 0.2
23.728200912475586 1.2356491088867188 -5.947750091552734 0.2
23.67770004272461 1.15264892578125 -6.136249542236328 0.2
23.72410011291504 1.2139511108398438 -6.3327484130859375 0.2
23.793399810791016 1.4122505187988281 -6.377048492431641 0.2
23.76340103149414 1.6197509765625 -6.327749252319336 0.2
23.694700241088867 1.8152503967285156 -6.270549774169922 0.2
23.542499542236328 1.968048095703125 -6.256948471069336 0.2
23.395299911499023 2.0161476135253906 -6.400348663330078 0.2
23.399099349975586 1.9928474426269531 -6.611949920654297 0.2
23.55630111694336 1.8969497680664062 -6.717350006103516 0.2
23.68160057067871 1.7258491516113281 -6.676048278808594 0.2
23.75080108642578 1.5360488891601562 -6.604448318481445 0.2
23.76020050048828 1.3291511535644531 -6.544948577880859 0.2
23.66309928894043 1.1495475769042969 -6.605449676513672 0.2
23.60900115966797 1.0953483581542969 -6.803449630737305 0.2
23.65679931640625 1.1955490112304688 -6.981149673461914 0.2
23.698200225830078 1.4071502685546875 -7.001548767089844 0.2
23.660400390625 1.6116485595703125 -6.949748992919922 0.2
23.58679962158203 1.8056488037109375 -6.894748687744141 0.2
23.41200065612793 1.933349609375 -6.899049758911133 0.2
23.279300689697266 1.9491500854492188 -7.06144905090332 0.2
23.306800842285156 1.8989486694335938 -7.2644500732421875 0.2
23.466400146484375 1.7741508483886719 -7.336849212646484 0.2
23.57200050354004 1.5936508178710938 -7.286149978637695 0.2
23.64080047607422 1.4029502868652344 -7.216148376464844 0.2
23.62190055847168 1.19384765625 -7.16094970703125 0.2
23.507400512695312 1.0391502380371094 -7.24744987487793 0.2
23.452499389648438 1.0141487121582031 -7.451749801635742 0.2
23.498600006103516 1.1507492065429688 -7.6069488525390625 0.2
23.5137996673584 1.3660507202148438 -7.605449676513672 0.2
23.477100372314453 1.5712509155273438 -7.552549362182617 0.2
23.389999389648438 1.7613487243652344 -7.496448516845703 0.2
23.20009994506836 1.858551025390625 -7.518548965454102 0.2
23.081199645996094 1.8432502746582031 -7.695348739624023 0.2
23.128799438476562 1.7633476257324219 -7.885749816894531 0.2
23.27899932861328 1.6127510070800781 -7.925048828125 0.2
23.376800537109375 1.4284477233886719 -7.86884880065918 0.2
23.443201065063477 1.2354507446289062 -7.7980499267578125 0.2
23.392000198364258 1.0316505432128906 -7.745948791503906 0.2
23.260099411010742 0.9049491882324219 -7.8540496826171875 0.2
23.197900772094727 0.9090499877929688 -8.057849884033203 0.2
23.235700607299805 1.0780487060546875 -8.18484878540039 0.2
23.236801147460938 1.2938499450683594 -8.169549942016602 0.2
23.207399368286133 1.5014495849609375 -8.120149612426758 0.2
23.10300064086914 1.6818504333496094 -8.061849594116211 0.2
22.903100967407227 1.7417488098144531 -8.101348876953125 0.2
22.789899826049805 1.6966476440429688 -8.277149200439453 0.2
22.855899810791016 1.5863494873046875 -8.445449829101562 0.2
22.99180030822754 1.4177474975585938 -8.460649490356445 0.2
23.088600158691406 1.23394775390625 -8.405048370361328 0.2
23.145700454711914 1.0393486022949219 -8.331249237060547 0.2
23.057701110839844 0.8483505249023438 -8.285848617553711 0.2
22.910999298095703 0.7495498657226562 -8.402849197387695 0.2
22.848100662231445 0.7884483337402344 -8.599748611450195 0.2
22.87380027770996 0.979248046875 -8.699348449707031 0.2
22.868600845336914 1.1931495666503906 -8.676549911499023 0.2
22.840999603271484 1.4012489318847656 -8.630149841308594 0.2
22.71179962158203 1.5636482238769531 -8.565149307250977 0.2
22.508501052856445 1.5866508483886719 -8.61614990234375 0.2
22.40559959411621 1.5149497985839844 -8.788349151611328 0.2
22.48579978942871 1.3789482116699219 -8.932748794555664 0.2
22.60930061340332 1.2015495300292969 -8.927749633789062 0.2
22.707901000976562 1.0181503295898438 -8.873350143432617 0.2
22.747499465942383 0.8220481872558594 -8.78904914855957 0.2
22.627901077270508 0.6494483947753906 -8.75364875793457 0.2
22.470699310302734 0.5766487121582031 -8.879549026489258 0.2
22.40959930419922 0.6510505676269531 -9.067949295043945 0.2
22.42530059814453 0.8558502197265625 -9.136749267578125 0.2
22.421199798583984 1.0703506469726562 -9.111148834228516 0.2
22.3887996673584 1.2785491943359375 -9.060648918151855 0.2
22.236600875854492 1.414947509765625 -8.99014949798584 0.2
22.03420066833496 1.4027481079101562 -9.056049346923828 0.2
21.945600509643555 1.3066482543945312 -9.225049018859863 0.2
22.040599822998047 1.1509475708007812 -9.340249061584473 0.2
22.15920066833496 0.970550537109375 -9.322548866271973 0.2
22.260099411010742 0.7869491577148438 -9.270049095153809 0.2
22.276500701904297 0.5936508178710938 -9.173849105834961 0.2
22.12820053100586 0.4433479309082031 -9.15324878692627 0.2
21.9635009765625 0.3946495056152344 -9.281048774719238 0.2
21.910499572753906 0.5047492980957031 -9.45514965057373 0.2
21.92020034790039 0.7167510986328125 -9.500848770141602 0.2
21.91990089416504 0.9308509826660156 -9.477849006652832 0.2
21.876699447631836 1.1344490051269531 -9.419349670410156 0.2
21.701099395751953 1.2361488342285156 -9.351149559020996 0.2
21.50550079345703 1.1946487426757812 -9.424749374389648 0.2
21.443099975585938 1.0759506225585938 -9.587849617004395 0.2
21.545900344848633 0.905548095703125 -9.673849105834961 0.2
21.660999298095703 0.7254486083984375 -9.64854907989502 0.2
21.758100509643555 0.5415496826171875 -9.592549324035645 0.2
21.738399505615234 0.35524749755859375 -9.484249114990234 0.2
21.56760025024414 0.23114776611328125 -9.480049133300781 0.2
21.404399871826172 0.21355056762695312 -9.61414909362793 0.2
21.36199951171875 0.3576507568359375 -9.767748832702637 0.2
21.36910057067871 0.5720481872558594 -9.791648864746094 0.2
21.37070083618164 0.78594970703125 -9.769449234008789 0.2
21.306699752807617 0.9784507751464844 -9.691549301147461 0.2
21.112300872802734 1.0381507873535156 -9.633149147033691 0.2
20.92770004272461 0.96875 -9.71674919128418 0.2
20.896400451660156 0.8263511657714844 -9.871048927307129 0.2
21.005599975585938 0.6471481323242188 -9.923048973083496 0.2
21.12150001525879 0.46775054931640625 -9.894449234008789 0.2
21.208999633789062 0.2829475402832031 -9.823348999023438 0.2
21.14900016784668 0.1123504638671875 -9.708649635314941 0.2
20.958799362182617 0.015350341796875 -9.722148895263672 0.2
20.80030059814453 0.032649993896484375 -9.86194896697998 0.2
20.77120018005371 0.20605087280273438 -9.987449645996094 0.2
20.781600952148438 0.4215507507324219 -10.000848770141602 0.2
20.782800674438477 0.6365509033203125 -9.977349281311035 0.2
20.696500778198242 0.8084487915039062 -9.87864875793457 0.2
20.489999771118164 0.8247489929199219 -9.834049224853516 0.2
20.318201065063477 0.7301483154296875 -9.920049667358398 0.2
20.319900512695312 0.5667495727539062 -10.057848930358887 0.2
20.43239974975586 0.3842506408691406 -10.085848808288574 0.2
20.549800872802734 0.20584869384765625 -10.058749198913574 0.2
20.62070083618164 0.024250030517578125 -9.966349601745605 0.2
20.519399642944336 -0.12345123291015625 -9.853349685668945 0.2
20.318500518798828 -0.19385147094726562 -9.873449325561523 0.2
20.173799514770508 -0.13685226440429688 -10.01564884185791 0.2
20.153200149536133 0.054050445556640625 -10.115348815917969 0.2
20.16790008544922 0.2679481506347656 -10.1277494430542 0.2
20.16360092163086 0.48075103759765625 -10.09584903717041 0.2
20.050899505615234 0.6204490661621094 -9.978549003601074 0.2
19.8435001373291 0.6004486083984375 -9.94214916229248 0.2
19.692800521850586 0.48175048828125 -10.03024959564209 0.2
19.72130012512207 0.3021507263183594 -10.145249366760254 0.2
19.835800170898438 0.12064743041992188 -10.155949592590332 0.2
19.95199966430664 -0.056949615478515625 -10.12454891204834 0.2
19.998001098632812 -0.22875213623046875 -10.002449035644531 0.2
19.863000869750977 -0.3498497009277344 -9.896049499511719 0.2
19.656600952148438 -0.3930511474609375 -9.924949645996094 0.2
19.528900146484375 -0.29975128173828125 -10.06614875793457 0.2
19.519100189208984 -0.099151611328125 -10.142949104309082 0.2
19.53730010986328 0.1141510009765625 -10.158549308776855 0.2
19.524099349975586 0.3227500915527344 -10.104848861694336 0.2
19.38949966430664 0.4247474670410156 -9.977349281311035 0.2
19.184101104736328 0.373748779296875 -9.948649406433105 0.2
19.057600021362305 0.2301483154296875 -10.037849426269531 0.2
19.1112003326416 0.041347503662109375 -10.125449180603027 0.2
19.229900360107422 -0.13795089721679688 -10.12864875793457 0.2
19.344999313354492 -0.3141517639160156 -10.083148956298828 0.2
19.3617000579834 -0.4676513671875 -9.935449600219727 0.2
19.198400497436523 -0.56195068359375 -9.837849617004395 0.2
18.989700317382812 -0.5759506225585938 -9.873649597167969 0.2
18.88360023498535 -0.44824981689453125 -10.008149147033691 0.2
18.884300231933594 -0.24345016479492188 -10.073549270629883 0.2
18.903099060058594 -0.03025054931640625 -10.09334945678711 0.2
18.879600524902344 0.16645050048828125 -10.011149406433105 0.2
18.727100372314453 0.225250244140625 -9.879149436950684 0.2
18.530399322509766 0.14875030517578125 -9.847848892211914 0.2
18.436500549316406 -0.01885223388671875 -9.935049057006836 0.2
18.50830078125 -0.211151123046875 -9.998449325561523 0.2
18.629199981689453 -0.3877525329589844 -10.00114917755127 0.2
18.73979949951172 -0.5575523376464844 -9.931949615478516 0.2
18.719600677490234 -0.6853523254394531 -9.765449523925781 0.2
18.541200637817383 -0.7520523071289062 -9.671849250793457 0.2
18.33880043029785 -0.7309494018554688 -9.720048904418945 0.2
18.252601623535156 -0.5771522521972656 -9.8423490524292 0.2
18.26129913330078 -0.3729515075683594 -9.904048919677734 0.2
18.278499603271484 -0.16044998168945312 -9.917749404907227 0.2
18.241901397705078 0.0135498046875 -9.799749374389648 0.2
18.082599639892578 0.032749176025390625 -9.665148735046387 0.2
17.900299072265625 -0.06875228881835938 -9.634749412536621 0.2
17.840099334716797 -0.2555503845214844 -9.715449333190918 0.2
17.927499771118164 -0.4450492858886719 -9.760549545288086 0.2
18.050201416015625 -0.6195487976074219 -9.76194953918457 0.2
18.15399932861328 -0.7750511169433594 -9.657448768615723 0.2
18.099599838256836 -0.87335205078125 -9.481449127197266 0.2
17.9114990234375 -0.9121513366699219 -9.3910493850708 0.2
17.719600677490234 -0.8528518676757812 -9.450849533081055 0.2
17.657501220703125 -0.6795501708984375 -9.55794906616211 0.2
17.670000076293945 -0.4766502380371094 -9.623449325561523 0.2
17.68910026550293 -0.2640495300292969 -9.614449501037598 0.2
17.643001556396484 -0.123748779296875 -9.464348793029785 0.2
17.485198974609375 -0.13985061645507812 -9.323948860168457 0.2
17.322601318359375 -0.268951416015625 -9.292549133300781 0.2
17.29960060119629 -0.46884918212890625 -9.361749649047852 0.2
17.397201538085938 -0.6541519165039062 -9.402949333190918 0.2
17.52320098876953 -0.8263511657714844 -9.396649360656738 0.2
17.617900848388672 -0.9559516906738281 -9.258049011230469 0.2
17.537399291992188 -1.020050048828125 -9.074549674987793 0.2
17.347900390625 -1.024749755859375 -8.981549263000488 0.2
17.174400329589844 -0.9247512817382812 -9.048949241638184 0.2
17.131099700927734 -0.7415504455566406 -9.14854907989502 0.2
17.14189910888672 -0.5403518676757812 -9.218449592590332 0.2
17.17060089111328 -0.3347511291503906 -9.174949645996094 0.2
17.12110137939453 -0.23815155029296875 -8.997149467468262 0.2
16.981399536132812 -0.28005218505859375 -8.843549728393555 0.2
16.847301483154297 -0.43775177001953125 -8.815649032592773 0.2
16.85449981689453 -0.64215087890625 -8.874649047851562 0.2
16.95400047302246 -0.824249267578125 -8.920949935913086 0.2
17.087799072265625 -0.9865493774414062 -8.894548416137695 0.2
17.163799285888672 -1.0802497863769531 -8.724149703979492 0.2
17.07270050048828 -1.1093521118164062 -8.536249160766602 0.2
16.884601593017578 -1.0757522583007812 -8.454549789428711 0.2
16.73579978942871 -0.9427490234375 -8.526748657226562 0.2
16.706600189208984 -0.7578506469726562 -8.626449584960938 0.2
16.722301483154297 -0.5550498962402344 -8.685649871826172 0.2
16.764999389648438 -0.3693504333496094 -8.595149993896484 0.2
16.715900421142578 -0.3153495788574219 -8.400049209594727 0.2
16.59170150756836 -0.3834495544433594 -8.245550155639648 0.2
16.487499237060547 -0.5649490356445312 -8.230949401855469 0.2
16.52090072631836 -0.7651519775390625 -8.290548324584961 0.2
16.621700286865234 -0.9451522827148438 -8.338850021362305 0.2
16.768400192260742 -1.0860519409179688 -8.27924919128418 0.2
16.81800079345703 -1.1442489624023438 -8.086750030517578 0.2
16.718900680541992 -1.1427497863769531 -7.900449752807617 0.2
16.533199310302734 -1.07135009765625 -7.841348648071289 0.2
16.416900634765625 -0.9149513244628906 -7.922048568725586 0.2
16.395299911499023 -0.7300491333007812 -8.023649215698242 0.2
16.432701110839844 -0.5242500305175781 -8.055549621582031 0.2
16.483600616455078 -0.37274932861328125 -7.922548294067383 0.2
16.4375 -0.3535499572753906 -7.7178497314453125 0.2
16.325000762939453 -0.4503517150878906 -7.571949005126953 0.2
16.252099990844727 -0.6476516723632812 -7.577449798583984 0.2
16.29800033569336 -0.8423500061035156 -7.646450042724609 0.2
16.408100128173828 -1.0180511474609375 -7.687349319458008 0.2
16.559200286865234 -1.1302490234375 -7.595048904418945 0.2
16.583301544189453 -1.1565513610839844 -7.389249801635742 0.2
16.479700088500977 -1.1260490417480469 -7.209249496459961 0.2
16.302000045776367 -1.0201492309570312 -7.179048538208008 0.2
16.211898803710938 -0.8515510559082031 -7.268348693847656 0.2
16.199800491333008 -0.6641502380371094 -7.365549087524414 0.2
16.267200469970703 -0.4654502868652344 -7.362649917602539 0.2
16.317001342773438 -0.3552513122558594 -7.195049285888672 0.2
16.278900146484375 -0.3608512878417969 -6.987949371337891 0.2
16.172901153564453 -0.4868507385253906 -6.8634490966796875 0.2
16.123300552368164 -0.6899490356445312 -6.887849807739258 0.2
16.17259979248047 -0.8793525695800781 -6.967048645019531 0.2
16.29829978942871 -1.044952392578125 -6.994449615478516 0.2
16.44219970703125 -1.1271514892578125 -6.871250152587891 0.2
16.45400047302246 -1.1282501220703125 -6.662248611450195 0.2
16.34360122680664 -1.0724525451660156 -6.496349334716797 0.2
16.17959976196289 -0.9421501159667969 -6.487949371337891 0.2
16.10810089111328 -0.7693519592285156 -6.584249496459961 0.2
16.11410140991211 -0.5776519775390625 -6.6694488525390625 0.2
16.207199096679688 -0.3965492248535156 -6.626649856567383 0.2
16.254501342773438 -0.3207511901855469 -6.439748764038086 0.2
16.219900131225586 -0.3480491638183594 -6.2355499267578125 0.2
16.11910057067871 -0.4969520568847656 -6.134748458862305 0.2
16.08660125732422 -0.698150634765625 -6.180248260498047 0.2
16.137300491333008 -0.8832511901855469 -6.26664924621582 0.2
16.282400131225586 -1.034149169921875 -6.2785491943359375 0.2
16.41680145263672 -1.0913505554199219 -6.134449005126953 0.2
16.423900604248047 -1.0733489990234375 -5.925548553466797 0.2
16.30900001525879 -0.9960517883300781 -5.773048400878906 0.2
16.160200119018555 -0.8500518798828125 -5.783449172973633 0.2
16.09870147705078 -0.6755523681640625 -5.883150100708008 0.2
16.131500244140625 -0.4801521301269531 -5.950349807739258 0.2
16.23859977722168 -0.3233489990234375 -5.870349884033203 0.2
16.284500122070312 -0.2752494812011719 -5.668548583984375 0.2
16.246000289916992 -0.33625030517578125 -5.462249755859375 0.2
16.151500701904297 -0.5246505737304688 -5.406049728393555 0.2
16.142101287841797 -0.7285499572753906 -5.490449905395508 0.2
16.23080062866211 -0.9123497009277344 -5.573450088500977 0.2
16.41120147705078 -1.0204505920410156 -5.51824951171875 0.2
16.49690055847168 -1.0231513977050781 -5.316249847412109 0.2
16.449100494384766 -0.9590492248535156 -5.112548828125 0.2
16.289600372314453 -0.8209495544433594 -5.0538482666015625 0.2
16.194400787353516 -0.6402511596679688 -5.137149810791016 0.2
16.209701538085938 -0.4371490478515625 -5.219749450683594 0.2
16.332000732421875 -0.2695503234863281 -5.158449172973633 0.2
