0.32489013671875 -14.569049835205078 10.58015251159668 0.2
0.3796701431274414 -14.747550964355469 10.661951065063477 0.2
0.4210703372955322 -14.947549819946289 10.644750595092773 0.2
0.4609801769256592 -15.139650344848633 10.584249496459961 0.2
0.5368402004241943 -15.275550842285156 10.451650619506836 0.2
0.7149901390075684 -15.311750411987305 10.361452102661133 0.2
0.9178502559661865 -15.296051025390625 10.376550674438477 0.2
1.038440227508545 -15.213951110839844 10.513952255249023 0.2
0.9736602306365967 -15.073150634765625 10.643152236938477 0.2
0.8255603313446045 -14.937450408935547 10.680349349975586 0.2
0.6715002059936523 -14.803850173950195 10.69215202331543 0.2
0.5538902282714844 -14.647050857543945 10.633649826049805 0.2
0.6079201698303223 -14.521949768066406 10.485349655151367 0.2
0.8030803203582764 -14.50724983215332 10.431249618530273 0.2
1.0148602724075317 -14.525251388549805 10.432050704956055 0.2
1.2277802228927612 -14.552350997924805 10.459352493286133 0.2
1.36978018283844 -14.648651123046875 10.583250045776367 0.2
1.3441202640533447 -14.839651107788086 10.673051834106445 0.2
1.2669702768325806 -15.039850234985352 10.64845085144043 0.2
1.290940284729004 -15.212850570678711 10.528249740600586 0.2
1.471590280532837 -15.282051086425781 10.442449569702148 0.2
1.6843702793121338 -15.270851135253906 10.473352432250977 0.2
1.8112902641296387 -15.171850204467773 10.609052658081055 0.2
1.7476502656936646 -14.999151229858398 10.714151382446289 0.2
1.6196802854537964 -14.824951171875 10.710351943969727 0.2
1.6008002758026123 -14.639949798583984 10.607950210571289 0.2
1.7713102102279663 -14.540750503540039 10.533052444458008 0.2
1.982830286026001 -14.537750244140625 10.574949264526367 0.2
2.131751298904419 -14.627750396728516 10.696149826049805 0.2
2.1201372146606445 -14.822351455688477 10.780252456665039 0.2
2.0455572605133057 -15.021150588989258 10.74165153503418 0.2
2.0417542457580566 -15.192451477050781 10.614751815795898 0.2
2.1997032165527344 -15.274551391601562 10.501249313354492 0.2
2.413689136505127 -15.287450790405273 10.520551681518555 0.2
2.5690653324127197 -15.243350982666016 10.657251358032227 0.2
2.5418453216552734 -15.106050491333008 10.814851760864258 0.2
2.422858238220215 -14.929750442504883 10.849950790405273 0.2
2.34519624710083 -14.734550476074219 10.80775260925293 0.2
2.4436492919921875 -14.569650650024414 10.719850540161133 0.2
2.655855178833008 -14.522150039672852 10.732351303100586 0.2
2.852468252182007 -14.569351196289062 10.833551406860352 0.2
2.8948311805725098 -14.748651504516602 10.95665168762207 0.2
2.8175582885742188 -14.961050033569336 10.941949844360352 0.2
2.7763712406158447 -15.155550003051758 10.835050582885742 0.2
2.9124038219451904 -15.275751113891602 10.707849502563477 0.2
3.1370232105255127 -15.300750732421875 10.722551345825195 0.2
3.314340114593506 -15.24945068359375 10.850950241088867 0.2
3.308894157409668 -15.087249755859375 11.000249862670898 0.2
3.1845662593841553 -14.899850845336914 11.035852432250977 0.2
3.1160571575164795 -14.69325065612793 10.98225212097168 0.2
3.247075319290161 -14.54625129699707 10.881551742553711 0.2
3.459228277206421 -14.54935073852539 10.813352584838867 0.2
3.541867256164551 -14.675251007080078 10.666650772094727 0.2
3.4716551303863525 -14.8614501953125 10.587350845336914 0.2
3.3884263038635254 -15.059551239013672 10.585351943969727 0.2
3.437448263168335 -15.238250732421875 10.686651229858398 0.2
3.6246681213378906 -15.297950744628906 10.770750045776367 0.2
3.8360822200775146 -15.265649795532227 10.772649765014648 0.2
3.950787305831909 -15.115951538085938 10.679952621459961 0.2
3.8907382488250732 -14.916450500488281 10.634450912475586 0.2
3.784865140914917 -14.731550216674805 10.666952133178711 0.2
3.775456190109253 -14.57455062866211 10.808649063110352 0.2
3.937990188598633 -14.511251449584961 10.928152084350586 0.2
4.153110504150391 -14.512950897216797 10.936750411987305 0.2
4.317470073699951 -14.587249755859375 10.827550888061523 0.2
4.309430122375488 -14.75724983215332 10.701051712036133 0.2
4.215280055999756 -14.948949813842773 10.668451309204102 0.2
4.162680149078369 -15.147649765014648 10.727350234985352 0.2
4.273560523986816 -15.277650833129883 10.85045051574707 0.2
4.485420227050781 -15.298250198364258 10.877351760864258 0.2
4.676580429077148 -15.238950729370117 10.804651260375977 0.2
4.715470314025879 -15.07295036315918 10.680150985717773 0.2
4.628320217132568 -14.876850128173828 10.663251876831055 0.2
4.5502800941467285 -14.688051223754883 10.731550216674805 0.2
4.618350028991699 -14.545751571655273 10.872549057006836 0.2
4.822310447692871 -14.49905014038086 10.916349411010742 0.2
5.027200222015381 -14.512350082397461 10.852052688598633 0.2
5.1123504638671875 -14.617950439453125 10.690549850463867 0.2
5.034580230712891 -14.798551559448242 10.606050491333008 0.2
4.937960147857666 -14.991250991821289 10.623151779174805 0.2
4.982570171356201 -15.178050994873047 10.712751388549805 0.2
5.181560516357422 -15.248849868774414 10.74165153503418 0.2
5.386040210723877 -15.220451354980469 10.679449081420898 0.2
5.4763898849487305 -15.07655143737793 10.553552627563477 0.2
5.4086503982543945 -14.875850677490234 10.521051406860352 0.2
5.328590393066406 -14.688751220703125 10.594049453735352 0.2
5.40093994140625 -14.540950775146484 10.727750778198242 0.2
5.607870101928711 -14.491950988769531 10.752950668334961 0.2
5.807880401611328 -14.504951477050781 10.671751022338867 0.2
5.887840270996094 -14.612150192260742 10.503751754760742 0.2
5.799110412597656 -14.805351257324219 10.428251266479492 0.2
5.699560165405273 -15.006650924682617 10.472051620483398 0.2
5.768500328063965 -15.186851501464844 10.583250045776367 0.2
5.987100124359131 -15.245250701904297 10.588750839233398 0.2
6.182660102844238 -15.207450866699219 10.478750228881836 0.2
6.220450401306152 -15.04384994506836 10.332551956176758 0.2
6.1376800537109375 -14.83125114440918 10.327051162719727 0.2
6.114680290222168 -14.627349853515625 10.422651290893555 0.2
6.282670021057129 -14.509151458740234 10.510950088500977 0.2
6.5047101974487305 -14.48175048828125 10.464448928833008 0.2
6.72005033493042 -14.469751358032227 10.388849258422852 0.2
6.938420295715332 -14.46135139465332 10.317350387573242 0.2
7.157020092010498 -14.509349822998047 10.34174919128418 0.2
7.183530330657959 -14.664251327514648 10.500150680541992 0.2
7.028900146484375 -14.820051193237305 10.568349838256836 0.2
6.851770401000977 -14.962051391601562 10.598150253295898 0.2
6.6935601234436035 -15.116350173950195 10.549352645874023 0.2
6.708640098571777 -15.228351593017578 10.359350204467773 0.2
6.907700538635254 -15.254150390625 10.253252029418945 0.2
7.129510402679443 -15.226850509643555 10.28434944152832 0.2
7.259510040283203 -15.086050033569336 10.406652450561523 0.2
7.333460330963135 -14.875051498413086 10.456048965454102 0.2
7.397250175476074 -14.656949996948242 10.436052322387695 0.2
7.48036003112793 -14.51205062866211 10.288850784301758 0.2
7.650830268859863 -14.518051147460938 10.158552169799805 0.2
7.8496904373168945 -14.598751068115234 10.166849136352539 0.2
7.899840354919434 -14.737251281738281 10.326150894165039 0.2
7.756720066070557 -14.878150939941406 10.40715217590332 0.2
7.581360340118408 -15.004650115966797 10.418752670288086 0.2
7.431910037994385 -15.153051376342773 10.366949081420898 0.2
7.450470447540283 -15.308151245117188 10.222452163696289 0.2
7.642000198364258 -15.388450622558594 10.17085075378418 0.2
7.848030090332031 -15.346851348876953 10.238252639770508 0.2
7.953630447387695 -15.173049926757812 10.311651229858398 0.2
8.016759872436523 -14.96915054321289 10.344049453735352 0.2
8.056550025939941 -14.771650314331055 10.267950057983398 0.2
8.085390090942383 -14.756351470947266 10.060251235961914 0.2
8.152490615844727 -14.940450668334961 9.969949722290039 0.2
8.160110473632812 -15.1551513671875 9.991250991821289 0.2
8.079480171203613 -15.33584976196289 10.077749252319336 0.2
7.935310363769531 -15.484350204467773 10.13545036315918 0.2
7.739940166473389 -15.550849914550781 10.07185173034668 0.2
7.624380111694336 -15.511650085449219 9.898351669311523 0.2
7.727830410003662 -15.371551513671875 9.787752151489258 0.2
7.904489994049072 -15.244550704956055 9.83745002746582 0.2
7.993650436401367 -15.070550918579102 9.929449081420898 0.2
7.854260444641113 -14.936851501464844 10.023351669311523 0.2
7.640650272369385 -14.956451416015625 10.048749923706055 0.2
7.437690258026123 -14.931251525878906 9.991052627563477 0.2
7.412410259246826 -14.767049789428711 9.878850936889648 0.2
7.615300178527832 -14.751750946044922 9.868249893188477 0.2
7.707130432128906 -14.946651458740234 9.848649978637695 0.2
7.697390079498291 -15.154850006103516 9.783849716186523 0.2
7.658480167388916 -15.2635498046875 9.60004997253418 0.2
7.779530048370361 -15.187749862670898 9.451452255249023 0.2
7.921260356903076 -15.035449981689453 9.491552352905273 0.2
7.907140254974365 -14.866050720214844 9.629251480102539 0.2
7.772500038146973 -14.743350982666016 9.745450973510742 0.2
7.59915018081665 -14.606851577758789 9.72545051574707 0.2
7.653990268707275 -14.453250885009766 9.598550796508789 0.2
7.860520362854004 -14.407451629638672 9.567651748657227 0.2
8.027530670166016 -14.519350051879883 9.632951736450195 0.2
8.084619522094727 -14.72705078125 9.625852584838867 0.2
8.111129760742188 -14.925451278686523 9.545549392700195 0.2
8.122350692749023 -15.087051391601562 9.404352188110352 0.2
8.25156021118164 -15.154350280761719 9.249849319458008 0.2
8.458230018615723 -15.156150817871094 9.200250625610352 0.2
8.593600273132324 -15.068851470947266 9.33015251159668 0.2
8.523300170898438 -14.922550201416016 9.471551895141602 0.2
8.38169002532959 -14.774650573730469 9.533449172973633 0.2
8.236120223999023 -14.62125015258789 9.57225227355957 0.2
8.159680366516113 -14.43494987487793 9.486349105834961 0.2
8.30228042602539 -14.330751419067383 9.375249862670898 0.2
8.514020919799805 -14.345951080322266 9.36705207824707 0.2
8.65842056274414 -14.482250213623047 9.442949295043945 0.2
8.713780403137207 -14.68844985961914 9.465551376342773 0.2
8.751449584960938 -14.895450592041016 9.425050735473633 0.2
8.78754997253418 -15.073150634765625 9.308450698852539 0.2
8.917539596557617 -15.15785026550293 9.164350509643555 0.2
9.12125015258789 -15.165151596069336 9.100252151489258 0.2
9.284669876098633 -15.06045150756836 9.175352096557617 0.2
9.247190475463867 -14.891050338745117 9.293649673461914 0.2
9.099160194396973 -14.74905014038086 9.35875129699707 0.2
8.939380645751953 -14.610851287841797 9.399652481079102 0.2
8.808820724487305 -14.456649780273438 9.329549789428711 0.2
8.867230415344238 -14.370950698852539 9.150152206420898 0.2
9.063520431518555 -14.397550582885742 9.067049026489258 0.2
9.267690658569336 -14.45155143737793 9.031450271606445 0.2
9.474250793457031 -14.508649826049805 9.03325080871582 0.2
9.606660842895508 -14.643850326538086 9.126550674438477 0.2
9.577070236206055 -14.848451614379883 9.179052352905273 0.2
9.492870330810547 -15.040651321411133 9.137250900268555 0.2
9.479740142822266 -15.178251266479492 8.978151321411133 0.2
9.625600814819336 -15.226150512695312 8.832052230834961 0.2
9.835029602050781 -15.218950271606445 8.792551040649414 0.2
9.983949661254883 -15.131851196289062 8.910551071166992 0.2
9.952569961547852 -14.972249984741211 9.047250747680664 0.2
9.844989776611328 -14.797250747680664 9.109949111938477 0.2
9.79323959350586 -14.60165023803711 9.048250198364258 0.2
9.91373062133789 -14.493949890136719 8.914152145385742 0.2
10.116399765014648 -14.495651245117188 8.844152450561523 0.2
10.296290397644043 -14.60004997253418 8.873651504516602 0.2
10.316610336303711 -14.799650192260742 8.941850662231445 0.2
10.227010726928711 -14.994150161743164 8.937551498413086 0.2
10.17435073852539 -15.159351348876953 8.816751480102539 0.2
10.277950286865234 -15.23215103149414 8.649049758911133 0.2
10.474120140075684 -15.22865104675293 8.565149307250977 0.2
10.653579711914062 -15.139751434326172 8.625051498413086 0.2
10.666620254516602 -14.975749969482422 8.758150100708008 0.2
10.569120407104492 -14.802949905395508 8.838949203491211 0.2
10.496020317077637 -14.608951568603516 8.800451278686523 0.2
10.575019836425781 -14.484350204467773 8.65355110168457 0.2
10.778060913085938 -14.474050521850586 8.543352127075195 0.2
10.979860305786133 -14.588750839233398 8.548250198364258 0.2
10.999810218811035 -14.813650131225586 8.612150192260742 0.2
10.893770217895508 -15.027851104736328 8.604349136352539 0.2
10.812760353088379 -15.192750930786133 8.458749771118164 0.2
10.92708969116211 -15.25145149230957 8.264249801635742 0.2
11.153580665588379 -15.242950439453125 8.191850662231445 0.2
11.331279754638672 -15.128850936889648 8.286649703979492 0.2
11.309590339660645 -14.935550689697266 8.420652389526367 0.2
11.2153902053833 -14.727550506591797 8.488550186157227 0.2
11.169950485229492 -14.534749984741211 8.368249893188477 0.2
11.260359764099121 -14.492450714111328 8.156351089477539 0.2
11.251319885253906 -14.601449966430664 7.966249465942383 0.2
11.173700332641602 -14.805850982666016 7.921049118041992 0.2
11.136130332946777 -15.02385139465332 7.961648941040039 0.2
11.258649826049805 -15.199050903320312 8.01445198059082 0.2
11.471790313720703 -15.25094985961914 7.970449447631836 0.2
11.630109786987305 -15.216350555419922 7.819250106811523 0.2
11.608779907226562 -15.063251495361328 7.665250778198242 0.2
11.498030662536621 -14.870349884033203 7.682352066040039 0.2
11.413599967956543 -14.688650131225586 7.784452438354492 0.2
11.479840278625488 -14.521350860595703 7.912752151489258 0.2
11.68418025970459 -14.442951202392578 7.905649185180664 0.2
11.855070114135742 -14.440650939941406 7.766050338745117 0.2
11.901780128479004 -14.51555061340332 7.577951431274414 0.2
11.82468032836914 -14.68655014038086 7.48265266418457 0.2
11.75178050994873 -14.885950088500977 7.500749588012695 0.2
11.774049758911133 -15.088951110839844 7.557352066040039 0.2
11.938850402832031 -15.216449737548828 7.553152084350586 0.2
12.111180305480957 -15.232551574707031 7.430749893188477 0.2
12.199870109558105 -15.146249771118164 7.262948989868164 0.2
12.141870498657227 -14.960550308227539 7.183950424194336 0.2
12.05171012878418 -14.780349731445312 7.251550674438477 0.2
12.017080307006836 -14.606950759887695 7.368551254272461 0.2
12.144770622253418 -14.467950820922852 7.457250595092773 0.2
12.334589958190918 -14.420949935913086 7.382452011108398 0.2
12.463040351867676 -14.440950393676758 7.215250015258789 0.2
12.453100204467773 -14.546550750732422 7.036550521850586 0.2
12.367990493774414 -14.73335075378418 6.984951019287109 0.2
12.314070701599121 -14.93494987487793 7.02545166015625 0.2
12.352800369262695 -15.129251480102539 7.098249435424805 0.2
12.52396011352539 -15.245851516723633 7.09065055847168 0.2
12.681010246276855 -15.26675033569336 6.951150894165039 0.2
12.742870330810547 -15.209051132202148 6.760551452636719 0.2
12.658120155334473 -15.053850173950195 6.650550842285156 0.2
12.571490287780762 -14.867450714111328 6.699750900268555 0.2
12.530730247497559 -14.686450958251953 6.802650451660156 0.2
12.617000579833984 -14.516950607299805 6.893350601196289 0.2
12.796440124511719 -14.42755126953125 6.841150283813477 0.2
12.928950309753418 -14.42085075378418 6.645151138305664 0.2
12.9039306640625 -14.514150619506836 6.435951232910156 0.2
12.794440269470215 -14.71565055847168 6.3930511474609375 0.2
12.738059997558594 -14.93735122680664 6.458250045776367 0.2
12.837900161743164 -15.145750045776367 6.49165153503418 0.2
13.013999938964844 -15.22385025024414 6.364450454711914 0.2
13.129700660705566 -15.158451080322266 6.168050765991211 0.2
13.122000694274902 -14.9510498046875 6.070350646972656 0.2
13.027999877929688 -14.741950988769531 6.131551742553711 0.2
13.010100364685059 -14.545949935913086 6.25775146484375 0.2
13.192700386047363 -14.453651428222656 6.363651275634766 0.2
13.404800415039062 -14.527650833129883 6.3930511474609375 0.2
13.466400146484375 -14.725950241088867 6.46245002746582 0.2
13.378600120544434 -14.930049896240234 6.4873504638671875 0.2
13.277299880981445 -15.120050430297852 6.43385124206543 0.2
13.280900001525879 -15.236551284790039 6.247650146484375 0.2
13.393400192260742 -15.23495101928711 6.054050445556641 0.2
13.576600074768066 -15.141349792480469 5.982851028442383 0.2
13.676700592041016 -14.974950790405273 6.086450576782227 0.2
13.650899887084961 -14.800050735473633 6.22395133972168 0.2
13.569300651550293 -14.599550247192383 6.265750885009766 0.2
13.520400047302246 -14.450750350952148 6.113651275634766 0.2
13.606100082397461 -14.426450729370117 5.909351348876953 0.2
13.754000663757324 -14.508150100708008 5.782350540161133 0.2
13.844200134277344 -14.697351455688477 5.7904510498046875 0.2
13.807700157165527 -14.902151107788086 5.828451156616211 0.2
13.706500053405762 -15.08745002746582 5.830650329589844 0.2
13.577600479125977 -15.196550369262695 5.708650588989258 0.2
13.587300300598145 -15.214250564575195 5.501350402832031 0.2
13.714900016784668 -15.185951232910156 5.336151123046875 0.2
13.90310001373291 -15.103151321411133 5.322450637817383 0.2
13.993000030517578 -14.956050872802734 5.444051742553711 0.2
13.977200508117676 -14.784250259399414 5.566350936889648 0.2
13.911399841308594 -14.590749740600586 5.614250183105469 0.2
13.85930061340332 -14.431751251220703 5.49275016784668 0.2
13.930900573730469 -14.382150650024414 5.301950454711914 0.2
14.077000617980957 -14.43265151977539 5.162851333618164 0.2
14.199399948120117 -14.601850509643555 5.161149978637695 0.2
14.180999755859375 -14.803951263427734 5.217151641845703 0.2
14.089799880981445 -14.993350982666016 5.230251312255859 0.2
13.992000579833984 -15.123550415039062 5.098550796508789 0.2
14.026200294494629 -15.152851104736328 4.895450592041016 0.2
14.163900375366211 -15.107250213623047 4.745550155639648 0.2
14.324999809265137 -14.974750518798828 4.755149841308594 0.2
14.360899925231934 -14.805749893188477 4.874151229858398 0.2
14.312399864196777 -14.63075065612793 4.981151580810547 0.2
14.21880054473877 -14.446849822998047 4.944850921630859 0.2
14.21660041809082 -14.354150772094727 4.761051177978516 0.2
14.322000503540039 -14.370651245117188 4.579851150512695 0.2
14.465900421142578 -14.498250961303711 4.503950119018555 0.2
14.508500099182129 -14.70155143737793 4.538249969482422 0.2
14.447800636291504 -14.89995002746582 4.577051162719727 0.2
14.31820011138916 -15.063751220703125 4.54734992980957 0.2
14.226500511169434 -15.138151168823242 4.378749847412109 0.2
14.2878999710083 -15.143951416015625 4.177949905395508 0.2
14.450799942016602 -15.099851608276367 4.057849884033203 0.2
14.613300323486328 -14.9864501953125 4.12244987487793 0.2
14.646599769592285 -14.819150924682617 4.246150970458984 0.2
14.611599922180176 -14.634050369262695 4.34105110168457 0.2
14.531400680541992 -14.441949844360352 4.3146514892578125 0.2
14.533599853515625 -14.33125114440918 4.140651702880859 0.2
14.642200469970703 -14.327051162719727 3.961050033569336 0.2
14.79699993133545 -14.442150115966797 3.8883514404296875 0.2
14.850800514221191 -14.64015007019043 3.9341506958007812 0.2
14.789700508117676 -14.834251403808594 3.989450454711914 0.2
14.679200172424316 -15.006050109863281 3.944150924682617 0.2
14.629600524902344 -15.08755111694336 3.7608509063720703 0.2
14.710000038146973 -15.076650619506836 3.5676498413085938 0.2
14.871399879455566 -14.977651596069336 3.484750747680664 0.2
14.975200653076172 -14.811250686645508 3.5599498748779297 0.2
14.965100288391113 -14.640850067138672 3.6835498809814453 0.2
14.885200500488281 -14.453451156616211 3.728750228881836 0.2
14.8100004196167 -14.315650939941406 3.5965499877929688 0.2
14.858600616455078 -14.299449920654297 3.394350051879883 0.2
14.982000350952148 -14.387849807739258 3.2544498443603516 0.2
15.077099800109863 -14.575851440429688 3.251649856567383 0.2
15.051899909973145 -14.779150009155273 3.2987499237060547 0.2
14.946900367736816 -14.960050582885742 3.3186511993408203 0.2
14.80270004272461 -15.06515121459961 3.213651657104492 0.2
14.790800094604492 -15.088550567626953 3.008150100708008 0.2
14.90310001373291 -15.062749862670898 2.8346500396728516 0.2
15.088000297546387 -14.976751327514648 2.819150924682617 0.2
15.177599906921387 -14.823650360107422 2.9308509826660156 0.2
15.173399925231934 -14.643550872802734 3.0392513275146484 0.2
15.105299949645996 -14.447351455688477 3.0739517211914062 0.2
15.043600082397461 -14.296350479125977 2.948251724243164 0.2
15.099300384521484 -14.252450942993164 2.751750946044922 0.2
15.235799789428711 -14.319950103759766 2.613250732421875 0.2
15.341700553894043 -14.500150680541992 2.6218509674072266 0.2
15.319000244140625 -14.697151184082031 2.6897506713867188 0.2
15.223100662231445 -14.88235092163086 2.7031517028808594 0.2
15.116499900817871 -15.001251220703125 2.5682506561279297 0.2
15.131800651550293 -15.01515007019043 2.360750198364258 0.2
15.252500534057617 -14.941350936889648 2.210550308227539 0.2
15.39109992980957 -14.785150527954102 2.224851608276367 0.2
15.425800323486328 -14.613250732421875 2.3393516540527344 0.2
15.380499839782715 -14.431951522827148 2.4332504272460938 0.2
15.261199951171875 -14.26984977722168 2.381450653076172 0.2
15.229000091552734 -14.223150253295898 2.183950424194336 0.2
15.297900199890137 -14.284049987792969 1.996551513671875 0.2
15.409299850463867 -14.448450088500977 1.9315509796142578 0.2
15.431300163269043 -14.653650283813477 1.9704513549804688 0.2
15.35770034790039 -14.843450546264648 2.0203514099121094 0.2
15.197600364685059 -14.972150802612305 1.9830513000488281 0.2
15.119900703430176 -15.011051177978516 1.7970504760742188 0.2
15.176799774169922 -14.994550704956055 1.5968513488769531 0.2
15.347100257873535 -14.927949905395508 1.5078506469726562 0.2
15.487500190734863 -14.793350219726562 1.5865516662597656 0.2
15.518099784851074 -14.617450714111328 1.6959514617919922 0.2
15.481400489807129 -14.42595100402832 1.7712516784667969 0.2
15.382500648498535 -14.253450393676758 1.712350845336914 0.2
15.369199752807617 -14.176050186157227 1.5220508575439453 0.2
15.455300331115723 -14.203451156616211 1.3367500305175781 0.2
15.58590030670166 -14.354150772094727 1.2778511047363281 0.2
15.612299919128418 -14.551950454711914 1.3368511199951172 0.2
15.545100212097168 -14.741451263427734 1.393350601196289 0.2
15.415800094604492 -14.887350082397461 1.3150501251220703 0.2
15.363200187683105 -14.928350448608398 1.1202507019042969 0.2
15.425800323486328 -14.876649856567383 0.9310512542724609 0.2
15.565600395202637 -14.732250213623047 0.8747501373291016 0.2
15.639100074768066 -14.557750701904297 0.9613513946533203 0.2
15.640700340270996 -14.38275146484375 1.0755500793457031 0.2
15.526599884033203 -14.210250854492188 1.1028499603271484 0.2
15.404500007629395 -14.132051467895508 0.9602508544921875 0.2
15.386199951171875 -14.166749954223633 0.7556514739990234 0.2
15.46310043334961 -14.301151275634766 0.6199512481689453 0.2
15.530799865722656 -14.500850677490234 0.6256504058837891 0.2
15.505800247192383 -14.698249816894531 0.6895503997802734 0.2
15.364800453186035 -14.85245132446289 0.7150516510009766 0.2
15.2298002243042 -14.916749954223633 0.5783500671386719 0.2
15.230999946594238 -14.908851623535156 0.3702507019042969 0.2
15.357500076293945 -14.855051040649414 0.21775054931640625 0.2
15.527900695800781 -14.739049911499023 0.24105072021484375 0.2
15.597100257873535 -14.568950653076172 0.34165000915527344 0.2
15.600700378417969 -14.382949829101562 0.43815040588378906 0.2
15.506800651550293 -14.198650360107422 0.45835113525390625 0.2
15.413300514221191 -14.086851119995117 0.3143501281738281 0.2
15.414700508117676 -14.073450088500977 0.10675048828125 0.2
15.521300315856934 -14.179450988769531 -0.032848358154296875 0.2
15.608099937438965 -14.369550704956055 -0.018548965454101562 0.2
15.589600563049316 -14.56195068359375 0.06134986877441406 0.2
15.4753999710083 -14.735851287841797 0.0489501953125 0.2
15.368800163269043 -14.816150665283203 -0.10854911804199219 0.2
15.365500450134277 -14.794549942016602 -0.31514930725097656 0.2
15.477300643920898 -14.670249938964844 -0.4373493194580078 0.2
15.577400207519531 -14.492549896240234 -0.3964500427246094 0.2
15.615699768066406 -14.320051193237305 -0.2837486267089844 0.2
15.549699783325195 -14.141950607299805 -0.20164871215820312 0.2
15.387900352478027 -14.032051086425781 -0.2604484558105469 0.2
15.28849983215332 -14.034551620483398 -0.4425487518310547 0.2
15.298399925231934 -14.131549835205078 -0.6223487854003906 0.2
15.387499809265137 -14.315750122070312 -0.675048828125 0.2
15.4128999710083 -14.516050338745117 -0.6205501556396484 0.2
15.326900482177734 -14.695350646972656 -0.5529499053955078 0.2
15.165900230407715 -14.801450729370117 -0.6176490783691406 0.2
15.10990047454834 -14.816051483154297 -0.8158493041992188 0.2
15.180999755859375 -14.775951385498047 -1.0060501098632812 0.2
15.355000495910645 -14.680450439453125 -1.0568485260009766 0.2
15.460800170898438 -14.51984977722168 -0.9759483337402344 0.2
15.48840045928955 -14.337850570678711 -0.8763484954833984 0.2
15.434599876403809 -14.148750305175781 -0.8069496154785156 0.2
15.30840015411377 -14.004751205444336 -0.8797492980957031 0.2
15.261700630187988 -13.965150833129883 -1.0778484344482422 0.2
15.317399978637695 -14.027851104736328 -1.2659492492675781 0.2
15.430700302124023 -14.196250915527344 -1.3177490234375 0.2
15.45989990234375 -14.389551162719727 -1.2462501525878906 0.2
15.381600379943848 -14.577751159667969 -1.2063484191894531 0.2
15.245500564575195 -14.698051452636719 -1.3097496032714844 0.2
15.18970012664795 -14.708150863647461 -1.5096492767333984 0.2
15.253399848937988 -14.617250442504883 -1.6824493408203125 0.2
15.368000030517578 -14.445650100708008 -1.6994495391845703 0.2
15.433600425720215 -14.272649765014648 -1.6012496948242188 0.2
15.42140007019043 -14.093851089477539 -1.4955501556396484 0.2
15.272299766540527 -13.952350616455078 -1.4771499633789062 0.2
15.11970043182373 -13.918750762939453 -1.6119499206542969 0.2
15.056500434875488 -13.977750778198242 -1.8002490997314453 0.2
15.125200271606445 -14.136951446533203 -1.913949966430664 0.2
15.189599990844727 -14.336151123046875 -1.8908500671386719 0.2
15.159600257873535 -14.52815055847168 -1.8129501342773438 0.2
15.009500503540039 -14.671350479125977 -1.7978496551513672 0.2
14.895899772644043 -14.719449996948242 -1.9603500366210938 0.2
14.907700538635254 -14.695650100708008 -2.166849136352539 0.2
15.050300598144531 -14.622051239013672 -2.2920494079589844 0.2
15.198699951171875 -14.48015022277832 -2.251749038696289 0.2
15.249500274658203 -14.30095100402832 -2.1573486328125 0.2
15.237199783325195 -14.112951278686523 -2.0677490234375 0.2
15.117600440979004 -13.944250106811523 -2.0716495513916016 0.2
15.026599884033203 -13.870250701904297 -2.238149642944336 0.2
15.041299819946289 -13.900650024414062 -2.4425487518310547 0.2
15.146900177001953 -14.036050796508789 -2.5593490600585938 0.2
15.21619987487793 -14.228250503540039 -2.524148941040039 0.2
15.183100700378418 -14.419450759887695 -2.4483489990234375 0.2
15.045499801635742 -14.572549819946289 -2.4903488159179688 0.2
14.940899848937988 -14.618249893188477 -2.661649703979492 0.2
14.94480037689209 -14.56395149230957 -2.8598499298095703 0.2
15.053000450134277 -14.410350799560547 -2.948049545288086 0.2
15.142000198364258 -14.234550476074219 -2.881349563598633 0.2
15.17590045928955 -14.06035041809082 -2.7719497680664062 0.2
15.070199966430664 -13.896751403808594 -2.701448440551758 0.2
14.890100479125977 -13.825950622558594 -2.768848419189453 0.2
14.765800476074219 -13.849151611328125 -2.9337501525878906 0.2
14.777700424194336 -13.972551345825195 -3.094949722290039 0.2
14.864800453186035 -14.163650512695312 -3.118549346923828 0.2
14.885600090026855 -14.360450744628906 -3.052949905395508 0.2
14.779300689697266 -14.529451370239258 -2.9830493927001953 0.2
14.621800422668457 -14.616451263427734 -3.0732498168945312 0.2
14.577600479125977 -14.613151550292969 -3.2757492065429688 0.2
14.660200119018555 -14.557350158691406 -3.456249237060547 0.2
14.828800201416016 -14.439651489257812 -3.4819488525390625 0.2
14.914999961853027 -14.267049789428711 -3.4013500213623047 0.2
14.931600570678711 -14.081451416015625 -3.305948257446289 0.2
14.845800399780273 -13.899551391601562 -3.257049560546875 0.2
14.720900535583496 -13.788848876953125 -3.371950149536133 0.2
14.69640064239502 -13.788951873779297 -3.577848434448242 0.2
14.77400016784668 -13.887351989746094 -3.741649627685547 0.2
14.873600006103516 -14.06985092163086 -3.762449264526367 0.2
14.884400367736816 -14.260551452636719 -3.678049087524414 0.2
14.776900291442871 -14.436851501464844 -3.656949996948242 0.2
14.634300231933594 -14.522550582885742 -3.778848648071289 0.2
14.574999809265137 -14.503850936889648 -3.9767494201660156 0.2
14.644200325012207 -14.380651473999023 -4.127248764038086 0.2
14.748800277709961 -14.202350616455078 -4.115848541259766 0.2
14.815600395202637 -14.030450820922852 -4.017148971557617 0.2
14.7677001953125 -13.855548858642578 -3.919048309326172 0.2
14.590400695800781 -13.751750946044922 -3.916749954223633 0.2
14.419000625610352 -13.741748809814453 -4.033649444580078 0.2
14.359399795532227 -13.826751708984375 -4.207649230957031 0.2
14.44159984588623 -14.00094985961914 -4.290548324584961 0.2
14.501500129699707 -14.197250366210938 -4.251249313354492 0.2
14.45930004119873 -14.381851196289062 -4.161348342895508 0.2
14.29740047454834 -14.504850387573242 -4.161548614501953 0.2
14.189300537109375 -14.528850555419922 -4.333549499511719 0.2
14.207600593566895 -14.485450744628906 -4.535848617553711 0.2
14.352100372314453 -14.389850616455078 -4.643848419189453 0.2
14.480500221252441 -14.231151580810547 -4.59954833984375 0.2
14.522200584411621 -14.048250198364258 -4.507749557495117 0.2
14.475500106811523 -13.861351013183594 -4.428749084472656 0.2
14.337200164794922 -13.720149993896484 -4.479249954223633 0.2
14.275500297546387 -13.689250946044922 -4.672548294067383 0.2
14.31920051574707 -13.754749298095703 -4.864248275756836 0.2
14.428199768066406 -13.915451049804688 -4.941249847412109 0.2
14.478799819946289 -14.106050491333008 -4.877649307250977 0.2
14.42020034790039 -14.292850494384766 -4.810850143432617 0.2
14.262499809265137 -14.418050765991211 -4.865049362182617 0.2
14.149700164794922 -14.43265151977539 -5.038249969482422 0.2
14.151400566101074 -14.348451614379883 -5.225749969482422 0.2
14.250500679016113 -14.178451538085938 -5.286249160766602 0.2
14.342599868774414 -14.005451202392578 -5.214149475097656 0.2
14.350700378417969 -13.827251434326172 -5.109748840332031 0.2
14.205400466918945 -13.692951202392578 -5.048948287963867 0.2
14.010100364685059 -13.65304946899414 -5.106449127197266 0.2
13.879300117492676 -13.701652526855469 -5.255849838256836 0.2
13.919700622558594 -13.852550506591797 -5.388849258422852 0.2
14.005499839782715 -14.044950485229492 -5.389749526977539 0.2
14.018600463867188 -14.236650466918945 -5.309148788452148 0.2
13.895400047302246 -14.387149810791016 -5.23444938659668 0.2
13.73390007019043 -14.442251205444336 -5.342449188232422 0.2
13.68690013885498 -14.41254997253418 -5.54224967956543 0.2
13.770899772644043 -14.333450317382812 -5.71044921875 0.2
13.925100326538086 -14.193349838256836 -5.730449676513672 0.2
14.0 -14.014150619506836 -5.655048370361328 0.2
13.99630069732666 -13.827449798583984 -5.563449859619141 0.2
13.86870002746582 -13.666450500488281 -5.549549102783203 0.2
13.75610065460205 -13.6009521484375 -5.704750061035156 0.2
13.752500534057617 -13.636051177978516 -5.908748626708984 0.2
13.844400405883789 -13.765151977539062 -6.042848587036133 0.2
13.927200317382812 -13.952850341796875 -6.021848678588867 0.2
13.925300598144531 -14.14055061340332 -5.932350158691406 0.2
13.788100242614746 -14.297250747680664 -5.92034912109375 0.2
13.6318998336792 -14.347650527954102 -6.043548583984375 0.2
13.562100410461426 -14.300350189208984 -6.23124885559082 0.2
13.621600151062012 -14.151451110839844 -6.361448287963867 0.2
13.724200248718262 -13.973550796508789 -6.334749221801758 0.2
13.777000427246094 -13.797550201416016 -6.238649368286133 0.2
13.677400588989258 -13.643150329589844 -6.142549514770508 0.2
13.482800483703613 -13.574352264404297 -6.134649276733398 0.2
13.304800033569336 -13.58905029296875 -6.236049652099609 0.2
13.279900550842285 -13.708450317382812 -6.396549224853516 0.2
13.374700546264648 -13.890350341796875 -6.445148468017578 0.2
13.430800437927246 -14.083650588989258 -6.393650054931641 0.2
13.367000579833984 -14.255849838256836 -6.2897491455078125 0.2
13.190999984741211 -14.348350524902344 -6.312749862670898 0.2
13.086299896240234 -14.340950012207031 -6.489349365234375 0.2
13.102300643920898 -14.275251388549805 -6.68494987487793 0.2
13.244199752807617 -14.153650283813477 -6.773349761962891 0.2
13.352900505065918 -13.981550216674805 -6.726749420166016 0.2
13.382500648498535 -13.796749114990234 -6.634649276733398 0.2
13.292099952697754 -13.622550964355469 -6.57084846496582 0.2
13.14780044555664 -13.523052215576172 -6.670749664306641 0.2
13.100000381469727 -13.527450561523438 -6.871849060058594 0.2
13.158599853515625 -13.620750427246094 -7.046548843383789 0.2
13.259400367736816 -13.79745101928711 -7.085048675537109 0.2
13.301700592041016 -13.983551025390625 -7.0014495849609375 0.2
13.217500686645508 -14.161651611328125 -6.941249847412109 0.2
13.043800354003906 -14.252151489257812 -7.004148483276367 0.2
12.919050216674805 -14.238550186157227 -7.168849945068359 0.2
12.91904067993164 -14.12285041809082 -7.339048385620117 0.2
13.012700080871582 -13.942649841308594 -7.373449325561523 0.2
13.09630012512207 -13.767951965332031 -7.297149658203125 0.2
13.05459976196289 -13.598949432373047 -7.187250137329102 0.2
12.880960464477539 -13.502952575683594 -7.127449035644531 0.2
12.68025016784668 -13.486549377441406 -7.171749114990234 0.2
12.583880424499512 -13.569549560546875 -7.326848983764648 0.2
12.659339904785156 -13.735252380371094 -7.429349899291992 0.2
12.74236011505127 -13.925750732421875 -7.411949157714844 0.2
12.739900588989258 -14.111150741577148 -7.315948486328125 0.2
12.591460227966309 -14.238950729370117 -7.263448715209961 0.2
12.437029838562012 -14.264450073242188 -7.393348693847656 0.2
12.397170066833496 -14.214851379394531 -7.590848922729492 0.2
12.493690490722656 -14.115350723266602 -7.740449905395508 0.2
12.630350112915039 -13.957050323486328 -7.739448547363281 0.2
12.689809799194336 -13.774951934814453 -7.658048629760742 0.2
12.649080276489258 -13.59225082397461 -7.568248748779297 0.2
12.497920036315918 -13.459251403808594 -7.595048904418945 0.2
12.408249855041504 -13.429752349853516 -7.776649475097656 0.2
12.425419807434082 -13.48855209350586 -7.974449157714844 0.2
12.522950172424316 -13.64215087890625 -8.074150085449219 0.2
12.595069885253906 -13.829051971435547 -8.02294921875 0.2
12.569089889526367 -14.014949798583984 -7.937749862670898 0.2
12.407919883728027 -14.145750045776367 -7.937250137329102 0.2
12.246000289916992 -14.165250778198242 -8.064350128173828 0.2
12.179329872131348 -14.089349746704102 -8.243249893188477 0.2
12.244800567626953 -13.921249389648438 -8.341449737548828 0.2
12.349120140075684 -13.746051788330078 -8.30044937133789 0.2
12.369390487670898 -13.569450378417969 -8.196949005126953 0.2
12.236160278320312 -13.443649291992188 -8.099349975585938 0.2
12.033639907836914 -13.400951385498047 -8.09054946899414 0.2
11.872010231018066 -13.44784927368164 -8.203048706054688 0.2
11.891290664672852 -13.594451904296875 -8.344148635864258 0.2
11.98468017578125 -13.781452178955078 -8.367048263549805 0.2
12.025919914245605 -13.971450805664062 -8.293548583984375 0.2
11.931380271911621 -14.122550964355469 -8.187250137329102 0.2
11.747200012207031 -14.178750991821289 -8.246149063110352 0.2
11.650839805603027 -14.147350311279297 -8.426349639892578 0.2
11.683740615844727 -14.06825065612793 -8.611648559570312 0.2
11.825389862060547 -13.929351806640625 -8.676748275756836 0.2
11.916470527648926 -13.75054931640625 -8.622749328613281 0.2
11.927550315856934 -13.56515121459961 -8.530048370361328 0.2
11.800069808959961 -13.409149169921875 -8.49074935913086 0.2
11.65857982635498 -13.346450805664062 -8.621448516845703 0.2
11.616020202636719 -13.378349304199219 -8.821149826049805 0.2
11.677160263061523 -13.503551483154297 -8.974449157714844 0.2
11.767470359802246 -13.688152313232422 -8.972748756408691 0.2
11.797309875488281 -13.872852325439453 -8.883049011230469 0.2
11.674570083618164 -14.031049728393555 -8.82874870300293 0.2
11.486710548400879 -14.083150863647461 -8.893348693847656 0.2
11.355669975280762 -14.038450241088867 -9.045649528503418 0.2
11.360250473022461 -13.889251708984375 -9.18744945526123 0.2
11.461520195007324 -13.709251403808594 -9.195549011230469 0.2
11.532259941101074 -13.53274917602539 -9.11474895477295 0.2
11.455170631408691 -13.388450622558594 -8.987149238586426 0.2
11.273170471191406 -13.326950073242188 -8.910648345947266 0.2
11.074220657348633 -13.347049713134766 -8.951648712158203 0.2
11.013190269470215 -13.468250274658203 -9.100149154663086 0.2
11.096389770507812 -13.646652221679688 -9.17444896697998 0.2
11.171239852905273 -13.837451934814453 -9.142349243164062 0.2
11.145600318908691 -14.006950378417969 -9.020849227905273 0.2
10.970239639282227 -14.096651077270508 -8.987849235534668 0.2
10.816180229187012 -14.086450576782227 -9.122749328613281 0.2
10.770270347595215 -14.018850326538086 -9.312748908996582 0.2
10.874090194702148 -13.895149230957031 -9.441848754882812 0.2
10.988140106201172 -13.721149444580078 -9.432048797607422 0.2
11.03971004486084 -13.536552429199219 -9.350749015808105 0.2
10.963340759277344 -13.367752075195312 -9.26134967803955 0.2
10.791370391845703 -13.277050018310547 -9.3152494430542 0.2
10.682880401611328 -13.282951354980469 -9.491148948669434 0.2
10.682860374450684 -13.376750946044922 -9.675349235534668 0.2
10.768110275268555 -13.55215072631836 -9.740649223327637 0.2
10.844160079956055 -13.734748840332031 -9.675949096679688 0.2
10.788530349731445 -13.912349700927734 -9.589448928833008 0.2
10.603170394897461 -14.001649856567383 -9.580449104309082 0.2
10.420920372009277 -13.988250732421875 -9.677449226379395 0.2
10.348800659179688 -13.864051818847656 -9.824549674987793 0.2
10.416790008544922 -13.67864990234375 -9.882148742675781 0.2
10.514470100402832 -13.50155258178711 -9.835749626159668 0.2
10.502080917358398 -13.344451904296875 -9.702649116516113 0.2
10.362810134887695 -13.268051147460938 -9.569149017333984 0.2
10.162070274353027 -13.266952514648438 -9.52764892578125 0.2
10.027410507202148 -13.360450744628906 -9.64164924621582 0.2
10.071769714355469 -13.52395248413086 -9.765549659729004 0.2
10.161580085754395 -13.710750579833984 -9.783049583435059 0.2
10.20032024383545 -13.894351959228516 -9.691049575805664 0.2
10.076720237731934 -14.019651412963867 -9.592948913574219 0.2
9.88545036315918 -14.038751602172852 -9.660049438476562 0.2
9.774900436401367 -13.981250762939453 -9.825849533081055 0.2
9.8093900680542 -13.869850158691406 -9.99324893951416 0.2
9.926780700683594 -13.702251434326172 -10.0337495803833 0.2
10.003860473632812 -13.519050598144531 -9.972649574279785 0.2
9.984220504760742 -13.343650817871094 -9.864048957824707 0.2
9.821229934692383 -13.22774887084961 -9.8329496383667 0.2
9.665630340576172 -13.20615005493164 -9.965349197387695 0.2
9.604459762573242 -13.264949798583984 -10.153849601745605 0.2
9.660590171813965 -13.416751861572266 -10.281349182128906 0.2
9.76023006439209 -13.597652435302734 -10.265748977661133 0.2
9.774740219116211 -13.785850524902344 -10.184248924255371 0.2
9.627400398254395 -13.918048858642578 -10.122448921203613 0.2
9.425979614257812 -13.938650131225586 -10.165349006652832 0.2
9.286380767822266 -13.851551055908203 -10.287549018859863 0.2
9.299190521240234 -13.668949127197266 -10.379749298095703 0.2
9.40017032623291 -13.487350463867188 -10.368349075317383 0.2
9.44148063659668 -13.319549560546875 -10.256548881530762 0.2
9.354110717773438 -13.224849700927734 -10.09334945678711 0.2
9.176679611206055 -13.205249786376953 -9.989349365234375 0.2
8.991100311279297 -13.267951965332031 -10.035849571228027 0.2
8.973050117492676 -13.40835189819336 -10.184749603271484 0.2
9.061229705810547 -13.585250854492188 -10.255349159240723 0.2
9.138360023498535 -13.774951934814453 -10.216049194335938 0.2
9.09518051147461 -13.935249328613281 -10.093849182128906 0.2
8.903220176696777 -13.995950698852539 -10.08764934539795 0.2
8.74507999420166 -13.955850601196289 -10.214749336242676 0.2
8.703740119934082 -13.858150482177734 -10.388849258422852 0.2
8.802020072937012 -13.700252532958984 -10.484748840332031 0.2
8.894599914550781 -13.517349243164062 -10.450348854064941 0.2
8.92538070678711 -13.339149475097656 -10.348849296569824 0.2
8.8064603805542 -13.202152252197266 -10.254348754882812 0.2
8.624330520629883 -13.149150848388672 -10.325749397277832 0.2
8.518250465393066 -13.176651000976562 -10.500948905944824 0.2
8.527530670166016 -13.291851043701172 -10.672849655151367 0.2
8.622720718383789 -13.469249725341797 -10.714949607849121 0.2
8.692449569702148 -13.656349182128906 -10.65894889831543 0.2
8.605260848999023 -13.82455062866211 -10.57504940032959 0.2
8.409130096435547 -13.885551452636719 -10.564949035644531 0.2
8.226469993591309 -13.840850830078125 -10.64794921875 0.2
8.170610427856445 -13.679248809814453 -10.762449264526367 0.2
8.253450393676758 -13.491249084472656 -10.787049293518066 0.2
8.336210250854492 -13.31624984741211 -10.715249061584473 0.2
8.300840377807617 -13.193851470947266 -10.550748825073242 0.2
8.157449722290039 -13.153350830078125 -10.407149314880371 0.2
7.958550453186035 -13.188251495361328 -10.38184928894043 0.2
7.863640308380127 -13.306751251220703 -10.514248847961426 0.2
7.928210258483887 -13.473548889160156 -10.625349044799805 0.2
8.0189208984375 -13.659950256347656 -10.635549545288086 0.2
8.043330192565918 -13.838451385498047 -10.52764892578125 0.2
7.8907904624938965 -13.941949844360352 -10.451048851013184 0.2
7.701410293579102 -13.930450439453125 -10.528849601745605 0.2
7.59466028213501 -13.849349975585938 -10.68644905090332 0.2
7.6460700035095215 -13.705551147460938 -10.826549530029297 0.2
7.746800422668457 -13.52334976196289 -10.834749221801758 0.2
7.810620307922363 -13.341751098632812 -10.75564956665039 0.2
7.754630088806152 -13.187450408935547 -10.631448745727539 0.2
7.569270133972168 -13.108150482177734 -10.62714958190918 0.2
7.416040420532227 -13.112850189208984 -10.765949249267578 0.2
7.3673200607299805 -13.197750091552734 -10.94844913482666 0.2
7.437250137329102 -13.363750457763672 -11.0475492477417 0.2
7.537700176239014 -13.544750213623047 -11.025548934936523 0.2
7.519510269165039 -13.731151580810547 -10.941449165344238 0.2
7.350170135498047 -13.831748962402344 -10.881049156188965 0.2
7.145690441131592 -13.822551727294922 -10.911748886108398 0.2
7.025850296020508 -13.69095230102539 -11.014749526977539 0.2
7.064910411834717 -13.496849060058594 -11.071349143981934 0.2
7.162919998168945 -13.316650390625 -11.04024887084961 0.2
7.185230255126953 -13.172550201416016 -10.893649101257324 0.2
7.093430042266846 -13.115650177001953 -10.716049194335938 0.2
6.91562032699585 -13.130550384521484 -10.61574935913086 0.2
6.759500503540039 -13.226852416992188 -10.694549560546875 0.2
6.7744903564453125 -13.379150390625 -10.838849067687988 0.2
6.862540245056152 -13.558650970458984 -10.896849632263184 0.2
6.936520576477051 -13.745052337646484 -10.836548805236816 0.2
6.854360580444336 -13.885551452636719 -10.717848777770996 0.2
6.6527605056762695 -13.911750793457031 -10.72774887084961 0.2
6.497340202331543 -13.847450256347656 -10.849248886108398 0.2
6.477230072021484 -13.720451354980469 -11.008149147033691 0.2
6.568880081176758 -13.541950225830078 -11.065949440002441 0.2
6.651659965515137 -13.358051300048828 -11.014449119567871 0.2
6.656140327453613 -13.19205093383789 -10.890249252319336 0.2
6.503290176391602 -13.088550567626953 -10.80734920501709 0.2
6.317800521850586 -13.068851470947266 -10.893149375915527 0.2
6.211820125579834 -13.12234878540039 -11.062849044799805 0.2
6.235020160675049 -13.265850067138672 -11.20884895324707 0.2
6.340370178222656 -13.442649841308594 -11.23444938659668 0.2
6.385220527648926 -13.634651184082031 -11.175249099731445 0.2
6.269410133361816 -13.777950286865234 -11.079849243164062 0.2
6.065690040588379 -13.806949615478516 -11.056849479675293 0.2
5.891770362854004 -13.719749450683594 -11.121748924255371 0.2
5.869880199432373 -13.531452178955078 -11.199748992919922 0.2
5.9631500244140625 -13.345352172851562 -11.207849502563477 0.2
6.030130386352539 -13.181350708007812 -11.102648735046387 0.2
5.993740081787109 -13.098548889160156 -10.91504955291748 0.2
5.855810165405273 -13.091449737548828 -10.76134967803955 0.2
5.668100357055664 -13.163749694824219 -10.755349159240723 0.2
5.6147003173828125 -13.300750732421875 -10.89954948425293 0.2
5.684599876403809 -13.470748901367188 -11.001049041748047 0.2
5.7777605056762695 -13.657550811767578 -10.997149467468262 0.2
5.781550407409668 -13.825752258300781 -10.877849578857422 0.2
5.603320121765137 -13.89794921875 -10.818049430847168 0.2
5.413269996643066 -13.859451293945312 -10.89004898071289 0.2
5.318830490112305 -13.754749298095703 -11.037549018859863 0.2
5.3764801025390625 -13.586349487304688 -11.148348808288574 0.2
5.4669904708862305 -13.399650573730469 -11.133149147033691 0.2
5.519269943237305 -13.223548889160156 -11.036648750305176 0.2
5.427570343017578 -13.096851348876953 -10.904648780822754 0.2
5.229920387268066 -13.051952362060547 -10.915148735046387 0.2
5.075350284576416 -13.08074951171875 -11.049348831176758 0.2
5.036089897155762 -13.194049835205078 -11.218548774719238 0.2
5.123070240020752 -13.364849090576172 -11.294049263000488 0.2
5.213590145111084 -13.549949645996094 -11.272048950195312 0.2
5.161070346832275 -13.724349975585938 -11.172649383544922 0.2
4.979820251464844 -13.792850494384766 -11.103448867797852 0.2
4.7795305252075195 -13.749649047851562 -11.120149612426758 0.2
4.688560485839844 -13.582351684570312 -11.198149681091309 0.2
4.753100395202637 -13.388351440429688 -11.232449531555176 0.2
4.845390319824219 -13.212348937988281 -11.176249504089355 0.2
4.862500190734863 -13.102851867675781 -10.999649047851562 0.2
4.7759504318237305 -13.076850891113281 -10.813348770141602 0.2
4.596870422363281 -13.123550415039062 -10.729249000549316 0.2
4.4708099365234375 -13.239749908447266 -10.835148811340332 0.2
4.5052103996276855 -13.396652221679688 -10.971749305725098 0.2
4.593310356140137 -13.577949523925781 -11.02234935760498 0.2
4.656670093536377 -13.76205062866211 -10.942349433898926 0.2
4.539700508117676 -13.881351470947266 -10.83324909210205 0.2
4.336020469665527 -13.876350402832031 -10.854049682617188 0.2
4.186990261077881 -13.790851593017578 -10.969749450683594 0.2
4.190680503845215 -13.637752532958984 -11.109249114990234 0.2
4.279930114746094 -13.450851440429688 -11.135249137878418 0.2
4.358260154724121 -13.270851135253906 -11.065349578857422 0.2
4.337210178375244 -13.123748779296875 -10.922649383544922 0.2
4.159950256347656 -13.04745101928711 -10.864949226379395 0.2
3.979734182357788 -13.048851013183594 -10.965949058532715 0.2
3.8899903297424316 -13.12335205078125 -11.137349128723145 0.2
3.932307243347168 -13.281452178955078 -11.262349128723145 0.2
4.037420272827148 -13.460651397705078 -11.278149604797363 0.2
4.051569938659668 -13.652751922607422 -11.206549644470215 0.2
3.9104912281036377 -13.76755142211914 -11.109349250793457 0.2
3.705029249191284 -13.769649505615234 -11.084049224853516 0.2
3.554351329803467 -13.644950866699219 -11.147149085998535 0.2
3.5678951740264893 -13.448150634765625 -11.205948829650879 0.2
3.668008327484131 -13.266250610351562 -11.195348739624023 0.2
3.7241742610931396 -13.122249603271484 -11.058249473571777 0.2
3.675558090209961 -13.066852569580078 -10.863749504089355 0.2
3.5265231132507324 -13.083251953125 -10.723749160766602 0.2
3.3544161319732666 -13.177650451660156 -10.760649681091309 0.2
3.3343892097473145 -13.324150085449219 -10.90954875946045 0.2
3.4097061157226562 -13.498851776123047 -10.994949340820312 0.2
3.5008342266082764 -13.685249328613281 -10.966548919677734 0.2
3.4614062309265137 -13.837650299072266 -10.840048789978027 0.2
3.2659342288970947 -13.877449035644531 -10.80164909362793 0.2
3.0845091342926025 -13.816951751708984 -10.882349014282227 0.2
3.019965648651123 -13.689449310302734 -11.02864933013916 0.2
3.0908095836639404 -13.508350372314453 -11.1056489944458 0.2
3.1794092655181885 -13.323150634765625 -11.070749282836914 0.2
3.211400270462036 -13.157352447509766 -10.950249671936035 0.2
3.083899736404419 -13.054149627685547 -10.830948829650879 0.2
2.884019136428833 -13.03335189819336 -10.871648788452148 0.2
2.743227243423462 -13.083251953125 -11.015349388122559 0.2
2.7330241203308105 -13.220748901367188 -11.168848991394043 0.2
2.8329572677612305 -13.393852233886719 -11.223949432373047 0.2
2.8974952697753906 -13.585350036621094 -11.184449195861816 0.2
2.811856269836426 -13.737152099609375 -11.071748733520508 0.2
2.619262218475342 -13.773750305175781 -11.0052490234375 0.2
2.4317941665649414 -13.692951202392578 -11.027149200439453 0.2
2.3850741386413574 -13.50455093383789 -11.093449592590332 0.2
2.468583106994629 -13.31515121459961 -11.116649627685547 0.2
2.5543103218078613 -13.150550842285156 -11.02704906463623 0.2
2.5606162548065186 -13.070350646972656 -10.834749221801758 0.2
2.4614741802215576 -13.067249298095703 -10.653348922729492 0.2
2.280182361602783 -13.140350341796875 -10.605149269104004 0.2
2.195465087890625 -13.272552490234375 -10.737349510192871 0.2
2.2443313598632812 -13.43764877319336 -10.85824966430664 0.2
2.33879017829895 -13.622051239013672 -10.883249282836914 0.2
2.37656831741333 -13.795249938964844 -10.776549339294434 0.2
2.220186233520508 -13.878849029541016 -10.681549072265625 0.2
2.0187292098999023 -13.845451354980469 -10.7129487991333 0.2
1.8921102285385132 -13.741748809814453 -10.835549354553223 0.2
1.9200202226638794 -13.571849822998047 -10.955049514770508 0.2
2.008350372314453 -13.383552551269531 -10.955948829650879 0.2
2.077688217163086 -13.20785140991211 -10.869648933410645 0.2
2.0165011882781982 -13.082050323486328 -10.719549179077148 0.2
1.8214702606201172 -13.036449432373047 -10.689748764038086 0.2
1.6458302736282349 -13.063152313232422 -10.795649528503418 0.2
1.5739701986312866 -13.170951843261719 -10.957749366760254 0.2
1.6426702737808228 -13.339649200439453 -11.053648948669434 0.2
1.739640235900879 -13.523250579833984 -11.05574893951416 0.2
1.7167102098464966 -13.702350616455078 -10.953948974609375 0.2
1.5582002401351929 -13.7801513671875 -10.847949028015137 0.2
1.357390284538269 -13.74625015258789 -10.819149017333984 0.2
1.2432101964950562 -13.5843505859375 -10.874749183654785 0.2
1.292870283126831 -13.389152526855469 -10.922948837280273 0.2
1.3924301862716675 -13.211051940917969 -10.890349388122559 0.2
1.4422001838684082 -13.097450256347656 -10.722549438476562 0.2
1.3928202390670776 -13.07025146484375 -10.523249626159668 0.2
1.236260175704956 -13.119049072265625 -10.402749061584473 0.2
1.0927302837371826 -13.239151000976562 -10.477048873901367 0.2
1.1017202138900757 -13.396350860595703 -10.617349624633789 0.2
1.182510256767273 -13.57535171508789 -10.685349464416504 0.2
1.2688102722167969 -13.756752014160156 -10.622249603271484 0.2
1.1852202415466309 -13.880451202392578 -10.48974895477295 0.2
0.982100248336792 -13.884552001953125 -10.464649200439453 0.2
0.8077101707458496 -13.807048797607422 -10.545248985290527 0.2
0.7734401226043701 -13.657352447509766 -10.684349060058594 0.2
0.8478801250457764 -13.468452453613281 -10.732349395751953 0.2
0.9344301223754883 -13.28485107421875 -10.685548782348633 0.2
0.940880298614502 -13.135150909423828 -10.544249534606934 0.2
0.7801802158355713 -13.065250396728516 -10.444149017333984 0.2
0.5786101818084717 -13.074649810791016 -10.48954963684082 0.2
0.4491901397705078 -13.157852172851562 -10.628449440002441 0.2
0.4680001735687256 -13.316749572753906 -10.757649421691895 0.2
0.5747101306915283 -13.490951538085938 -10.798648834228516 0.2
0.6100301742553711 -13.680850982666016 -10.728649139404297 0.2
0.4991903305053711 -13.795848846435547 -10.598149299621582 0.2
0.307070255279541 -13.800849914550781 -10.521248817443848 0.2
0.14593029022216797 -13.675251007080078 -10.5431489944458 0.2
0.1433701515197754 -13.47705078125 -10.599148750305176 0.2
0.23623013496398926 -13.291549682617188 -10.608348846435547 0.2
0.3219001293182373 -13.150249481201172 -10.48344898223877 0.2
0.3261401653289795 -13.10165023803711 -10.281349182128906 0.2
0.2192401885986328 -13.126251220703125 -10.108549118041992 0.2
0.04678034782409668 -13.226951599121094 -10.106149673461914 0.2
-0.0022897720336914062 -13.372249603271484 -10.249249458312988 0.2
0.0548701286315918 -13.544052124023438 -10.35274887084961 0.2
0.15498018264770508 -13.7281494140625 -10.350249290466309 0.2
0.1493701934814453 -13.883750915527344 -10.221749305725098 0.2
-0.031229734420776367 -13.931049346923828 -10.141749382019043 0.2
-0.22770977020263672 -13.875850677490234 -10.179348945617676 0.2
-0.3274097442626953 -13.75014877319336 -10.30614948272705 0.2
-0.2792198657989502 -13.567649841308594 -10.396649360656738 0.2
-0.1883096694946289 -13.381149291992188 -10.380549430847168 0.2
-0.13331985473632812 -13.214550018310547 -10.269649505615234 0.2
-0.23269987106323242 -13.112449645996094 -10.125248908996582 0.2
-0.43655967712402344 -13.09415054321289 -10.125248908996582 0.2
-0.6021296977996826 -13.144851684570312 -10.239449501037598 0.2
-0.64320969581604 -13.280952453613281 -10.38914966583252 0.2
-0.5563497543334961 -13.453449249267578 -10.464249610900879 0.2
-0.4803898334503174 -13.64365005493164 -10.441549301147461 0.2
-0.5346097946166992 -13.799152374267578 -10.315349578857422 0.2
-0.7066097259521484 -13.843650817871094 -10.209049224853516 0.2
-0.8977797031402588 -13.771652221679688 -10.1902494430542 0.2
-0.9651398658752441 -13.586650848388672 -10.247849464416504 0.2
-0.8913998603820801 -13.396652221679688 -10.290449142456055 0.2
-0.7923998832702637 -13.228752136230469 -10.223649024963379 0.2
-0.7541897296905518 -13.14255142211914 -10.037749290466309 0.2
-0.8213598728179932 -13.136150360107422 -9.842148780822754 0.2
-0.9888796806335449 -13.210052490234375 -9.757948875427246 0.2
-1.0953998565673828 -13.346149444580078 -9.867349624633789 0.2
-1.0656399726867676 -13.512351989746094 -9.99324893951416 0.2
-0.9730498790740967 -13.694652557373047 -10.03434944152832 0.2
-0.9100496768951416 -13.866451263427734 -9.937349319458008 0.2
-1.0414199829101562 -13.955751419067383 -9.813949584960938 0.2
-1.2463798522949219 -13.931549072265625 -9.80634880065918 0.2
-1.3989896774291992 -13.83645248413086 -9.903549194335938 0.2
-1.4008197784423828 -13.670551300048828 -10.031148910522461 0.2
-1.3187599182128906 -13.480949401855469 -10.054749488830566 0.2
-1.238649845123291 -13.300849914550781 -9.98954963684082 0.2
-1.2717499732971191 -13.170249938964844 -9.834749221801758 0.2
-1.456899642944336 -13.127250671386719 -9.764549255371094 0.2
-1.6510396003723145 -13.160049438476562 -9.827749252319336 0.2
-1.7528495788574219 -13.273250579833984 -9.968648910522461 0.2
-1.6995997428894043 -13.441349029541016 -10.074549674987793 0.2
-1.5987296104431152 -13.621749877929688 -10.093249320983887 0.2
-1.5972695350646973 -13.799049377441406 -9.985849380493164 0.2
-1.7309799194335938 -13.877250671386719 -9.850249290466309 0.2
-1.9232096672058105 -13.846050262451172 -9.78394889831543 0.2
-2.049189567565918 -13.687049865722656 -9.81814956665039 0.2
-2.014589786529541 -13.491249084472656 -9.876349449157715 0.2
-1.9152898788452148 -13.31045150756836 -9.864449501037598 0.2
-1.8352899551391602 -13.194549560546875 -9.710749626159668 0.2
-1.843400001525879 -13.166149139404297 -9.505748748779297 0.2
-1.9720697402954102 -13.215450286865234 -9.356149673461914 0.2
-2.1263699531555176 -13.337051391601562 -9.399349212646484 0.2
-2.1412997245788574 -13.494548797607422 -9.538848876953125 0.2
-2.0719199180603027 -13.672752380371094 -9.620248794555664 0.2
-1.971569538116455 -13.852550506591797 -9.575249671936035 0.2
-2.024329662322998 -13.978750228881836 -9.429948806762695 0.2
-2.219089984893799 -13.989450454711914 -9.368549346923828 0.2
-2.4075798988342285 -13.91855239868164 -9.417348861694336 0.2
-2.472179889678955 -13.774551391601562 -9.551249504089355 0.2
-2.411649703979492 -13.586151123046875 -9.617349624633789 0.2
-2.3203396797180176 -13.400749206542969 -9.590649604797363 0.2
-2.2887797355651855 -13.246551513671875 -9.4579496383667 0.2
-2.4271697998046875 -13.173751831054688 -9.330649375915527 0.2
-2.6332597732543945 -13.184951782226562 -9.34054946899414 0.2
-2.7855796813964844 -13.269351959228516 -9.452749252319336 0.2
-2.7923998832702637 -13.429950714111328 -9.581149101257324 0.2
-2.6933698654174805 -13.604049682617188 -9.638548851013184 0.2
-2.639279842376709 -13.792251586914062 -9.576848983764648 0.2
-2.7172698974609375 -13.909549713134766 -9.425949096679688 0.2
-2.8895697593688965 -13.920249938964844 -9.311849594116211 0.2
-3.0583395957946777 -13.803550720214844 -9.303049087524414 0.2
-3.0814695358276367 -13.60824966430664 -9.364048957824707 0.2
-2.9969096183776855 -13.422050476074219 -9.40014934539795 0.2
-2.8940796852111816 -13.272350311279297 -9.301448822021484 0.2
-2.8556599617004395 -13.214252471923828 -9.1056489944458 0.2
-2.9271297454833984 -13.233951568603516 -8.914449691772461 0.2
-3.0917296409606934 -13.338851928710938 -8.871749877929688 0.2
-3.164529800415039 -13.491352081298828 -8.995649337768555 0.2
-3.123109817504883 -13.665050506591797 -9.1031494140625 0.2
-3.0171098709106445 -13.84524917602539 -9.11574935913086 0.2
-2.987379550933838 -13.994951248168945 -8.983649253845215 0.2
-3.143099784851074 -14.045551300048828 -8.863449096679688 0.2
-3.345559597015381 -14.000751495361328 -8.856849670410156 0.2
-3.477329730987549 -13.885848999023438 -8.962849617004395 0.2
-3.460139751434326 -13.70615005493164 -9.067949295043945 0.2
-3.3760995864868164 -13.516250610351562 -9.081249237060547 0.2
-3.3052496910095215 -13.342552185058594 -8.993049621582031 0.2
-3.371549606323242 -13.239849090576172 -8.830949783325195 0.2
-3.5681395530700684 -13.230548858642578 -8.772850036621094 0.2
-3.7564797401428223 -13.294151306152344 -8.83074951171875 0.2
-3.826699733734131 -13.439651489257812 -8.958749771118164 0.2
-3.751189708709717 -13.609451293945312 -9.050549507141113 0.2
-3.6636300086975098 -13.79534912109375 -9.040148735046387 0.2
-3.6786298751831055 -13.944650650024414 -8.896749496459961 0.2
-3.8151798248291016 -13.987550735473633 -8.747148513793945 0.2
-3.9958295822143555 -13.916450500488281 -8.681148529052734 0.2
-4.078289985656738 -13.733348846435547 -8.722549438476562 0.2
-4.026139736175537 -13.541950225830078 -8.785749435424805 0.2
-3.9190897941589355 -13.37015151977539 -8.746849060058594 0.2
-3.832589626312256 -13.282150268554688 -8.57914924621582 0.2
-3.840639591217041 -13.275749206542969 -8.372650146484375 0.2
-3.975709915161133 -13.35605239868164 -8.246950149536133 0.2
-4.1005096435546875 -13.49905014038086 -8.323648452758789 0.2
-4.098689556121826 -13.667152404785156 -8.450349807739258 0.2
-4.012639999389648 -13.847148895263672 -8.511650085449219 0.2
-3.9190497398376465 -14.012849807739258 -8.430849075317383 0.2
-4.009099960327148 -14.10165023803711 -8.274349212646484 0.2
-4.204859733581543 -14.084051132202148 -8.210748672485352 0.2
-4.381979942321777 -13.997350692749023 -8.264249801635742 0.2
-4.425369739532471 -13.835350036621094 -8.389549255371094 0.2
-4.3603596687316895 -13.644050598144531 -8.438249588012695 0.2
-4.272559642791748 -13.45975112915039 -8.400650024414062 0.2
-4.2681097984313965 -13.326251983642578 -8.244949340820312 0.2
-4.4299397468566895 -13.288349151611328 -8.129348754882812 0.2
-4.632169723510742 -13.330551147460938 -8.1396484375 0.2
-4.7631096839904785 -13.452152252197266 -8.244548797607422 0.2
-4.73436975479126 -13.623249053955078 -8.355249404907227 0.2
-4.635359764099121 -13.801151275634766 -8.395149230957031 0.2
-4.595109939575195 -13.973649978637695 -8.28744888305664 0.2
-4.679279804229736 -14.051651000976562 -8.116449356079102 0.2
-4.845029830932617 -14.026050567626953 -7.997650146484375 0.2
-4.983609676361084 -13.873950958251953 -7.99894905090332 0.2
-4.977039813995361 -13.68115234375 -8.073949813842773 0.2
-4.886979579925537 -13.497051239013672 -8.098249435424805 0.2
-4.774779796600342 -13.371349334716797 -7.975549697875977 0.2
-4.729579925537109 -13.335948944091797 -7.776649475097656 0.2
-4.808749675750732 -13.388351440429688 -7.596748352050781 0.2
-4.957919597625732 -13.52395248413086 -7.59375 0.2
-5.001009941101074 -13.691349029541016 -7.714149475097656 0.2
-4.9441399574279785 -13.869548797607422 -7.804449081420898 0.2
-4.822479724884033 -14.038351058959961 -7.777248382568359 0.2
-4.828149795532227 -14.150550842285156 -7.612148284912109 0.2
-4.994050025939941 -14.158950805664062 -7.491849899291992 0.2
-5.1904296875 -14.094951629638672 -7.480649948120117 0.2
-5.295330047607422 -13.954151153564453 -7.591249465942383 0.2
-5.267350196838379 -13.764350891113281 -7.672548294067383 0.2
-5.1842193603515625 -13.57345199584961 -7.677148818969727 0.2
-5.123929977416992 -13.417049407958984 -7.557649612426758 0.2
-5.227829933166504 -13.353252410888672 -7.397249221801758 0.2
-5.426539421081543 -13.38125228881836 -7.347749710083008 0.2
-5.596229553222656 -13.483150482177734 -7.409248352050781 0.2
-5.62578010559082 -13.651248931884766 -7.524049758911133 0.2
-5.537509918212891 -13.82345199584961 -7.601249694824219 0.2
-5.455880165100098 -14.004251480102539 -7.547948837280273 0.2
-5.477729797363281 -14.112951278686523 -7.374050140380859 0.2
-5.606559753417969 -14.12244987487793 -7.212348937988281 0.2
-5.770389556884766 -14.010250091552734 -7.158849716186523 0.2
-5.821829795837402 -13.820549011230469 -7.219949722290039 0.2
-5.765549659729004 -13.632450103759766 -7.286949157714844 0.2
-5.648449897766113 -13.47344970703125 -7.2254486083984375 0.2
-5.558050155639648 -13.40625 -7.050748825073242 0.2
-5.568240165710449 -13.426849365234375 -6.847349166870117 0.2
-5.702239990234375 -13.547351837158203 -6.761449813842773 0.2
-5.791250228881836 -13.715351104736328 -6.852449417114258 0.2
-5.767059326171875 -13.89255142211914 -6.958648681640625 0.2
-5.6497297286987305 -14.063350677490234 -6.990549087524414 0.2
-5.575399398803711 -14.193750381469727 -6.856349945068359 0.2
-5.683609962463379 -14.234251022338867 -6.688249588012695 0.2
-5.873109817504883 -14.196950912475586 -6.612949371337891 0.2
-6.033829689025879 -14.087751388549805 -6.67704963684082 0.2
-6.05972957611084 -13.908248901367188 -6.779949188232422 0.2
-6.000749588012695 -13.71335220336914 -6.823450088500977 0.2
-5.917590141296387 -13.534549713134766 -6.759449005126953 0.2
-5.941479682922363 -13.439350128173828 -6.582550048828125 0.2
-6.107719421386719 -13.450050354003906 -6.461648941040039 0.2
-6.294309616088867 -13.538848876953125 -6.450948715209961 0.2
-6.379079818725586 -13.702049255371094 -6.543249130249023 0.2
-6.320079803466797 -13.871551513671875 -6.64794921875 0.2
-6.218890190124512 -14.050849914550781 -6.650548934936523 0.2
-6.173429489135742 -14.182950973510742 -6.497049331665039 0.2
-6.246939659118652 -14.217350006103516 -6.306549072265625 0.2
-6.3973894119262695 -14.141651153564453 -6.189548492431641 0.2
-6.494339942932129 -13.96255111694336 -6.214048385620117 0.2
-6.481259346008301 -13.772850036621094 -6.299549102783203 0.2
-6.376659393310547 -13.594852447509766 -6.297948837280273 0.2
-6.242799758911133 -13.499252319335938 -6.17034912109375 0.2
-6.178949356079102 -13.492149353027344 -5.974248886108398 0.2
-6.25885009765625 -13.590450286865234 -5.818248748779297 0.2
-6.38109016418457 -13.75455093383789 -5.854949951171875 0.2
-6.402629852294922 -13.931449890136719 -5.964748382568359 0.2
-6.316269874572754 -14.107450485229492 -6.039249420166016 0.2
-6.191319465637207 -14.251750946044922 -5.966449737548828 0.2
-6.226860046386719 -14.31705093383789 -5.778348922729492 0.2
-6.3838396072387695 -14.296850204467773 -5.644350051879883 0.2
-6.56742000579834 -14.209251403808594 -5.639549255371094 0.2
-6.647309303283691 -14.04275131225586 -5.740148544311523 0.2
-6.614119529724121 -13.847850799560547 -5.805448532104492 0.2
-6.528749465942383 -13.659149169921875 -5.795448303222656 0.2
-6.482019424438477 -13.534252166748047 -5.64124870300293 0.2
-6.598179817199707 -13.519351959228516 -5.474649429321289 0.2
-6.781569480895996 -13.586952209472656 -5.407548904418945 0.2
-6.919919967651367 -13.731948852539062 -5.461248397827148 0.2
-6.909039497375488 -13.905448913574219 -5.5733489990234375 0.2
-6.818470001220703 -14.081951141357422 -5.632648468017578 0.2
-6.732170104980469 -14.239551544189453 -5.527948379516602 0.2
-6.751509666442871 -14.305049896240234 -5.333749771118164 0.2
-6.871129989624023 -14.270750045776367 -5.170448303222656 0.2
-7.003199577331543 -14.115449905395508 -5.14015007019043 0.2
-7.027799606323242 -13.925151824951172 -5.220048904418945 0.2
-6.958829879760742 -13.736652374267578 -5.267950057983398 0.2
-6.816490173339844 -13.60675048828125 -5.187549591064453 0.2
-6.708339691162109 -13.56814956665039 -5.015249252319336 0.2
-6.725489616394043 -13.630950927734375 -4.823148727416992 0.2
-6.855539321899414 -13.782451629638672 -4.785348892211914 0.2
-6.918499946594238 -13.958351135253906 -4.882648468017578 0.2
-6.876409530639648 -14.137950897216797 -4.978948593139648 0.2
-6.741549491882324 -14.297550201416016 -4.9743499755859375 0.2
-6.7022294998168945 -14.395050048828125 -4.803449630737305 0.2
-6.819439888000488 -14.400550842285156 -4.633249282836914 0.2
-7.002099990844727 -14.338451385498047 -4.561649322509766 0.2
-7.12969970703125 -14.192850112915039 -4.640048980712891 0.2
-7.129399299621582 -14.00094985961914 -4.72144889831543 0.2
-7.061399459838867 -13.80615234375 -4.751249313354492 0.2
-6.97184944152832 -13.649951934814453 -4.650949478149414 0.2
-7.025699615478516 -13.598251342773438 -4.463249206542969 0.2
-7.192299842834473 -13.643451690673828 -4.34844970703125 0.2
-7.361199378967285 -13.764049530029297 -4.354949951171875 0.2
-7.407299995422363 -13.938850402832031 -4.454549789428711 0.2
-7.3386993408203125 -14.112751007080078 -4.54694938659668 0.2
-7.236299514770508 -14.28754997253418 -4.5061492919921875 0.2
-7.206099510192871 -14.386751174926758 -4.327949523925781 0.2
-7.287099838256836 -14.390649795532227 -4.137350082397461 0.2
-7.433899879455566 -14.27385139465332 -4.052148818969727 0.2
-7.5022993087768555 -14.086650848388672 -4.106548309326172 0.2
-7.475299835205078 -13.8968505859375 -4.186649322509766 0.2
-7.352700233459473 -13.731849670410156 -4.15934944152832 0.2
-7.220600128173828 -13.658851623535156 -4.016149520874023 0.2
-7.174799919128418 -13.6822509765625 -3.817850112915039 0.2
-7.275699615478516 -13.814151763916016 -3.7059497833251953 0.2
-7.373499870300293 -13.99114990234375 -3.769449234008789 0.2
-7.366799354553223 -14.171951293945312 -3.8724498748779297 0.2
-7.250299453735352 -14.339750289916992 -3.9223499298095703 0.2
-7.148699760437012 -14.460250854492188 -3.7968482971191406 0.2
-7.211199760437012 -14.494850158691406 -3.6040496826171875 0.2
-7.372499465942383 -14.45975112915039 -3.4796485900878906 0.2
-7.540200233459473 -14.345251083374023 -3.5102500915527344 0.2
-7.585599899291992 -14.162050247192383 -3.599649429321289 0.2
-7.54640007019043 -13.964950561523438 -3.655649185180664 0.2
-7.451399803161621 -13.784049987792969 -3.61614990234375 0.2
-7.428199768066406 -13.691452026367188 -3.4378490447998047 0.2
-7.553500175476074 -13.713150024414062 -3.275348663330078 0.2
-7.724900245666504 -13.814350128173828 -3.2182483673095703 0.2
-7.821499824523926 -13.984050750732422 -3.2869491577148438 0.2
-7.7845001220703125 -14.158451080322266 -3.394948959350586 0.2
-7.682399749755859 -14.337751388549805 -3.410348892211914 0.2
-7.602199554443359 -14.464151382446289 -3.2662487030029297 0.2
-7.634900093078613 -14.495950698852539 -3.0639495849609375 0.2
-7.764599800109863 -14.418350219726562 -2.9249496459960938 0.2
-7.870599746704102 -14.242650985717773 -2.9388484954833984 0.2
-7.886599540710449 -14.054950714111328 -3.029348373413086 0.2
-7.800199508666992 -13.869152069091797 -3.056049346923828 0.2
-7.649199485778809 -13.761051177978516 -2.9613494873046875 0.2
-7.545000076293945 -13.749649047851562 -2.782949447631836 0.2
-7.580699920654297 -13.852149963378906 -2.613149642944336 0.2
-7.696499824523926 -14.026451110839844 -2.619150161743164 0.2
-7.729800224304199 -14.209650039672852 -2.71514892578125 0.2
-7.649199485778809 -14.385551452636719 -2.797548294067383 0.2
-7.508600234985352 -14.523151397705078 -2.7408485412597656 0.2
-7.501699447631836 -14.585451126098633 -2.546449661254883 0.2
-7.61929988861084 -14.575851440429688 -2.3753490447998047 0.2
-7.80210018157959 -14.492950439453125 -2.3399486541748047 0.2
-7.898499488830566 -14.325050354003906 -2.421649932861328 0.2
-7.890799522399902 -14.128650665283203 -2.4925498962402344 0.2
-7.820199966430664 -13.933952331542969 -2.5125484466552734 0.2
-7.73069953918457 -13.800651550292969 -2.3852500915527344 0.2
-7.779600143432617 -13.788150787353516 -2.187349319458008 0.2
-7.921500205993652 -13.867450714111328 -2.059549331665039 0.2
-8.058599472045898 -14.024749755859375 -2.0675487518310547 0.2
-8.069199562072754 -14.20465087890625 -2.170949935913086 0.2
-7.987699508666992 -14.38385009765625 -2.2365493774414062 0.2
-7.873600006103516 -14.532951354980469 -2.143848419189453 0.2
-7.845999717712402 -14.593151092529297 -1.9482498168945312 0.2
-7.932700157165527 -14.551050186157227 -1.7672500610351562 0.2
-8.06029987335205 -14.39375114440918 -1.7258491516113281 0.2
-8.11240005493164 -14.208049774169922 -1.8057498931884766 0.2
-8.076700210571289 -14.015850067138672 -1.873748779296875 0.2
-7.929100036621094 -13.873249053955078 -1.8359489440917969 0.2
-7.783299446105957 -13.83005142211914 -1.6948490142822266 0.2
-7.743499755859375 -13.895450592041016 -1.5062484741210938 0.2
-7.84529972076416 -14.05875015258789 -1.436349868774414 0.2
-7.915399551391602 -14.244649887084961 -1.5078487396240234 0.2
-7.8821001052856445 -14.427751541137695 -1.6021499633789062 0.2
-7.741000175476074 -14.581649780273438 -1.6135482788085938 0.2
-7.664599418640137 -14.672750473022461 -1.4493484497070312 0.2
-7.726499557495117 -14.690450668334961 -1.2514495849609375 0.2
-7.893499374389648 -14.641450881958008 -1.1446495056152344 0.2
-8.034699440002441 -14.497550964355469 -1.1985492706298828 0.2
-8.059499740600586 -14.304550170898438 -1.275848388671875 0.2
-8.02549934387207 -14.105350494384766 -1.3311500549316406 0.2
-7.918299674987793 -13.934951782226562 -1.2828483581542969 0.2
-7.8802995681762695 -13.875350952148438 -1.0924491882324219 0.2
-7.965000152587891 -13.925651550292969 -0.9092483520507812 0.2
-8.107099533081055 -14.061651229858398 -0.8413486480712891 0.2
-8.173099517822266 -14.245851516723633 -0.9115486145019531 0.2
-8.126500129699707 -14.424449920654297 -1.008749008178711 0.2
-8.006099700927734 -14.593250274658203 -0.9801483154296875 0.2
-7.927700042724609 -14.684551239013672 -0.811248779296875 0.2
-7.958399772644043 -14.680150985717773 -0.6071491241455078 0.2
-8.085399627685547 -14.551950454711914 -0.5068492889404297 0.2
-8.1673002243042 -14.367151260375977 -0.5566501617431641 0.2
-8.178799629211426 -14.177350997924805 -0.64324951171875 0.2
-8.066800117492676 -14.003650665283203 -0.6619491577148438 0.2
-7.900899887084961 -13.92715072631836 -0.5627498626708984 0.2
-7.796500205993652 -13.952051162719727 -0.3865489959716797 0.2
-7.847799301147461 -14.090250015258789 -0.24934959411621094 0.2
-7.947500228881836 -14.27655029296875 -0.27594947814941406 0.2
-7.957900047302246 -14.464250564575195 -0.3668498992919922 0.2
-7.849599838256836 -14.63385009765625 -0.4313488006591797 0.2
-7.723199844360352 -14.752050399780273 -0.3253498077392578 0.2
-7.722599983215332 -14.797250747680664 -0.12254905700683594 0.2
-7.845999717712402 -14.779951095581055 0.0404510498046875 0.2
-8.020699501037598 -14.670249938964844 0.04205131530761719 0.2
-8.084400177001953 -14.485950469970703 -0.03294944763183594 0.2
-8.080399513244629 -14.288351058959961 -0.10194969177246094 0.2
-8.001099586486816 -14.095849990844727 -0.11674880981445312 0.2
-7.896999359130859 -13.983951568603516 0.01905059814453125 0.2
-7.9138994216918945 -13.997051239013672 0.225250244140625 0.2
-8.023799896240234 -14.102750778198242 0.36495018005371094 0.2
-8.132100105285645 -14.281049728393555 0.350250244140625 0.2
-8.130399703979492 -14.462249755859375 0.24615097045898438 0.2
-8.031999588012695 -14.643350601196289 0.2138500213623047 0.2
-7.915499687194824 -14.766950607299805 0.33555030822753906 0.2
-7.8917999267578125 -14.798151016235352 0.5392513275146484 0.2
-7.989899635314941 -14.711650848388672 0.6976509094238281 0.2
-8.095799446105957 -14.533851623535156 0.6961517333984375 0.2
-8.140299797058105 -14.347850799560547 0.6098499298095703 0.2
-8.083099365234375 -14.157350540161133 0.5500507354736328 0.2
-7.918399810791016 -14.040550231933594 0.5985507965087891 0.2
-7.778900146484375 -14.033151626586914 0.7531509399414062 0.2
-7.758699417114258 -14.13385009765625 0.9288501739501953 0.2
-7.861299514770508 -14.313751220703125 0.9635505676269531 0.2
-7.910299301147461 -14.503650665283203 0.8875503540039062 0.2
-7.848099708557129 -14.684650421142578 0.7984504699707031 0.2
-7.699999809265137 -14.825151443481445 0.8269500732421875 0.2
-7.639900207519531 -14.896249771118164 1.0114517211914062 0.2
-7.703299522399902 -14.90475082397461 1.2088508605957031 0.2
-7.879199981689453 -14.83115005493164 1.2815513610839844 0.2
-7.990900039672852 -14.664051055908203 1.222249984741211 0.2
-8.011799812316895 -14.46875 1.1495513916015625 0.2
-7.974399566650391 -14.269149780273438 1.1001510620117188 0.2
-7.853499412536621 -14.11614990234375 1.1695499420166016 0.2
-7.8050994873046875 -14.085149765014648 1.366250991821289 0.2
-7.866199493408203 -14.157451629638672 1.5500507354736328 0.2
-7.987199783325195 -14.320449829101562 1.6019515991210938 0.2
-8.026100158691406 -14.506851196289062 1.5168514251708984 0.2
-7.966099739074707 -14.689651489257812 1.4365501403808594 0.2
-7.83329963684082 -14.840950012207031 1.4989509582519531 0.2
-7.760499954223633 -14.90315055847168 1.6827507019042969 0.2
-7.808099746704102 -14.859350204467773 1.8772506713867188 0.2
-7.927299499511719 -14.700550079345703 1.9406509399414062 0.2
-7.9944000244140625 -14.5135498046875 1.8747501373291016 0.2
-7.99370002746582 -14.321149826049805 1.7940502166748047 0.2
-7.856999397277832 -14.164251327514648 1.786550521850586 0.2
-7.700399398803711 -14.127950668334961 1.9152507781982422 0.2
-7.62969970703125 -14.196250915527344 2.0976505279541016 0.2
-7.6968994140625 -14.360851287841797 2.200651168823242 0.2
-7.770400047302246 -14.55415153503418 2.154451370239258 0.2
-7.751799583435059 -14.739151000976562 2.0580501556396484 0.2
-7.614299774169922 -14.892250061035156 2.0140514373779297 0.2
-7.4944000244140625 -14.985750198364258 2.149751663208008 0.2
-7.494899749755859 -15.016450881958008 2.356050491333008 0.2
-7.633099555969238 -14.980550765991211 2.501649856567383 0.2
-7.788299560546875 -14.842750549316406 2.4844512939453125 0.2
-7.841899871826172 -14.650951385498047 2.4176502227783203 0.2
-7.842499732971191 -14.449850082397461 2.35675048828125 0.2
-7.74429988861084 -14.26675033569336 2.365650177001953 0.2
-7.642299652099609 -14.185251235961914 2.524150848388672 0.2
-7.638500213623047 -14.213451385498047 2.730649948120117 0.2
-7.739299774169922 -14.351051330566406 2.8481502532958984 0.2
-7.813799858093262 -14.54155158996582 2.803251266479492 0.2
-7.798099517822266 -14.721549987792969 2.6965503692626953 0.2
-7.681300163269043 -14.894350051879883 2.6778507232666016 0.2
-7.556399345397949 -14.99155044555664 2.8123512268066406 0.2
-7.5295000076293945 -14.992151260375977 3.018251419067383 0.2
-7.628899574279785 -14.873550415039062 3.1579513549804688 0.2
-7.721599578857422 -14.686851501464844 3.1449508666992188 0.2
-7.761599540710449 -14.495651245117188 3.0675506591796875 0.2
-7.686699867248535 -14.309551239013672 3.011751174926758 0.2
-7.517899513244629 -14.225250244140625 3.087850570678711 0.2
-7.42609977722168 -14.275350570678711 3.267850875854492 0.2
-7.445799827575684 -14.415651321411133 3.4173507690429688 0.2
-7.523099899291992 -14.613151550292969 3.428251266479492 0.2
-7.534999847412109 -14.802450180053711 3.3387508392333984 0.2
-7.440499305725098 -14.96095085144043 3.236051559448242 0.2
-7.269800186157227 -15.064250946044922 3.2785511016845703 0.2
-7.183599472045898 -15.10875129699707 3.4630508422851562 0.2
-7.232600212097168 -15.099050521850586 3.6624507904052734 0.2
-7.398099899291992 -14.998451232910156 3.7344512939453125 0.2
-7.495499610900879 -14.816850662231445 3.6965503692626953 0.2
-7.527799606323242 -14.61665153503418 3.6431503295898438 0.2
-7.462599754333496 -14.419351577758789 3.612051010131836 0.2
-7.325499534606934 -14.300149917602539 3.708150863647461 0.2
-7.252200126647949 -14.28955078125 3.9036502838134766 0.2
-7.296899795532227 -14.390750885009766 4.075651168823242 0.2
-7.397199630737305 -14.574251174926758 4.084051132202148 0.2
-7.426199913024902 -14.754150390625 3.979551315307617 0.2
-7.35890007019043 -14.934051513671875 3.8967514038085938 0.2
-7.2027997970581055 -15.064849853515625 3.948150634765625 0.2
-7.10569953918457 -15.099250793457031 4.129650115966797 0.2
-7.135899543762207 -15.028249740600586 4.320951461791992 0.2
-7.240399360656738 -14.85715103149414 4.380651473999023 0.2
-7.306399345397949 -14.665451049804688 4.324451446533203 0.2
-7.2776994705200195 -14.468151092529297 4.259250640869141 0.2
-7.119199752807617 -14.338350296020508 4.287750244140625 0.2
-6.990599632263184 -14.34415054321289 4.451351165771484 0.2
-6.965179443359375 -14.450950622558594 4.62755012512207 0.2
-7.042499542236328 -14.638851165771484 4.682550430297852 0.2
-7.085299491882324 -14.831451416015625 4.6094512939453125 0.2
-7.061100006103516 -15.004850387573242 4.492351531982422 0.2
-6.910109519958496 -15.126649856567383 4.415151596069336 0.2
-6.744199752807617 -15.184350967407227 4.523550033569336 0.2
-6.678009986877441 -15.189350128173828 4.722051620483398 0.2
-6.769869804382324 -15.12135124206543 4.891651153564453 0.2
-6.904009819030762 -14.96084976196289 4.918651580810547 0.2
-6.963099479675293 -14.762451171875 4.880849838256836 0.2
-6.935689926147461 -14.558250427246094 4.837850570678711 0.2
-6.795589447021484 -14.412750244140625 4.883150100708008 0.2
-6.679389953613281 -14.37755012512207 5.053150177001953 0.2
-6.669699668884277 -14.45155143737793 5.244350433349609 0.2
-6.768050193786621 -14.626850128173828 5.304349899291992 0.2
-6.8266496658325195 -14.807350158691406 5.214151382446289 0.2
-6.807669639587402 -14.983449935913086 5.101751327514648 0.2
-6.659150123596191 -15.131851196289062 5.0834503173828125 0.2
-6.516929626464844 -15.188051223754883 5.223350524902344 0.2
-6.479839324951172 -15.15155029296875 5.423450469970703 0.2
-6.567309379577637 -15.00575065612793 5.548250198364258 0.2
-6.648799896240234 -14.812850952148438 5.529550552368164 0.2
-6.66195011138916 -14.611949920654297 5.469350814819336 0.2
-6.531099319458008 -14.449150085449219 5.456951141357422 0.2
-6.372509956359863 -14.40825080871582 5.583650588989258 0.2
-6.296819686889648 -14.47385025024414 5.766050338745117 0.2
-6.353019714355469 -14.644050598144531 5.872150421142578 0.2
-6.417019844055176 -14.83864974975586 5.823450088500977 0.2
-6.437089920043945 -15.01715087890625 5.7131500244140625 0.2
-6.346280097961426 -15.163450241088867 5.5899505615234375 0.2
-6.157229423522949 -15.240449905395508 5.606151580810547 0.2
-6.027929306030273 -15.25724983215332 5.7709503173828125 0.2
-6.029589653015137 -15.215150833129883 5.973350524902344 0.2
-6.156749725341797 -15.07925033569336 6.07025146484375 0.2
-6.240679740905762 -14.885551452636719 6.060251235961914 0.2
-6.256869316101074 -14.678451538085938 6.021751403808594 0.2
-6.141729354858398 -14.502750396728516 6.0144500732421875 0.2
-5.989429473876953 -14.438051223754883 6.142351150512695 0.2
-5.910419464111328 -14.478050231933594 6.331750869750977 0.2
-5.972609519958496 -14.636251449584961 6.45155143737793 0.2
-6.054369926452637 -14.82335090637207 6.399450302124023 0.2
-6.082719802856445 -14.994850158691406 6.278850555419922 0.2
-5.982540130615234 -15.158550262451172 6.192251205444336 0.2
-5.807689666748047 -15.245450973510742 6.261850357055664 0.2
-5.699989318847656 -15.244451522827148 6.442649841308594 0.2
-5.734169960021973 -15.143251419067383 6.622150421142578 0.2
-5.827449798583984 -14.9593505859375 6.667150497436523 0.2
-5.882499694824219 -14.759050369262695 6.626251220703125 0.2
-5.8160600662231445 -14.564451217651367 6.58165168762207 0.2
-5.6453399658203125 -14.469350814819336 6.649850845336914 0.2
-5.515580177307129 -14.487751007080078 6.81505012512207 0.2
-5.506929397583008 -14.619150161743164 6.973850250244141 0.2
-5.582889556884766 -14.816350936889648 6.983449935913086 0.2
-5.62986946105957 -14.996049880981445 6.882350921630859 0.2
-5.611869812011719 -15.159650802612305 6.750249862670898 0.2
-5.452939987182617 -15.266851425170898 6.669151306152344 0.2
-5.275149345397949 -15.308151245117188 6.769451141357422 0.2
-5.190779685974121 -15.301851272583008 6.961250305175781 0.2
-5.266280174255371 -15.218050003051758 7.13475227355957 0.2
-5.37677001953125 -15.043550491333008 7.178449630737305 0.2
-5.4342498779296875 -14.840551376342773 7.162050247192383 0.2
-5.38832950592041 -14.635749816894531 7.132551193237305 0.2
-5.230629920959473 -14.515850067138672 7.193151473999023 0.2
-5.098639488220215 -14.50885009765625 7.358152389526367 0.2
-5.072209358215332 -14.611751556396484 7.535551071166992 0.2
-5.158349990844727 -14.79935073852539 7.569650650024414 0.2
-5.223199844360352 -14.970251083374023 7.462350845336914 0.2
-5.216559410095215 -15.134851455688477 7.330251693725586 0.2
-5.065090179443359 -15.27025032043457 7.276052474975586 0.2
-4.898679733276367 -15.319650650024414 7.39375114440918 0.2
-4.824219703674316 -15.297550201416016 7.588850021362305 0.2
-4.896289825439453 -15.176549911499023 7.744649887084961 0.2
-4.9833598136901855 -14.985050201416016 7.766550064086914 0.2
-5.011980056762695 -14.777851104736328 7.733549118041992 0.2
-4.900169849395752 -14.600950241088867 7.720048904418945 0.2
-4.7306599617004395 -14.544351577758789 7.828851699829102 0.2
-4.614539623260498 -14.592050552368164 8.008550643920898 0.2
-4.642239570617676 -14.764450073242188 8.140352249145508 0.2
-4.724419593811035 -14.963150024414062 8.08485221862793 0.2
-4.771549701690674 -15.131650924682617 7.944250106811523 0.2
-4.686469554901123 -15.270450592041016 7.794149398803711 0.2
-4.479269981384277 -15.33125114440918 7.810152053833008 0.2
-4.343469619750977 -15.337949752807617 7.98805046081543 0.2
-4.334799766540527 -15.272850036621094 8.199750900268555 0.2
-4.424729824066162 -15.095050811767578 8.295351028442383 0.2
-4.503699779510498 -14.885150909423828 8.297552108764648 0.2
-4.447139739990234 -14.678850173950195 8.245550155639648 0.2
-4.241009712219238 -14.595849990844727 8.226949691772461 0.2
-4.054799556732178 -14.656049728393555 8.147550582885742 0.2
-4.023139953613281 -14.81974983215332 8.020551681518555 0.2
-4.088289737701416 -15.006650924682617 7.941549301147461 0.2
-4.1468095779418945 -15.206750869750977 7.961450576782227 0.2
-4.114029884338379 -15.336750030517578 8.124151229858398 0.2
-3.979189872741699 -15.359451293945312 8.286352157592773 0.2
-3.7940597534179688 -15.285350799560547 8.34644889831543 0.2
-3.709929943084717 -15.106950759887695 8.274652481079102 0.2
-3.7673397064208984 -14.909950256347656 8.217752456665039 0.2
-3.865579605102539 -14.72235107421875 8.230951309204102 0.2
-3.919259548187256 -14.593050003051758 8.387250900268555 0.2
-3.8152098655700684 -14.552949905395508 8.566350936889648 0.2
-3.6300597190856934 -14.570051193237305 8.668550491333008 0.2
-3.457289695739746 -14.67085075378418 8.610250473022461 0.2
-3.4459996223449707 -14.840250015258789 8.483449935913086 0.2
-3.5253396034240723 -15.022850036621094 8.405450820922852 0.2
-3.580779552459717 -15.218151092529297 8.463251113891602 0.2
-3.493379592895508 -15.320350646972656 8.623350143432617 0.2
-3.3153796195983887 -15.310750961303711 8.740251541137695 0.2
-3.1469197273254395 -15.187150955200195 8.743749618530273 0.2
-3.1322097778320312 -14.984750747680664 8.681650161743164 0.2
-3.2265195846557617 -14.793050765991211 8.666650772094727 0.2
-3.3078699111938477 -14.631750106811523 8.776052474975586 0.2
-3.237079620361328 -14.56035041809082 8.95985221862793 0.2
-3.0560197830200195 -14.555950164794922 9.073549270629883 0.2
-2.857529640197754 -14.620349884033203 9.056150436401367 0.2
-2.796989917755127 -14.775350570678711 8.925352096557617 0.2
-2.8745298385620117 -14.954950332641602 8.837751388549805 0.2
-2.9669899940490723 -15.146551132202148 8.841352462768555 0.2
-2.9542198181152344 -15.292551040649414 8.990751266479492 0.2
-2.7901697158813477 -15.3260498046875 9.121652603149414 0.2
-2.5869898796081543 -15.275150299072266 9.154451370239258 0.2
-2.4759297370910645 -15.116950988769531 9.071451187133789 0.2
-2.5238399505615234 -14.91495132446289 9.021150588989258 0.2
-2.6121697425842285 -14.723350524902344 9.058450698852539 0.2
-2.6155495643615723 -14.591550827026367 9.223550796508789 0.2
-2.460129737854004 -14.547550201416016 9.362051010131836 0.2
-2.2503299713134766 -14.548851013183594 9.406450271606445 0.2
-2.088289737701416 -14.631851196289062 9.28795051574707 0.2
-2.1298699378967285 -14.80565071105957 9.153749465942383 0.2
-2.2465295791625977 -14.996150970458984 9.111051559448242 0.2
-2.2651195526123047 -15.194351196289062 9.209249496459961 0.2
-2.09913969039917 -15.273250579833984 9.333951950073242 0.2
-1.8784499168395996 -15.239351272583008 9.365152359008789 0.2
-1.7394700050354004 -15.08285140991211 9.290849685668945 0.2
-1.7868199348449707 -14.867151260375977 9.24635124206543 0.2
-1.8773798942565918 -14.667051315307617 9.300249099731445 0.2
-1.8388099670410156 -14.538949966430664 9.476652145385742 0.2
-1.6379599571228027 -14.481451034545898 9.562051773071289 0.2
-1.4143099784851074 -14.43735122680664 9.581350326538086 0.2
-1.2387299537658691 -14.474349975585938 9.708452224731445 0.2
-1.3060698509216309 -14.623849868774414 9.858449935913086 0.2
-1.4813098907470703 -14.769149780273438 9.844449996948242 0.2
-1.6578798294067383 -14.899850845336914 9.788251876831055 0.2
-1.7999897003173828 -15.049951553344727 9.697351455688477 0.2
-1.7471199035644531 -15.205150604248047 9.551549911499023 0.2
-1.529909610748291 -15.252851486206055 9.525850296020508 0.2
-1.331669807434082 -15.219350814819336 9.626352310180664 0.2
-1.2377796173095703 -15.085451126098633 9.782751083374023 0.2
-1.1771798133850098 -14.882051467895508 9.863851547241211 0.2
-1.107499599456787 -14.668550491333008 9.897050857543945 0.2
-0.9961695671081543 -14.4864501953125 9.820650100708008 0.2
-0.7982296943664551 -14.444351196289062 9.746450424194336 0.2
-0.6068298816680908 -14.531049728393555 9.775251388549805 0.2
-0.6160497665405273 -14.721351623535156 9.877752304077148 0.2
-0.7731597423553467 -14.871850967407227 9.883050918579102 0.2
-0.9364197254180908 -15.006250381469727 9.845151901245117 0.2
-1.067659854888916 -15.14365005493164 9.741949081420898 0.2
-1.0173096656799316 -15.245750427246094 9.56505012512207 0.2
-0.807999849319458 -15.27025032043457 9.538152694702148 0.2
-0.6328496932983398 -15.231550216674805 9.65464973449707 0.2
-0.5741097927093506 -15.09415054321289 9.811651229858398 0.2
-0.5134298801422119 -14.905050277709961 9.895952224731445 0.2
-0.4388697147369385 -14.70155143737793 9.913351058959961 0.2
-0.29785966873168945 -14.56865119934082 9.823949813842773 0.2
-0.09073972702026367 -14.595550537109375 9.773351669311523 0.2
0.01882028579711914 -14.748950958251953 9.858251571655273 0.2
-0.1358797550201416 -14.891651153564453 9.929952621459961 0.2
-0.3121798038482666 -14.998950958251953 9.861650466918945 0.2
-0.4193596839904785 -15.15005111694336 9.741849899291992 0.2
-0.3233296871185303 -15.326749801635742 9.690950393676758 0.2
-0.17791986465454102 -15.35405158996582 9.839750289916992 0.2
-0.1267697811126709 -15.23375129699707 10.018152236938477 0.2
-0.09123969078063965 -15.02855110168457 10.085649490356445 0.2
0.019060134887695312 -14.845251083374023 10.060552597045898 0.2
0.22006011009216309 -14.867650985717773 10.08234977722168 0.2
0.19450020790100098 -14.992549896240234 10.23805046081543 0.2
-0.005669832229614258 -14.987251281738281 10.308050155639648 0.2
-0.22087979316711426 -14.967550277709961 10.301050186157227 0.2
-0.34845972061157227 -15.127349853515625 10.235551834106445 0.2
-0.26056981086730957 -15.304550170898438 10.147748947143555 0.2
-0.11377978324890137 -15.441450119018555 10.048952102661133 0.2
0.015430212020874023 -15.574451446533203 10.134252548217773 0.2
-0.054869890213012695 -15.608251571655273 10.330251693725586 0.2
-0.22841978073120117 -15.544750213623047 10.441450119018555 0.2
-0.3818697929382324 -15.396350860595703 10.427549362182617 0.2
-0.4831397533416748 -15.218351364135742 10.361150741577148 0.2
-0.5008597373962402 -15.010551452636719 10.313451766967773 0.2
-0.4218897819519043 -14.81195068359375 10.341150283813477 0.2
-0.3317098617553711 -14.73015022277832 10.509950637817383 0.2
-0.29184985160827637 -14.889850616455078 10.657651901245117 0.2
-0.2497696876525879 -15.112051010131836 10.641550064086914 0.2
-0.19858980178833008 -15.321550369262695 10.570451736450195 0.2
-0.03617978096008301 -15.43844985961914 10.458250045776367 0.2
0.18397021293640137 -15.39535140991211 10.431951522827148 0.2
0.2947201728820801 -15.246950149536133 10.553449630737305 0.2
0.19030022621154785 -15.073051452636719 10.655450820922852 0.2
0.018680334091186523 -14.925350189208984 10.677652359008789 0.2
-0.13685965538024902 -14.765350341796875 10.633451461791992 0.2
-0.1196596622467041 -14.60875129699707 10.469751358032227 0.2
0.08347034454345703 -14.522951126098633 10.42485237121582 0.2
0.2816603183746338 -14.532550811767578 10.528451919555664 0.2
