-19.715099334716797 6.9584503173828125 2.569650650024414 0.2
-19.717300415039062 7.048648834228516 2.7822513580322266 0.2
-19.921199798583984 7.087551116943359 2.8989505767822266 0.2
-20.159099578857422 7.052150726318359 2.9267501831054688 0.2
-20.293100357055664 6.907649993896484 3.0534515380859375 0.2
-20.185400009155273 6.767448425292969 3.205251693725586 0.2
-19.956998825073242 6.7337493896484375 3.274150848388672 0.2
-19.7460994720459 6.8027496337890625 3.205951690673828 0.2
-19.689599990844727 6.882549285888672 2.987051010131836 0.2
-19.632099151611328 6.840648651123047 2.7532501220703125 0.2
-19.474199295043945 6.744850158691406 2.609651565551758 0.2
-19.246999740600586 6.679248809814453 2.66925048828125 0.2
-19.066099166870117 6.731250762939453 2.8374500274658203 0.2
-19.097599029541016 6.944549560546875 2.953950881958008 0.2
-19.302799224853516 7.0939483642578125 2.9129505157470703 0.2
-19.55069923400879 7.144950866699219 2.910350799560547 0.2
-19.680999755859375 7.068149566650391 3.1017513275146484 0.2
-19.510799407958984 7.0032501220703125 3.273550033569336 0.2
-19.25309944152832 6.993549346923828 3.2827510833740234 0.2
-19.054800033569336 6.896049499511719 3.1436500549316406 0.2
-18.88749885559082 6.704448699951172 3.1595516204833984 0.2
-18.81060028076172 6.64794921875 3.3877506256103516 0.2
-18.918498992919922 6.794548034667969 3.558450698852539 0.2
-19.117000579833984 6.956050872802734 3.552450180053711 0.2
-19.365299224853516 6.977649688720703 3.4949512481689453 0.2
-19.502599716186523 6.7756500244140625 3.52655029296875 0.2
-19.37380027770996 6.5975494384765625 3.6453514099121094 0.2
-19.141399383544922 6.501251220703125 3.6429500579833984 0.2
-18.967300415039062 6.487548828125 3.455251693725586 0.2
-18.83300018310547 6.409748077392578 3.2496509552001953 0.2
-18.647899627685547 6.261249542236328 3.2833499908447266 0.2
-18.596399307250977 6.254550933837891 3.524351119995117 0.2
-18.694299697875977 6.372249603271484 3.731050491333008 0.2
-18.89739990234375 6.492748260498047 3.8343505859375 0.2
-19.138700485229492 6.573749542236328 3.867950439453125 0.2
-19.39579963684082 6.579750061035156 3.8642501831054688 0.2
-19.552400588989258 6.400150299072266 3.9064502716064453 0.2
-19.42569923400879 6.220050811767578 4.00935173034668 0.2
-19.17329978942871 6.2030487060546875 4.053050994873047 0.2
-18.949399948120117 6.242748260498047 3.938251495361328 0.2
-18.714099884033203 6.2384490966796875 3.861551284790039 0.2
-18.574899673461914 6.235649108886719 4.056051254272461 0.2
-18.681900024414062 6.241649627685547 4.288949966430664 0.2
-18.91160011291504 6.2364501953125 4.378351211547852 0.2
-19.146299362182617 6.241050720214844 4.268350601196289 0.2
-19.32200050354004 6.066749572753906 4.272350311279297 0.2
-19.248899459838867 5.873847961425781 4.408349990844727 0.2
-19.01930046081543 5.817150115966797 4.503950119018555 0.2
-18.792699813842773 5.913150787353516 4.4519500732421875 0.2
-18.68739891052246 6.049247741699219 4.265050888061523 0.2
-18.61359977722168 5.998249053955078 4.022951126098633 0.2
-18.507400512695312 5.810447692871094 3.902151107788086 0.2
-18.458999633789062 5.635349273681641 4.061250686645508 0.2
-18.601499557495117 5.663349151611328 4.267250061035156 0.2
-18.818599700927734 5.6795501708984375 4.40785026550293 0.2
-18.956899642944336 5.565948486328125 4.594850540161133 0.2
-18.90920066833496 5.447849273681641 4.806850433349609 0.2
-18.67289924621582 5.479648590087891 4.865650177001953 0.2
-18.513700485229492 5.653949737548828 4.7633514404296875 0.2
-18.443599700927734 5.779350280761719 4.553150177001953 0.2
-18.383298873901367 5.746250152587891 4.310550689697266 0.2
-18.286399841308594 5.531848907470703 4.250650405883789 0.2
-18.32149887084961 5.361549377441406 4.406351089477539 0.2
-18.40169906616211 5.315948486328125 4.63075065612793 0.2
-18.581998825073242 5.305549621582031 4.788850784301758 0.2
-18.677799224853516 5.179649353027344 4.962150573730469 0.2
-18.5935001373291 5.027549743652344 5.127851486206055 0.2
-18.38800048828125 4.949249267578125 5.212551116943359 0.2
-18.198598861694336 5.049949645996094 5.126350402832031 0.2
-18.180599212646484 5.220050811767578 4.953851699829102 0.2
-18.195098876953125 5.339649200439453 4.74635124206543 0.2
-18.167600631713867 5.3128509521484375 4.510551452636719 0.2
-18.100200653076172 5.106349945068359 4.431951522827148 0.2
-18.052099227905273 4.945350646972656 4.596549987792969 0.2
-18.06049919128418 4.902549743652344 4.835851669311523 0.2
-18.087900161743164 4.910449981689453 5.076450347900391 0.2
-17.938798904418945 4.891948699951172 5.261751174926758 0.2
-17.70170021057129 4.920448303222656 5.290750503540039 0.2
-17.576499938964844 4.941047668457031 5.099050521850586 0.2
-17.71660041809082 4.946250915527344 4.90315055847168 0.2
-17.854900360107422 4.868747711181641 4.718950271606445 0.2
-17.828899383544922 4.651950836181641 4.6318511962890625 0.2
-17.71150016784668 4.4602508544921875 4.727350234985352 0.2
-17.564899444580078 4.431247711181641 4.895351409912109 0.2
-17.471399307250977 4.576148986816406 5.043651580810547 0.2
-17.500099182128906 4.73175048828125 5.203451156616211 0.2
-17.669300079345703 4.740848541259766 5.353351593017578 0.2
-17.86590003967285 4.63134765625 5.406650543212891 0.2
-17.924699783325195 4.4230499267578125 5.367151260375977 0.2
-17.83530044555664 4.334247589111328 5.1831512451171875 0.2
-17.795799255371094 4.389949798583984 4.963451385498047 0.2
-17.916799545288086 4.4698486328125 4.782649993896484 0.2
-18.104900360107422 4.3782501220703125 4.722150802612305 0.2
-18.147600173950195 4.175750732421875 4.812049865722656 0.2
-18.099699020385742 4.055248260498047 4.987850189208984 0.2
-18.069599151611328 4.124549865722656 5.189149856567383 0.2
-18.076099395751953 4.311347961425781 5.301250457763672 0.2
-18.209400177001953 4.468349456787109 5.360151290893555 0.2
-18.391199111938477 4.411048889160156 5.446651458740234 0.2
-18.3971004486084 4.219150543212891 5.538051605224609 0.2
-18.25969886779785 4.065250396728516 5.606250762939453 0.2
-18.053699493408203 4.021450042724609 5.572851181030273 0.2
-17.94260025024414 4.032249450683594 5.387151718139648 0.2
-17.94260025024414 3.962249755859375 5.1831512451171875 0.2
-18.002899169921875 3.7766494750976562 5.090150833129883 0.2
-18.017900466918945 3.5647506713867188 5.129650115966797 0.2
-17.9158992767334 3.4683494567871094 5.284950256347656 0.2
-17.839599609375 3.6061477661132812 5.43494987487793 0.2
-17.90869903564453 3.793548583984375 5.521951675415039 0.2
-18.06279945373535 3.8474502563476562 5.665349960327148 0.2
-18.118900299072266 3.7129478454589844 5.821250915527344 0.2
-18.024200439453125 3.5454483032226562 5.924551010131836 0.2
-17.82849884033203 3.461650848388672 5.895551681518555 0.2
-17.717899322509766 3.4781494140625 5.709751129150391 0.2
-17.711599349975586 3.462047576904297 5.492549896240234 0.2
-17.771499633789062 3.304149627685547 5.353351593017578 0.2
-17.81760025024414 3.0902481079101562 5.346351623535156 0.2
-17.799299240112305 2.9531478881835938 5.508350372314453 0.2
-17.789499282836914 3.0172500610351562 5.707550048828125 0.2
-17.830400466918945 3.174549102783203 5.839151382446289 0.2
-17.959800720214844 3.3133506774902344 5.92234992980957 0.2
-18.167699813842773 3.3347511291503906 5.928750991821289 0.2
-18.33769989013672 3.216949462890625 5.911251068115234 0.2
-18.35809898376465 3.0150489807128906 5.924251556396484 0.2
-18.196699142456055 2.8886489868164062 5.895351409912109 0.2
-18.032800674438477 2.8718490600585938 5.765750885009766 0.2
-17.95349884033203 2.868549346923828 5.572151184082031 0.2
-18.00749969482422 2.7956504821777344 5.383550643920898 0.2
-18.10379981994629 2.6290512084960938 5.301351547241211 0.2
-18.169300079345703 2.4519500732421875 5.379150390625 0.2
-18.17799949645996 2.4325485229492188 5.586050033569336 0.2
-18.206600189208984 2.5722503662109375 5.740350723266602 0.2
-18.297399520874023 2.7371482849121094 5.834650039672852 0.2
-18.495800018310547 2.8014488220214844 5.864850997924805 0.2
-18.667400360107422 2.683948516845703 5.877851486206055 0.2
-18.719200134277344 2.4831504821777344 5.898351669311523 0.2
-18.58810043334961 2.3220481872558594 5.883350372314453 0.2
-18.417699813842773 2.2809486389160156 5.765350341796875 0.2
-18.301198959350586 2.2796478271484375 5.588050842285156 0.2
-18.314300537109375 2.2347488403320312 5.381250381469727 0.2
-18.410999298095703 2.0816497802734375 5.275350570678711 0.2
-18.49650001525879 1.8931503295898438 5.309850692749023 0.2
-18.524700164794922 1.8191490173339844 5.502651214599609 0.2
-18.55430030822754 1.9282493591308594 5.681751251220703 0.2
-18.614099502563477 2.0911483764648438 5.805850982666016 0.2
-18.778099060058594 2.215351104736328 5.863851547241211 0.2
-18.981300354003906 2.1641502380371094 5.864950180053711 0.2
-19.093599319458008 1.9838485717773438 5.871250152587891 0.2
-19.027099609375 1.7854499816894531 5.870550155639648 0.2
-18.855199813842773 1.7012481689453125 5.776651382446289 0.2
-18.70509910583496 1.6834487915039062 5.624250411987305 0.2
-18.638999938964844 1.6679496765136719 5.420450210571289 0.2
-18.719900131225586 1.5728492736816406 5.249851226806641 0.2
-18.836599349975586 1.3965492248535156 5.211250305175781 0.2
-18.911800384521484 1.2479476928710938 5.339550018310547 0.2
-18.94610023498535 1.2885475158691406 5.546350479125977 0.2
-18.99139976501465 1.435150146484375 5.698850631713867 0.2
-19.08300018310547 1.5938491821289062 5.81355094909668 0.2
-19.283300399780273 1.6670494079589844 5.833351135253906 0.2
-19.46470069885254 1.5517501831054688 5.819450378417969 0.2
-19.5216007232666 1.345550537109375 5.817750930786133 0.2
-19.389799118041992 1.1839485168457031 5.76875114440918 0.2
-19.224300384521484 1.1324501037597656 5.637350082397461 0.2
-19.082399368286133 1.108551025390625 5.474050521850586 0.2
-19.06290054321289 1.0831489562988281 5.260250091552734 0.2
-19.186199188232422 0.9648475646972656 5.128150939941406 0.2
-19.318300247192383 0.7928504943847656 5.13545036315918 0.2
-19.389699935913086 0.7070503234863281 5.318050384521484 0.2
-19.434799194335938 0.8038482666015625 5.5086517333984375 0.2
-19.48430061340332 0.9505500793457031 5.662851333618164 0.2
-19.599199295043945 1.1059494018554688 5.764150619506836 0.2
-19.812299728393555 1.1396484375 5.751850128173828 0.2
-19.981199264526367 1.0030479431152344 5.723350524902344 0.2
-19.989299774169922 0.7887496948242188 5.70625114440918 0.2
-19.83839988708496 0.6593475341796875 5.615650177001953 0.2
-19.676898956298828 0.6093482971191406 5.476751327514648 0.2
-19.542600631713867 0.5777511596679688 5.305950164794922 0.2
-19.563199996948242 0.550048828125 5.090950012207031 0.2
-19.713600158691406 0.4358482360839844 4.980051040649414 0.2
-19.85849952697754 0.2790489196777344 5.021650314331055 0.2
-19.935998916625977 0.2469482421875 5.22235107421875 0.2
-19.984800338745117 0.3640480041503906 5.402151107788086 0.2
-20.036300659179688 0.5064506530761719 5.561750411987305 0.2
-20.1614990234375 0.6653480529785156 5.649150848388672 0.2
-20.375200271606445 0.6900482177734375 5.612451553344727 0.2
-20.540800094604492 0.5498504638671875 5.57025146484375 0.2
-20.532400131225586 0.33544921875 5.531850814819336 0.2
-20.38089942932129 0.21974945068359375 5.420249938964844 0.2
-20.220399856567383 0.16085052490234375 5.279951095581055 0.2
-20.085399627685547 0.1246490478515625 5.106950759887695 0.2
-20.113800048828125 0.11185073852539062 4.889350891113281 0.2
-20.280399322509766 0.017547607421875 4.7745513916015625 0.2
-20.445098876953125 -0.12295150756835938 4.817350387573242 0.2
-20.53219985961914 -0.13154983520507812 5.020151138305664 0.2
-20.577899932861328 -0.02555084228515625 5.19365119934082 0.2
-20.621000289916992 0.09334945678710938 5.349950790405273 0.2
-20.702499389648438 0.24034881591796875 5.461750030517578 0.2
-20.87660026550293 0.3396492004394531 5.439950942993164 0.2
-21.05940055847168 0.285247802734375 5.37135124206543 0.2
-21.160900115966797 0.11914825439453125 5.319751739501953 0.2
-21.086700439453125 -0.052150726318359375 5.244050979614258 0.2
-20.945798873901367 -0.13685226440429688 5.127651214599609 0.2
-20.801700592041016 -0.20045089721679688 5.002250671386719 0.2
-20.67770004272461 -0.2353515625 4.845149993896484 0.2
-20.689699172973633 -0.22135162353515625 4.643650054931641 0.2
-20.840700149536133 -0.2619514465332031 4.512750625610352 0.2
-21.017200469970703 -0.3619499206542969 4.49635124206543 0.2
-21.136199951171875 -0.4086494445800781 4.653350830078125 0.2
-21.189699172973633 -0.33535003662109375 4.8287506103515625 0.2
-21.231599807739258 -0.23775100708007812 4.99005126953125 0.2
-21.28019905090332 -0.12405014038085938 5.138950347900391 0.2
-21.38279914855957 0.03134918212890625 5.198051452636719 0.2
-21.55389976501465 0.09605026245117188 5.129350662231445 0.2
-21.719600677490234 0.033050537109375 5.045949935913086 0.2
-21.77910041809082 -0.13665008544921875 4.969951629638672 0.2
-21.68039894104004 -0.2711524963378906 4.868949890136719 0.2
-21.54509925842285 -0.3522491455078125 4.755451202392578 0.2
-21.408199310302734 -0.4230499267578125 4.637250900268555 0.2
-21.289199829101562 -0.45294952392578125 4.485450744628906 0.2
-21.302799224853516 -0.4100494384765625 4.295051574707031 0.2
-21.45039939880371 -0.40875244140625 4.165651321411133 0.2
-21.63360023498535 -0.4708518981933594 4.134050369262695 0.2
-21.76959991455078 -0.5109519958496094 4.26915168762207 0.2
-21.831298828125 -0.4496498107910156 4.443851470947266 0.2
-21.878000259399414 -0.36425018310546875 4.612550735473633 0.2
-21.925899505615234 -0.2635498046875 4.773950576782227 0.2
-22.00469970703125 -0.10425186157226562 4.859251022338867 0.2
-22.15519905090332 0.006549835205078125 4.792751312255859 0.2
-22.32469940185547 -0.007549285888671875 4.690851211547852 0.2
-22.40690040588379 -0.15394973754882812 4.586851119995117 0.2
-22.319398880004883 -0.2909507751464844 4.474651336669922 0.2
-22.188798904418945 -0.3821525573730469 4.361551284790039 0.2
-22.054399490356445 -0.4627494812011719 4.244951248168945 0.2
-21.925199508666992 -0.4989509582519531 4.099651336669922 0.2
-21.9148006439209 -0.42855072021484375 3.9153499603271484 0.2
-22.05780029296875 -0.382049560546875 3.7856502532958984 0.2
-22.250200271606445 -0.4017524719238281 3.7396507263183594 0.2
-22.402799606323242 -0.4261512756347656 3.8631515502929688 0.2
-22.472400665283203 -0.371551513671875 4.040250778198242 0.2
-22.52549934387207 -0.29775238037109375 4.21405029296875 0.2
-22.57659912109375 -0.20804977416992188 4.381450653076172 0.2
-22.640600204467773 -0.0444488525390625 4.473550796508789 0.2
-22.768199920654297 0.09424972534179688 4.409749984741211 0.2
-22.93389892578125 0.11845016479492188 4.300651550292969 0.2
-23.027799606323242 -0.0052490234375 4.175750732421875 0.2
-22.94339942932129 -0.13795089721679688 4.054349899291992 0.2
-22.815898895263672 -0.23514938354492188 3.939849853515625 0.2
-22.684799194335938 -0.3253517150878906 3.8235511779785156 0.2
-22.55229949951172 -0.3674507141113281 3.6813507080078125 0.2
-22.53219985961914 -0.2758522033691406 3.505451202392578 0.2
-22.664100646972656 -0.19445037841796875 3.378049850463867 0.2
-22.830400466918945 -0.14475250244140625 3.2779502868652344 0.2
-23.01849937438965 -0.15705108642578125 3.280050277709961 0.2
-23.136798858642578 -0.14905166625976562 3.4195499420166016 0.2
-23.197599411010742 -0.09635162353515625 3.582151412963867 0.2
-23.249799728393555 -0.0350494384765625 3.743650436401367 0.2
-23.297800064086914 0.0408477783203125 3.9006500244140625 0.2
-23.340900421142578 0.1860504150390625 4.003850936889648 0.2
-23.42639923095703 0.3446502685546875 3.966550827026367 0.2
-23.560100555419922 0.4226493835449219 3.8687515258789062 0.2
-23.695798873901367 0.39134979248046875 3.747251510620117 0.2
-23.69409942626953 0.2590484619140625 3.6194515228271484 0.2
-23.59429931640625 0.15454864501953125 3.508150100708008 0.2
-23.48270034790039 0.06204986572265625 3.399850845336914 0.2
-23.36709976196289 -0.0218505859375 3.288850784301758 0.2
-23.24449920654297 -0.04524993896484375 3.1534500122070312 0.2
-23.222200393676758 0.060150146484375 3.0027503967285156 0.2
-23.330699920654297 0.158050537109375 2.8906517028808594 0.2
-23.454299926757812 0.23444747924804688 2.798351287841797 0.2
-23.610198974609375 0.27484893798828125 2.739551544189453 0.2
-23.768999099731445 0.2713508605957031 2.8044509887695312 0.2
-23.84980010986328 0.29724884033203125 2.9500503540039062 0.2
-23.90049934387207 0.3405494689941406 3.103250503540039 0.2
-23.946199417114258 0.3887481689453125 3.2561511993408203 0.2
-23.98550033569336 0.45404815673828125 3.4048500061035156 0.2
-24.010099411010742 0.5887489318847656 3.5051498413085938 0.2
-24.064699172973633 0.7479476928710938 3.4779510498046875 0.2
-24.1653995513916 0.8475494384765625 3.386951446533203 0.2
-24.285200119018555 0.8752479553222656 3.269651412963867 0.2
-24.338199615478516 0.78485107421875 3.1348514556884766 0.2
-24.27790069580078 0.6793479919433594 3.017751693725586 0.2
-24.1875 0.5887489318847656 2.910951614379883 0.2
-24.091800689697266 0.5036506652832031 2.8041515350341797 0.2
-23.98710060119629 0.4344482421875 2.6919498443603516 0.2
-23.877099990844727 0.4562492370605469 2.5629501342773438 0.2
-23.879098892211914 0.586151123046875 2.4384498596191406 0.2
-23.985198974609375 0.7148475646972656 2.3262500762939453 0.2
-24.15019989013672 0.8006477355957031 2.2504501342773438 0.2
-24.329599380493164 0.8189506530761719 2.3352508544921875 0.2
-24.41119956970215 0.8503494262695312 2.5125503540039062 0.2
-24.468900680541992 0.8905487060546875 2.6961517333984375 0.2
-24.517099380493164 0.9446487426757812 2.880350112915039 0.2
-24.5314998626709 1.088348388671875 3.015850067138672 0.2
-24.57270050048828 1.2793502807617188 2.9785499572753906 0.2
-24.672300338745117 1.4011497497558594 2.8570499420166016 0.2
-24.775400161743164 1.3884506225585938 2.6883506774902344 0.2
-24.746299743652344 1.2749481201171875 2.528951644897461 0.2
-24.651399612426758 1.1682510375976562 2.394651412963867 0.2
-24.546600341796875 1.0685501098632812 2.2622509002685547 0.2
-24.413999557495117 1.0139503479003906 2.1247501373291016 0.2
-24.308198928833008 1.120147705078125 1.9943504333496094 0.2
-24.34630012512207 1.2814483642578125 1.8842506408691406 0.2
-24.451000213623047 1.4204483032226562 1.7882499694824219 0.2
-24.639699935913086 1.4800491333007812 1.8003501892089844 0.2
-24.75589942932129 1.492950439453125 1.9601516723632812 0.2
-24.82029914855957 1.5079498291015625 2.143951416015625 0.2
-24.87529945373535 1.5280494689941406 2.3300514221191406 0.2
-24.896099090576172 1.6035499572753906 2.5104503631591797 0.2
-24.881500244140625 1.7909507751464844 2.5658512115478516 0.2
-24.92770004272461 1.9598503112792969 2.476449966430664 0.2
-25.02050018310547 2.0462493896484375 2.3265514373779297 0.2
-25.061199188232422 1.9824485778808594 2.146350860595703 0.2
-24.991600036621094 1.8759498596191406 1.9973506927490234 0.2
-24.89739990234375 1.7742500305175781 1.8610515594482422 0.2
-24.787899017333984 1.6860504150390625 1.725851058959961 0.2
-24.637300491333008 1.7007484436035156 1.6010513305664062 0.2
-24.576499938964844 1.8573493957519531 1.4987506866455078 0.2
-24.634599685668945 2.0204505920410156 1.4046516418457031 0.2
-24.798900604248047 2.1236495971679688 1.3733501434326172 0.2
-24.946399688720703 2.1405487060546875 1.5009498596191406 0.2
-25.0221004486084 2.1424484252929688 1.680450439453125 0.2
-25.085100173950195 2.1457481384277344 1.8635501861572266 0.2
-25.12019920349121 2.1825485229492188 2.0510501861572266 0.2
-25.0851993560791 2.3369483947753906 2.163249969482422 0.2
-25.083599090576172 2.523448944091797 2.107851028442383 0.2
-25.143199920654297 2.649547576904297 1.9727516174316406 0.2
-25.20479965209961 2.636249542236328 1.7894515991210938 0.2
-25.161800384521484 2.5376510620117188 1.6283512115478516 0.2
-25.076398849487305 2.4360504150390625 1.4883499145507812 0.2
-24.973100662231445 2.341949462890625 1.3497505187988281 0.2
-24.812700271606445 2.333850860595703 1.2259502410888672 0.2
-24.71929931640625 2.487049102783203 1.1310501098632812 0.2
-24.760099411010742 2.666748046875 1.04425048828125 0.2
-24.92759895324707 2.7790489196777344 1.0338516235351562 0.2
-25.071699142456055 2.794147491455078 1.1758499145507812 0.2
-25.151500701904297 2.788349151611328 1.3600502014160156 0.2
-25.215499877929688 2.7876510620117188 1.5503501892089844 0.2
-25.212400436401367 2.854747772216797 1.7402515411376953 0.2
-25.150999069213867 3.037548065185547 1.7927513122558594 0.2
-25.153499603271484 3.2150497436523438 1.6974506378173828 0.2
-25.215299606323242 3.294750213623047 1.5241508483886719 0.2
-25.22319984436035 3.2235488891601562 1.3364505767822266 0.2
-25.155899047851562 3.1151504516601562 1.1814498901367188 0.2
-25.06559944152832 3.0085487365722656 1.033151626586914 0.2
-24.903799057006836 2.9660491943359375 0.9059505462646484 0.2
-24.769498825073242 3.1022491455078125 0.8216514587402344 0.2
-24.77829933166504 3.2999496459960938 0.7491512298583984 0.2
-24.932498931884766 3.4397506713867188 0.7525501251220703 0.2
-25.080598831176758 3.4615478515625 0.9001502990722656 0.2
-25.168498992919922 3.448047637939453 1.0887508392333984 0.2
-25.227800369262695 3.445148468017578 1.2888507843017578 0.2
-25.17449951171875 3.529949188232422 1.4707508087158203 0.2
-25.08810043334961 3.7176475524902344 1.482351303100586 0.2
-25.0802001953125 3.8881492614746094 1.3634510040283203 0.2
-25.12779998779297 3.9220504760742188 1.1638507843017578 0.2
-25.106599807739258 3.8272476196289062 0.9796504974365234 0.2
-25.04559898376465 3.7119483947753906 0.8183498382568359 0.2
-24.91029930114746 3.6194496154785156 0.6736507415771484 0.2
-24.723400115966797 3.6928482055664062 0.5971508026123047 0.2
-24.665199279785156 3.89794921875 0.5486507415771484 0.2
-24.76889991760254 4.086750030517578 0.5558509826660156 0.2
-24.92799949645996 4.135948181152344 0.6958503723144531 0.2
-25.028900146484375 4.116649627685547 0.8883514404296875 0.2
-25.082300186157227 4.1033477783203125 1.0995502471923828 0.2
-24.989999771118164 4.173648834228516 1.2799510955810547 0.2
-24.874099731445312 4.356250762939453 1.2829513549804688 0.2
-24.847999572753906 4.528247833251953 1.1546516418457031 0.2
-24.887399673461914 4.544651031494141 0.9423503875732422 0.2
-24.87419891357422 4.440448760986328 0.7522506713867188 0.2
-24.81369972229004 4.320549011230469 0.5818500518798828 0.2
-24.637399673461914 4.26715087890625 0.47335052490234375 0.2
-24.47760009765625 4.403648376464844 0.43704986572265625 0.2
-24.451000213623047 4.617347717285156 0.435150146484375 0.2
-24.582500457763672 4.766349792480469 0.5149517059326172 0.2
-24.714500427246094 4.777149200439453 0.6852512359619141 0.2
-24.80340003967285 4.747249603271484 0.8796501159667969 0.2
-24.778400421142578 4.735748291015625 1.0913505554199219 0.2
-24.62929916381836 4.842048645019531 1.194650650024414 0.2
-24.524599075317383 5.023250579833984 1.1475505828857422 0.2
-24.528099060058594 5.152748107910156 0.9793510437011719 0.2
-24.559598922729492 5.118648529052734 0.7696514129638672 0.2
-24.551799774169922 5.00885009765625 0.5855503082275391 0.2
-24.446800231933594 4.898448944091797 0.4376506805419922 0.2
-24.246000289916992 4.9223480224609375 0.38645172119140625 0.2
-24.127300262451172 5.098548889160156 0.3955516815185547 0.2
-24.15399932861328 5.299449920654297 0.449951171875 0.2
-24.29559898376465 5.387248992919922 0.5834503173828125 0.2
-24.412500381469727 5.364448547363281 0.7602500915527344 0.2
-24.454099655151367 5.32135009765625 0.9634513854980469 0.2
-24.333499908447266 5.337348937988281 1.132650375366211 0.2
-24.179698944091797 5.478450775146484 1.1578502655029297 0.2
-24.10449981689453 5.646049499511719 1.0578498840332031 0.2
-24.13119888305664 5.709148406982422 0.8560504913330078 0.2
-24.161399841308594 5.63385009765625 0.6600513458251953 0.2
-24.12150001525879 5.517948150634766 0.4887504577636719 0.2
-23.941299438476562 5.4555511474609375 0.40625 0.2
-23.769800186157227 5.571449279785156 0.421051025390625 0.2
-23.714099884033203 5.764350891113281 0.48075103759765625 0.2
-23.810998916625977 5.916049957275391 0.5897502899169922 0.2
-23.946300506591797 5.932750701904297 0.7502498626708984 0.2
-24.037799835205078 5.884651184082031 0.9337501525878906 0.2
-23.98579978942871 5.83184814453125 1.1286506652832031 0.2
-23.820199966430664 5.910148620605469 1.2171516418457031 0.2
-23.70639991760254 6.077247619628906 1.1638507843017578 0.2
-23.688199996948242 6.213348388671875 1.0073509216308594 0.2
-23.72559928894043 6.213550567626953 0.8008499145507812 0.2
-23.73110008239746 6.114448547363281 0.6160507202148438 0.2
-23.613800048828125 5.998249053955078 0.4889507293701172 0.2
-23.41230010986328 6.017047882080078 0.46975135803222656 0.2
-23.286100387573242 6.176750183105469 0.5150508880615234 0.2
-23.294599533081055 6.367950439453125 0.5927505493164062 0.2
-23.43709945678711 6.463748931884766 0.7101516723632812 0.2
-23.58679962158203 6.438148498535156 0.8536510467529297 0.2
-23.622299194335938 6.376049041748047 1.0475502014160156 0.2
-23.484600067138672 6.379749298095703 1.1968517303466797 0.2
-23.312999725341797 6.493648529052734 1.2112503051757812 0.2
-23.201000213623047 6.628047943115234 1.099050521850586 0.2
-23.19569969177246 6.674747467041016 0.8992500305175781 0.2
-23.22599983215332 6.59954833984375 0.7082500457763672 0.2
-23.12579917907715 6.461948394775391 0.5935516357421875 0.2
-22.922100067138672 6.425548553466797 0.6267509460449219 0.2
-22.7716007232666 6.536949157714844 0.7389507293701172 0.2
-22.76219940185547 6.7001495361328125 0.8801498413085938 0.2
-22.903099060058594 6.783050537109375 1.0231513977050781 0.2
-23.0679988861084 6.7608489990234375 1.1635513305664062 0.2
-23.100399017333984 6.621250152587891 1.3217506408691406 0.2
-22.931900024414062 6.55474853515625 1.4298515319824219 0.2
-22.736299514770508 6.6452484130859375 1.4309501647949219 0.2
-22.609399795532227 6.748748779296875 1.2900505065917969 0.2
-22.61009979248047 6.744647979736328 1.073751449584961 0.2
-22.565399169921875 6.6253509521484375 0.8993511199951172 0.2
-22.36750030517578 6.564750671386719 0.8732509613037109 0.2
-22.215499877929688 6.679050445556641 0.9694499969482422 0.2
-22.20199966430664 6.853450775146484 1.09735107421875 0.2
-22.322599411010742 6.945247650146484 1.2499504089355469 0.2
-22.472999572753906 6.868450164794922 1.3848514556884766 0.2
-22.502899169921875 6.711948394775391 1.5297508239746094 0.2
-22.357999801635742 6.6264495849609375 1.6630516052246094 0.2
-22.170499801635742 6.662849426269531 1.764251708984375 0.2
-22.043899536132812 6.827949523925781 1.7692508697509766 0.2
-22.08839988708496 6.990947723388672 1.63385009765625 0.2
-22.167400360107422 7.037750244140625 1.4377498626708984 0.2
-22.101499557495117 6.9969482421875 1.2407512664794922 0.2
-21.915599822998047 6.906749725341797 1.188150405883789 0.2
-21.707698822021484 6.89324951171875 1.2416515350341797 0.2
-21.600200653076172 7.043449401855469 1.3454513549804688 0.2
-21.69969940185547 7.189449310302734 1.4613513946533203 0.2
-21.895198822021484 7.225948333740234 1.5468502044677734 0.2
-22.030500411987305 7.160549163818359 1.694650650024414 0.2
-21.962799072265625 7.038547515869141 1.8544502258300781 0.2
-21.7637996673584 7.004150390625 1.9299507141113281 0.2
-21.558300018310547 7.060249328613281 1.9047508239746094 0.2
-21.467199325561523 7.111049652099609 1.7233505249023438 0.2
-21.498199462890625 7.011848449707031 1.5352516174316406 0.2
-21.49449920654297 6.843151092529297 1.3952503204345703 0.2
-21.325300216674805 6.777950286865234 1.295949935913086 0.2
-21.17490005493164 6.936347961425781 1.2722511291503906 0.2
-21.1658992767334 7.165248870849609 1.2711505889892578 0.2
-21.308700561523438 7.336151123046875 1.3165512084960938 0.2
-21.468900680541992 7.320751190185547 1.4774513244628906 0.2
-21.477699279785156 7.317249298095703 1.6994514465332031 0.2
-21.334299087524414 7.457550048828125 1.791351318359375 0.2
-21.218599319458008 7.627048492431641 1.6892509460449219 0.2
-21.14069938659668 7.710948944091797 1.4920501708984375 0.2
-21.131500244140625 7.610950469970703 1.2911510467529297 0.2
-21.10409927368164 7.410850524902344 1.1891498565673828 0.2
-20.96660041809082 7.245948791503906 1.252450942993164 0.2
-20.796100616455078 7.209648132324219 1.4090499877929688 0.2
-20.65999984741211 7.3287506103515625 1.564849853515625 0.2
-20.676000595092773 7.564849853515625 1.5655498504638672 0.2
-20.821399688720703 7.753948211669922 1.5252513885498047 0.2
-21.011798858642578 7.802650451660156 1.6473503112792969 0.2
-21.0364990234375 7.652950286865234 1.8288516998291016 0.2
-20.9114990234375 7.476348876953125 1.9364509582519531 0.2
-20.775699615478516 7.305747985839844 1.8492507934570312 0.2
-20.792200088500977 7.169349670410156 1.6467514038085938 0.2
-20.82270050048828 6.965049743652344 1.528350830078125 0.2
-20.70789909362793 6.795749664306641 1.632650375366211 0.2
-20.54400062561035 6.858348846435547 1.7911510467529297 0.2
-20.47679901123047 7.050647735595703 1.9161510467529297 0.2
-20.594099044799805 7.246448516845703 1.9892501831054688 0.2
-20.77739906311035 7.321147918701172 2.1210498809814453 0.2
-20.909700393676758 7.253849029541016 2.3086509704589844 0.2
-20.855100631713867 7.140251159667969 2.505250930786133 0.2
-20.6387996673584 7.065948486328125 2.508451461791992 0.2
-20.512399673461914 7.0404510498046875 2.3087501525878906 0.2
-20.449600219726562 6.96044921875 2.0876502990722656 0.2
-20.324199676513672 6.7850494384765625 1.9921512603759766 0.2
-20.152099609375 6.717449188232422 2.125551223754883 0.2
-20.090900421142578 6.881549835205078 2.303050994873047 0.2
-20.1835994720459 7.0816497802734375 2.438650131225586 0.2
-20.397899627685547 7.208549499511719 2.502349853515625 0.2
-20.58769989013672 7.194149017333984 2.6665515899658203 0.2
-20.6697998046875 7.052150726318359 2.8603515625 0.2
-20.52549934387207 6.881950378417969 2.9574508666992188 0.2
-20.32270050048828 6.8710479736328125 2.8157501220703125 0.2
-20.1830997467041 6.918949127197266 2.6000499725341797 0.2
-19.94339942932129 6.9064483642578125 2.4984512329101562 0.2
-19.715099334716797 6.9584503173828125 2.569650650024414 0.2
