-18.60099983215332 8.296649932861328 2.0215511322021484 0.2
-18.555999755859375 8.28554916381836 2.22705078125 0.2
-18.717300415039062 8.302047729492188 2.357950210571289 0.2
-18.928998947143555 8.253349304199219 2.3263511657714844 0.2
-19.076499938964844 8.118049621582031 2.3835506439208984 0.2
-19.097599029541016 8.051948547363281 2.5876502990722656 0.2
-19.132400512695312 8.112850189208984 2.794351577758789 0.2
-19.190000534057617 8.30624771118164 2.853151321411133 0.2
-19.131000518798828 8.462749481201172 2.724651336669922 0.2
-19.00320053100586 8.487751007080078 2.551351547241211 0.2
-18.811199188232422 8.464950561523438 2.4615516662597656 0.2
-18.623699188232422 8.435649871826172 2.558450698852539 0.2
-18.538400650024414 8.433650970458984 2.757650375366211 0.2
-18.611299514770508 8.45895004272461 2.9725513458251953 0.2
-18.82349967956543 8.470149993896484 3.0476512908935547 0.2
-19.02280044555664 8.370849609375 3.014751434326172 0.2
-19.022199630737305 8.151050567626953 2.9742507934570312 0.2
-18.846599578857422 8.035049438476562 3.055950164794922 0.2
-18.67919921875 8.056148529052734 3.218250274658203 0.2
-18.542999267578125 8.23324966430664 3.2626514434814453 0.2
-18.449100494384766 8.372947692871094 3.1095504760742188 0.2
-18.38129997253418 8.349349975585938 2.8947505950927734 0.2
-18.291500091552734 8.15694808959961 2.835451126098633 0.2
-18.165199279785156 8.050647735595703 2.9885501861572266 0.2
-18.076099395751953 8.084850311279297 3.1973514556884766 0.2
-18.177200317382812 8.153850555419922 3.385051727294922 0.2
-18.3981990814209 8.16604995727539 3.449350357055664 0.2
-18.577600479125977 8.033748626708984 3.420551300048828 0.2
-18.533599853515625 7.816650390625 3.416950225830078 0.2
-18.39900016784668 7.699848175048828 3.567750930786133 0.2
-18.34549903869629 7.703647613525391 3.7898502349853516 0.2
-18.33679962158203 7.903148651123047 3.886251449584961 0.2
-18.257299423217773 8.074249267578125 3.7626514434814453 0.2
-18.13129997253418 8.113849639892578 3.575550079345703 0.2
-17.95009994506836 8.009048461914062 3.495250701904297 0.2
-17.798099517822266 7.9136505126953125 3.6348514556884766 0.2
-17.718399047851562 7.939048767089844 3.84735107421875 0.2
-17.84440040588379 7.979648590087891 4.031949996948242 0.2
-18.0679988861084 7.950248718261719 4.0534515380859375 0.2
-18.20439910888672 7.784248352050781 3.9890499114990234 0.2
-18.12619972229004 7.571449279785156 3.975851058959961 0.2
-17.973499298095703 7.4313507080078125 4.080251693725586 0.2
-17.83049964904785 7.448150634765625 4.249250411987305 0.2
-17.757598876953125 7.65264892578125 4.309350967407227 0.2
-17.71150016784668 7.861949920654297 4.230251312255859 0.2
-17.609600067138672 7.91204833984375 4.039350509643555 0.2
-17.498300552368164 7.741950988769531 3.952951431274414 0.2
-17.381898880004883 7.603748321533203 4.074451446533203 0.2
-17.388399124145508 7.482349395751953 4.247150421142578 0.2
-17.57390022277832 7.387348175048828 4.289649963378906 0.2
-17.71419906616211 7.246448516845703 4.209951400756836 0.2
-17.6564998626709 7.037651062011719 4.194751739501953 0.2
-17.55590057373047 6.879150390625 4.300651550292969 0.2
-17.56239891052246 6.850250244140625 4.506950378417969 0.2
-17.58370018005371 7.023349761962891 4.6318511962890625 0.2
-17.508899688720703 7.2167510986328125 4.58275032043457 0.2
-17.375200271606445 7.330650329589844 4.457851409912109 0.2
-17.19569969177246 7.289150238037109 4.3547515869140625 0.2
-17.0856990814209 7.1058502197265625 4.345550537109375 0.2
-17.004199981689453 6.930149078369141 4.443349838256836 0.2
-17.011798858642578 6.850349426269531 4.637550354003906 0.2
-17.159299850463867 6.890750885009766 4.787450790405273 0.2
-17.36079978942871 6.940250396728516 4.844951629638672 0.2
-17.547500610351562 6.869647979736328 4.779350280761719 0.2
-17.561599731445312 6.700649261474609 4.649450302124023 0.2
-17.44420051574707 6.517547607421875 4.62285041809082 0.2
-17.247600555419922 6.445648193359375 4.647651672363281 0.2
-17.074899673461914 6.578647613525391 4.640750885009766 0.2
-16.886798858642578 6.645851135253906 4.571950912475586 0.2
-16.712200164794922 6.518749237060547 4.582450866699219 0.2
-16.605499267578125 6.372447967529297 4.704450607299805 0.2
-16.666500091552734 6.314849853515625 4.898651123046875 0.2
-16.87339973449707 6.3233489990234375 4.945451736450195 0.2
-17.064199447631836 6.335750579833984 4.841650009155273 0.2
-17.16819953918457 6.230949401855469 4.689550399780273 0.2
-17.100000381469727 6.035549163818359 4.630350112915039 0.2
-17.024099349975586 5.857749938964844 4.728151321411133 0.2
-16.932100296020508 5.787147521972656 4.907251358032227 0.2
-16.77239990234375 5.8905487060546875 5.004150390625 0.2
-16.64099884033203 6.055248260498047 4.950050354003906 0.2
-16.559799194335938 6.154148101806641 4.777551651000977 0.2
-16.545000076293945 6.066150665283203 4.583551406860352 0.2
-16.51569938659668 5.866447448730469 4.498250961303711 0.2
-16.43709945678711 5.675449371337891 4.55525016784668 0.2
-16.43160057067871 5.627147674560547 4.762250900268555 0.2
-16.55419921875 5.692447662353516 4.929250717163086 0.2
-16.758899688720703 5.657447814941406 4.96295166015625 0.2
-16.845600128173828 5.487449645996094 4.865449905395508 0.2
-16.77589988708496 5.292247772216797 4.794750213623047 0.2
-16.593299865722656 5.185550689697266 4.753450393676758 0.2
-16.42169952392578 5.284748077392578 4.67234992980957 0.2
-16.388500213623047 5.452648162841797 4.538949966430664 0.2
-16.479299545288086 5.490550994873047 4.351350784301758 0.2
-16.569700241088867 5.3316497802734375 4.236949920654297 0.2
-16.55699920654297 5.117847442626953 4.194751739501953 0.2
-16.430099487304688 4.961948394775391 4.263450622558594 0.2
-16.37489891052246 4.946647644042969 4.471549987792969 0.2
-16.46179962158203 4.99224853515625 4.664951324462891 0.2
-16.66550064086914 4.981048583984375 4.7214508056640625 0.2
-16.795499801635742 4.837650299072266 4.618249893188477 0.2
-16.814899444580078 4.628349304199219 4.561349868774414 0.2
-16.667098999023438 4.475250244140625 4.581951141357422 0.2
-16.465599060058594 4.532447814941406 4.548551559448242 0.2
-16.393098831176758 4.690151214599609 4.418750762939453 0.2
-16.427900314331055 4.771247863769531 4.2214508056640625 0.2
-16.503299713134766 4.661750793457031 4.0534515380859375 0.2
-16.519498825073242 4.457347869873047 3.979450225830078 0.2
-16.419599533081055 4.273048400878906 4.020851135253906 0.2
-16.348299026489258 4.236351013183594 4.218450546264648 0.2
-16.421600341796875 4.308250427246094 4.409450531005859 0.2
-16.618099212646484 4.310649871826172 4.495950698852539 0.2
-16.77899932861328 4.171749114990234 4.445150375366211 0.2
-16.810400009155273 3.9629478454589844 4.394651412963867 0.2
-16.65799903869629 3.8163490295410156 4.369951248168945 0.2
-16.466999053955078 3.8895492553710938 4.306951522827148 0.2
-16.40399932861328 4.0386505126953125 4.163949966430664 0.2
-16.422800064086914 4.021450042724609 3.9495506286621094 0.2
-16.439899444580078 3.832550048828125 3.8427505493164062 0.2
-16.411300659179688 3.6183509826660156 3.870349884033203 0.2
-16.403499603271484 3.5220489501953125 4.061750411987305 0.2
-16.503999710083008 3.581249237060547 4.245450973510742 0.2
-16.698200225830078 3.6435508728027344 4.3211517333984375 0.2
-16.886600494384766 3.5608482360839844 4.259651184082031 0.2
-16.949199676513672 3.3633499145507812 4.188350677490234 0.2
-16.860700607299805 3.1675491333007812 4.177450180053711 0.2
-16.644800186157227 3.1554489135742188 4.178350448608398 0.2
-16.489099502563477 3.2869491577148438 4.098051071166992 0.2
-16.42289924621582 3.3604507446289062 3.9029502868652344 0.2
-16.424400329589844 3.242748260498047 3.722850799560547 0.2
-16.4242000579834 3.028148651123047 3.673551559448242 0.2
-16.414899826049805 2.8527488708496094 3.7964515686035156 0.2
-16.482099533081055 2.8532485961914062 3.991750717163086 0.2
-16.62969970703125 2.9388504028320312 4.11305046081543 0.2
-16.83769989013672 2.948047637939453 4.133951187133789 0.2
-16.978300094604492 2.8016510009765625 4.097150802612305 0.2
-16.996299743652344 2.59375 4.084550857543945 0.2
-16.852100372314453 2.4493484497070312 4.090450286865234 0.2
-16.650999069213867 2.4837493896484375 4.051351547241211 0.2
-16.513999938964844 2.6052474975585938 3.9473514556884766 0.2
-16.45439910888672 2.665149688720703 3.7551498413085938 0.2
-16.46649932861328 2.5579490661621094 3.5792503356933594 0.2
-16.487699508666992 2.3569488525390625 3.5216503143310547 0.2
-16.497400283813477 2.1775474548339844 3.6217498779296875 0.2
-16.554899215698242 2.1525497436523438 3.8211517333984375 0.2
-16.6830997467041 2.2244491577148438 3.9732513427734375 0.2
-16.877500534057617 2.2719497680664062 4.041450500488281 0.2
-17.06519889831543 2.1844482421875 4.016050338745117 0.2
-17.14389991760254 1.9910507202148438 3.9821510314941406 0.2
-17.057600021362305 1.8042488098144531 3.9656505584716797 0.2
-16.852800369262695 1.7825508117675781 3.925750732421875 0.2
-16.688499450683594 1.8811492919921875 3.833250045776367 0.2
-16.583200454711914 1.9785499572753906 3.677051544189453 0.2
-16.58880043029785 1.9560508728027344 3.4677505493164062 0.2
-16.637300491333008 1.7857475280761719 3.3510513305664062 0.2
-16.671600341796875 1.5805511474609375 3.376750946044922 0.2
-16.71419906616211 1.4886474609375 3.561450958251953 0.2
-16.82069969177246 1.5293502807617188 3.7419509887695312 0.2
-16.97480010986328 1.5969505310058594 3.8735504150390625 0.2
-17.187000274658203 1.6007499694824219 3.8872509002685547 0.2
-17.333099365234375 1.4558486938476562 3.8312511444091797 0.2
-17.344999313354492 1.2507476806640625 3.779451370239258 0.2
-17.17140007019043 1.1393508911132812 3.734651565551758 0.2
-16.98150062561035 1.1931495666503906 3.6502513885498047 0.2
-16.828100204467773 1.2925491333007812 3.536651611328125 0.2
-16.771699905395508 1.365447998046875 3.3435516357421875 0.2
-16.8346004486084 1.2834510803222656 3.1582508087158203 0.2
-16.90760040283203 1.0946502685546875 3.0864505767822266 0.2
-16.953699111938477 0.9201507568359375 3.1965503692626953 0.2
-17.036100387573242 0.8967475891113281 3.3941516876220703 0.2
-17.153200149536133 0.9453506469726562 3.569150924682617 0.2
-17.330598831176758 1.0035476684570312 3.676950454711914 0.2
-17.537399291992188 0.9632492065429688 3.6420516967773438 0.2
-17.650400161743164 0.797149658203125 3.5616512298583984 0.2
-17.5851993560791 0.6091499328613281 3.4886512756347656 0.2
-17.388399124145508 0.5783500671386719 3.4054508209228516 0.2
-17.21179962158203 0.6552505493164062 3.306051254272461 0.2
-17.07110023498535 0.7511482238769531 3.171649932861328 0.2
-17.075698852539062 0.80364990234375 2.9627513885498047 0.2
-17.17650032043457 0.6947479248046875 2.8056507110595703 0.2
-17.260099411010742 0.4984474182128906 2.7810516357421875 0.2
-17.325899124145508 0.36985015869140625 2.941751480102539 0.2
-17.42460060119629 0.3759498596191406 3.1360511779785156 0.2
-17.54520034790039 0.4133491516113281 3.3139514923095703 0.2
-17.742799758911133 0.4628486633300781 3.391450881958008 0.2
-17.93630027770996 0.39514923095703125 3.3222503662109375 0.2
-18.018299102783203 0.22124862670898438 3.2189502716064453 0.2
-17.8966007232666 0.07564926147460938 3.1163501739501953 0.2
-17.706100463867188 0.1033477783203125 3.011251449584961 0.2
-17.531999588012695 0.182647705078125 2.9041500091552734 0.2
-17.412500381469727 0.28714752197265625 2.751649856567383 0.2
-17.4685001373291 0.3292503356933594 2.5461502075195312 0.2
-17.593000411987305 0.21104812622070312 2.407550811767578 0.2
-17.68630027770996 0.0144500732421875 2.419950485229492 0.2
-17.76889991760254 -0.07665252685546875 2.602750778198242 0.2
-17.864599227905273 -0.07535171508789062 2.793651580810547 0.2
-17.978099822998047 -0.05374908447265625 2.969951629638672 0.2
-18.16659927368164 -0.003849029541015625 3.046649932861328 0.2
-18.3572998046875 -0.050350189208984375 2.971151351928711 0.2
-18.45599937438965 -0.19414901733398438 2.8523502349853516 0.2
-18.360300064086914 -0.33155059814453125 2.7280502319335938 0.2
-18.18079948425293 -0.31455230712890625 2.6169509887695312 0.2
-18.010700225830078 -0.24795150756835938 2.5125503540039062 0.2
-17.862899780273438 -0.16054916381835938 2.3895511627197266 0.2
-17.85919952392578 -0.05735015869140625 2.2061500549316406 0.2
-17.986799240112305 -0.09275054931640625 2.0414505004882812 0.2
-18.10930061340332 -0.24515151977539062 1.9613513946533203 0.2
-18.1968994140625 -0.40595245361328125 2.0656509399414062 0.2
-18.28689956665039 -0.4446525573730469 2.2537498474121094 0.2
-18.381399154663086 -0.4512519836425781 2.442750930786133 0.2
-18.50899887084961 -0.4269523620605469 2.611551284790039 0.2
-18.712400436401367 -0.3776512145996094 2.639251708984375 0.2
-18.888599395751953 -0.4347496032714844 2.5326499938964844 0.2
-18.949600219726562 -0.5791511535644531 2.389150619506836 0.2
-18.81089973449707 -0.6589508056640625 2.250751495361328 0.2
-18.633800506591797 -0.6156501770019531 2.1383514404296875 0.2
-18.461999893188477 -0.5539512634277344 2.0293502807617188 0.2
-18.32740020751953 -0.45655059814453125 1.8949508666992188 0.2
-18.373199462890625 -0.3551521301269531 1.7137508392333984 0.2
-18.521400451660156 -0.3991508483886719 1.5643501281738281 0.2
-18.654199600219727 -0.5584487915039062 1.5158500671386719 0.2
-18.75349998474121 -0.6856498718261719 1.6556510925292969 0.2
-18.841400146484375 -0.7176513671875 1.8359508514404297 0.2
-18.931299209594727 -0.7342491149902344 2.0172500610351562 0.2
-19.053199768066406 -0.7112503051757812 2.1802501678466797 0.2
-19.24410057067871 -0.6441497802734375 2.2055511474609375 0.2
-19.417200088500977 -0.6654510498046875 2.0963516235351562 0.2
-19.495899200439453 -0.77545166015625 1.942251205444336 0.2
-19.38129997253418 -0.8539505004882812 1.7926502227783203 0.2
-19.212600708007812 -0.8264503479003906 1.6788501739501953 0.2
-19.045799255371094 -0.7802505493164062 1.57135009765625 0.2
-18.893199920654297 -0.7098503112792969 1.45465087890625 0.2
-18.867700576782227 -0.5763511657714844 1.3010501861572266 0.2
-19.000099182128906 -0.5368499755859375 1.148050308227539 0.2
-19.15570068359375 -0.6214523315429688 1.042551040649414 0.2
-19.283599853515625 -0.7695503234863281 1.1043510437011719 0.2
-19.37339973449707 -0.82965087890625 1.2675514221191406 0.2
-19.457399368286133 -0.862548828125 1.440450668334961 0.2
-19.546100616455078 -0.8819503784179688 1.6141510009765625 0.2
-19.676300048828125 -0.8305511474609375 1.7522506713867188 0.2
-19.853199005126953 -0.7463493347167969 1.7278499603271484 0.2
-20.005699157714844 -0.7430496215820312 1.6018505096435547 0.2
-20.053699493408203 -0.8256492614746094 1.4294509887695312 0.2
-19.931798934936523 -0.870849609375 1.28125 0.2
-19.7721004486084 -0.8510513305664062 1.1702499389648438 0.2
-19.6117000579834 -0.8186492919921875 1.0632514953613281 0.2
-19.459800720214844 -0.7575492858886719 0.9521503448486328 0.2
-19.412500381469727 -0.6124496459960938 0.8261508941650391 0.2
-19.527799606323242 -0.5196495056152344 0.6924514770507812 0.2
-19.690500259399414 -0.5364494323730469 0.5776500701904297 0.2
-19.84619903564453 -0.6601524353027344 0.6059513092041016 0.2
-19.9507999420166 -0.7363510131835938 0.7695503234863281 0.2
-20.04199981689453 -0.7858505249023438 0.9472503662109375 0.2
-20.135700225830078 -0.822052001953125 1.1270503997802734 0.2
-20.261699676513672 -0.7626495361328125 1.2804508209228516 0.2
-20.426898956298828 -0.6396522521972656 1.2546501159667969 0.2
-20.579299926757812 -0.5954513549804688 1.1184501647949219 0.2
-20.62419891357422 -0.649749755859375 0.9227504730224609 0.2
-20.488698959350586 -0.6763496398925781 0.7669506072998047 0.2
-20.32069969177246 -0.6593513488769531 0.6475505828857422 0.2
-20.15220069885254 -0.6348495483398438 0.5303516387939453 0.2
-19.99799919128418 -0.556549072265625 0.4140510559082031 0.2
-19.99370002746582 -0.38304901123046875 0.2984504699707031 0.2
-20.129098892211914 -0.28375244140625 0.17255020141601562 0.2
-20.309200286865234 -0.30155181884765625 0.07265090942382812 0.2
-20.462900161743164 -0.40795135498046875 0.14275169372558594 0.2
-20.56369972229004 -0.47135162353515625 0.3009510040283203 0.2
-20.657800674438477 -0.5242500305175781 0.46665000915527344 0.2
-20.75349998474121 -0.5641517639160156 0.6371517181396484 0.2
-20.87019920349121 -0.4979515075683594 0.7860507965087891 0.2
-21.012699127197266 -0.3582496643066406 0.7600517272949219 0.2
-21.150800704956055 -0.270050048828125 0.6455516815185547 0.2
-21.25969886779785 -0.24805068969726562 0.4781513214111328 0.2
-21.20159912109375 -0.2917518615722656 0.2918510437011719 0.2
-21.04680061340332 -0.29125213623046875 0.167449951171875 0.2
-20.8843994140625 -0.2786521911621094 0.054851531982421875 0.2
-20.720399856567383 -0.2557525634765625 -0.05584907531738281 0.2
-20.584999084472656 -0.14585113525390625 -0.15494918823242188 0.2
-20.62030029296875 0.0274505615234375 -0.2512493133544922 0.2
-20.754199981689453 0.12804794311523438 -0.3621482849121094 0.2
-20.939498901367188 0.10934829711914062 -0.4369487762451172 0.2
-21.092500686645508 0.017547607421875 -0.34494972229003906 0.2
-21.199800491333008 -0.044750213623046875 -0.1902484893798828 0.2
-21.302900314331055 -0.10065078735351562 -0.030248641967773438 0.2
-21.40719985961914 -0.1347503662109375 0.1381511688232422 0.2
-21.520599365234375 -0.03375244140625 0.26995086669921875 0.2
-21.64539909362793 0.1170501708984375 0.2203502655029297 0.2
-21.768299102783203 0.22534942626953125 0.10575103759765625 0.2
-21.848400115966797 0.25244903564453125 -0.07674980163574219 0.2
-21.753700256347656 0.21915054321289062 -0.25064849853515625 0.2
-21.592100143432617 0.21474838256835938 -0.3656482696533203 0.2
-21.425899505615234 0.2171478271484375 -0.47354888916015625 0.2
-21.255599975585938 0.2402496337890625 -0.5768489837646484 0.2
-21.136999130249023 0.3806495666503906 -0.6572494506835938 0.2
-21.198598861694336 0.5516510009765625 -0.7445487976074219 0.2
-21.34950065612793 0.6379508972167969 -0.8461494445800781 0.2
-21.542600631713867 0.5842475891113281 -0.8502483367919922 0.2
-21.67530059814453 0.510650634765625 -0.7191486358642578 0.2
-21.787199020385742 0.4498481750488281 -0.5676498413085938 0.2
-21.8971004486084 0.3967475891113281 -0.4118499755859375 0.2
-22.002500534057617 0.4217491149902344 -0.2431488037109375 0.2
-22.100799560546875 0.5896492004394531 -0.1961498260498047 0.2
-22.203100204467773 0.7385482788085938 -0.2808494567871094 0.2
-22.302000045776367 0.84735107421875 -0.41774940490722656 0.2
-22.28969955444336 0.8410491943359375 -0.6175498962402344 0.2
-22.14259910583496 0.8138504028320312 -0.7506484985351562 0.2
-21.977100372314453 0.7972488403320312 -0.8570499420166016 0.2
-21.808198928833008 0.7894477844238281 -0.958648681640625 0.2
-21.638599395751953 0.8653488159179688 -1.0373497009277344 0.2
-21.61280059814453 1.0618476867675781 -1.0997486114501953 0.2
-21.727699279785156 1.2102508544921875 -1.1916484832763672 0.2
-21.927799224853516 1.2264480590820312 -1.2463493347167969 0.2
-22.093799591064453 1.1568489074707031 -1.1421489715576172 0.2
-22.220199584960938 1.0947494506835938 -0.9912490844726562 0.2
-22.343399047851562 1.0380477905273438 -0.8351497650146484 0.2
-22.450698852539062 1.0570487976074219 -0.6582489013671875 0.2
-22.52750015258789 1.2376480102539062 -0.5903491973876953 0.2
-22.612499237060547 1.4108505249023438 -0.6700496673583984 0.2
-22.679100036621094 1.5003509521484375 -0.8447494506835938 0.2
-22.5939998626709 1.4718475341796875 -1.031148910522461 0.2
-22.428298950195312 1.4376487731933594 -1.14794921875 0.2
-22.255300521850586 1.4083480834960938 -1.2543487548828125 0.2
-22.068500518798828 1.4209480285644531 -1.343149185180664 0.2
-21.94999885559082 1.5838508605957031 -1.385049819946289 0.2
-22.00659942626953 1.7731475830078125 -1.448648452758789 0.2
-22.167400360107422 1.8761482238769531 -1.5284500122070312 0.2
-22.365798950195312 1.8345489501953125 -1.49224853515625 0.2
-22.50619888305664 1.7692489624023438 -1.3562488555908203 0.2
-22.634199142456055 1.7082481384277344 -1.2089500427246094 0.2
-22.75029945373535 1.681549072265625 -1.0415496826171875 0.2
-22.817298889160156 1.8114509582519531 -0.8980484008789062 0.2
-22.878000259399414 2.0066490173339844 -0.9234485626220703 0.2
-22.943300247192383 2.139049530029297 -1.066049575805664 0.2
-22.89900016784668 2.1368484497070312 -1.2660484313964844 0.2
-22.74639892578125 2.0962486267089844 -1.3954486846923828 0.2
-22.578899383544922 2.0584487915039062 -1.5044498443603516 0.2
-22.395999908447266 2.047649383544922 -1.5970497131347656 0.2
-22.238300323486328 2.1725502014160156 -1.6280498504638672 0.2
-22.247600555419922 2.374347686767578 -1.6635494232177734 0.2
-22.37470054626465 2.5204505920410156 -1.7305488586425781 0.2
-22.57830047607422 2.5167503356933594 -1.7297496795654297 0.2
-22.732099533081055 2.4490509033203125 -1.6135482788085938 0.2
-22.86319923400879 2.3812484741210938 -1.4753494262695312 0.2
-22.981599807739258 2.3373489379882812 -1.3164501190185547 0.2
-23.041099548339844 2.429950714111328 -1.1468486785888672 0.2
-23.076900482177734 2.6287498474121094 -1.1275501251220703 0.2
-23.124500274658203 2.792449951171875 -1.2374496459960938 0.2
-23.103700637817383 2.8277511596679688 -1.4355487823486328 0.2
-22.968599319458008 2.7869491577148438 -1.5804500579833984 0.2
-22.8080997467041 2.74224853515625 -1.6935501098632812 0.2
-22.62310028076172 2.718547821044922 -1.788949966430664 0.2
-22.436599731445312 2.8358497619628906 -1.8057498931884766 0.2
-22.43160057067871 3.0590476989746094 -1.8209495544433594 0.2
-22.57849884033203 3.2179489135742188 -1.8719501495361328 0.2
-22.795700073242188 3.1971511840820312 -1.8333492279052734 0.2
-22.956199645996094 3.1147499084472656 -1.7024497985839844 0.2
-23.100000381469727 3.0376510620117188 -1.550649642944336 0.2
-23.178699493408203 3.0609474182128906 -1.3467483520507812 0.2
-23.187000274658203 3.2615509033203125 -1.2571487426757812 0.2
-23.204599380493164 3.468151092529297 -1.3367500305175781 0.2
-23.175899505615234 3.538249969482422 -1.542348861694336 0.2
-23.035400390625 3.4943504333496094 -1.7080497741699219 0.2
-22.865699768066406 3.439647674560547 -1.8380489349365234 0.2
-22.65799903869629 3.4318504333496094 -1.9102497100830078 0.2
-22.505399703979492 3.5846481323242188 -1.8844490051269531 0.2
-22.516799926757812 3.804950714111328 -1.881448745727539 0.2
-22.68669891357422 3.9383506774902344 -1.902750015258789 0.2
-22.89229965209961 3.8975486755371094 -1.8367500305175781 0.2
-23.052200317382812 3.8069496154785156 -1.7175483703613281 0.2
-23.184099197387695 3.7374496459960938 -1.5572490692138672 0.2
-23.206998825073242 3.811248779296875 -1.356048583984375 0.2
-23.181299209594727 4.021350860595703 -1.3055496215820312 0.2
-23.167600631713867 4.2095489501953125 -1.4112491607666016 0.2
-23.09939956665039 4.249050140380859 -1.6141490936279297 0.2
-22.954198837280273 4.198150634765625 -1.7687492370605469 0.2
-22.78059959411621 4.145851135253906 -1.8898487091064453 0.2
-22.5669002532959 4.175548553466797 -1.901449203491211 0.2
-22.4606990814209 4.356548309326172 -1.8532485961914062 0.2
-22.503799438476562 4.568149566650391 -1.8404483795166016 0.2
-22.700599670410156 4.6553497314453125 -1.8316497802734375 0.2
-22.889400482177734 4.587047576904297 -1.7492485046386719 0.2
-23.046199798583984 4.489948272705078 -1.6352500915527344 0.2
-23.13290023803711 4.443550109863281 -1.443349838256836 0.2
-23.099199295043945 4.566448211669922 -1.2742500305175781 0.2
-23.0487003326416 4.776149749755859 -1.2615489959716797 0.2
-23.011899948120117 4.934749603271484 -1.3995494842529297 0.2
-22.918800354003906 4.9407501220703125 -1.5939483642578125 0.2
-22.77630043029785 4.884250640869141 -1.7464485168457031 0.2
-22.583099365234375 4.8410491943359375 -1.831949234008789 0.2
-22.390899658203125 4.9205474853515625 -1.7914485931396484 0.2
-22.32859992980957 5.119350433349609 -1.7367496490478516 0.2
-22.420700073242188 5.308650970458984 -1.708749771118164 0.2
-22.62929916381836 5.3327484130859375 -1.667348861694336 0.2
-22.80500030517578 5.239948272705078 -1.5833492279052734 0.2
-22.939800262451172 5.1412506103515625 -1.4484500885009766 0.2
-22.94659996032715 5.138248443603516 -1.237548828125 0.2
-22.86750030517578 5.300849914550781 -1.1271495819091797 0.2
-22.79960060119629 5.501049041748047 -1.1565494537353516 0.2
-22.750099182128906 5.611747741699219 -1.3312492370605469 0.2
-22.647499084472656 5.5899505615234375 -1.5177497863769531 0.2
-22.495800018310547 5.532447814941406 -1.6573486328125 0.2
-22.285499572753906 5.526649475097656 -1.6760482788085938 0.2
-22.14579963684082 5.671051025390625 -1.6114482879638672 0.2
-22.135900497436523 5.873847961425781 -1.5494499206542969 0.2
-22.299299240112305 5.997348785400391 -1.5003490447998047 0.2
-22.49530029296875 5.94635009765625 -1.4356498718261719 0.2
-22.649099349975586 5.832149505615234 -1.3416500091552734 0.2
-22.700599670410156 5.748348236083984 -1.156148910522461 0.2
-22.616100311279297 5.825450897216797 -0.9843482971191406 0.2
-22.51650047302246 6.007850646972656 -0.9420490264892578 0.2
-22.464500427246094 6.185249328613281 -1.0386486053466797 0.2
-22.407800674438477 6.236351013183594 -1.236349105834961 0.2
-22.29680061340332 6.194248199462891 -1.41204833984375 0.2
-22.109100341796875 6.149547576904297 -1.4949493408203125 0.2
-21.923398971557617 6.228748321533203 -1.4473495483398438 0.2
-21.844999313354492 6.4082489013671875 -1.3689498901367188 0.2
-21.927400588989258 6.580848693847656 -1.2910499572753906 0.2
-22.12619972229004 6.599147796630859 -1.2249488830566406 0.2
-22.29330062866211 6.488750457763672 -1.1573486328125 0.2
-22.379600524902344 6.3636474609375 -1.015249252319336 0.2
-22.313600540161133 6.348148345947266 -0.8220500946044922 0.2
-22.19339942932129 6.489250183105469 -0.7264499664306641 0.2
-22.122798919677734 6.684150695800781 -0.7406482696533203 0.2
-22.092599868774414 6.811748504638672 -0.9036483764648438 0.2
-22.022899627685547 6.807750701904297 -1.1016483306884766 0.2
-21.870899200439453 6.758750915527344 -1.2354488372802734 0.2
-21.668498992919922 6.781547546386719 -1.2137489318847656 0.2
-21.552400588989258 6.926349639892578 -1.117349624633789 0.2
-21.56909942626953 7.100349426269531 -1.0091495513916016 0.2
-21.743099212646484 7.171348571777344 -0.9199485778808594 0.2
-21.923599243164062 7.085147857666016 -0.8601493835449219 0.2
-22.032100677490234 6.940849304199219 -0.7585487365722656 0.2
-21.98710060119629 6.848148345947266 -0.5812492370605469 0.2
-21.853700637817383 6.926548004150391 -0.4470500946044922 0.2
-21.75619888305664 7.103050231933594 -0.3952484130859375 0.2
-21.730899810791016 7.284450531005859 -0.4886493682861328 0.2
-21.7007999420166 7.340648651123047 -0.686248779296875 0.2
-21.597299575805664 7.3128509521484375 -0.8634490966796875 0.2
-21.398099899291992 7.287349700927734 -0.8974494934082031 0.2
-21.23509979248047 7.379550933837891 -0.7923488616943359 0.2
-21.190898895263672 7.539051055908203 -0.6518497467041016 0.2
-21.33609962463379 7.634548187255859 -0.5253486633300781 0.2
-21.530000686645508 7.558849334716797 -0.46074867248535156 0.2
-21.635499954223633 7.390449523925781 -0.3741493225097656 0.2
-21.563798904418945 7.273349761962891 -0.21124839782714844 0.2
-21.416200637817383 7.351947784423828 -0.07574844360351562 0.2
-21.336999893188477 7.542747497558594 -0.0069484710693359375 0.2
-21.333999633789062 7.735050201416016 -0.10534858703613281 0.2
-21.310400009155273 7.7823486328125 -0.3163490295410156 0.2
-21.16670036315918 7.748149871826172 -0.4727497100830078 0.2
-20.960599899291992 7.769248962402344 -0.4273490905761719 0.2
-20.872098922729492 7.903350830078125 -0.2808494567871094 0.2
-20.92840003967285 8.058948516845703 -0.14354896545410156 0.2
-21.12220001220703 8.09124755859375 -0.05164909362792969 0.2
-21.287099838256836 7.9606475830078125 0.004150390625 0.2
-21.329299926757812 7.774848937988281 0.10284996032714844 0.2
-21.20680046081543 7.6990509033203125 0.25855064392089844 0.2
-21.077699661254883 7.793949127197266 0.4069499969482422 0.2
-21.036100387573242 7.994449615478516 0.478851318359375 0.2
-21.053499221801758 8.174247741699219 0.3668498992919922 0.2
-21.05699920654297 8.240848541259766 0.1596508026123047 0.2
-20.928600311279297 8.229747772216797 -0.00885009765625 0.2
-20.720800399780273 8.19784927368164 0.020551681518554688 0.2
-20.587600708007812 8.251350402832031 0.1847515106201172 0.2
-20.60300064086914 8.297847747802734 0.3923511505126953 0.2
-20.742399215698242 8.211048126220703 0.5313510894775391 0.2
-20.85059928894043 8.025650024414062 0.5615501403808594 0.2
-20.85890007019043 7.826148986816406 0.47965049743652344 0.2
-20.689300537109375 7.716548919677734 0.4105510711669922 0.2
-20.485198974609375 7.674648284912109 0.4719505310058594 0.2
-20.364599227905273 7.728050231933594 0.6388511657714844 0.2
-20.433198928833008 7.883148193359375 0.7640514373779297 0.2
-20.544300079345703 8.062049865722656 0.71405029296875 0.2
-20.530000686645508 8.228649139404297 0.5806503295898438 0.2
-20.353500366210938 8.324249267578125 0.5039501190185547 0.2
-20.156299591064453 8.3896484375 0.5685501098632812 0.2
-20.07819938659668 8.436347961425781 0.7593517303466797 0.2
-20.1919002532959 8.369449615478516 0.9256515502929688 0.2
-20.314199447631836 8.196949005126953 0.9042510986328125 0.2
-20.30030059814453 7.9967498779296875 0.8273506164550781 0.2
-20.15920066833496 7.857749938964844 0.8985500335693359 0.2
-20.081298828125 7.8896484375 1.09375 0.2
-20.114099502563477 8.01824951171875 1.2655506134033203 0.2
-20.156999588012695 8.222648620605469 1.3144512176513672 0.2
-20.16309928894043 8.393447875976562 1.1848506927490234 0.2
-20.053998947143555 8.483650207519531 1.0250511169433594 0.2
-19.84269905090332 8.476448059082031 0.9932498931884766 0.2
-19.659399032592773 8.43804931640625 1.1007499694824219 0.2
-19.596099853515625 8.40005111694336 1.2992515563964844 0.2
-19.719900131225586 8.350048065185547 1.4651508331298828 0.2
-19.919198989868164 8.294448852539062 1.528350830078125 0.2
-20.073699951171875 8.150848388671875 1.5192508697509766 0.2
-20.034000396728516 7.961948394775391 1.4409503936767578 0.2
-19.83690071105957 7.8811492919921875 1.4130516052246094 0.2
-19.63119888305664 7.9248504638671875 1.4590511322021484 0.2
-19.511999130249023 8.100250244140625 1.4403514862060547 0.2
-19.431900024414062 8.274349212646484 1.3380508422851562 0.2
-19.242000579833984 8.36404800415039 1.3544502258300781 0.2
-19.101200103759766 8.41455078125 1.5103511810302734 0.2
-19.096500396728516 8.426448822021484 1.7301502227783203 0.2
-19.27120018005371 8.347850799560547 1.83905029296875 0.2
-19.436899185180664 8.219348907470703 1.7490501403808594 0.2
-19.4778995513916 8.023250579833984 1.645650863647461 0.2
-19.350500106811523 7.844448089599609 1.6844501495361328 0.2
-19.21780014038086 7.831951141357422 1.8659515380859375 0.2
-19.18739891052246 7.931247711181641 2.0700511932373047 0.2
-19.15410041809082 8.137748718261719 2.1536502838134766 0.2
-19.10179901123047 8.328048706054688 2.040651321411133 0.2
-18.9335994720459 8.409347534179688 1.9188499450683594 0.2
-18.716800689697266 8.346748352050781 1.935150146484375 0.2
