25.148900985717773 -8.631649017333984 -2.540048599243164 0.2
25.01919937133789 -8.808952331542969 -2.6381492614746094 0.2
24.927400588989258 -8.991451263427734 -2.499948501586914 0.2
24.92889976501465 -9.153850555419922 -2.3086490631103516 0.2
25.066200256347656 -9.34334945678711 -2.2533493041992188 0.2
25.19610023498535 -9.468551635742188 -2.4230499267578125 0.2
25.21380043029785 -9.505851745605469 -2.668048858642578 0.2
25.114099502563477 -9.369152069091797 -2.84014892578125 0.2
25.048500061035156 -9.127349853515625 -2.845348358154297 0.2
25.08489990234375 -8.882450103759766 -2.833749771118164 0.2
25.27320098876953 -8.76504898071289 -2.9305496215820312 0.2
25.454700469970703 -8.842849731445312 -3.0816497802734375 0.2
25.611299514770508 -9.014652252197266 -3.018848419189453 0.2
25.59670066833496 -9.177749633789062 -2.8304500579833984 0.2
25.501399993896484 -9.357349395751953 -2.68804931640625 0.2
25.394899368286133 -9.556949615478516 -2.7739486694335938 0.2
25.41029930114746 -9.665851593017578 -2.9984493255615234 0.2
25.538799285888672 -9.649551391601562 -3.206949234008789 0.2
25.65880012512207 -9.447151184082031 -3.2696495056152344 0.2
25.671899795532227 -9.197151184082031 -3.2426490783691406 0.2
25.57200050354004 -8.982349395751953 -3.301248550415039 0.2
25.445899963378906 -8.958450317382812 -3.5113487243652344 0.2
25.301300048828125 -9.092449188232422 -3.65625 0.2
25.174699783325195 -9.270252227783203 -3.547849655151367 0.2
25.170801162719727 -9.425251007080078 -3.3482494354248047 0.2
25.262001037597656 -9.623748779296875 -3.238748550415039 0.2
25.36680030822754 -9.800552368164062 -3.371950149536133 0.2
25.354700088500977 -9.882652282714844 -3.608348846435547 0.2
25.236900329589844 -9.804752349853516 -3.8073501586914062 0.2
25.17449951171875 -9.567352294921875 -3.8433494567871094 0.2
25.20009994506836 -9.31705093383789 -3.830049514770508 0.2
25.355600357055664 -9.155052185058594 -3.924449920654297 0.2
25.48470115661621 -9.200149536132812 -4.131750106811523 0.2
25.636499404907227 -9.377849578857422 -4.194648742675781 0.2
25.694799423217773 -9.557750701904297 -4.035249710083008 0.2
25.65180015563965 -9.712451934814453 -3.8404483795166016 0.2
25.510000228881836 -9.902050018310547 -3.789348602294922 0.2
25.412099838256836 -10.04425048828125 -3.9683494567871094 0.2
25.437000274658203 -10.101451873779297 -4.210649490356445 0.2
25.568099975585938 -9.977851867675781 -4.372549057006836 0.2
25.644399642944336 -9.738250732421875 -4.382848739624023 0.2
25.627599716186523 -9.489452362060547 -4.389949798583984 0.2
25.463199615478516 -9.361549377441406 -4.514848709106445 0.2
25.292600631713867 -9.43655014038086 -4.681549072265625 0.2
25.11680030822754 -9.592750549316406 -4.622949600219727 0.2
25.104900360107422 -9.750850677490234 -4.427949905395508 0.2
25.168100357055664 -9.931251525878906 -4.26624870300293 0.2
25.258100509643555 -10.149749755859375 -4.325048446655273 0.2
25.228099822998047 -10.27655029296875 -4.53864860534668 0.2
25.09079933166504 -10.269851684570312 -4.743949890136719 0.2
24.988000869750977 -10.063152313232422 -4.82404899597168 0.2
25.012399673461914 -9.811149597167969 -4.8168487548828125 0.2
25.124300003051758 -9.600151062011719 -4.880548477172852 0.2
25.23740005493164 -9.581951141357422 -5.096349716186523 0.2
25.309200286865234 -9.737548828125 -5.277050018310547 0.2
25.421600341796875 -9.943649291992188 -5.21204948425293 0.2
25.444900512695312 -10.09775161743164 -5.013050079345703 0.2
25.36590003967285 -10.26395034790039 -4.848049163818359 0.2
25.187400817871094 -10.422649383544922 -4.899848937988281 0.2
25.0935001373291 -10.518150329589844 -5.113048553466797 0.2
25.138700485229492 -10.491451263427734 -5.352548599243164 0.2
25.247800827026367 -10.2884521484375 -5.444149017333984 0.2
25.310501098632812 -10.044151306152344 -5.453149795532227 0.2
25.204099655151367 -9.827751159667969 -5.493448257446289 0.2
24.991300582885742 -9.81195068359375 -5.619348526000977 0.2
24.777400970458984 -9.925651550292969 -5.600349426269531 0.2
24.735000610351562 -10.082050323486328 -5.41254997253418 0.2
24.806400299072266 -10.248748779296875 -5.234949111938477 0.2
24.885601043701172 -10.477951049804688 -5.209348678588867 0.2
24.836200714111328 -10.649749755859375 -5.381649017333984 0.2
24.66990089416504 -10.69635009765625 -5.564249038696289 0.2
24.509000778198242 -10.539051055908203 -5.657249450683594 0.2
24.524799346923828 -10.287952423095703 -5.672048568725586 0.2
24.614700317382812 -10.056949615478516 -5.718849182128906 0.2
24.714399337768555 -9.971149444580078 -5.923749923706055 0.2
24.690200805664062 -10.080650329589844 -6.14954948425293 0.2
24.76609992980957 -10.302848815917969 -6.210048675537109 0.2
24.846900939941406 -10.481449127197266 -6.054048538208008 0.2
24.86210060119629 -10.63344955444336 -5.854549407958984 0.2
24.69659996032715 -10.783550262451172 -5.758249282836914 0.2
24.500499725341797 -10.884449005126953 -5.876949310302734 0.2
24.41029930114746 -10.91884994506836 -6.105548858642578 0.2
24.483301162719727 -10.783149719238281 -6.295049667358398 0.2
24.586000442504883 -10.558151245117188 -6.347749710083008 0.2
24.58839988708496 -10.310649871826172 -6.366449356079102 0.2
24.382600784301758 -10.186149597167969 -6.407548904418945 0.2
24.1387996673584 -10.24365234375 -6.416448593139648 0.2
24.043899536132812 -10.37445068359375 -6.233148574829102 0.2
24.123600006103516 -10.538951873779297 -6.056949615478516 0.2
24.213300704956055 -10.752849578857422 -5.966848373413086 0.2
24.171300888061523 -10.969749450683594 -6.072349548339844 0.2
23.979700088500977 -11.054752349853516 -6.213048934936523 0.2
23.76340103149414 -10.967350006103516 -6.291749954223633 0.2
23.73150062561035 -10.72385025024414 -6.319648742675781 0.2
23.82069969177246 -10.48965072631836 -6.361349105834961 0.2
23.908599853515625 -10.337150573730469 -6.533649444580078 0.2
23.84440040588379 -10.373050689697266 -6.768049240112305 0.2
23.79319953918457 -10.564350128173828 -6.91204833984375 0.2
23.884201049804688 -10.787052154541016 -6.858648300170898 0.2
23.973100662231445 -10.947052001953125 -6.683649063110352 0.2
23.931499481201172 -11.09305191040039 -6.490049362182617 0.2
23.707599639892578 -11.19015121459961 -6.451749801635742 0.2
23.499000549316406 -11.248050689697266 -6.581348419189453 0.2
23.439899444580078 -11.203651428222656 -6.813449859619141 0.2
23.532499313354492 -11.017349243164062 -6.9519500732421875 0.2
23.621700286865234 -10.788349151611328 -7.012149810791016 0.2
23.53619956970215 -10.560649871826172 -7.001049041748047 0.2
23.28809928894043 -10.51865005493164 -6.987949371337891 0.2
23.11680030822754 -10.594749450683594 -6.832849502563477 0.2
23.168500900268555 -10.75094985961914 -6.644948959350586 0.2
23.284400939941406 -10.940650939941406 -6.523248672485352 0.2
23.29210090637207 -11.184650421142578 -6.539348602294922 0.2
23.10580062866211 -11.319450378417969 -6.633749008178711 0.2
22.860599517822266 -11.305049896240234 -6.679149627685547 0.2
22.73400115966797 -11.096549987792969 -6.6842498779296875 0.2
22.808300018310547 -10.86075210571289 -6.734649658203125 0.2
22.90329933166504 -10.662849426269531 -6.856449127197266 0.2
22.863800048828125 -10.612251281738281 -7.090349197387695 0.2
22.69070053100586 -10.720451354980469 -7.238849639892578 0.2
22.684999465942383 -10.957351684570312 -7.295049667358398 0.2
22.799800872802734 -11.153152465820312 -7.185850143432617 0.2
22.880701065063477 -11.31235122680664 -7.008749008178711 0.2
22.755001068115234 -11.4156494140625 -6.827949523925781 0.2
22.507999420166016 -11.463851928710938 -6.817949295043945 0.2
22.306900024414062 -11.464351654052734 -6.962949752807617 0.2
22.303800582885742 -11.333751678466797 -7.169349670410156 0.2
22.407400131225586 -11.136249542236328 -7.289348602294922 0.2
22.444299697875977 -10.893852233886719 -7.320949554443359 0.2
22.277400970458984 -10.733749389648438 -7.245149612426758 0.2
22.076000213623047 -10.745052337646484 -7.102149963378906 0.2
22.08180046081543 -10.864452362060547 -6.887849807739258 0.2
22.208200454711914 -11.052650451660156 -6.774749755859375 0.2
22.274700164794922 -11.288650512695312 -6.735748291015625 0.2
22.12230110168457 -11.475749969482422 -6.780849456787109 0.2
21.87230110168457 -11.505752563476562 -6.782749176025391 0.2
21.683799743652344 -11.356151580810547 -6.737449645996094 0.2
21.705101013183594 -11.112251281738281 -6.768148422241211 0.2
21.806800842285156 -10.904552459716797 -6.872148513793945 0.2
21.81330108642578 -10.776649475097656 -7.080249786376953 0.2
21.61910057067871 -10.802349090576172 -7.23124885559082 0.2
21.46540069580078 -10.98025131225586 -7.301549911499023 0.2
21.5310001373291 -11.216548919677734 -7.280948638916016 0.2
21.665800094604492 -11.398250579833984 -7.168949127197266 0.2
21.690200805664062 -11.535152435302734 -6.968149185180664 0.2
21.501800537109375 -11.578449249267578 -6.814748764038086 0.2
21.251300811767578 -11.57535171508789 -6.812049865722656 0.2
21.09950065612793 -11.486949920654297 -6.979349136352539 0.2
21.151899337768555 -11.31814956665039 -7.156049728393555 0.2
21.23900032043457 -11.111251831054688 -7.26664924621582 0.2
21.209699630737305 -10.880149841308594 -7.201349258422852 0.2
21.040700912475586 -10.804851531982422 -7.032949447631836 0.2
21.023900985717773 -10.865650177001953 -6.798349380493164 0.2
21.1466007232666 -11.05105209350586 -6.683849334716797 0.2
21.247600555419922 -11.278751373291016 -6.64594841003418 0.2
21.151399612426758 -11.501449584960938 -6.644350051879883 0.2
20.9143009185791 -11.5572509765625 -6.589649200439453 0.2
20.712800979614258 -11.459049224853516 -6.482448577880859 0.2
20.686901092529297 -11.220352172851562 -6.451648712158203 0.2
20.779699325561523 -11.012149810791016 -6.560749053955078 0.2
20.811800003051758 -10.845951080322266 -6.742149353027344 0.2
20.635601043701172 -10.79534912109375 -6.899848937988281 0.2
20.400300979614258 -10.875850677490234 -6.907449722290039 0.2
20.33880043029785 -11.10995101928711 -6.9259490966796875 0.2
20.45989990234375 -11.325252532958984 -6.883049011230469 0.2
20.578800201416016 -11.499649047851562 -6.752948760986328 0.2
20.523500442504883 -11.559452056884766 -6.5238494873046875 0.2
20.316600799560547 -11.535350799560547 -6.38494873046875 0.2
20.086599349975586 -11.457149505615234 -6.413549423217773 0.2
20.02630043029785 -11.308952331542969 -6.598148345947266 0.2
20.093799591064453 -11.13705062866211 -6.769350051879883 0.2
20.158199310302734 -10.904350280761719 -6.796848297119141 0.2
20.089900970458984 -10.745750427246094 -6.622249603271484 0.2
20.05739974975586 -10.741451263427734 -6.379449844360352 0.2
20.18090057373047 -10.898151397705078 -6.238048553466797 0.2
20.29210090637207 -11.123851776123047 -6.220449447631836 0.2
20.25670051574707 -11.364349365234375 -6.203548431396484 0.2
20.050701141357422 -11.458850860595703 -6.110149383544922 0.2
19.868900299072266 -11.391849517822266 -5.952548980712891 0.2
19.819000244140625 -11.180450439453125 -5.8439483642578125 0.2
19.89419937133789 -10.962749481201172 -5.9353485107421875 0.2
19.946701049804688 -10.79104995727539 -6.110149383544922 0.2
19.803600311279297 -10.680549621582031 -6.270448684692383 0.2
19.55929946899414 -10.67074966430664 -6.234748840332031 0.2
19.3877010345459 -10.83795166015625 -6.2021484375 0.2
19.430601119995117 -11.080650329589844 -6.204248428344727 0.2
19.565000534057617 -11.287151336669922 -6.159948348999023 0.2
19.6427001953125 -11.398448944091797 -5.9613494873046875 0.2
19.541000366210938 -11.372249603271484 -5.736848831176758 0.2
19.340900421142578 -11.28594970703125 -5.617849349975586 0.2
19.177000045776367 -11.14105224609375 -5.71714973449707 0.2
19.17620086669922 -10.988151550292969 -5.915449142456055 0.2
19.24690055847168 -10.788551330566406 -6.040248870849609 0.2
19.30280113220215 -10.582550048828125 -5.928749084472656 0.2
19.309200286865234 -10.518051147460938 -5.690149307250977 0.2
19.447200775146484 -10.630050659179688 -5.526449203491211 0.2
19.550399780273438 -10.85784912109375 -5.522449493408203 0.2
19.549800872802734 -11.104450225830078 -5.520050048828125 0.2
19.385900497436523 -11.234451293945312 -5.398048400878906 0.2
19.246700286865234 -11.184452056884766 -5.198148727416992 0.2
19.2185001373291 -11.007549285888672 -5.031848907470703 0.2
19.290199279785156 -10.780750274658203 -5.077249526977539 0.2
19.336200714111328 -10.614349365234375 -5.259649276733398 0.2
19.228500366210938 -10.469451904296875 -5.421049118041992 0.2
19.0039005279541 -10.392749786376953 -5.369348526000977 0.2
18.808799743652344 -10.462852478027344 -5.238748550415039 0.2
18.749900817871094 -10.697151184082031 -5.226249694824219 0.2
18.8435001373291 -10.928550720214844 -5.243749618530273 0.2
18.978599548339844 -11.093250274658203 -5.129949569702148 0.2
19.006000518798828 -11.09115219116211 -4.887449264526367 0.2
18.901500701904297 -10.996849060058594 -4.682548522949219 0.2
18.72249984741211 -10.83905029296875 -4.651248931884766 0.2
18.64310073852539 -10.684452056884766 -4.826148986816406 0.2
18.668498992919922 -10.51675033569336 -5.006448745727539 0.2
18.78569984436035 -10.308650970458984 -4.992149353027344 0.2
18.867300033569336 -10.202152252197266 -4.783748626708984 0.2
19.033300399780273 -10.27764892578125 -4.627248764038086 0.2
19.133399963378906 -10.50265121459961 -4.625749588012695 0.2
19.12779998779297 -10.750251770019531 -4.641149520874023 0.2
19.002099990844727 -10.906951904296875 -4.510349273681641 0.2
18.914100646972656 -10.872852325439453 -4.281949996948242 0.2
18.92650032043457 -10.725250244140625 -4.085548400878906 0.2
19.018699645996094 -10.504650115966797 -4.091148376464844 0.2
19.055299758911133 -10.337051391601562 -4.271949768066406 0.2
18.967500686645508 -10.180049896240234 -4.436948776245117 0.2
18.764598846435547 -10.059249877929688 -4.396049499511719 0.2
18.60689926147461 -10.053951263427734 -4.20734977722168 0.2
18.48400115966797 -10.244548797607422 -4.1293487548828125 0.2
18.517398834228516 -10.488151550292969 -4.1647491455078125 0.2
18.643798828125 -10.694252014160156 -4.1340484619140625 0.2
18.761899948120117 -10.739452362060547 -3.928548812866211 0.2
18.75830078125 -10.654850006103516 -3.695249557495117 0.2
18.635499954223633 -10.493549346923828 -3.5638484954833984 0.2
18.503000259399414 -10.320850372314453 -3.669048309326172 0.2
18.46860122680664 -10.17034912109375 -3.863748550415039 0.2
18.5791015625 -9.976451873779297 -3.9496498107910156 0.2
18.72439956665039 -9.842350006103516 -3.8037490844726562 0.2
18.909700393676758 -9.875850677490234 -3.6546497344970703 0.2
19.02680015563965 -10.08755111694336 -3.651948928833008 0.2
19.014101028442383 -10.334049224853516 -3.6842498779296875 0.2
18.91629981994629 -10.520149230957031 -3.569549560546875 0.2
18.863800048828125 -10.51675033569336 -3.331249237060547 0.2
18.910400390625 -10.39794921875 -3.120248794555664 0.2
19.027999877929688 -10.193252563476562 -3.0792484283447266 0.2
19.065401077270508 -10.017452239990234 -3.2466487884521484 0.2
18.99359893798828 -9.861652374267578 -3.4229488372802734 0.2
18.810400009155273 -9.710250854492188 -3.4083499908447266 0.2
18.69409942626953 -9.644752502441406 -3.2013492584228516 0.2
18.562999725341797 -9.770050048828125 -3.0456485748291016 0.2
18.530799865722656 -10.01205062866211 -3.0545482635498047 0.2
18.61359977722168 -10.242149353027344 -3.080249786376953 0.2
18.78110122680664 -10.350051879882812 -2.949748992919922 0.2
18.867401123046875 -10.290950775146484 -2.726348876953125 0.2
18.837299346923828 -10.143852233886719 -2.5338497161865234 0.2
18.69420051574707 -9.953849792480469 -2.5402488708496094 0.2
18.594799041748047 -9.807350158691406 -2.713949203491211 0.2
18.64229965209961 -9.631549835205078 -2.871549606323242 0.2
18.821701049804688 -9.4781494140625 -2.830148696899414 0.2
19.02429962158203 -9.464149475097656 -2.697948455810547 0.2
19.181499481201172 -9.644550323486328 -2.6881484985351562 0.2
19.168399810791016 -9.889350891113281 -2.7255496978759766 0.2
19.08690071105957 -10.101951599121094 -2.646749496459961 0.2
19.05739974975586 -10.14255142211914 -2.41094970703125 0.2
19.132600784301758 -10.051151275634766 -2.1941490173339844 0.2
19.274200439453125 -9.87295150756836 -2.1162490844726562 0.2
19.331899642944336 -9.68655014038086 -2.257049560546875 0.2
19.263700485229492 -9.536552429199219 -2.4414501190185547 0.2
19.09760093688965 -9.367450714111328 -2.46514892578125 0.2
19.00909996032715 -9.256450653076172 -2.267049789428711 0.2
18.924999237060547 -9.306949615478516 -2.0479488372802734 0.2
18.842899322509766 -9.526752471923828 -1.9971485137939453 0.2
18.86389923095703 -9.767951965332031 -2.048248291015625 0.2
19.02560043334961 -9.935749053955078 -2.001049041748047 0.2
19.188400268554688 -9.92074966430664 -1.8201484680175781 0.2
19.255599975585938 -9.79825210571289 -1.6180496215820312 0.2
19.165599822998047 -9.597652435302734 -1.528249740600586 0.2
19.02440071105957 -9.435649871826172 -1.6465492248535156 0.2
18.989200592041016 -9.277450561523438 -1.8271484375 0.2
19.15559959411621 -9.121849060058594 -1.8927497863769531 0.2
19.380701065063477 -9.072151184082031 -1.8063488006591797 0.2
19.568700790405273 -9.217849731445312 -1.808349609375 0.2
19.56559944152832 -9.459449768066406 -1.8458499908447266 0.2
19.48390007019043 -9.682350158691406 -1.792449951171875 0.2
19.469200134277344 -9.770950317382812 -1.5719490051269531 0.2
19.582300186157227 -9.70865249633789 -1.3624496459960938 0.2
19.75360107421875 -9.566650390625 -1.2659492492675781 0.2
19.845300674438477 -9.381752014160156 -1.3831501007080078 0.2
19.77720069885254 -9.232650756835938 -1.5682487487792969 0.2
19.62689971923828 -9.053451538085938 -1.622049331665039 0.2
19.554399490356445 -8.903251647949219 -1.4514484405517578 0.2
19.54840087890625 -8.889450073242188 -1.2097492218017578 0.2
19.45829963684082 -9.062450408935547 -1.0731487274169922 0.2
19.415700912475586 -9.303050994873047 -1.1081485748291016 0.2
19.51849937438965 -9.51784896850586 -1.130350112915039 0.2
19.727800369262695 -9.564350128173828 -1.0206489562988281 0.2
19.88170051574707 -9.475250244140625 -0.8501491546630859 0.2
19.891000747680664 -9.282352447509766 -0.7101497650146484 0.2
19.75119972229004 -9.089752197265625 -0.7484493255615234 0.2
19.646499633789062 -8.934951782226562 -0.9064483642578125 0.2
19.75010108947754 -8.785152435302734 -1.0584487915039062 0.2
19.986299514770508 -8.718551635742188 -1.0508499145507812 0.2
20.194000244140625 -8.830551147460938 -1.0740489959716797 0.2
20.204099655151367 -9.0677490234375 -1.1154499053955078 0.2
20.110200881958008 -9.291549682617188 -1.074249267578125 0.2
20.098499298095703 -9.417850494384766 -0.873748779296875 0.2
20.23979949951172 -9.388450622558594 -0.6771488189697266 0.2
20.440500259399414 -9.283050537109375 -0.5855484008789062 0.2
20.57550048828125 -9.115951538085938 -0.686248779296875 0.2
20.512300491333008 -8.962650299072266 -0.8669490814208984 0.2
20.370399475097656 -8.78554916381836 -0.9506492614746094 0.2
20.306900024414062 -8.601951599121094 -0.8158493041992188 0.2
20.375699996948242 -8.533649444580078 -0.5900497436523438 0.2
20.33329963684082 -8.644649505615234 -0.38484954833984375 0.2
20.244199752807617 -8.8697509765625 -0.3585491180419922 0.2
20.260000228881836 -9.107250213623047 -0.4019489288330078 0.2
20.461700439453125 -9.229850769042969 -0.3753490447998047 0.2
20.675800323486328 -9.183250427246094 -0.2639484405517578 0.2
20.79650115966797 -9.021049499511719 -0.13164901733398438 0.2
20.711200714111328 -8.801250457763672 -0.09964942932128906 0.2
20.563400268554688 -8.633949279785156 -0.20454978942871094 0.2
20.5757999420166 -8.4864501953125 -0.3910484313964844 0.2
20.786500930786133 -8.415149688720703 -0.4837493896484375 0.2
21.000499725341797 -8.50155258178711 -0.5458488464355469 0.2
21.02720069885254 -8.732952117919922 -0.5997486114501953 0.2
20.92220115661621 -8.950752258300781 -0.550048828125 0.2
20.89859962463379 -9.104850769042969 -0.3706493377685547 0.2
21.05940055847168 -9.11465072631836 -0.1907501220703125 0.2
21.285900115966797 -9.04574966430664 -0.12434959411621094 0.2
21.456300735473633 -8.91415023803711 -0.22664833068847656 0.2
21.412200927734375 -8.757652282714844 -0.4053497314453125 0.2
21.27090072631836 -8.583850860595703 -0.5035495758056641 0.2
21.209699630737305 -8.373748779296875 -0.41204833984375 0.2
21.331100463867188 -8.264751434326172 -0.2292499542236328 0.2
21.385601043701172 -8.314250946044922 -0.0035495758056640625 0.2
21.29400062561035 -8.508251190185547 0.10535049438476562 0.2
21.225799560546875 -8.743549346923828 0.08985137939453125 0.2
21.362300872802734 -8.933650970458984 0.0563507080078125 0.2
21.604700088500977 -8.94675064086914 0.08555030822753906 0.2
21.807199478149414 -8.831550598144531 0.15815162658691406 0.2
21.822200775146484 -8.6031494140625 0.2192516326904297 0.2
21.675899505615234 -8.40985107421875 0.17584991455078125 0.2
21.596799850463867 -8.254951477050781 0.010950088500976562 0.2
21.73750114440918 -8.185550689697266 -0.16954994201660156 0.2
21.93869972229004 -8.253849029541016 -0.2879486083984375 0.2
21.961299896240234 -8.477149963378906 -0.3650493621826172 0.2
21.85219955444336 -8.687252044677734 -0.2977485656738281 0.2
21.818201065063477 -8.853050231933594 -0.1271495819091797 0.2
21.990800857543945 -8.910152435302734 0.028650283813476562 0.2
22.235200881958008 -8.883750915527344 0.04115104675292969 0.2
22.420801162719727 -8.799049377441406 -0.08704948425292969 0.2
22.387399673461914 -8.646549224853516 -0.2686500549316406 0.2
22.242799758911133 -8.467052459716797 -0.35814857482910156 0.2
22.19849967956543 -8.239452362060547 -0.3002490997314453 0.2
22.35890007019043 -8.105152130126953 -0.1806488037109375 0.2
22.51740074157715 -8.122051239013672 -0.001949310302734375 0.2
22.48110008239746 -8.277751922607422 0.17584991455078125 0.2
22.363399505615234 -8.488948822021484 0.2263507843017578 0.2
22.388500213623047 -8.720050811767578 0.17995071411132812 0.2
22.602699279785156 -8.811752319335938 0.11045074462890625 0.2
22.84119987487793 -8.76205062866211 0.07715034484863281 0.2
22.96190071105957 -8.559051513671875 0.10195159912109375 0.2
22.87230110168457 -8.331550598144531 0.11535072326660156 0.2
22.747699737548828 -8.14725112915039 0.018550872802734375 0.2
22.76970100402832 -8.072452545166016 -0.2070484161376953 0.2
22.90530014038086 -8.14065170288086 -0.39894866943359375 0.2
22.889801025390625 -8.353851318359375 -0.5020484924316406 0.2
22.78059959411621 -8.550750732421875 -0.40474891662597656 0.2
22.743499755859375 -8.713851928710938 -0.22644996643066406 0.2
22.921300888061523 -8.823951721191406 -0.1116485595703125 0.2
23.15719985961914 -8.854751586914062 -0.1743488311767578 0.2
23.316499710083008 -8.825950622558594 -0.35614967346191406 0.2
23.280399322509766 -8.684551239013672 -0.5457496643066406 0.2
23.14750099182129 -8.482250213623047 -0.6007499694824219 0.2
23.124300003051758 -8.24515151977539 -0.5645484924316406 0.2
23.31599998474121 -8.105850219726562 -0.5235500335693359 0.2
23.550399780273438 -8.124649047851562 -0.45834922790527344 0.2
23.607799530029297 -8.260051727294922 -0.2709484100341797 0.2
23.497100830078125 -8.442352294921875 -0.14464950561523438 0.2
23.42609977722168 -8.672149658203125 -0.14334869384765625 0.2
23.541000366210938 -8.83645248413086 -0.2770500183105469 0.2
23.75200080871582 -8.859050750732422 -0.40434837341308594 0.2
23.944499969482422 -8.722949981689453 -0.45274925231933594 0.2
23.94379997253418 -8.481250762939453 -0.4246482849121094 0.2
23.832700729370117 -8.26095199584961 -0.4411487579345703 0.2
23.75860023498535 -8.138050079345703 -0.6325492858886719 0.2
23.824800491333008 -8.176151275634766 -0.8665485382080078 0.2
23.791900634765625 -8.36355209350586 -1.0106487274169922 0.2
23.68480110168457 -8.566349029541016 -0.9285488128662109 0.2
23.637399673461914 -8.729049682617188 -0.7468490600585938 0.2
23.776500701904297 -8.881549835205078 -0.6279487609863281 0.2
23.992599487304688 -8.962249755859375 -0.7120494842529297 0.2
24.13520050048828 -8.978649139404297 -0.9125499725341797 0.2
24.107200622558594 -8.86614990234375 -1.1218490600585938 0.2
23.991199493408203 -8.653949737548828 -1.1749496459960938 0.2
23.953399658203125 -8.412750244140625 -1.1521492004394531 0.2
24.125 -8.24515151977539 -1.1401500701904297 0.2
24.36910057067871 -8.256649017333984 -1.175149917602539 0.2
24.519800186157227 -8.383750915527344 -1.0408496856689453 0.2
24.457799911499023 -8.55514907836914 -0.8741493225097656 0.2
24.346200942993164 -8.759151458740234 -0.7937488555908203 0.2
24.350000381469727 -8.967948913574219 -0.9115486145019531 0.2
24.497499465942383 -9.049850463867188 -1.0932483673095703 0.2
24.697999954223633 -8.991352081298828 -1.2196483612060547 0.2
24.78860092163086 -8.768150329589844 -1.2253494262695312 0.2
24.7268009185791 -8.527851104736328 -1.1968498229980469 0.2
24.612600326538086 -8.341949462890625 -1.3009490966796875 0.2
24.590299606323242 -8.328250885009766 -1.5438499450683594 0.2
24.558300018310547 -8.473651885986328 -1.7352485656738281 0.2
24.440401077270508 -8.680648803710938 -1.6971492767333984 0.2
24.384300231933594 -8.844749450683594 -1.516448974609375 0.2
24.46809959411621 -9.02035140991211 -1.3730487823486328 0.2
24.66390037536621 -9.149749755859375 -1.437448501586914 0.2
24.790300369262695 -9.20505142211914 -1.6441497802734375 0.2
24.77320098876953 -9.141551971435547 -1.877248764038086 0.2
24.66900062561035 -8.931949615478516 -1.9515495300292969 0.2
24.613399505615234 -8.689449310302734 -1.9313488006591797 0.2
24.746299743652344 -8.487751007080078 -1.9335498809814453 0.2
24.969600677490234 -8.472450256347656 -2.036348342895508 0.2
25.17500114440918 -8.593250274658203 -2.0049495697021484 0.2
25.19420051574707 -8.763450622558594 -1.8299484252929688 0.2
25.097900390625 -8.940650939941406 -1.6819496154785156 0.2
25.01099967956543 -9.161849975585938 -1.7143497467041016 0.2
25.061599731445312 -9.297050476074219 -1.915048599243164 0.2
25.21179962158203 -9.31235122680664 -2.111848831176758 0.2
25.361499786376953 -9.141250610351562 -2.1899490356445312 0.2
25.36720085144043 -8.893451690673828 -2.1588497161865234 0.2
25.281200408935547 -8.66415023803711 -2.183948516845703 0.2
25.17150115966797 -8.580951690673828 -2.3823490142822266 0.2
