-19.390499114990234 8.22665023803711 3.1418514251708984 0.2
-19.424400329589844 8.434547424316406 3.109050750732422 0.2
-19.538999557495117 8.617748260498047 3.1193504333496094 0.2
-19.68739891052246 8.75455093383789 3.191150665283203 0.2
-19.813199996948242 8.751750946044922 3.3575515747070312 0.2
-19.785799026489258 8.621448516845703 3.5197505950927734 0.2
-19.627500534057617 8.522449493408203 3.626750946044922 0.2
-19.448999404907227 8.470050811767578 3.738851547241211 0.2
-19.270000457763672 8.361351013183594 3.7591514587402344 0.2
-19.175100326538086 8.246047973632812 3.6095504760742188 0.2
-19.194299697875977 8.139049530029297 3.424051284790039 0.2
-19.317899703979492 7.988849639892578 3.344350814819336 0.2
-19.43199920654297 7.847949981689453 3.451650619506836 0.2
-19.475200653076172 7.7740478515625 3.663249969482422 0.2
-19.56529998779297 7.868648529052734 3.8435516357421875 0.2
-19.66629981994629 8.074748992919922 3.8500499725341797 0.2
-19.65089988708496 8.29384994506836 3.840150833129883 0.2
-19.464799880981445 8.35165023803711 3.9389514923095703 0.2
-19.329198837280273 8.23685073852539 4.084951400756836 0.2
-19.28619956970215 8.030948638916016 4.158750534057617 0.2
-19.370500564575195 7.849147796630859 4.058950424194336 0.2
-19.354299545288086 7.723148345947266 3.8794498443603516 0.2
-19.146499633789062 7.694950103759766 3.7991504669189453 0.2
-18.921998977661133 7.733448028564453 3.793651580810547 0.2
-18.82939910888672 7.930450439453125 3.765850067138672 0.2
-18.910099029541016 8.142547607421875 3.7815513610839844 0.2
-19.041500091552734 8.26824951171875 3.9096508026123047 0.2
-19.086999893188477 8.192848205566406 4.1076507568359375 0.2
-19.013500213623047 8.01865005493164 4.2409515380859375 0.2
-18.899799346923828 7.8869476318359375 4.388551712036133 0.2
-18.738800048828125 7.808250427246094 4.529750823974609 0.2
-18.54559898376465 7.704750061035156 4.502349853515625 0.2
-18.522199630737305 7.582248687744141 4.3193511962890625 0.2
-18.656999588012695 7.479450225830078 4.167051315307617 0.2
-18.829599380493164 7.342548370361328 4.182849884033203 0.2
-18.882400512695312 7.214149475097656 4.364250183105469 0.2
-18.88399887084961 7.150848388671875 4.581451416015625 0.2
-18.913400650024414 7.298450469970703 4.742851257324219 0.2
-18.94420051574707 7.523651123046875 4.715551376342773 0.2
-18.82149887084961 7.706050872802734 4.717250823974609 0.2
-18.60059928894043 7.730949401855469 4.766550064086914 0.2
-18.4281005859375 7.637348175048828 4.874750137329102 0.2
-18.456998825073242 7.458148956298828 4.999050140380859 0.2
-18.6382999420166 7.345550537109375 4.938150405883789 0.2
-18.722999572753906 7.210048675537109 4.782751083374023 0.2
-18.608699798583984 7.026050567626953 4.726449966430664 0.2
-18.39780044555664 6.939949035644531 4.699350357055664 0.2
-18.211999893188477 7.0451507568359375 4.640350341796875 0.2
-18.149599075317383 7.262950897216797 4.610151290893555 0.2
-18.169898986816406 7.463848114013672 4.704250335693359 0.2
-18.225399017333984 7.466850280761719 4.914649963378906 0.2
-18.24959945678711 7.292549133300781 5.06355094909668 0.2
-18.247600555419922 7.162448883056641 5.248050689697266 0.2
-18.114200592041016 7.14434814453125 5.424551010131836 0.2
-17.897899627685547 7.150150299072266 5.392351150512695 0.2
-17.82509994506836 7.110847473144531 5.187250137329102 0.2
-17.912799835205078 7.037750244140625 4.990150451660156 0.2
-18.06529998779297 6.9064483642578125 4.8912506103515625 0.2
-18.15559959411621 6.725650787353516 4.964151382446289 0.2
-18.15920066833496 6.5704498291015625 5.114950180053711 0.2
-18.230499267578125 6.562549591064453 5.312450408935547 0.2
-18.26409912109375 6.742149353027344 5.422950744628906 0.2
-18.19029998779297 6.928550720214844 5.494150161743164 0.2
-18.011098861694336 6.936347961425781 5.6029510498046875 0.2
-17.8966007232666 6.802650451660156 5.725151062011719 0.2
-17.9237003326416 6.647548675537109 5.874351501464844 0.2
-18.055999755859375 6.491847991943359 5.851650238037109 0.2
-18.15719985961914 6.481849670410156 5.6672515869140625 0.2
-18.135900497436523 6.489349365234375 5.453950881958008 0.2
-18.020599365234375 6.362751007080078 5.327751159667969 0.2
-17.842300415039062 6.239048004150391 5.324850082397461 0.2
-17.641399383544922 6.288249969482422 5.350551605224609 0.2
-17.576398849487305 6.471050262451172 5.432950973510742 0.2
-17.642398834228516 6.636249542236328 5.554250717163086 0.2
-17.70669937133789 6.685150146484375 5.748250961303711 0.2
-17.72909927368164 6.580448150634766 5.93494987487793 0.2
-17.715999603271484 6.421348571777344 6.07965087890625 0.2
-17.583099365234375 6.262248992919922 6.097051620483398 0.2
-17.474300384521484 6.187549591064453 5.932451248168945 0.2
-17.48200035095215 6.1656494140625 5.718650817871094 0.2
-17.602100372314453 6.062450408935547 5.582950592041016 0.2
-17.702899932861328 5.886749267578125 5.638750076293945 0.2
-17.78569984436035 5.746547698974609 5.794450759887695 0.2
-17.949298858642578 5.774547576904297 5.941249847412109 0.2
-18.055299758911133 5.971248626708984 5.944850921630859 0.2
-18.026100158691406 6.190547943115234 5.89015007019043 0.2
-17.933399200439453 6.338050842285156 6.020151138305664 0.2
-17.91429901123047 6.274150848388672 6.233850479125977 0.2
-17.982999801635742 6.1080474853515625 6.376350402832031 0.2
-18.052900314331055 5.894248962402344 6.394050598144531 0.2
-18.113698959350586 5.673347473144531 6.380149841308594 0.2
-18.12529945373535 5.45574951171875 6.451351165771484 0.2
-17.973499298095703 5.294750213623047 6.444250106811523 0.2
-17.766698837280273 5.356849670410156 6.407451629638672 0.2
-17.65719985961914 5.539649963378906 6.369850158691406 0.2
-17.6023006439209 5.7469482421875 6.338651657104492 0.2
-17.622600555419922 5.9602508544921875 6.342050552368164 0.2
-17.76249885559082 6.080650329589844 6.43895149230957 0.2
-17.90329933166504 6.009651184082031 6.5852508544921875 0.2
-18.007299423217773 5.878849029541016 6.723850250244141 0.2
-18.091699600219727 5.735950469970703 6.864250183105469 0.2
-18.051898956298828 5.561347961425781 6.97545051574707 0.2
-17.902999877929688 5.415348052978516 6.929851531982422 0.2
-17.811500549316406 5.300048828125 6.773750305175781 0.2
-17.905000686645508 5.184848785400391 6.624950408935547 0.2
-18.098800659179688 5.074150085449219 6.625949859619141 0.2
-18.31519889831543 5.114849090576172 6.63385009765625 0.2
-18.385099411010742 5.3233489990234375 6.579050064086914 0.2
-18.3164005279541 5.541648864746094 6.596151351928711 0.2
-18.29159927368164 5.654048919677734 6.784450531005859 0.2
-18.385099411010742 5.570350646972656 6.973451614379883 0.2
-18.539600372314453 5.417049407958984 7.054449081420898 0.2
-18.688798904418945 5.262149810791016 6.987751007080078 0.2
-18.662199020385742 5.1636505126953125 6.786550521850586 0.2
-18.512100219726562 5.064250946044922 6.64215087890625 0.2
-18.39029884338379 4.87554931640625 6.674650192260742 0.2
-18.36509895324707 4.718650817871094 6.8446502685546875 0.2
-18.28179931640625 4.7626495361328125 7.059450149536133 0.2
-18.25160026550293 4.993049621582031 7.13115119934082 0.2
-18.352800369262695 5.211650848388672 7.151651382446289 0.2
-18.57539939880371 5.23175048828125 7.232950210571289 0.2
-18.738300323486328 5.074348449707031 7.332052230834961 0.2
-18.75619888305664 4.858551025390625 7.439050674438477 0.2
-18.585599899291992 4.696849822998047 7.394651412963867 0.2
-18.444398880004883 4.619049072265625 7.207849502563477 0.2
-18.518999099731445 4.4947509765625 7.020450592041016 0.2
-18.71820068359375 4.34735107421875 7.013551712036133 0.2
-18.94999885559082 4.402149200439453 7.006750106811523 0.2
-19.000999450683594 4.639049530029297 7.00105094909668 0.2
-18.939800262451172 4.854949951171875 7.10004997253418 0.2
-18.975399017333984 4.892650604248047 7.330850601196289 0.2
-19.12419891357422 4.745349884033203 7.460050582885742 0.2
-19.300199508666992 4.572650909423828 7.447351455688477 0.2
-19.351600646972656 4.434650421142578 7.258451461791992 0.2
-19.204700469970703 4.343650817871094 7.080350875854492 0.2
-19.02750015258789 4.181648254394531 7.030651092529297 0.2
-19.035999298095703 3.946949005126953 7.089651107788086 0.2
-19.104000091552734 3.8040504455566406 7.270849227905273 0.2
-19.06209945678711 3.9063491821289062 7.483850479125977 0.2
-19.0310001373291 4.146247863769531 7.548250198364258 0.2
-19.114299774169922 4.375148773193359 7.574552536010742 0.2
-19.351499557495117 4.399547576904297 7.61345100402832 0.2
-19.532899856567383 4.2395477294921875 7.679449081420898 0.2
-19.56089973449707 4.010250091552734 7.76045036315918 0.2
-19.409799575805664 3.8233489990234375 7.714052200317383 0.2
-19.263599395751953 3.7129478454589844 7.542551040649414 0.2
-19.297199249267578 3.591350555419922 7.334249496459961 0.2
-19.493200302124023 3.4377479553222656 7.29115104675293 0.2
-19.724699020385742 3.4861488342285156 7.263051986694336 0.2
-19.769800186157227 3.7281494140625 7.276052474975586 0.2
-19.71190071105957 3.9566497802734375 7.368650436401367 0.2
-19.74049949645996 4.047847747802734 7.59105110168457 0.2
-19.906099319458008 3.9350509643554688 7.737051010131836 0.2
-20.09910011291504 3.777050018310547 7.724649429321289 0.2
-20.167699813842773 3.6327476501464844 7.538351058959961 0.2
-20.03369903564453 3.506549835205078 7.364850997924805 0.2
-19.86639976501465 3.333648681640625 7.294050216674805 0.2
-19.8710994720459 3.0944480895996094 7.34935188293457 0.2
-20.003599166870117 2.9332504272460938 7.488752365112305 0.2
-20.00349998474121 3.0042495727539062 7.720048904418945 0.2
-19.963699340820312 3.2347488403320312 7.819849014282227 0.2
-19.98430061340332 3.482349395751953 7.862249374389648 0.2
-20.19719886779785 3.6004486083984375 7.85725212097168 0.2
-20.42530059814453 3.4937477111816406 7.888051986694336 0.2
-20.53339958190918 3.2809486389160156 7.960851669311523 0.2
-20.429899215698242 3.0569496154785156 7.943449020385742 0.2
-20.26930046081543 2.9069480895996094 7.813749313354492 0.2
-20.206298828125 2.7821502685546875 7.606851577758789 0.2
-20.367599487304688 2.6611480712890625 7.462652206420898 0.2
-20.60689926147461 2.6720504760742188 7.408651351928711 0.2
-20.679698944091797 2.9099502563476562 7.409551620483398 0.2
-20.621999740600586 3.1399497985839844 7.508951187133789 0.2
-20.617399215698242 3.3134498596191406 7.690752029418945 0.2
-20.790699005126953 3.2837486267089844 7.866052627563477 0.2
-21.019899368286133 3.1693496704101562 7.862051010131836 0.2
-21.145599365234375 3.0498504638671875 7.682950973510742 0.2
-21.048599243164062 2.8962478637695312 7.50615119934082 0.2
-20.89080047607422 2.7238502502441406 7.396749496459961 0.2
-20.82069969177246 2.4831504821777344 7.405752182006836 0.2
-20.994298934936523 2.2957496643066406 7.451452255249023 0.2
-21.136699676513672 2.263347625732422 7.647550582885742 0.2
-21.11639976501465 2.44635009765625 7.822649002075195 0.2
-21.0664005279541 2.678050994873047 7.922952651977539 0.2
-21.12969970703125 2.91925048828125 7.942350387573242 0.2
-21.367700576782227 2.975749969482422 7.885049819946289 0.2
-21.590499877929688 2.8498497009277344 7.882150650024414 0.2
-21.634599685668945 2.6039505004882812 7.899148941040039 0.2
-21.507400512695312 2.3962478637695312 7.817750930786133 0.2
-21.372299194335938 2.2215499877929688 7.685850143432617 0.2
-21.38559913635254 2.1193504333496094 7.457952499389648 0.2
-21.60759925842285 2.095550537109375 7.321149826049805 0.2
-21.714500427246094 2.3100509643554688 7.254049301147461 0.2
-21.663000106811523 2.5409507751464844 7.366350173950195 0.2
-21.61199951171875 2.7467498779296875 7.520650863647461 0.2
-21.73270034790039 2.847949981689453 7.715051651000977 0.2
-21.98859977722168 2.8138504028320312 7.721551895141602 0.2
-22.170799255371094 2.7589492797851562 7.549249649047852 0.2
-22.130399703979492 2.614349365234375 7.34425163269043 0.2
-22.001800537109375 2.4111480712890625 7.240549087524414 0.2
-21.908599853515625 2.175048828125 7.184450149536133 0.2
-22.036399841308594 1.9583511352539062 7.192350387573242 0.2
-22.287399291992188 1.913848876953125 7.228151321411133 0.2
-22.369800567626953 2.020648956298828 7.429250717163086 0.2
-22.321300506591797 2.2130508422851562 7.572649002075195 0.2
-22.271900177001953 2.423450469970703 7.687650680541992 0.2
-22.327899932861328 2.653148651123047 7.656049728393555 0.2
-22.532499313354492 2.71875 7.541051864624023 0.2
-22.75309944152832 2.6298484802246094 7.490049362182617 0.2
-22.80889892578125 2.396148681640625 7.476449966430664 0.2
-22.713899612426758 2.180950164794922 7.405649185180664 0.2
-22.606698989868164 1.9830474853515625 7.306852340698242 0.2
-22.568099975585938 1.878448486328125 7.092752456665039 0.2
-22.738500595092773 1.8715476989746094 6.91765022277832 0.2
-22.88129997253418 2.0109481811523438 6.787351608276367 0.2
-22.840099334716797 2.2477493286132812 6.827850341796875 0.2
-22.77239990234375 2.4336509704589844 6.975151062011719 0.2
-22.735599517822266 2.613750457763672 7.14055061340332 0.2
-22.894699096679688 2.718151092529297 7.286951065063477 0.2
-23.130300521850586 2.7490501403808594 7.223649978637695 0.2
-23.263500213623047 2.7473487854003906 7.019950866699219 0.2
-23.21500015258789 2.6040496826171875 6.829151153564453 0.2
-23.127899169921875 2.388347625732422 6.744350433349609 0.2
-23.064498901367188 2.157550811767578 6.6784515380859375 0.2
-23.192800521850586 1.9545478820800781 6.661951065063477 0.2
-23.43739891052246 1.9607505798339844 6.596851348876953 0.2
-23.614299774169922 2.050647735595703 6.734750747680664 0.2
-23.58769989013672 2.2215499877929688 6.914850234985352 0.2
-23.521699905395508 2.4065475463867188 7.068449020385742 0.2
-23.475799560546875 2.6424484252929688 7.115350723266602 0.2
-23.592899322509766 2.8102493286132812 6.979850769042969 0.2
-23.8174991607666 2.8227500915527344 6.870750427246094 0.2
-23.96500015258789 2.63385009765625 6.833950042724609 0.2
-23.92300033569336 2.3969497680664062 6.766950607299805 0.2
-23.84709930419922 2.1760482788085938 6.677650451660156 0.2
-23.78179931640625 2.0475502014160156 6.480350494384766 0.2
-23.90530014038086 2.0891494750976562 6.272951126098633 0.2
-24.087400436401367 2.1841506958007812 6.145351409912109 0.2
-24.08180046081543 2.40374755859375 6.076850891113281 0.2
-24.001998901367188 2.5897483825683594 6.200050354003906 0.2
-23.93000030517578 2.7496490478515625 6.357851028442383 0.2
-23.950698852539062 2.902050018310547 6.534049987792969 0.2
-24.152700424194336 3.007049560546875 6.574451446533203 0.2
-24.3262996673584 3.084949493408203 6.435251235961914 0.2
-24.354700088500977 3.0702476501464844 6.207151412963867 0.2
-24.29789924621582 2.886150360107422 6.073450088500977 0.2
-24.24810028076172 2.6683502197265625 6.000949859619141 0.2
-24.26059913635254 2.4406509399414062 5.94365119934082 0.2
-24.45400047302246 2.3373489379882812 5.878351211547852 0.2
-24.6427001953125 2.429149627685547 5.745550155639648 0.2
-24.846799850463867 2.5444488525390625 5.803550720214844 0.2
-24.85569953918457 2.6879501342773438 6.003450393676758 0.2
-24.783199310302734 2.8384475708007812 6.186349868774414 0.2
-24.690000534057617 3.0345497131347656 6.302450180053711 0.2
-24.689199447631836 3.2538490295410156 6.198251724243164 0.2
-24.851499557495117 3.3658485412597656 6.045751571655273 0.2
-25.0580997467041 3.2838478088378906 5.951450347900391 0.2
-25.096899032592773 3.051849365234375 5.878351211547852 0.2
-25.06439971923828 2.820148468017578 5.797250747680664 0.2
-24.99519920349121 2.6424484252929688 5.643251419067383 0.2
-24.999099731445312 2.6854476928710938 5.409749984741211 0.2
-25.075698852539062 2.8503494262695312 5.257150650024414 0.2
-24.976999282836914 3.0573501586914062 5.259950637817383 0.2
-24.891399383544922 3.195751190185547 5.430749893188477 0.2
-24.827499389648438 3.320049285888672 5.620349884033203 0.2
-24.888099670410156 3.4667510986328125 5.78795051574707 0.2
-25.055999755859375 3.621448516845703 5.753850936889648 0.2
-25.141399383544922 3.7460479736328125 5.575050354003906 0.2
-25.099899291992188 3.7179489135742188 5.351449966430664 0.2
-25.067899703979492 3.5186500549316406 5.2326507568359375 0.2
-25.05889892578125 3.297748565673828 5.154050827026367 0.2
-25.147199630737305 3.1003494262695312 5.069551467895508 0.2
-25.3341007232666 3.1227493286132812 4.927949905395508 0.2
-25.50749969482422 3.3061485290527344 4.8605499267578125 0.2
-25.583099365234375 3.453948974609375 5.054250717163086 0.2
-25.52680015563965 3.5721511840820312 5.2810516357421875 0.2
-25.42059898376465 3.724048614501953 5.461750030517578 0.2
-25.310298919677734 3.945049285888672 5.410051345825195 0.2
-25.377399444580078 4.122947692871094 5.2297515869140625 0.2
-25.564699172973633 4.120250701904297 5.05885124206543 0.2
-25.645599365234375 3.8999481201171875 4.948850631713867 0.2
-25.656599044799805 3.658050537109375 4.853450775146484 0.2
-25.570999145507812 3.4980506896972656 4.676750183105469 0.2
-25.50899887084961 3.6029510498046875 4.466150283813477 0.2
-25.41950035095215 3.807849884033203 4.382650375366211 0.2
-25.28660011291504 3.949848175048828 4.527151107788086 0.2
-25.23419952392578 4.046550750732422 4.746150970458984 0.2
-25.242399215698242 4.173347473144531 4.954050064086914 0.2
-25.365798950195312 4.374050140380859 4.99165153503418 0.2
-25.40920066833496 4.563648223876953 4.844551086425781 0.2
-25.33329963684082 4.634548187255859 4.629251480102539 0.2
-25.272300720214844 4.470348358154297 4.46565055847168 0.2
-25.29199981689453 4.243648529052734 4.377349853515625 0.2
-25.365299224853516 4.0343475341796875 4.276651382446289 0.2
-25.541399002075195 4.021747589111328 4.118350982666016 0.2
-25.60930061340332 4.229949951171875 3.9726505279541016 0.2
-25.731399536132812 4.430747985839844 4.060150146484375 0.2
-25.734399795532227 4.536350250244141 4.297050476074219 0.2
-25.676198959350586 4.632648468017578 4.5310516357421875 0.2
-25.511499404907227 4.797649383544922 4.62135124206543 0.2
-25.430099487304688 5.006050109863281 4.494251251220703 0.2
-25.503398895263672 5.149650573730469 4.296850204467773 0.2
-25.64859962463379 5.042049407958984 4.124151229858398 0.2
-25.712099075317383 4.813350677490234 4.019651412963867 0.2
-25.705299377441406 4.589649200439453 3.8942508697509766 0.2
-25.548900604248047 4.556449890136719 3.706350326538086 0.2
-25.432600021362305 4.7503509521484375 3.5805511474609375 0.2
-25.249300003051758 4.882049560546875 3.684450149536133 0.2
-25.20039939880371 4.956550598144531 3.925050735473633 0.2
-25.21269989013672 5.051750183105469 4.16254997253418 0.2
-25.305200576782227 5.264747619628906 4.251550674438477 0.2
-25.300100326538086 5.4895477294921875 4.135051727294922 0.2
-25.176300048828125 5.597850799560547 3.9453506469726562 0.2
-25.082300186157227 5.450450897216797 3.770151138305664 0.2
-25.119699478149414 5.217948913574219 3.668550491333008 0.2
-25.22800064086914 5.030448913574219 3.5363502502441406 0.2
-25.35930061340332 5.097949981689453 3.3440513610839844 0.2
-25.36750030517578 5.335350036621094 3.2421512603759766 0.2
-25.469799041748047 5.523250579833984 3.3660507202148438 0.2
-25.502599716186523 5.595550537109375 3.609050750732422 0.2
-25.444599151611328 5.670249938964844 3.8423500061035156 0.2
-25.258800506591797 5.8197479248046875 3.904451370239258 0.2
-25.1476993560791 6.012950897216797 3.7821502685546875 0.2
-25.175199508666992 6.126750946044922 3.564350128173828 0.2
-25.287700653076172 6.001350402832031 3.3819503784179688 0.2
-25.363300323486328 5.786750793457031 3.2680511474609375 0.2
-25.28689956665039 5.588951110839844 3.142850875854492 0.2
-25.074399948120117 5.628047943115234 3.031949996948242 0.2
-24.882999420166016 5.7823486328125 3.0550498962402344 0.2
-24.779199600219727 5.839748382568359 3.2734508514404297 0.2
-24.82499885559082 5.897850036621094 3.516550064086914 0.2
-24.915300369262695 6.062747955322266 3.6753501892089844 0.2
-24.909799575805664 6.306449890136719 3.636251449584961 0.2
-24.770198822021484 6.477748870849609 3.5157508850097656 0.2
-24.58609962463379 6.438751220703125 3.363250732421875 0.2
-24.566598892211914 6.219551086425781 3.2484512329101562 0.2
-24.65369987487793 6.013248443603516 3.133150100708008 0.2
-24.783599853515625 6.001548767089844 2.9296512603759766 0.2
-24.748300552368164 6.203350067138672 2.785449981689453 0.2
-24.795000076293945 6.440151214599609 2.8033504486083984 0.2
-24.90369987487793 6.5480499267578125 2.9980506896972656 0.2
-24.927799224853516 6.592048645019531 3.2426509857177734 0.2
-24.770198822021484 6.690349578857422 3.3983516693115234 0.2
-24.589799880981445 6.856250762939453 3.3589515686035156 0.2
-24.492599487304688 7.003749847412109 3.1878509521484375 0.2
-24.550498962402344 6.971050262451172 2.957151412963867 0.2
-24.653799057006836 6.788047790527344 2.820850372314453 0.2
-24.635299682617188 6.567249298095703 2.7202510833740234 0.2
-24.412799835205078 6.5014495849609375 2.6754512786865234 0.2
-24.201398849487305 6.629447937011719 2.7126502990722656 0.2
-24.09869956970215 6.672149658203125 2.9283504486083984 0.2
-24.180999755859375 6.709949493408203 3.1595516204833984 0.2
-24.291900634765625 6.871250152587891 3.301351547241211 0.2
-24.255699157714844 7.110050201416016 3.28125 0.2
-24.078800201416016 7.269950866699219 3.2119503021240234 0.2
-23.861499786376953 7.250949859619141 3.1129512786865234 0.2
-23.814800262451172 7.035247802734375 3.018251419067383 0.2
-23.923900604248047 6.844448089599609 2.9042510986328125 0.2
-24.012100219726562 6.849250793457031 2.6819515228271484 0.2
-23.922100067138672 7.020149230957031 2.535951614379883 0.2
-23.911699295043945 7.2579498291015625 2.518350601196289 0.2
-24.050498962402344 7.3930511474609375 2.6613502502441406 0.2
-24.122299194335938 7.421649932861328 2.8929500579833984 0.2
-23.97570037841797 7.482250213623047 3.0680503845214844 0.2
-23.76289939880371 7.605648040771484 3.057950973510742 0.2
-23.604700088500977 7.727649688720703 2.9196510314941406 0.2
-23.618799209594727 7.7142486572265625 2.6849498748779297 0.2
-23.729999542236328 7.554347991943359 2.5344505310058594 0.2
-23.6875 7.332950592041016 2.4609508514404297 0.2
-23.458799362182617 7.2673492431640625 2.452350616455078 0.2
-23.244800567626953 7.335548400878906 2.5385513305664062 0.2
-23.20680046081543 7.342948913574219 2.7737503051757812 0.2
-23.35879898071289 7.365047454833984 2.965351104736328 0.2
-23.47909927368164 7.5406494140625 3.0657501220703125 0.2
-23.386499404907227 7.762550354003906 3.0434513092041016 0.2
-23.180299758911133 7.892047882080078 3.018251419067383 0.2
-22.959999084472656 7.828350067138672 2.961750030517578 0.2
-22.954898834228516 7.612049102783203 2.8713512420654297 0.2
-23.060199737548828 7.499347686767578 2.689950942993164 0.2
-23.002199172973633 7.572048187255859 2.471851348876953 0.2
-22.892499923706055 7.751949310302734 2.3763504028320312 0.2
-22.94059944152832 7.96624755859375 2.37445068359375 0.2
-23.09950065612793 8.05794906616211 2.5079517364501953 0.2
-23.17650032043457 8.065250396728516 2.7197513580322266 0.2
-23.032699584960938 8.071647644042969 2.884950637817383 0.2
-22.80929946899414 8.127750396728516 2.8965511322021484 0.2
-22.604799270629883 8.209247589111328 2.829151153564453 0.2
-22.504600524902344 8.223548889160156 2.6335506439208984 0.2
-22.567100524902344 8.132450103759766 2.4343509674072266 0.2
-22.607099533081055 7.940349578857422 2.3275508880615234 0.2
-22.49009895324707 7.758049011230469 2.3705501556396484 0.2
-22.317298889160156 7.689548492431641 2.490449905395508 0.2
-22.259899139404297 7.6813507080078125 2.6931514739990234 0.2
-22.379199981689453 7.745849609375 2.858051300048828 0.2
-22.549699783325195 7.8486480712890625 2.9383506774902344 0.2
-22.55419921875 8.051448822021484 2.973550796508789 0.2
-22.38559913635254 8.187950134277344 2.971050262451172 0.2
-22.17490005493164 8.229248046875 2.975351333618164 0.2
-22.007200241088867 8.119049072265625 2.9206504821777344 0.2
-22.034900665283203 7.926349639892578 2.8382511138916016 0.2
-22.112499237060547 7.80474853515625 2.6824512481689453 0.2
-22.13949966430664 7.86724853515625 2.4819507598876953 0.2
-22.060998916625977 8.030548095703125 2.363950729370117 0.2
-22.040800094604492 8.244247436523438 2.3359508514404297 0.2
-22.169599533081055 8.385848999023438 2.4485511779785156 0.2
-22.275400161743164 8.411148071289062 2.646951675415039 0.2
-22.18910026550293 8.399848937988281 2.8452510833740234 0.2
-21.966999053955078 8.414749145507812 2.9000511169433594 0.2
-21.7716007232666 8.520347595214844 2.953451156616211 0.2
-21.59309959411621 8.644950866699219 2.9100513458251953 0.2
-21.517200469970703 8.667850494384766 2.706350326538086 0.2
-21.546600341796875 8.563850402832031 2.506450653076172 0.2
-21.449399948120117 8.39474868774414 2.404550552368164 0.2
-21.230899810791016 8.34054946899414 2.4078502655029297 0.2
-21.034700393676758 8.306949615478516 2.521251678466797 0.2
-20.99810028076172 8.260250091552734 2.7493515014648438 0.2
-21.146299362182617 8.250450134277344 2.940549850463867 0.2
-21.351200103759766 8.239749908447266 3.0710506439208984 0.2
-21.523700714111328 8.386947631835938 3.1248512268066406 0.2
-21.466299057006836 8.60354995727539 3.068349838256836 0.2
-21.24049949645996 8.66244888305664 3.0091514587402344 0.2
-21.03299903869629 8.583351135253906 2.9228515625 0.2
-20.956100463867188 8.471847534179688 2.720050811767578 0.2
-20.786699295043945 8.532150268554688 2.570751190185547 0.2
-20.572999954223633 8.646148681640625 2.5918502807617188 0.2
-20.505300521850586 8.828548431396484 2.6822509765625 0.2
-20.62150001525879 8.976348876953125 2.782550811767578 0.2
-20.80030059814453 9.052349090576172 2.8777503967285156 0.2
-20.976900100708008 9.018848419189453 2.9927501678466797 0.2
-21.027599334716797 8.838550567626953 3.0834503173828125 0.2
-20.88759994506836 8.68124771118164 3.072450637817383 0.2
-20.67460060119629 8.664249420166016 3.0457515716552734 0.2
-20.48069953918457 8.735450744628906 3.113750457763672 0.2
-20.276399612426758 8.78664779663086 3.145650863647461 0.2
-20.122900009155273 8.739547729492188 3.0096511840820312 0.2
-20.09619903564453 8.621749877929688 2.830150604248047 0.2
-20.1072998046875 8.417648315429688 2.7834510803222656 0.2
-20.104999542236328 8.2364501953125 2.903951644897461 0.2
-20.1466007232666 8.136650085449219 3.089151382446289 0.2
-20.244400024414062 8.194747924804688 3.2715511322021484 0.2
-20.37540054321289 8.346649169921875 3.354249954223633 0.2
-20.445499420166016 8.547050476074219 3.362550735473633 0.2
-20.31130027770996 8.70364761352539 3.3451499938964844 0.2
-20.10249900817871 8.66415023803711 3.354450225830078 0.2
-19.964399337768555 8.50844955444336 3.417449951171875 0.2
-19.904699325561523 8.304550170898438 3.3824501037597656 0.2
-19.78019905090332 8.141048431396484 3.321451187133789 0.2
-19.585599899291992 8.074748992919922 3.254650115966797 0.2
-19.416900634765625 8.163047790527344 3.166250228881836 0.2
