-14.09000015258789 1.8830490112304688 -1.8092498779296875 0.2
-14.15679931640625 1.8410491943359375 -1.9754486083984375 0.2
-14.234600067138672 1.7303504943847656 -2.1000499725341797 0.2
-14.31399917602539 1.5698509216308594 -2.0532493591308594 0.2
-14.385900497436523 1.5006484985351562 -1.8968486785888672 0.2
-14.454000473022461 1.4659500122070312 -1.729848861694336 0.2
-14.535600662231445 1.4412498474121094 -1.5667495727539062 0.2
-14.690000534057617 1.4610481262207031 -1.4662494659423828 0.2
-14.858600616455078 1.4851493835449219 -1.539449691772461 0.2
-14.947099685668945 1.4507484436035156 -1.6982498168945312 0.2
-14.935800552368164 1.3748512268066406 -1.8668498992919922 0.2
-14.804300308227539 1.3480491638183594 -1.9951496124267578 0.2
-14.653299331665039 1.3993492126464844 -2.089550018310547 0.2
-14.506898880004883 1.4673500061035156 -2.17864990234375 0.2
-14.381500244140625 1.5647506713867188 -2.2738494873046875 0.2
-14.356800079345703 1.6983489990234375 -2.3993492126464844 0.2
-14.4375 1.75885009765625 -2.5611495971679688 0.2
-14.54789924621582 1.7044486999511719 -2.7108497619628906 0.2
-14.650999069213867 1.5397491455078125 -2.7114486694335938 0.2
-14.731199264526367 1.4432487487792969 -2.5629501342773438 0.2
-14.805299758911133 1.3860511779785156 -2.3941497802734375 0.2
-14.888299942016602 1.3382492065429688 -2.2250499725341797 0.2
-15.036600112915039 1.3532485961914062 -2.099149703979492 0.2
-15.216499328613281 1.40155029296875 -2.1558494567871094 0.2
-15.320999145507812 1.3840484619140625 -2.319448471069336 0.2
-15.290699005126953 1.3210487365722656 -2.5006484985351562 0.2
-15.143499374389648 1.330047607421875 -2.6288490295410156 0.2
-14.989500045776367 1.3942489624023438 -2.726348876953125 0.2
-14.838800430297852 1.4695510864257812 -2.8205490112304688 0.2
-14.725799560546875 1.59844970703125 -2.9140491485595703 0.2
-14.756099700927734 1.745849609375 -3.035848617553711 0.2
-14.883699417114258 1.7817497253417969 -3.1908493041992188 0.2
-15.022600173950195 1.6628494262695312 -3.2791500091552734 0.2
-15.121200561523438 1.5173492431640625 -3.1740493774414062 0.2
-15.201299667358398 1.4319496154785156 -3.0078487396240234 0.2
-15.282999038696289 1.356048583984375 -2.838449478149414 0.2
-15.40410041809082 1.3337478637695312 -2.675149917602539 0.2
-15.59119987487793 1.4108505249023438 -2.654949188232422 0.2
-15.734100341796875 1.4420509338378906 -2.797649383544922 0.2
-15.74530029296875 1.4041481018066406 -2.9966487884521484 0.2
-15.603500366210938 1.4134483337402344 -3.1440486907958984 0.2
-15.441499710083008 1.4782485961914062 -3.2467498779296875 0.2
-15.281299591064453 1.5540504455566406 -3.344348907470703 0.2
-15.155899047851562 1.6904487609863281 -3.430948257446289 0.2
-15.191400527954102 1.8617477416992188 -3.532449722290039 0.2
-15.33489990234375 1.9183502197265625 -3.6659488677978516 0.2
-15.492799758911133 1.8129501342773438 -3.7385482788085938 0.2
-15.597599029541016 1.67144775390625 -3.6341495513916016 0.2
-15.67919921875 1.5720481872558594 -3.477048873901367 0.2
-15.762300491333008 1.4804496765136719 -3.315948486328125 0.2
-15.878000259399414 1.4535484313964844 -3.1493492126464844 0.2
-16.052099227905273 1.5508499145507812 -3.1097488403320312 0.2
-16.198699951171875 1.6171493530273438 -3.2359485626220703 0.2
-16.22369956970215 1.609649658203125 -3.4371490478515625 0.2
-16.08839988708496 1.6269493103027344 -3.5899486541748047 0.2
-15.925600051879883 1.6885490417480469 -3.6935501098632812 0.2
-15.763198852539062 1.7595481872558594 -3.791248321533203 0.2
-15.626100540161133 1.8902511596679688 -3.868549346923828 0.2
-15.644100189208984 2.0786476135253906 -3.940349578857422 0.2
-15.788400650024414 2.172149658203125 -4.050249099731445 0.2
-15.963399887084961 2.1028480529785156 -4.12755012512207 0.2
-16.080900192260742 1.9589500427246094 -4.041448593139648 0.2
-16.16499900817871 1.8458480834960938 -3.895050048828125 0.2
-16.248899459838867 1.7396507263183594 -3.7437496185302734 0.2
-16.354598999023438 1.6924476623535156 -3.5751495361328125 0.2
-16.511199951171875 1.7961502075195312 -3.497549057006836 0.2
-16.65850067138672 1.9003486633300781 -3.5935497283935547 0.2
-16.710500717163086 1.9310493469238281 -3.787149429321289 0.2
-16.592300415039062 1.9521484375 -3.9530487060546875 0.2
-16.42959976196289 2.0095481872558594 -4.059349060058594 0.2
-16.26529884338379 2.0751495361328125 -4.157749176025391 0.2
-16.11359977722168 2.1910476684570312 -4.23124885559082 0.2
-16.09630012512207 2.388347625732422 -4.274148941040039 0.2
-16.22640037536621 2.5227508544921875 -4.35584831237793 0.2
-16.411300659179688 2.5066490173339844 -4.439449310302734 0.2
-16.548398971557617 2.365650177001953 -4.382450103759766 0.2
-16.637100219726562 2.2402496337890625 -4.248649597167969 0.2
-16.722599029541016 2.1210479736328125 -4.108549118041992 0.2
-16.820798873901367 2.0473480224609375 -3.945148468017578 0.2
-16.95829963684082 2.139148712158203 -3.8269500732421875 0.2
-17.100500106811523 2.2737503051757812 -3.884349822998047 0.2
-17.177099227905273 2.3447494506835938 -4.058149337768555 0.2
-17.083999633789062 2.3738479614257812 -4.237848281860352 0.2
-16.922800064086914 2.427947998046875 -4.34844970703125 0.2
-16.757299423217773 2.4891510009765625 -4.447750091552734 0.2
-16.594999313354492 2.5889511108398438 -4.522348403930664 0.2
-16.539899826049805 2.7827491760253906 -4.544748306274414 0.2
-16.656200408935547 2.9531478881835938 -4.602649688720703 0.2
-16.851999282836914 2.9743499755859375 -4.683750152587891 0.2
-17.00659942626953 2.8339500427246094 -4.635950088500977 0.2
-17.10300064086914 2.6947479248046875 -4.505149841308594 0.2
-17.19569969177246 2.561248779296875 -4.367048263549805 0.2
-17.300199508666992 2.4950485229492188 -4.192049026489258 0.2
-17.434999465942383 2.620250701904297 -4.086448669433594 0.2
-17.566598892211914 2.7728500366210938 -4.159948348999023 0.2
-17.60059928894043 2.8504486083984375 -4.354148864746094 0.2
-17.465999603271484 2.8947486877441406 -4.515048980712891 0.2
-17.29400062561035 2.9513511657714844 -4.625848770141602 0.2
-17.118999481201172 3.0196495056152344 -4.725549697875977 0.2
-16.977100372314453 3.1748504638671875 -4.758749008178711 0.2
-17.020198822021484 3.3889503479003906 -4.773048400878906 0.2
-17.198299407958984 3.502849578857422 -4.842649459838867 0.2
-17.397600173950195 3.404449462890625 -4.850248336791992 0.2
-17.511499404907227 3.252147674560547 -4.731649398803711 0.2
-17.610700607299805 3.1053504943847656 -4.595949172973633 0.2
-17.714599609375 3.011249542236328 -4.419849395751953 0.2
-17.837600708007812 3.1248512268066406 -4.276649475097656 0.2
-17.966899871826172 3.300548553466797 -4.329349517822266 0.2
-18.00469970703125 3.4014511108398438 -4.523550033569336 0.2
-17.86280059814453 3.4513511657714844 -4.69005012512207 0.2
-17.681299209594727 3.5078506469726562 -4.807350158691406 0.2
-17.493200302124023 3.584247589111328 -4.904348373413086 0.2
-17.36840057373047 3.7672500610351562 -4.910148620605469 0.2
-17.445999145507812 3.97705078125 -4.919048309326172 0.2
-17.642799377441406 4.062549591064453 -4.977748870849609 0.2
-17.826200485229492 3.9384498596191406 -4.950448989868164 0.2
-17.93470001220703 3.7821502685546875 -4.831548690795898 0.2
-18.035900115966797 3.6318511962890625 -4.699850082397461 0.2
-18.13559913635254 3.5751495361328125 -4.508649826049805 0.2
-18.248899459838867 3.7311477661132812 -4.400348663330078 0.2
-18.36009979248047 3.9106483459472656 -4.474849700927734 0.2
-18.349899291992188 4.002250671386719 -4.675649642944336 0.2
-18.191699981689453 4.053249359130859 -4.8260498046875 0.2
-18.012100219726562 4.106647491455078 -4.945549011230469 0.2
-17.823299407958984 4.198947906494141 -5.020050048828125 0.2
-17.743499755859375 4.402248382568359 -4.994850158691406 0.2
-17.84869956970215 4.598049163818359 -4.998048782348633 0.2
-18.060100555419922 4.636348724365234 -5.038949966430664 0.2
-18.223299026489258 4.495349884033203 -4.983348846435547 0.2
-18.328899383544922 4.3365478515625 -4.871049880981445 0.2
-18.429399490356445 4.191947937011719 -4.736148834228516 0.2
-18.5177001953125 4.192951202392578 -4.534749984741211 0.2
-18.617300033569336 4.3746490478515625 -4.462549209594727 0.2
-18.704299926757812 4.549449920654297 -4.562749862670898 0.2
-18.64940071105957 4.632549285888672 -4.759849548339844 0.2
-18.483999252319336 4.683448791503906 -4.897548675537109 0.2
-18.304500579833984 4.737548828125 -5.014148712158203 0.2
-18.118999481201172 4.852348327636719 -5.048248291015625 0.2
-18.08329963684082 5.061649322509766 -4.9996490478515625 0.2
-18.21339988708496 5.239448547363281 -4.9967498779296875 0.2
-18.43090057373047 5.232250213623047 -5.014949798583984 0.2
-18.574100494384766 5.080448150634766 -4.942049026489258 0.2
-18.67930030822754 4.917747497558594 -4.83745002746582 0.2
-18.772899627685547 4.7868499755859375 -4.685049057006836 0.2
-18.84239959716797 4.843547821044922 -4.487348556518555 0.2
-18.926599502563477 5.042350769042969 -4.443449020385742 0.2
-18.98349952697754 5.214748382568359 -4.564748764038086 0.2
-18.891599655151367 5.290248870849609 -4.749849319458008 0.2
-18.72410011291504 5.337848663330078 -4.88494873046875 0.2
-18.539199829101562 5.394451141357422 -4.991849899291992 0.2
-18.366199493408203 5.52655029296875 -4.978849411010742 0.2
-18.36829948425293 5.7348480224609375 -4.911449432373047 0.2
-18.51959991455078 5.891548156738281 -4.894449234008789 0.2
-18.73200035095215 5.841850280761719 -4.888849258422852 0.2
-18.864299774169922 5.681549072265625 -4.814949035644531 0.2
-18.972400665283203 5.515750885009766 -4.719249725341797 0.2
-19.0497989654541 5.4111480712890625 -4.543649673461914 0.2
-19.099199295043945 5.520450592041016 -4.364749908447266 0.2
-19.163599014282227 5.728248596191406 -4.339349746704102 0.2
-19.18429946899414 5.8905487060546875 -4.480249404907227 0.2
-19.067800521850586 5.959247589111328 -4.652750015258789 0.2
-18.902000427246094 6.003948211669922 -4.787448883056641 0.2
-18.708599090576172 6.065650939941406 -4.8681488037109375 0.2
-18.564498901367188 6.213447570800781 -4.807350158691406 0.2
-18.595199584960938 6.413047790527344 -4.727149963378906 0.2
-18.769800186157227 6.534248352050781 -4.702848434448242 0.2
-18.969799041748047 6.451148986816406 -4.680948257446289 0.2
-19.09469985961914 6.286350250244141 -4.61414909362793 0.2
-19.20039939880371 6.123447418212891 -4.51624870300293 0.2
-19.251800537109375 6.06304931640625 -4.315549850463867 0.2
-19.285200119018555 6.2102508544921875 -4.164449691772461 0.2
-19.33180046081543 6.4205474853515625 -4.162748336791992 0.2
-19.316200256347656 6.568149566650391 -4.318849563598633 0.2
-19.181798934936523 6.6275482177734375 -4.478549957275391 0.2
-19.013198852539062 6.6694488525390625 -4.607948303222656 0.2
-18.810298919677734 6.737449645996094 -4.640949249267578 0.2
-18.705699920654297 6.895851135253906 -4.544948577880859 0.2
-18.76420021057129 7.0843505859375 -4.457048416137695 0.2
-18.959699630737305 7.163448333740234 -4.429149627685547 0.2
-19.141300201416016 7.050849914550781 -4.398948669433594 0.2
-19.264699935913086 6.882549285888672 -4.34214973449707 0.2
-19.35700035095215 6.726947784423828 -4.223848342895508 0.2
-19.379199981689453 6.716850280761719 -4.012948989868164 0.2
-19.39699935913086 6.890647888183594 -3.8883495330810547 0.2
-19.421600341796875 7.101551055908203 -3.910249710083008 0.2
-19.370500564575195 7.230247497558594 -4.074249267578125 0.2
-19.228300094604492 7.280250549316406 -4.228748321533203 0.2
-19.050100326538086 7.318050384521484 -4.344549179077148 0.2
-18.85099983215332 7.390647888183594 -4.323049545288086 0.2
-18.786100387573242 7.5538482666015625 -4.202249526977539 0.2
-18.869600296020508 7.723949432373047 -4.103748321533203 0.2
-19.07779884338379 7.754550933837891 -4.072349548339844 0.2
-19.244998931884766 7.622749328613281 -4.043548583984375 0.2
-19.368799209594727 7.454349517822266 -3.992948532104492 0.2
-19.431400299072266 7.3150482177734375 -3.8448486328125 0.2
-19.42300033569336 7.358848571777344 -3.6405487060546875 0.2
-19.418498992919922 7.5444488525390625 -3.5349483489990234 0.2
-19.418699264526367 7.748348236083984 -3.586149215698242 0.2
-19.341299057006836 7.859447479248047 -3.751649856567383 0.2
-19.198200225830078 7.9017486572265625 -3.9047489166259766 0.2
-19.005800247192383 7.931850433349609 -3.990549087524414 0.2
-18.827699661254883 8.011650085449219 -3.914348602294922 0.2
-18.79129981994629 8.167449951171875 -3.7749500274658203 0.2
-18.904699325561523 8.308547973632812 -3.6707496643066406 0.2
-19.114200592041016 8.295547485351562 -3.6371498107910156 0.2
-19.270099639892578 8.152149200439453 -3.617948532104492 0.2
-19.383298873901367 7.983448028564453 -3.5573501586914062 0.2
-19.39940071105957 7.87554931640625 -3.3776493072509766 0.2
-19.362899780273438 7.963848114013672 -3.1927490234375 0.2
-19.33810043334961 8.15625 -3.1104488372802734 0.2
-19.31570053100586 8.34735107421875 -3.193449020385742 0.2
-19.220300674438477 8.436450958251953 -3.3599491119384766 0.2
-19.07149887084961 8.470149993896484 -3.507049560546875 0.2
-18.86389923095703 8.488349914550781 -3.5402488708496094 0.2
-18.719900131225586 8.577049255371094 -3.4199485778808594 0.2
-18.710100173950195 8.721748352050781 -3.2667484283447266 0.2
-18.858699798583984 8.825550079345703 -3.166149139404297 0.2
-19.05929946899414 8.769149780273438 -3.1423492431640625 0.2
-19.208200454711914 8.618850708007812 -3.1340484619140625 0.2
-19.285999298095703 8.448047637939453 -3.039449691772461 0.2
-19.25320053100586 8.394649505615234 -2.843149185180664 0.2
-19.193899154663086 8.520149230957031 -2.6859493255615234 0.2
-19.155099868774414 8.71944808959961 -2.6398487091064453 0.2
-19.10689926147461 8.884651184082031 -2.7598495483398438 0.2
-18.99839973449707 8.948749542236328 -2.9284496307373047 0.2
-18.82539939880371 8.960750579833984 -3.0469493865966797 0.2
-18.623199462890625 8.975151062011719 -3.0055484771728516 0.2
-18.5231990814209 9.070549011230469 -2.848348617553711 0.2
-18.555999755859375 9.195148468017578 -2.685649871826172 0.2
-18.742799758911133 9.245250701904297 -2.6075496673583984 0.2
-18.930599212646484 9.153148651123047 -2.605548858642578 0.2
-19.063899993896484 8.993350982666016 -2.58544921875 0.2
-19.085100173950195 8.837848663330078 -2.4501495361328125 0.2
-19.015899658203125 8.853347778320312 -2.2580490112304688 0.2
-18.943500518798828 8.998550415039062 -2.1257495880126953 0.2
-18.895898818969727 9.199249267578125 -2.1329498291015625 0.2
-18.82110023498535 9.327350616455078 -2.2798500061035156 0.2
-18.6968994140625 9.365348815917969 -2.443849563598633 0.2
-18.500999450683594 9.346549987792969 -2.5089492797851562 0.2
-18.331199645996094 9.365848541259766 -2.3958492279052734 0.2
-18.269800186157227 9.450950622558594 -2.2154483795166016 0.2
-18.360700607299805 9.5511474609375 -2.0620498657226562 0.2
-18.563098907470703 9.555950164794922 -2.0137500762939453 0.2
-18.739900588989258 9.445648193359375 -2.0279483795166016 0.2
-18.839099884033203 9.272750854492188 -1.9759483337402344 0.2
-18.807498931884766 9.16164779663086 -1.8094501495361328 0.2
-18.719999313354492 9.222450256347656 -1.6323490142822266 0.2
-18.644100189208984 9.383750915527344 -1.5297489166259766 0.2
-18.579198837280273 9.570049285888672 -1.5911483764648438 0.2
-18.488698959350586 9.657947540283203 -1.7562484741210938 0.2
-18.340299606323242 9.663349151611328 -1.9000492095947266 0.2
-18.14150047302246 9.619148254394531 -1.892648696899414 0.2
-18.008699417114258 9.637451171875 -1.735849380493164 0.2
-17.983999252319336 9.7115478515625 -1.5455493927001953 0.2
-18.124000549316406 9.789447784423828 -1.4180488586425781 0.2
-18.327699661254883 9.762348175048828 -1.4049491882324219 0.2
-18.493000030517578 9.638347625732422 -1.4142494201660156 0.2
-18.545000076293945 9.461849212646484 -1.3231487274169922 0.2
-18.476699829101562 9.403148651123047 -1.142049789428711 0.2
-18.380599975585938 9.485847473144531 -0.9783496856689453 0.2
-18.294700622558594 9.660747528076172 -0.9204483032226562 0.2
-18.211599349975586 9.812549591064453 -1.03125 0.2
-18.10919952392578 9.864948272705078 -1.2033500671386719 0.2
-17.935699462890625 9.823348999023438 -1.305349349975586 0.2
-17.757699966430664 9.765750885009766 -1.2279491424560547 0.2
-17.653600692749023 9.78194808959961 -1.0366497039794922 0.2
-17.691999435424805 9.864749908447266 -0.8442497253417969 0.2
-17.890499114990234 9.913848876953125 -0.7738494873046875 0.2
-18.095300674438477 9.842647552490234 -0.7945499420166016 0.2
-18.21339988708496 9.668048858642578 -0.7464485168457031 0.2
-18.1781005859375 9.55154800415039 -0.5741500854492188 0.2
-18.0841007232666 9.604248046875 -0.3856487274169922 0.2
-17.986299514770508 9.769050598144531 -0.2895488739013672 0.2
-17.88990020751953 9.937549591064453 -0.38324928283691406 0.2
-17.786100387573242 9.992050170898438 -0.5664501190185547 0.2
-17.60689926147461 9.937549591064453 -0.6724491119384766 0.2
-17.432100296020508 9.871047973632812 -0.5741500854492188 0.2
-17.358600616455078 9.893447875976562 -0.37074851989746094 0.2
-17.4197998046875 9.97665023803711 -0.18324851989746094 0.2
-17.618799209594727 10.020248413085938 -0.11834907531738281 0.2
-17.825199127197266 9.957847595214844 -0.14324951171875 0.2
-17.93039894104004 9.778450012207031 -0.09554862976074219 0.2
-17.874500274658203 9.645549774169922 0.06115150451660156 0.2
-17.760099411010742 9.645648956298828 0.2447509765625 0.2
-17.612499237060547 9.773651123046875 0.3264503479003906 0.2
-17.495800018310547 9.9156494140625 0.21705055236816406 0.2
-17.39259910583496 9.959648132324219 0.032550811767578125 0.2
-17.240798950195312 9.856548309326172 -0.07874870300292969 0.2
-17.093900680541992 9.700748443603516 -0.04814910888671875 0.2
-16.98699951171875 9.602848052978516 0.10805130004882812 0.2
-17.027599334716797 9.648548126220703 0.30714988708496094 0.2
-17.217100143432617 9.723247528076172 0.3742504119873047 0.2
-17.430200576782227 9.691047668457031 0.371551513671875 0.2
-17.55229949951172 9.544349670410156 0.46415138244628906 0.2
-17.50349998474121 9.477550506591797 0.6567516326904297 0.2
-17.387699127197266 9.568050384521484 0.8136501312255859 0.2
-17.244400024414062 9.721748352050781 0.8561515808105469 0.2
-17.118900299072266 9.834247589111328 0.7275505065917969 0.2
-17.03369903564453 9.836650848388672 0.5287513732910156 0.2
-16.8882999420166 9.723548889160156 0.4241504669189453 0.2
-16.747900009155273 9.592548370361328 0.5143508911132812 0.2
-16.6614990234375 9.546947479248047 0.7069511413574219 0.2
-16.677499771118164 9.618648529052734 0.9053516387939453 0.2
-16.844999313354492 9.72195053100586 0.9870510101318359 0.2
-17.059598922729492 9.730049133300781 0.9880504608154297 0.2
-17.204099655151367 9.579151153564453 1.0309505462646484 0.2
-17.219999313354492 9.383949279785156 1.1217498779296875 0.2
-17.122699737548828 9.25994873046875 1.2630500793457031 0.2
-16.942399978637695 9.320049285888672 1.3463516235351562 0.2
-16.818199157714844 9.468048095703125 1.2539501190185547 0.2
-16.699899673461914 9.519847869873047 1.0845508575439453 0.2
-16.52389907836914 9.424049377441406 1.011850357055664 0.2
-16.36669921875 9.29494857788086 1.0834503173828125 0.2
-16.277299880981445 9.243049621582031 1.2678508758544922 0.2
-16.35919952392578 9.300350189208984 1.452951431274414 0.2
-16.55500030517578 9.379447937011719 1.4895515441894531 0.2
-16.76609992980957 9.357048034667969 1.4855499267578125 0.2
-16.8799991607666 9.183650970458984 1.5303516387939453 0.2
-16.853599548339844 8.985748291015625 1.6109504699707031 0.2
-16.713199615478516 8.863250732421875 1.7119503021240234 0.2
-16.512300491333008 8.915748596191406 1.7285499572753906 0.2
-16.399099349975586 9.03915023803711 1.5957508087158203 0.2
-16.32379913330078 9.075050354003906 1.3982505798339844 0.2
-16.18440055847168 8.968448638916016 1.2843513488769531 0.2
-16.036300659179688 8.866050720214844 1.3905506134033203 0.2
-15.983600616455078 8.875450134277344 1.5980510711669922 0.2
-16.038799285888672 8.939647674560547 1.7965507507324219 0.2
-16.221099853515625 8.999248504638672 1.886251449584961 0.2
-16.429800033569336 8.958248138427734 1.8996505737304688 0.2
-16.50860023498535 8.782249450683594 1.9793510437011719 0.2
-16.392799377441406 8.662548065185547 2.1082515716552734 0.2
-16.20599937438965 8.678947448730469 2.214651107788086 0.2
-16.020599365234375 8.782848358154297 2.231050491333008 0.2
-15.930900573730469 8.91884994506836 2.09375 0.2
-15.873498916625977 8.947250366210938 1.8918514251708984 0.2
-15.777700424194336 8.798248291015625 1.7772502899169922 0.2
-15.67770004272461 8.616050720214844 1.8305511474609375 0.2
-15.610599517822266 8.503448486328125 1.9983501434326172 0.2
-15.677299499511719 8.512248992919922 2.1989517211914062 0.2
-15.857000350952148 8.586448669433594 2.290151596069336 0.2
-16.063098907470703 8.54024887084961 2.304349899291992 0.2
-16.18589973449707 8.374748229980469 2.2461509704589844 0.2
-16.199399948120117 8.164947509765625 2.214151382446289 0.2
-16.074800491333008 8.01784896850586 2.2921504974365234 0.2
-15.885799407958984 8.07925033569336 2.3565502166748047 0.2
-15.762399673461914 8.23324966430664 2.2763500213623047 0.2
-15.636999130249023 8.302650451660156 2.118551254272461 0.2
-15.448299407958984 8.229351043701172 2.0739517211914062 0.2
-15.332099914550781 8.161048889160156 2.2348499298095703 0.2
-15.348100662231445 8.173248291015625 2.4371509552001953 0.2
-15.461700439453125 8.19015121459961 2.606050491333008 0.2
-15.657899856567383 8.189849853515625 2.647350311279297 0.2
-15.84269905090332 8.137348175048828 2.5804500579833984 0.2
-15.934099197387695 7.964450836181641 2.534250259399414 0.2
-15.876899719238281 7.770748138427734 2.538351058959961 0.2
-15.750099182128906 7.632549285888672 2.616750717163086 0.2
-15.605998992919922 7.631649017333984 2.755950927734375 0.2
-15.508199691772461 7.786548614501953 2.8369503021240234 0.2
-15.451200485229492 7.980449676513672 2.8116512298583984 0.2
-15.327600479125977 8.0760498046875 2.687450408935547 0.2
-15.192699432373047 8.010047912597656 2.5492515563964844 0.2
-15.077699661254883 7.860649108886719 2.4725513458251953 0.2
-15.042900085449219 7.671749114990234 2.522951126098633 0.2
-15.168600082397461 7.569248199462891 2.641450881958008 0.2
-15.369298934936523 7.564849853515625 2.675149917602539 0.2
-15.544300079345703 7.47235107421875 2.6287498474121094 0.2
-15.569700241088867 7.2774505615234375 2.6112499237060547 0.2
-15.443099975585938 7.131549835205078 2.6682510375976562 0.2
-15.26609992980957 7.085548400878906 2.7574501037597656 0.2
-15.096899032592773 7.184150695800781 2.807849884033203 0.2
-15.017999649047852 7.364250183105469 2.7575511932373047 0.2
-14.947898864746094 7.485847473144531 2.610851287841797 0.2
-14.810400009155273 7.447547912597656 2.4742507934570312 0.2
-14.666299819946289 7.3177490234375 2.5163516998291016 0.2
-14.610599517822266 7.230548858642578 2.690450668334961 0.2
-14.646799087524414 7.203548431396484 2.888650894165039 0.2
-14.805200576782227 7.195247650146484 3.0168514251708984 0.2
-15.001199722290039 7.145450592041016 3.002450942993164 0.2
-15.125299453735352 6.996650695800781 2.94525146484375 0.2
-15.09950065612793 6.7980499267578125 2.9550514221191406 0.2
-15.003700256347656 6.6542510986328125 3.062551498413086 0.2
-14.873899459838867 6.611949920654297 3.212251663208008 0.2
-14.757499694824219 6.7236480712890625 3.3315505981445312 0.2
-14.73430061340332 6.922950744628906 3.3536510467529297 0.2
-14.734498977661133 7.115848541259766 3.2886505126953125 0.2
-14.63749885559082 7.219448089599609 3.1496505737304688 0.2
-14.494998931884766 7.13385009765625 3.0386505126953125 0.2
-14.39780044555664 6.9555511474609375 3.05255126953125 0.2
-14.388399124145508 6.776847839355469 3.149150848388672 0.2
-14.523500442504883 6.654449462890625 3.2437515258789062 0.2
-14.65060043334961 6.5052490234375 3.296751022338867 0.2
-14.625900268554688 6.309947967529297 3.349750518798828 0.2
-14.500900268554688 6.174350738525391 3.4349498748779297 0.2
-14.314399719238281 6.200649261474609 3.5009498596191406 0.2
-14.206998825073242 6.364650726318359 3.4591503143310547 0.2
-14.206600189208984 6.541248321533203 3.3559513092041016 0.2
-14.221799850463867 6.673648834228516 3.2019500732421875 0.2
-14.20479965209961 6.6647491455078125 3.0022506713867188 0.2
-14.13640022277832 6.507049560546875 2.896350860595703 0.2
-14.048999786376953 6.320949554443359 2.9256515502929688 0.2
-14.008499145507812 6.168647766113281 3.0704517364501953 0.2
-14.096799850463867 6.108551025390625 3.2575511932373047 0.2
-14.284099578857422 6.073150634765625 3.3524513244628906 0.2
-14.46929931640625 5.9967498779296875 3.272951126098633 0.2
-14.555099487304688 5.867149353027344 3.1229515075683594 0.2
-14.482500076293945 5.698749542236328 3.0180511474609375 0.2
-14.27869987487793 5.656650543212891 3.040851593017578 0.2
-14.139598846435547 5.81304931640625 3.0788516998291016 0.2
-14.053499221801758 5.992549896240234 2.99945068359375 0.2
-13.91659927368164 5.986248016357422 2.8407516479492188 0.2
-13.809999465942383 5.804847717285156 2.8103504180908203 0.2
-13.780799865722656 5.614250183105469 2.9106502532958984 0.2
-13.872200012207031 5.491950988769531 3.060649871826172 0.2
-14.077499389648438 5.48175048828125 3.125551223754883 0.2
-14.28219985961914 5.4660491943359375 3.060750961303711 0.2
-14.358699798583984 5.328449249267578 2.9172515869140625 0.2
-14.311399459838867 5.128349304199219 2.8458499908447266 0.2
-14.172199249267578 4.975547790527344 2.893951416015625 0.2
-13.997299194335938 5.014549255371094 3.012950897216797 0.2
-13.88749885559082 5.197151184082031 3.0580501556396484 0.2
-13.769800186157227 5.352447509765625 2.968050003051758 0.2
-13.653200149536133 5.328647613525391 2.7914505004882812 0.2
-13.581998825073242 5.154350280761719 2.6812515258789062 0.2
-13.563199996948242 4.944049835205078 2.713350296020508 0.2
-13.691099166870117 4.831050872802734 2.845050811767578 0.2
-13.900999069213867 4.824550628662109 2.9065513610839844 0.2
-14.09950065612793 4.7926483154296875 2.8246517181396484 0.2
-14.164299011230469 4.657447814941406 2.666950225830078 0.2
-14.118900299072266 4.465747833251953 2.5740509033203125 0.2
-13.938098907470703 4.35894775390625 2.609149932861328 0.2
-13.762199401855469 4.45574951171875 2.692750930786133 0.2
-13.655500411987305 4.646949768066406 2.708250045776367 0.2
-13.548799514770508 4.7792510986328125 2.5723514556884766 0.2
-13.470100402832031 4.705249786376953 2.386951446533203 0.2
-13.429800033569336 4.510650634765625 2.2921504974365234 0.2
-13.460500717163086 4.309047698974609 2.3588504791259766 0.2
-13.623100280761719 4.228847503662109 2.4827499389648438 0.2
-13.83919906616211 4.218250274658203 2.524751663208008 0.2
-14.021299362182617 4.168647766113281 2.415050506591797 0.2
-14.067499160766602 4.013248443603516 2.264751434326172 0.2
-13.98430061340332 3.8293495178222656 2.1868515014648438 0.2
-13.777700424194336 3.787250518798828 2.2386512756347656 0.2
-13.622798919677734 3.9293479919433594 2.3044509887695312 0.2
-13.507598876953125 4.1163482666015625 2.285350799560547 0.2
-13.407499313354492 4.197547912597656 2.1093502044677734 0.2
-13.35580062866211 4.070751190185547 1.9377498626708984 0.2
-13.344900131225586 3.858551025390625 1.880350112915039 0.2
-13.433198928833008 3.6907501220703125 1.9830513000488281 0.2
-13.610898971557617 3.6428489685058594 2.0853500366210938 0.2
-13.820499420166016 3.6317481994628906 2.106151580810547 0.2
-13.983999252319336 3.5763511657714844 1.9895515441894531 0.2
-14.02389907836914 3.4288482666015625 1.8440513610839844 0.2
-13.933399200439453 3.2631492614746094 1.7599506378173828 0.2
-13.730998992919922 3.229949951171875 1.7973499298095703 0.2
-13.575300216674805 3.3593482971191406 1.8574504852294922 0.2
-13.454599380493164 3.532848358154297 1.8587512969970703 0.2
-13.358699798583984 3.642749786376953 1.7078514099121094 0.2
-13.31410026550293 3.560649871826172 1.5210514068603516 0.2
-13.308700561523438 3.37554931640625 1.4197502136230469 0.2
-13.373699188232422 3.1855506896972656 1.4761505126953125 0.2
-13.535499572753906 3.105548858642578 1.5880508422851562 0.2
-13.737899780273438 3.0864486694335938 1.6513500213623047 0.2
-13.935998916625977 3.065448760986328 1.5798511505126953 0.2
-14.02199935913086 2.9535484313964844 1.4216499328613281 0.2
-13.979400634765625 2.794048309326172 1.2904510498046875 0.2
-13.786199569702148 2.7139511108398438 1.2811508178710938 0.2
-13.605400085449219 2.8103485107421875 1.339151382446289 0.2
-13.468500137329102 2.9718475341796875 1.3729515075683594 0.2
-13.362499237060547 3.1191482543945312 1.2629508972167969 0.2
-13.32229995727539 3.093547821044922 1.0582504272460938 0.2
-13.32509994506836 2.935649871826172 0.9143505096435547 0.2
-13.383699417114258 2.734050750732422 0.9245510101318359 0.2
-13.535799026489258 2.629150390625 1.0332508087158203 0.2
-13.730600357055664 2.59735107421875 1.1195507049560547 0.2
-13.942399978637695 2.5918502807617188 1.0880508422851562 0.2
-14.06209945678711 2.5161476135253906 0.9277515411376953 0.2
-14.054100036621094 2.375049591064453 0.7665500640869141 0.2
-13.874099731445312 2.2773475646972656 0.7154502868652344 0.2
-13.678699493408203 2.3539505004882812 0.7641506195068359 0.2
-13.526100158691406 2.5008506774902344 0.8118515014648438 0.2
-13.411300659179688 2.6613502502441406 0.7268505096435547 0.2
-13.384099960327148 2.669750213623047 0.5159511566162109 0.2
-13.404600143432617 2.5327491760253906 0.3497505187988281 0.2
-13.47439956665039 2.332347869873047 0.3337516784667969 0.2
-13.628900527954102 2.2194480895996094 0.4356498718261719 0.2
-13.81719970703125 2.17864990234375 0.5305500030517578 0.2
-14.023199081420898 2.1801490783691406 0.5251502990722656 0.2
-14.162300109863281 2.1405487060546875 0.3786506652832031 0.2
-14.192800521850586 2.032848358154297 0.20455169677734375 0.2
-14.053600311279297 1.9228477478027344 0.10424995422363281 0.2
-13.851699829101562 1.9599494934082031 0.129150390625 0.2
-13.688699722290039 2.0756492614746094 0.18755149841308594 0.2
-13.548700332641602 2.227550506591797 0.16915130615234375 0.2
-13.504600524902344 2.315948486328125 -0.011249542236328125 0.2
-13.53339958190918 2.2495498657226562 -0.20654869079589844 0.2
-13.59320068359375 2.084949493408203 -0.3157501220703125 0.2
-13.720100402832031 1.9282493591308594 -0.2689495086669922 0.2
-13.887199401855469 1.8601493835449219 -0.16354942321777344 0.2
-14.080400466918945 1.8355484008789062 -0.08675003051757812 0.2
-14.262300491333008 1.8512496948242188 -0.14064979553222656 0.2
-14.370500564575195 1.8194503784179688 -0.2942485809326172 0.2
-14.390899658203125 1.7356491088867188 -0.4646492004394531 0.2
-14.256599426269531 1.6548500061035156 -0.5715484619140625 0.2
-14.069499969482422 1.690948486328125 -0.5634498596191406 0.2
-13.904899597167969 1.7780494689941406 -0.5204486846923828 0.2
-13.754798889160156 1.8972511291503906 -0.5081501007080078 0.2
-13.69260025024414 2.039348602294922 -0.6192493438720703 0.2
-13.729299545288086 2.0687484741210938 -0.8045482635498047 0.2
-13.789299011230469 2.0409507751464844 -0.9841499328613281 0.2
-13.851699829101562 2.0084495544433594 -1.1617488861083984 0.2
-13.915199279785156 1.9750480651855469 -1.3388500213623047 0.2
-13.979799270629883 1.9411506652832031 -1.5156497955322266 0.2
-14.045499801635742 1.9067497253417969 -1.6920490264892578 0.2
