-6.467720031738281 -4.5135498046875 6.6336517333984375 0.2
-6.428190231323242 -4.572452545166016 6.820350646972656 0.2
-6.501669883728027 -4.728950500488281 6.923151016235352 0.2
-6.562089920043945 -4.9194488525390625 6.892650604248047 0.2
-6.578489303588867 -5.108249664306641 6.821451187133789 0.2
-6.478730201721191 -5.275051116943359 6.765451431274414 0.2
-6.310400009155273 -5.353649139404297 6.83635139465332 0.2
-6.199179649353027 -5.352149963378906 7.005250930786133 0.2
-6.205649375915527 -5.264850616455078 7.18385124206543 0.2
-6.302840232849121 -5.095149993896484 7.23265266418457 0.2
-6.373129844665527 -4.9154510498046875 7.169050216674805 0.2
-6.38716983795166 -4.73175048828125 7.084249496459961 0.2
-6.265999794006348 -4.575950622558594 7.045549392700195 0.2
-6.107029914855957 -4.5180511474609375 7.15245246887207 0.2
-6.013209342956543 -4.5422515869140625 7.338449478149414 0.2
-6.053830146789551 -4.672351837158203 7.49785041809082 0.2
-6.131649971008301 -4.870948791503906 7.502649307250977 0.2
-6.1674394607543945 -5.069950103759766 7.432149887084961 0.2
-6.09589958190918 -5.256649017333984 7.361349105834961 0.2
-5.9177398681640625 -5.354450225830078 7.411050796508789 0.2
-5.787260055541992 -5.3594512939453125 7.579648971557617 0.2
-5.781020164489746 -5.271949768066406 7.769552230834961 0.2
-5.879519462585449 -5.0926513671875 7.825952529907227 0.2
-5.953470230102539 -4.904151916503906 7.756952285766602 0.2
-5.957799911499023 -4.710651397705078 7.668550491333008 0.2
-5.811049461364746 -4.561851501464844 7.648550033569336 0.2
-5.650790214538574 -4.521949768066406 7.781049728393555 0.2
-5.576729774475098 -4.565849304199219 7.97435188293457 0.2
-5.636619567871094 -4.718250274658203 8.106752395629883 0.2
-5.706659317016602 -4.918449401855469 8.084550857543945 0.2
-5.732509613037109 -5.116950988769531 8.009450912475586 0.2
-5.6276397705078125 -5.291648864746094 7.950651168823242 0.2
-5.447929382324219 -5.365650177001953 8.029748916625977 0.2
-5.329599380493164 -5.354652404785156 8.207250595092773 0.2
-5.345170021057129 -5.245052337646484 8.384851455688477 0.2
-5.441740036010742 -5.057949066162109 8.408552169799805 0.2
-5.511569976806641 -4.869850158691406 8.33234977722168 0.2
-5.490399360656738 -4.677249908447266 8.243852615356445 0.2
-5.323860168457031 -4.549949645996094 8.24635124206543 0.2
-5.164969444274902 -4.528949737548828 8.392850875854492 0.2
-5.105440139770508 -4.6000518798828125 8.595552444458008 0.2
-5.180429458618164 -4.78594970703125 8.691450119018555 0.2
-5.248689651489258 -4.996250152587891 8.64164924621582 0.2
-5.238869667053223 -5.205249786376953 8.558450698852539 0.2
-5.068329811096191 -5.344951629638672 8.543149948120117 0.2
-4.890599727630615 -5.366352081298828 8.680051803588867 0.2
-4.800689697265625 -5.273250579833984 8.864652633666992 0.2
-4.861149787902832 -5.073951721191406 8.939550399780273 0.2
-4.966169834136963 -4.877349853515625 8.89525032043457 0.2
-4.981829643249512 -4.677150726318359 8.79694938659668 0.2
-4.80718994140625 -4.566150665283203 8.719350814819336 0.2
-4.596649646759033 -4.620449066162109 8.684152603149414 0.2
-4.529589653015137 -4.797950744628906 8.590551376342773 0.2
-4.597209930419922 -4.996849060058594 8.546449661254883 0.2
-4.673929691314697 -5.1954498291015625 8.566450119018555 0.2
-4.653199672698975 -5.3435516357421875 8.716852188110352 0.2
-4.513049602508545 -5.380649566650391 8.875150680541992 0.2
-4.3174896240234375 -5.332149505615234 8.940649032592773 0.2
-4.201369762420654 -5.174049377441406 8.861749649047852 0.2
-4.248479843139648 -4.983249664306641 8.775449752807617 0.2
-4.339599609375 -4.792949676513672 8.73444938659668 0.2
-4.398979663848877 -4.619850158691406 8.841951370239258 0.2
-4.305879592895508 -4.552452087402344 9.019250869750977 0.2
-4.12153959274292 -4.570152282714844 9.127851486206055 0.2
-3.945119857788086 -4.683448791503906 9.104650497436523 0.2
-3.9238696098327637 -4.879352569580078 9.02235221862793 0.2
-3.99299955368042 -5.080150604248047 8.98225212097168 0.2
-4.062769889831543 -5.272850036621094 9.044649124145508 0.2
-4.014199733734131 -5.382850646972656 9.218351364135742 0.2
-3.839359760284424 -5.4031524658203125 9.342649459838867 0.2
-3.6360297203063965 -5.343452453613281 9.355951309204102 0.2
-3.5614500045776367 -5.175151824951172 9.249551773071289 0.2
-3.634249687194824 -4.984050750732422 9.178350448608398 0.2
-3.728099822998047 -4.789649963378906 9.167852401733398 0.2
-3.7433395385742188 -4.626552581787109 9.302350997924805 0.2
-3.593909740447998 -4.577548980712891 9.446950912475586 0.2
-3.387969970703125 -4.6094512939453125 9.501852035522461 0.2
-3.242269992828369 -4.745552062988281 9.42955207824707 0.2
-3.2626399993896484 -4.947151184082031 9.357049942016602 0.2
-3.3440299034118652 -5.147651672363281 9.341352462768555 0.2
-3.38893985748291 -5.3305511474609375 9.442750930786133 0.2
-3.2758097648620605 -5.416351318359375 9.600851058959961 0.2
-3.0741395950317383 -5.423648834228516 9.679349899291992 0.2
-2.882779598236084 -5.343952178955078 9.633852005004883 0.2
-2.856719970703125 -5.163551330566406 9.520952224731445 0.2
-2.9482498168945312 -4.973350524902344 9.471151351928711 0.2
-3.0331897735595703 -4.776851654052734 9.494852066040039 0.2
-2.9931998252868652 -4.633449554443359 9.645849227905273 0.2
-2.8104000091552734 -4.603050231933594 9.755651473999023 0.2
-2.597799777984619 -4.652149200439453 9.764551162719727 0.2
-2.4947996139526367 -4.823150634765625 9.663450241088867 0.2
-2.561129570007324 -5.034648895263672 9.607049942016602 0.2
-2.646179676055908 -5.245750427246094 9.62605094909668 0.2
-2.612679958343506 -5.399349212646484 9.785150527954102 0.2
-2.4178695678710938 -5.437648773193359 9.897150039672852 0.2
-2.191589832305908 -5.428951263427734 9.938150405883789 0.2
-2.013199806213379 -5.3164520263671875 9.86235237121582 0.2
-2.0400896072387695 -5.108650207519531 9.777151107788086 0.2
-2.1492300033569336 -4.907550811767578 9.753850936889648 0.2
-2.2015695571899414 -4.709651947021484 9.847452163696289 0.2
-2.0750598907470703 -4.611652374267578 10.00575065612793 0.2
-1.8796396255493164 -4.604652404785156 10.126749038696289 0.2
-1.7681398391723633 -4.699951171875 10.298650741577148 0.2
-1.7187399864196777 -4.904449462890625 10.389348983764648 0.2
-1.6549997329711914 -5.1224517822265625 10.42125129699707 0.2
-1.5564498901367188 -5.3287506103515625 10.410551071166992 0.2
-1.367879867553711 -5.442951202392578 10.35405158996582 0.2
-1.1397199630737305 -5.421550750732422 10.368249893188477 0.2
-1.0019397735595703 -5.330249786376953 10.524251937866211 0.2
-1.1124396324157715 -5.164249420166016 10.641752243041992 0.2
-1.2844996452331543 -5.01605224609375 10.593851089477539 0.2
-1.4493699073791504 -4.8742523193359375 10.520849227905273 0.2
-1.569589614868164 -4.713249206542969 10.411352157592773 0.2
-1.4825596809387207 -4.557151794433594 10.282548904418945 0.2
-1.2799997329711914 -4.493049621582031 10.318552017211914 0.2
-1.1368699073791504 -4.520252227783203 10.475652694702148 0.2
-1.0889196395874023 -4.679050445556641 10.620851516723633 0.2
-1.0269298553466797 -4.877349853515625 10.684450149536133 0.2
-0.9584896564483643 -5.078948974609375 10.726949691772461 0.2
-0.8619997501373291 -5.267051696777344 10.672250747680664 0.2
-0.6671597957611084 -5.299350738525391 10.593050003051758 0.2
-0.48979973793029785 -5.1954498291015625 10.656049728393555 0.2
-0.5024998188018799 -5.045551300048828 10.814752578735352 0.2
-0.6526696681976318 -4.888851165771484 10.833551406860352 0.2
-0.7984097003936768 -4.737850189208984 10.776350021362305 0.2
-0.9344997406005859 -4.585151672363281 10.69904899597168 0.2
-0.960669755935669 -4.431251525878906 10.547952651977539 0.2
-0.787489652633667 -4.319252014160156 10.497949600219727 0.2
-0.5992398262023926 -4.327548980712891 10.618551254272461 0.2
-0.5081298351287842 -4.479850769042969 10.74785041809082 0.2
-0.461439847946167 -4.676349639892578 10.827352523803711 0.2
-0.3991997241973877 -4.885551452636719 10.831552505493164 0.2
-0.3483397960662842 -5.011249542236328 10.661352157592773 0.2
-0.3016798496246338 -4.8630523681640625 10.51515007019043 0.2
-0.30034971237182617 -4.644451141357422 10.512052536010742 0.2
-0.3592698574066162 -4.439552307128906 10.556352615356445 0.2
-0.489459753036499 -4.271350860595703 10.525949478149414 0.2
-0.5934197902679443 -4.266551971435547 10.34065055847168 0.2
-0.4979896545410156 -4.387351989746094 10.193349838256836 0.2
-0.3897898197174072 -4.563850402832031 10.229349136352539 0.2
-0.4367098808288574 -4.734748840332031 10.362150192260742 0.2
-0.5706098079681396 -4.872749328613281 10.463850021362305 0.2
-0.7813198566436768 -4.874851226806641 10.474149703979492 0.2
-0.8923296928405762 -4.859050750732422 10.296449661254883 0.2
-0.8317596912384033 -4.967350006103516 10.124750137329102 0.2
-0.6810297966003418 -5.11614990234375 10.106649398803711 0.2
-0.5114398002624512 -5.086551666259766 10.23805046081543 0.2
-0.39241981506347656 -4.905551910400391 10.269250869750977 0.2
-0.28032970428466797 -4.720851898193359 10.208150863647461 0.2
-0.08670973777770996 -4.636051177978516 10.16615104675293 0.2
0.09791016578674316 -4.666450500488281 10.266252517700195 0.2
0.054900169372558594 -4.788951873779297 10.431852340698242 0.2
-0.11168980598449707 -4.936351776123047 10.436052322387695 0.2
-0.26965975761413574 -5.078849792480469 10.402151107788086 0.2
-0.44189977645874023 -5.198249816894531 10.350851058959961 0.2
-0.5089297294616699 -5.324352264404297 10.191751480102539 0.2
-0.35786986351013184 -5.450450897216797 10.125852584838867 0.2
-0.1785898208618164 -5.4909515380859375 10.234651565551758 0.2
-0.09407973289489746 -5.420051574707031 10.418649673461914 0.2
-0.054169654846191406 -5.238151550292969 10.527349472045898 0.2
0.016520261764526367 -5.040950775146484 10.577550888061523 0.2
0.09350013732910156 -4.837749481201172 10.589651107788086 0.2
0.24299025535583496 -4.697849273681641 10.524850845336914 0.2
0.452700138092041 -4.710052490234375 10.494951248168945 0.2
0.5308701992034912 -4.897151947021484 10.559751510620117 0.2
0.4038403034210205 -5.071750640869141 10.568952560424805 0.2
0.2385401725769043 -5.203052520751953 10.525751113891602 0.2
0.09625029563903809 -5.342151641845703 10.436849594116211 0.2
0.09652018547058105 -5.4427490234375 10.244150161743164 0.2
0.3006601333618164 -5.472652435302734 10.20985221862793 0.2
0.48513031005859375 -5.45355224609375 10.322851181030273 0.2
0.6073601245880127 -5.364452362060547 10.475351333618164 0.2
0.6590802669525146 -5.181949615478516 10.576349258422852 0.2
0.691500186920166 -4.968349456787109 10.581949234008789 0.2
0.7120802402496338 -4.770751953125 10.492151260375977 0.2
0.8431901931762695 -4.671352386474609 10.35365104675293 0.2
1.0533602237701416 -4.645050048828125 10.333452224731445 0.2
1.1471502780914307 -4.699352264404297 10.511251449584961 0.2
1.0598602294921875 -4.854652404785156 10.635549545288086 0.2
0.9396302700042725 -5.032051086425781 10.66505241394043 0.2
0.8801703453063965 -5.235851287841797 10.638750076293945 0.2
1.013310194015503 -5.386650085449219 10.574251174926758 0.2
1.2274702787399292 -5.405250549316406 10.594549179077148 0.2
1.4017802476882935 -5.323451995849609 10.686349868774414 0.2
1.4159501791000366 -5.126251220703125 10.769350051879883 0.2
1.3388001918792725 -4.930049896240234 10.721651077270508 0.2
1.297970175743103 -4.753849029541016 10.602052688598633 0.2
1.4176702499389648 -4.632850646972656 10.468549728393555 0.2
1.6254101991653442 -4.581748962402344 10.485349655151367 0.2
1.7557402849197388 -4.6188507080078125 10.647150039672852 0.2
1.7260202169418335 -4.780551910400391 10.786050796508789 0.2
1.64857017993927 -4.979251861572266 10.82335090637207 0.2
1.6118801832199097 -5.191249847412109 10.801851272583008 0.2
1.7357102632522583 -5.347751617431641 10.726850509643555 0.2
1.9502602815628052 -5.372051239013672 10.734552383422852 0.2
2.1223232746124268 -5.2839508056640625 10.824750900268555 0.2
2.1243202686309814 -5.084651947021484 10.902750015258789 0.2
2.026951313018799 -4.8948516845703125 10.864351272583008 0.2
1.9468202590942383 -4.717552185058594 10.768548965454102 0.2
2.0173521041870117 -4.5863494873046875 10.612451553344727 0.2
2.223231315612793 -4.536251068115234 10.574750900268555 0.2
2.413875102996826 -4.547050476074219 10.672952651977539 0.2
2.4639463424682617 -4.680149078369141 10.842752456665039 0.2
2.40061616897583 -4.889350891113281 10.911249160766602 0.2
2.344618320465088 -5.111751556396484 10.916952133178711 0.2
2.4301280975341797 -5.301151275634766 10.828851699829102 0.2
2.6500661373138428 -5.352451324462891 10.796751022338867 0.2
2.8603203296661377 -5.2940521240234375 10.860250473022461 0.2
2.904487133026123 -5.098049163818359 10.959051132202148 0.2
2.799635171890259 -4.894550323486328 10.942850112915039 0.2
2.6951231956481934 -4.704250335693359 10.867349624633789 0.2
2.744596242904663 -4.555351257324219 10.705549240112305 0.2
2.95754075050354 -4.507850646972656 10.636449813842773 0.2
3.1787281036376953 -4.541851043701172 10.585351943969727 0.2
3.262505292892456 -4.711750030517578 10.479951858520508 0.2
3.1927483081817627 -4.918048858642578 10.476652145385742 0.2
3.101844549179077 -5.110050201416016 10.528051376342773 0.2
3.1034507751464844 -5.277050018310547 10.664449691772461 0.2
3.277480125427246 -5.340751647949219 10.774450302124023 0.2
3.4966282844543457 -5.342948913574219 10.771951675415039 0.2
3.683828353881836 -5.295452117919922 10.674150466918945 0.2
3.7049481868743896 -5.142749786376953 10.524450302124023 0.2
3.6134581565856934 -4.950050354003906 10.471151351928711 0.2
3.5266342163085938 -4.748149871826172 10.467649459838867 0.2
3.569263219833374 -4.559551239013672 10.56144905090332 0.2
3.7687411308288574 -4.494548797607422 10.617452621459961 0.2
3.986359119415283 -4.509151458740234 10.593252182006836 0.2
4.127130508422852 -4.630550384521484 10.484151840209961 0.2
4.098910331726074 -4.839351654052734 10.431852340698242 0.2
4.013390064239502 -5.0384521484375 10.467050552368164 0.2
3.977748155593872 -5.2279510498046875 10.568052291870117 0.2
4.114580154418945 -5.330451965332031 10.69904899597168 0.2
4.3330302238464355 -5.347751617431641 10.707448959350586 0.2
4.5182600021362305 -5.304851531982422 10.602949142456055 0.2
4.538320064544678 -5.149951934814453 10.453752517700195 0.2
4.449049949645996 -4.9544525146484375 10.410249710083008 0.2
4.37021017074585 -4.750049591064453 10.417852401733398 0.2
4.435990333557129 -4.569049835205078 10.514951705932617 0.2
4.644320487976074 -4.519248962402344 10.553850173950195 0.2
4.852270126342773 -4.5581512451171875 10.497251510620117 0.2
4.938790321350098 -4.715450286865234 10.377752304077148 0.2
4.877610206604004 -4.9248504638671875 10.36195182800293 0.2
4.79649019241333 -5.122550964355469 10.412450790405273 0.2
4.814870357513428 -5.295551300048828 10.542051315307617 0.2
5.000420093536377 -5.367149353027344 10.627752304077148 0.2
5.217710494995117 -5.374549865722656 10.592451095581055 0.2
5.360650062561035 -5.303951263427734 10.446752548217773 0.2
5.3236799240112305 -5.124351501464844 10.330350875854492 0.2
5.226970195770264 -4.927249908447266 10.31144905090332 0.2
5.1800103187561035 -4.7176513671875 10.35255241394043 0.2
5.312910079956055 -4.574249267578125 10.443151473999023 0.2
5.531590461730957 -4.558849334716797 10.433649063110352 0.2
5.7147603034973145 -4.6394500732421875 10.328351974487305 0.2
5.721010208129883 -4.845249176025391 10.232851028442383 0.2
5.634560585021973 -5.059452056884766 10.263051986694336 0.2
5.584400177001953 -5.263751983642578 10.358949661254883 0.2
5.716080188751221 -5.387451171875 10.495351791381836 0.2
5.945600509643555 -5.4136505126953125 10.494550704956055 0.2
6.169990539550781 -5.416149139404297 10.43895149230957 0.2
6.32213020324707 -5.364551544189453 10.278249740600586 0.2
6.283550262451172 -5.191349029541016 10.136850357055664 0.2
6.180459976196289 -4.9844512939453125 10.123750686645508 0.2
6.121860504150391 -4.765449523925781 10.16505241394043 0.2
6.256450176239014 -4.605152130126953 10.250150680541992 0.2
6.484809875488281 -4.5722503662109375 10.228849411010742 0.2
6.71444034576416 -4.579349517822266 10.198152542114258 0.2
6.905879974365234 -4.675651550292969 10.275350570678711 0.2
6.983110427856445 -4.884349822998047 10.336149215698242 0.2
7.028800010681152 -5.1105499267578125 10.338750839233398 0.2
7.083360195159912 -5.315849304199219 10.252950668334961 0.2
7.213770389556885 -5.401451110839844 10.08635139465332 0.2
7.423620223999023 -5.373950958251953 9.99165153503418 0.2
7.576920032501221 -5.226051330566406 10.066450119018555 0.2
7.484360218048096 -5.047351837158203 10.182050704956055 0.2
7.317490100860596 -4.899051666259766 10.239450454711914 0.2
7.1522603034973145 -4.737850189208984 10.251852035522461 0.2
7.100950241088867 -4.58544921875 10.107351303100586 0.2
7.264389991760254 -4.536251068115234 9.976449966430664 0.2
7.478960037231445 -4.571052551269531 9.97075080871582 0.2
7.617210388183594 -4.713451385498047 10.060750961303711 0.2
7.687910079956055 -4.917152404785156 10.094751358032227 0.2
7.742120265960693 -5.128551483154297 10.086252212524414 0.2
7.779530048370361 -5.306751251220703 9.968751907348633 0.2
7.911030292510986 -5.342052459716797 9.800649642944336 0.2
8.083690643310547 -5.229351043701172 9.742452621459961 0.2
8.071319580078125 -5.034950256347656 9.848352432250977 0.2
7.931600093841553 -4.883949279785156 9.929250717163086 0.2
7.7855401039123535 -4.724750518798828 9.965749740600586 0.2
7.699790000915527 -4.577049255371094 9.833349227905273 0.2
7.843730449676514 -4.543552398681641 9.679952621459961 0.2
8.049060821533203 -4.611949920654297 9.668851852416992 0.2
8.15311050415039 -4.788749694824219 9.750951766967773 0.2
8.222890853881836 -4.999149322509766 9.769552230834961 0.2
8.324760437011719 -5.1531524658203125 9.65424919128418 0.2
8.505460739135742 -5.098049163818359 9.560750961303711 0.2
8.664369583129883 -4.9725494384765625 9.636850357055664 0.2
8.70261001586914 -4.93804931640625 9.840551376342773 0.2
8.525460243225098 -4.975151062011719 9.945150375366211 0.2
8.354999542236328 -4.883049011230469 9.856950759887695 0.2
8.29347038269043 -4.708751678466797 9.727052688598633 0.2
8.38191032409668 -4.536949157714844 9.631452560424805 0.2
8.506850242614746 -4.412448883056641 9.749849319458008 0.2
8.396430015563965 -4.3894500732421875 9.935949325561523 0.2
8.256120681762695 -4.5489501953125 9.98225212097168 0.2
8.184300422668457 -4.754150390625 9.96965217590332 0.2
8.175860404968262 -4.969051361083984 10.015451431274414 0.2
8.196060180664062 -5.094150543212891 10.185552597045898 0.2
8.235429763793945 -4.945350646972656 10.342248916625977 0.2
8.297309875488281 -4.736549377441406 10.321752548217773 0.2
8.35027027130127 -4.543849945068359 10.237951278686523 0.2
8.412910461425781 -4.367851257324219 10.128049850463867 0.2
8.55010986328125 -4.297950744628906 9.974550247192383 0.2
8.735170364379883 -4.382549285888672 9.89954948425293 0.2
8.845560073852539 -4.5162506103515625 10.024751663208008 0.2
8.764410018920898 -4.651149749755859 10.176450729370117 0.2
8.631580352783203 -4.792850494384766 10.27235221862793 0.2
8.494379997253418 -4.936351776123047 10.359052658081055 0.2
8.344010353088379 -5.089752197265625 10.391752243041992 0.2
8.269430160522461 -5.249351501464844 10.26555061340332 0.2
8.3956298828125 -5.376850128173828 10.145452499389648 0.2
8.607799530029297 -5.401149749755859 10.151849746704102 0.2
8.73859977722168 -5.243549346923828 10.219850540161133 0.2
8.801660537719727 -5.038951873779297 10.181352615356445 0.2
8.872590065002441 -4.852550506591797 10.097150802612305 0.2
8.921470642089844 -4.671451568603516 9.985452651977539 0.2
8.929590225219727 -4.576751708984375 9.785852432250977 0.2
9.017190933227539 -4.6280517578125 9.597749710083008 0.2
9.17770004272461 -4.754650115966797 9.629449844360352 0.2
9.165000915527344 -4.8854522705078125 9.807550430297852 0.2
9.059590339660645 -5.018650054931641 9.940851211547852 0.2
8.942279815673828 -5.155849456787109 10.05925178527832 0.2
8.812020301818848 -5.332752227783203 10.070249557495117 0.2
8.857640266418457 -5.4676513671875 9.915849685668945 0.2
9.05408000946045 -5.482452392578125 9.82335090637207 0.2
9.253740310668945 -5.404552459716797 9.820852279663086 0.2
9.350110054016113 -5.213249206542969 9.826650619506836 0.2
9.363580703735352 -5.004650115966797 9.770551681518555 0.2
9.353639602661133 -4.820049285888672 9.654150009155273 0.2
9.422320365905762 -4.736148834228516 9.468149185180664 0.2
9.62224006652832 -4.742450714111328 9.38905143737793 0.2
9.784000396728516 -4.838352203369141 9.486749649047852 0.2
9.748800277709961 -5.0039520263671875 9.623350143432617 0.2
9.632710456848145 -5.172550201416016 9.69434928894043 0.2
9.501819610595703 -5.344051361083984 9.693952560424805 0.2
9.448160171508789 -5.447452545166016 9.51984977722168 0.2
9.596269607543945 -5.453052520751953 9.365449905395508 0.2
9.807170867919922 -5.449249267578125 9.31505012512207 0.2
9.996030807495117 -5.380950927734375 9.383249282836914 0.2
10.027910232543945 -5.208148956298828 9.506952285766602 0.2
9.965720176696777 -5.003150939941406 9.533151626586914 0.2
9.971090316772461 -4.8081512451171875 9.435251235961914 0.2
10.128170013427734 -4.702850341796875 9.332551956176758 0.2
10.338090896606445 -4.7259521484375 9.342550277709961 0.2
10.40552043914795 -4.905750274658203 9.433549880981445 0.2
10.323579788208008 -5.104251861572266 9.459150314331055 0.2
10.225760459899902 -5.291851043701172 9.415651321411133 0.2
10.232770919799805 -5.425048828125 9.249349594116211 0.2
10.40530014038086 -5.454151153564453 9.125150680541992 0.2
10.615209579467773 -5.412052154541016 9.10875129699707 0.2
10.72760009765625 -5.269950866699219 9.219049453735352 0.2
10.683120727539062 -5.0769500732421875 9.304449081420898 0.2
10.596099853515625 -4.8811492919921875 9.333452224731445 0.2
10.54673957824707 -4.6979522705078125 9.232950210571289 0.2
10.659130096435547 -4.602851867675781 9.078351974487305 0.2
10.859970092773438 -4.5917510986328125 9.002649307250977 0.2
11.033520698547363 -4.711750030517578 9.069650650024414 0.2
11.026570320129395 -4.924652099609375 9.145051956176758 0.2
10.948040008544922 -5.137851715087891 9.167352676391602 0.2
10.898740768432617 -5.3352508544921875 9.071050643920898 0.2
11.011380195617676 -5.4228515625 8.899251937866211 0.2
11.221010208129883 -5.414951324462891 8.810251235961914 0.2
11.404840469360352 -5.295452117919922 8.850950241088867 0.2
11.403610229492188 -5.090251922607422 8.940450668334961 0.2
11.304770469665527 -4.89215087890625 8.993951797485352 0.2
11.210269927978516 -4.693351745605469 8.949151992797852 0.2
11.251669883728027 -4.574851989746094 8.766550064086914 0.2
11.395339965820312 -4.586650848388672 8.589448928833008 0.2
11.405330657958984 -4.730548858642578 8.435750961303711 0.2
11.327740669250488 -4.930751800537109 8.430150985717773 0.2
11.254500389099121 -5.123851776123047 8.494852066040039 0.2
11.285090446472168 -5.314350128173828 8.58384895324707 0.2
11.472820281982422 -5.412349700927734 8.60255241394043 0.2
11.665260314941406 -5.417449951171875 8.505949020385742 0.2
11.771580696105957 -5.346549987792969 8.336851119995117 0.2
11.726360321044922 -5.1739501953125 8.22184944152832 0.2
11.639030456542969 -4.977851867675781 8.238752365112305 0.2
11.585229873657227 -4.777851104736328 8.297052383422852 0.2
11.687049865722656 -4.606449127197266 8.368551254272461 0.2
11.886919975280762 -4.548351287841797 8.324151992797852 0.2
12.054230690002441 -4.569049835205078 8.190549850463867 0.2
12.098939895629883 -4.691349029541016 8.025049209594727 0.2
12.027569770812988 -4.889049530029297 7.989450454711914 0.2
11.952179908752441 -5.081851959228516 8.051450729370117 0.2
11.952910423278809 -5.273551940917969 8.147050857543945 0.2
12.117070198059082 -5.3966522216796875 8.196451187133789 0.2
12.309040069580078 -5.422550201416016 8.103849411010742 0.2
12.430780410766602 -5.379749298095703 7.93425178527832 0.2
12.39799976348877 -5.229949951171875 7.788949966430664 0.2
12.311150550842285 -5.032951354980469 7.789152145385742 0.2
12.249030113220215 -4.833652496337891 7.844549179077148 0.2
12.322680473327637 -4.648448944091797 7.916952133178711 0.2
12.516790390014648 -4.573650360107422 7.878751754760742 0.2
12.6808500289917 -4.589649200439453 7.740549087524414 0.2
12.728799819946289 -4.699550628662109 7.567350387573242 0.2
12.655779838562012 -4.892452239990234 7.51405143737793 0.2
12.581250190734863 -5.083950042724609 7.578451156616211 0.2
12.579239845275879 -5.275352478027344 7.673250198364258 0.2
12.738750457763672 -5.406349182128906 7.713850021362305 0.2
12.920940399169922 -5.4396514892578125 7.607351303100586 0.2
13.028200149536133 -5.402851104736328 7.427450180053711 0.2
12.987380027770996 -5.258251190185547 7.279748916625977 0.2
12.90188980102539 -5.0621490478515625 7.286352157592773 0.2
12.848489761352539 -4.864551544189453 7.351949691772461 0.2
12.935500144958496 -4.682849884033203 7.41765022277832 0.2
13.124899864196777 -4.6103515625 7.360250473022461 0.2
13.276400566101074 -4.632350921630859 7.19365119934082 0.2
13.288599967956543 -4.759250640869141 7.013450622558594 0.2
13.198800086975098 -4.963249206542969 6.993949890136719 0.2
13.13129997253418 -5.163051605224609 7.078649520874023 0.2
13.194600105285645 -5.356052398681641 7.171449661254883 0.2
13.388500213623047 -5.45355224609375 7.130849838256836 0.2
13.538000106811523 -5.451251983642578 6.961450576782227 0.2
13.572999954223633 -5.331150054931641 6.776451110839844 0.2
13.490799903869629 -5.126251220703125 6.741050720214844 0.2
13.40999984741211 -4.922050476074219 6.797950744628906 0.2
13.475500106811523 -4.728549957275391 6.885351181030273 0.2
13.688700675964355 -4.665351867675781 6.888750076293945 0.2
13.882699966430664 -4.763751983642578 6.927051544189453 0.2
13.90470027923584 -4.960350036621094 7.029150009155273 0.2
13.815199851989746 -5.159049987792969 7.09105110168457 0.2
13.738699913024902 -5.360252380371094 7.038351058959961 0.2
13.788000106811523 -5.467052459716797 6.847751617431641 0.2
13.940299987792969 -5.465751647949219 6.681650161743164 0.2
14.126299858093262 -5.351451873779297 6.654750823974609 0.2
14.169500350952148 -5.148952484130859 6.738349914550781 0.2
14.105199813842773 -4.943950653076172 6.808950424194336 0.2
14.0108003616333 -4.750049591064453 6.757150650024414 0.2
14.016900062561035 -4.6607513427734375 6.555950164794922 0.2
14.151800155639648 -4.670749664306641 6.375551223754883 0.2
14.328100204467773 -4.769752502441406 6.322551727294922 0.2
14.401800155639648 -4.952152252197266 6.399850845336914 0.2
14.354700088500977 -5.14105224609375 6.487451553344727 0.2
14.263700485229492 -5.3316497802734375 6.50255012512207 0.2
14.202799797058105 -5.464252471923828 6.353151321411133 0.2
14.280900001525879 -5.497051239013672 6.158651351928711 0.2
14.44070053100586 -5.454551696777344 6.027650833129883 0.2
14.58810043334961 -5.306850433349609 6.04734992980957 0.2
14.59280014038086 -5.112152099609375 6.131750106811523 0.2
14.528600692749023 -4.917449951171875 6.189451217651367 0.2
14.436800003051758 -4.746349334716797 6.107851028442383 0.2
14.452000617980957 -4.67864990234375 5.910350799560547 0.2
14.575799942016602 -4.695949554443359 5.73805046081543 0.2
14.745100021362305 -4.806652069091797 5.687950134277344 0.2
14.804200172424316 -4.9931488037109375 5.766351699829102 0.2
14.755000114440918 -5.181751251220703 5.853549957275391 0.2
14.65630054473877 -5.369049072265625 5.85405158996582 0.2
14.598600387573242 -5.4873504638671875 5.692050933837891 0.2
14.67870044708252 -5.50885009765625 5.49635124206543 0.2
14.838700294494629 -5.451450347900391 5.37285041809082 0.2
14.970000267028809 -5.290950775146484 5.40625 0.2
14.965700149536133 -5.096649169921875 5.49275016784668 0.2
14.897600173950195 -4.901050567626953 5.540651321411133 0.2
14.80620002746582 -4.742149353027344 5.438850402832031 0.2
14.834500312805176 -4.6907501220703125 5.236850738525391 0.2
14.960700035095215 -4.721950531005859 5.0693511962890625 0.2
15.120100021362305 -4.8540496826171875 5.04265022277832 0.2
15.156400680541992 -5.044849395751953 5.126951217651367 0.2
15.099800109863281 -5.233150482177734 5.209451675415039 0.2
14.992899894714355 -5.412448883056641 5.182849884033203 0.2
14.955900192260742 -5.507049560546875 5.001350402832031 0.2
15.046000480651855 -5.5115509033203125 4.809051513671875 0.2
15.210599899291992 -5.428749084472656 4.712751388549805 0.2
15.315000534057617 -5.252750396728516 4.764650344848633 0.2
15.295100212097168 -5.059749603271484 4.851449966430664 0.2
15.215400695800781 -4.865852355957031 4.875650405883789 0.2
15.135900497436523 -4.730949401855469 4.738349914550781 0.2
15.184200286865234 -4.702152252197266 4.535150527954102 0.2
15.322100639343262 -4.756752014160156 4.387451171875 0.2
15.461000442504883 -4.913249969482422 4.396150588989258 0.2
15.466400146484375 -5.1040496826171875 4.4873504638671875 0.2
15.397900581359863 -5.292449951171875 4.556251525878906 0.2
15.286900520324707 -5.455348968505859 4.483449935913086 0.2
15.280600547790527 -5.520450592041016 4.2857513427734375 0.2
15.38740062713623 -5.501651763916016 4.104450225830078 0.2
15.550300598144531 -5.385650634765625 4.049350738525391 0.2
15.61340045928955 -5.197750091552734 4.120250701904297 0.2
15.578499794006348 -5.004951477050781 4.2019500732421875 0.2
15.480400085449219 -4.818851470947266 4.18535041809082 0.2
15.425100326538086 -4.717151641845703 4.013551712036133 0.2
15.493800163269043 -4.713748931884766 3.8134498596191406 0.2
15.642499923706055 -4.80255126953125 3.699251174926758 0.2
15.744199752807617 -4.980548858642578 3.7448501586914062 0.2
15.725800514221191 -5.168849945068359 3.8405513763427734 0.2
15.638899803161621 -5.356849670410156 3.881650924682617 0.2
15.53499984741211 -5.491950988769531 3.761850357055664 0.2
15.557400703430176 -5.524452209472656 3.5553512573242188 0.2
15.678500175476074 -5.474552154541016 3.3919506072998047 0.2
15.823200225830078 -5.323650360107422 3.382650375366211 0.2
15.850800514221191 -5.1311492919921875 3.4648513793945312 0.2
15.800000190734863 -4.937252044677734 3.5320510864257812 0.2
15.687700271606445 -4.771549224853516 3.4702510833740234 0.2
15.65980052947998 -4.707950592041016 3.2739505767822266 0.2
15.739500045776367 -4.732952117919922 3.080751419067383 0.2
15.888100624084473 -4.860649108886719 3.0122509002685547 0.2
15.950600624084473 -5.049449920654297 3.082050323486328 0.2
15.917200088500977 -5.236351013183594 3.1756515502929688 0.2
15.807600021362305 -5.415149688720703 3.1790504455566406 0.2
15.723899841308594 -5.512248992919922 3.0173511505126953 0.2
15.76259994506836 -5.514152526855469 2.810251235961914 0.2
15.897200584411621 -5.426952362060547 2.6802501678466797 0.2
16.010900497436523 -5.251552581787109 2.706350326538086 0.2
16.013999938964844 -5.059650421142578 2.794351577758789 0.2
15.939499855041504 -4.867950439453125 2.836151123046875 0.2
15.825900077819824 -4.734649658203125 2.7255516052246094 0.2
15.818699836730957 -4.7048492431640625 2.5186500549316406 0.2
15.914700508117676 -4.762950897216797 2.344350814819336 0.2
16.049400329589844 -4.921550750732422 2.322650909423828 0.2
16.07859992980957 -5.1105499267578125 2.4099502563476562 0.2
16.028400421142578 -5.2980499267578125 2.4913501739501953 0.2
15.899100303649902 -5.456550598144531 2.4465503692626953 0.2
15.841400146484375 -5.515651702880859 2.257251739501953 0.2
15.897299766540527 -5.487949371337891 2.0573501586914062 0.2
16.03860092163086 -5.3641510009765625 1.971151351928711 0.2
16.114500045776367 -5.176551818847656 2.0255508422851562 0.2
16.100200653076172 -4.984550476074219 2.111551284790039 0.2
15.993900299072266 -4.803249359130859 2.1176509857177734 0.2
15.894200325012207 -4.706451416015625 1.965850830078125 0.2
15.906000137329102 -4.705852508544922 1.7561511993408203 0.2
16.020401000976562 -4.801151275634766 1.6141510009765625 0.2
16.127601623535156 -4.9797515869140625 1.6366500854492188 0.2
16.135499954223633 -5.166648864746094 1.7339515686035156 0.2
16.056800842285156 -5.352550506591797 1.7920513153076172 0.2
15.923200607299805 -5.480949401855469 1.6995506286621094 0.2
15.891400337219238 -5.505451202392578 1.4944515228271484 0.2
15.967400550842285 -5.4454498291015625 1.3106498718261719 0.2
16.102100372314453 -5.290050506591797 1.2729511260986328 0.2
16.147899627685547 -5.098751068115234 1.3464508056640625 0.2
16.11090087890625 -4.9060516357421875 1.4214515686035156 0.2
15.981200218200684 -4.746250152587891 1.386850357055664 0.2
15.90530014038086 -4.686149597167969 1.2035503387451172 0.2
15.934800148010254 -4.715251922607422 0.9987506866455078 0.2
16.062000274658203 -4.8482513427734375 0.9039516448974609 0.2
16.13759994506836 -5.036048889160156 0.9594516754150391 0.2
16.126201629638672 -5.222148895263672 1.057149887084961 0.2
16.01409912109375 -5.396751403808594 1.0833511352539062 0.2
15.894499778747559 -5.487152099609375 0.9436511993408203 0.2
15.884699821472168 -5.481349945068359 0.7344512939453125 0.2
15.98740005493164 -5.386852264404297 0.5838508605957031 0.2
16.102699279785156 -5.211151123046875 0.5878505706787109 0.2
16.125499725341797 -5.019950866699219 0.6720504760742188 0.2
16.056800842285156 -4.830249786376953 0.7268505096435547 0.2
15.921100616455078 -4.700950622558594 0.6417503356933594 0.2
15.870600700378418 -4.673149108886719 0.441650390625 0.2
15.92870044708252 -4.736850738525391 0.25495147705078125 0.2
16.053699493408203 -4.8988494873046875 0.2118511199951172 0.2
16.09830093383789 -5.086952209472656 0.292449951171875 0.2
16.060100555419922 -5.27294921875 0.3807506561279297 0.2
15.919500350952148 -5.425651550292969 0.3608512878417969 0.2
15.827000617980957 -5.478649139404297 0.18545150756835938 0.2
15.84689998626709 -5.444149017333984 -0.018949508666992188 0.2
15.971500396728516 -5.317852020263672 -0.12394905090332031 0.2
16.058000564575195 -5.1318511962890625 -0.08354949951171875 0.2
16.060501098632812 -4.940151214599609 0.0016498565673828125 0.2
15.954999923706055 -4.760349273681641 0.024751663208007812 0.2
15.8326997756958 -4.664451599121094 -0.10824966430664062 0.2
15.80940055847168 -4.666049957275391 -0.31584930419921875 0.2
15.897900581359863 -4.767551422119141 -0.46994972229003906 0.2
16.00349998474121 -4.948051452636719 -0.46164894104003906 0.2
16.023399353027344 -5.133949279785156 -0.3665485382080078 0.2
15.947400093078613 -5.316650390625 -0.2973499298095703 0.2
15.798600196838379 -5.439552307128906 -0.3692493438720703 0.2
15.740099906921387 -5.457950592041016 -0.5677490234375 0.2
15.793800354003906 -5.392951965332031 -0.7566490173339844 0.2
15.92490005493164 -5.238948822021484 -0.8093490600585938 0.2
15.984700202941895 -5.049251556396484 -0.7443485260009766 0.2
15.95989990234375 -4.856349945068359 -0.6671485900878906 0.2
15.828400611877441 -4.6961517333984375 -0.6854496002197266 0.2
15.732100486755371 -4.6365509033203125 -0.8577499389648438 0.2
15.736499786376953 -4.670452117919922 -1.0628490447998047 0.2
15.847900390625 -4.809551239013672 -1.1675491333007812 0.2
15.925600051879883 -4.99835205078125 -1.120248794555664 0.2
15.921700477600098 -5.183250427246094 -1.021749496459961 0.2
15.807700157165527 -5.353252410888672 -0.9809494018554688 0.2
15.671600341796875 -5.437751770019531 -1.1063499450683594 0.2
15.645400047302246 -5.422752380371094 -1.312448501586914 0.2
15.73550033569336 -5.324352264404297 -1.4682483673095703 0.2
15.853899955749512 -5.150852203369141 -1.4776496887207031 0.2
15.89169979095459 -4.960651397705078 -1.3989486694335938 0.2
15.832099914550781 -4.770450592041016 -1.3381500244140625 0.2
15.690000534057617 -4.641849517822266 -1.409749984741211 0.2
15.621800422668457 -4.6217498779296875 -1.604349136352539 0.2
15.660600662231445 -4.696750640869141 -1.7909488677978516 0.2
15.774100303649902 -4.865150451660156 -1.8428497314453125 0.2
15.823400497436523 -5.053352355957031 -1.7674484252929688 0.2
15.791299819946289 -5.2373504638671875 -1.6744499206542969 0.2
15.643500328063965 -5.383350372314453 -1.6748485565185547 0.2
15.533300399780273 -5.4248504638671875 -1.8405494689941406 0.2
15.543000221252441 -5.374950408935547 -2.0416488647460938 0.2
15.657999992370605 -5.245449066162109 -2.1554489135742188 0.2
15.753100395202637 -5.0617523193359375 -2.1293487548828125 0.2
15.772600173950195 -4.870250701904297 -2.047849655151367 0.2
15.671700477600098 -4.6907501220703125 -2.012948989868164 0.2
15.533599853515625 -4.600749969482422 -2.132049560546875 0.2
15.485099792480469 -4.6159515380859375 -2.3338489532470703 0.2
15.55109977722168 -4.73065185546875 -2.489849090576172 0.2
15.650300025939941 -4.915050506591797 -2.49224853515625 0.2
15.68179988861084 -5.100749969482422 -2.401449203491211 0.2
15.61299991607666 -5.2801513671875 -2.3192501068115234 0.2
15.449999809265137 -5.393852233886719 -2.3662490844726562 0.2
15.37440013885498 -5.3923492431640625 -2.557249069213867 0.2
15.41670036315918 -5.310150146484375 -2.742948532104492 0.2
15.539199829101562 -5.154949188232422 -2.8139495849609375 0.2
15.614100456237793 -4.966850280761719 -2.764049530029297 0.2
15.607800483703613 -4.773651123046875 -2.685649871826172 0.2
15.474100112915039 -4.616249084472656 -2.6829490661621094 0.2
15.352399826049805 -4.570652008056641 -2.8409500122070312 0.2
15.329299926757812 -4.625049591064453 -3.040149688720703 0.2
15.417900085449219 -4.774749755859375 -3.1540489196777344 0.2
15.498499870300293 -4.964752197265625 -3.1199493408203125 0.2
15.512800216674805 -5.149150848388672 -3.022348403930664 0.2
15.405600547790527 -5.3139495849609375 -2.955249786376953 0.2
15.245200157165527 -5.386951446533203 -3.052549362182617 0.2
15.201200485229492 -5.349250793457031 -3.251150131225586 0.2
15.27280044555664 -5.241050720214844 -3.412149429321289 0.2
15.388700485229492 -5.069252014160156 -3.448648452758789 0.2
15.449000358581543 -4.879550933837891 -3.3847484588623047 0.2
15.409600257873535 -4.6889495849609375 -3.3128490447998047 0.2
15.254300117492676 -4.563449859619141 -3.3529491424560547 0.2
15.149399757385254 -4.557651519775391 -3.5303497314453125 0.2
15.150700569152832 -4.6466522216796875 -3.7153491973876953 0.2
15.245699882507324 -4.819950103759766 -3.7872486114501953 0.2
15.309700012207031 -5.008449554443359 -3.7247486114501953 0.2
15.299799919128418 -5.190952301025391 -3.625049591064453 0.2
15.152999877929688 -5.331748962402344 -3.586648941040039 0.2
15.01039981842041 -5.361949920654297 -3.7255496978759766 0.2
14.999000549316406 -5.294849395751953 -3.9212493896484375 0.2
15.094400405883789 -5.1643524169921875 -4.053249359130859 0.2
15.198200225830078 -4.983150482177734 -4.05634880065918 0.2
15.242899894714355 -4.7915496826171875 -3.9862499237060547 0.2
15.160600662231445 -4.609951019287109 -3.9271488189697266 0.2
15.002099990844727 -4.5218505859375 -4.015949249267578 0.2
14.933000564575195 -4.557750701904297 -4.207849502563477 0.2
14.972599983215332 -4.681549072265625 -4.368749618530273 0.2
15.065800666809082 -4.867649078369141 -4.395349502563477 0.2
15.116600036621094 -5.052951812744141 -4.313148498535156 0.2
15.072800636291504 -5.230152130126953 -4.212949752807617 0.2
14.901500701904297 -5.340950012207031 -4.213048934936523 0.2
14.78760051727295 -5.332149505615234 -4.381349563598633 0.2
14.800700187683105 -5.243450164794922 -4.569149017333984 0.2
14.907600402832031 -5.093250274658203 -4.6712493896484375 0.2
14.998100280761719 -4.906650543212891 -4.649848937988281 0.2
15.021599769592285 -4.71295166015625 -4.575649261474609 0.2
14.902000427246094 -4.550350189208984 -4.536649703979492 0.2
14.749100685119629 -4.506252288818359 -4.66204833984375 0.2
14.696100234985352 -4.575050354003906 -4.850849151611328 0.2
14.75320053100586 -4.72705078125 -4.982149124145508 0.2
14.836899757385254 -4.918552398681641 -4.972848892211914 0.2
14.876200675964355 -5.1018524169921875 -4.880048751831055 0.2
14.792400360107422 -5.264751434326172 -4.784248352050781 0.2
14.60949993133545 -5.333850860595703 -4.830848693847656 0.2
14.523300170898438 -5.288551330566406 -5.012048721313477 0.2
14.561200141906738 -5.179851531982422 -5.184450149536133 0.2
14.669000625610352 -5.013252258300781 -5.256349563598633 0.2
14.749800682067871 -4.824851989746094 -5.216548919677734 0.2
14.742199897766113 -4.633251190185547 -5.137350082397461 0.2
14.587200164794922 -4.501850128173828 -5.132848739624023 0.2
14.449700355529785 -4.503452301025391 -5.283649444580078 0.2
14.422300338745117 -4.604549407958984 -5.461849212646484 0.2
14.492300033569336 -4.778652191162109 -5.557748794555664 0.2
14.568300247192383 -4.968349456787109 -5.51664924621582 0.2
14.586899757385254 -5.149650573730469 -5.416149139404297 0.2
14.456000328063965 -5.287651062011719 -5.336050033569336 0.2
14.27869987487793 -5.31304931640625 -5.42664909362793 0.2
14.22230052947998 -5.240650177001953 -5.612049102783203 0.2
14.283500671386719 -5.113250732421875 -5.766349792480469 0.2
14.387900352478027 -4.936149597167969 -5.804149627685547 0.2
14.457799911499023 -4.746452331542969 -5.75214958190918 0.2
14.405400276184082 -4.562950134277344 -5.6712493896484375 0.2
14.23080062866211 -4.470550537109375 -5.709148406982422 0.2
14.120600700378418 -4.515449523925781 -5.876649856567383 0.2
14.122300148010254 -4.646251678466797 -6.038448333740234 0.2
14.19890022277832 -4.833950042724609 -6.093050003051758 0.2
14.267900466918945 -5.020351409912109 -6.02964973449707 0.2
14.251100540161133 -5.1954498291015625 -5.919349670410156 0.2
14.083100318908691 -5.298851013183594 -5.869850158691406 0.2
13.927900314331055 -5.281848907470703 -5.999050140380859 0.2
13.896699905395508 -5.189949035644531 -6.183050155639648 0.2
13.97700023651123 -5.04425048828125 -6.312448501586914 0.2
14.077199935913086 -4.861850738525391 -6.319849014282227 0.2
14.127900123596191 -4.670650482177734 -6.254148483276367 0.2
14.028900146484375 -4.505851745605469 -6.183248519897461 0.2
13.851300239562988 -4.461551666259766 -6.266748428344727 0.2
13.767900466918945 -4.541950225830078 -6.438249588012695 0.2
13.79419994354248 -4.696849822998047 -6.576448440551758 0.2
13.872900009155273 -4.889751434326172 -6.59174919128418 0.2
13.9306001663208 -5.073749542236328 -6.51154899597168 0.2
13.868400573730469 -5.232551574707031 -6.396450042724609 0.2
13.676700592041016 -5.292751312255859 -6.395849227905273 0.2
13.55109977722168 -5.241451263427734 -6.549848556518555 0.2
13.550700187683105 -5.134052276611328 -6.726949691772461 0.2
13.644499778747559 -4.972751617431641 -6.825448989868164 0.2
13.741100311279297 -4.788848876953125 -6.806049346923828 0.2
13.756999969482422 -4.599052429199219 -6.7254486083984375 0.2
13.608699798583984 -4.4656524658203125 -6.689350128173828 0.2
13.4443998336792 -4.4676513671875 -6.809549331665039 0.2
13.384200096130371 -4.5733489990234375 -6.976348876953125 0.2
13.428800582885742 -4.749752044677734 -7.082550048828125 0.2
13.510700225830078 -4.939552307128906 -7.058549880981445 0.2
13.54699993133545 -5.120052337646484 -6.962749481201172 0.2
13.429500579833984 -5.25054931640625 -6.85624885559082 0.2
13.23550033569336 -5.264049530029297 -6.906148910522461 0.2
13.141900062561035 -5.185649871826172 -7.073049545288086 0.2
13.171199798583984 -5.058052062988281 -7.235649108886719 0.2
13.269200325012207 -4.883049011230469 -7.294649124145508 0.2
13.350700378417969 -4.694950103759766 -7.25724983215332 0.2
13.316500663757324 -4.513050079345703 -7.164449691772461 0.2
13.139400482177734 -4.419349670410156 -7.171049118041992 0.2
13.00829029083252 -4.465049743652344 -7.320949554443359 0.2
12.990970611572266 -4.596950531005859 -7.481048583984375 0.2
13.056400299072266 -4.784450531005859 -7.548948287963867 0.2
13.133999824523926 -4.971149444580078 -7.499149322509766 0.2
13.135000228881836 -5.145549774169922 -7.387350082397461 0.2
12.976840019226074 -5.246650695800781 -7.309848785400391 0.2
12.801910400390625 -5.226348876953125 -7.409248352050781 0.2
12.742050170898438 -5.1336517333984375 -7.585149765014648 0.2
12.802090644836426 -4.990451812744141 -7.727449417114258 0.2
12.903170585632324 -4.810249328613281 -7.753349304199219 0.2
12.966710090637207 -4.620449066162109 -7.696249008178711 0.2
12.882840156555176 -4.4537506103515625 -7.612249374389648 0.2
12.697400093078613 -4.403949737548828 -7.671548843383789 0.2
12.59358024597168 -4.482051849365234 -7.831850051879883 0.2
12.600390434265137 -4.636852264404297 -7.972648620605469 0.2
12.676239967346191 -4.829051971435547 -7.999248504638672 0.2
12.74612045288086 -5.012149810791016 -7.927549362182617 0.2
12.700640678405762 -5.171150207519531 -7.805948257446289 0.2
12.510740280151367 -5.229949951171875 -7.777349472045898 0.2
12.364280700683594 -5.174949645996094 -7.909749984741211 0.2
12.338789939880371 -5.065452575683594 -8.083148956298828 0.2
12.417840003967285 -4.903450012207031 -8.19314956665039 0.2
12.51259994506836 -4.717948913574219 -8.188348770141602 0.2
12.540820121765137 -4.5285491943359375 -8.109548568725586 0.2
12.403950691223145 -4.391448974609375 -8.050149917602539 0.2
12.23036003112793 -4.387752532958984 -8.153549194335938 0.2
12.168379783630371 -4.4931488037109375 -8.319950103759766 0.2
12.206500053405762 -4.66455078125 -8.436849594116211 0.2
12.289800643920898 -4.854850769042969 -8.428049087524414 0.2
12.340479850769043 -5.036048889160156 -8.339948654174805 0.2
12.244190216064453 -5.174949645996094 -8.223148345947266 0.2
12.046430587768555 -5.198951721191406 -8.245649337768555 0.2
11.934450149536133 -5.122749328613281 -8.400949478149414 0.2
11.943960189819336 -4.997749328613281 -8.568248748779297 0.2
12.034560203552246 -4.825050354003906 -8.64324951171875 0.2
12.124950408935547 -4.639152526855469 -8.617149353027344 0.2
12.107000350952148 -4.455348968505859 -8.524250030517578 0.2
11.932109832763672 -4.358348846435547 -8.506149291992188 0.2
11.777870178222656 -4.402149200439453 -8.632648468017578 0.2
11.731249809265137 -4.5357513427734375 -8.785749435424805 0.2
11.78141975402832 -4.724052429199219 -8.860748291015625 0.2
11.869029998779297 -4.909549713134766 -8.824548721313477 0.2
11.885910034179688 -5.083549499511719 -8.714349746704102 0.2
11.73843002319336 -5.176750183105469 -8.61104965209961 0.2
11.548640251159668 -5.142551422119141 -8.672849655151367 0.2
11.456890106201172 -5.039051055908203 -8.82765007019043 0.2
11.4864501953125 -4.886852264404297 -8.970748901367188 0.2
11.57781982421875 -4.704151153564453 -9.010149002075195 0.2
11.648859977722168 -4.514949798583984 -8.961349487304688 0.2
11.578869819641113 -4.357151031494141 -8.852048873901367 0.2
11.38213062286377 -4.3193511962890625 -8.866748809814453 0.2
11.248129844665527 -4.404048919677734 -8.999049186706543 0.2
11.225150108337402 -4.561450958251953 -9.13654899597168 0.2
11.294150352478027 -4.752750396728516 -9.179849624633789 0.2
11.37798023223877 -4.9378509521484375 -9.132248878479004 0.2
11.357870101928711 -5.095249176025391 -9.002549171447754 0.2
11.177530288696289 -5.142452239990234 -8.928449630737305 0.2
11.004520416259766 -5.0740509033203125 -9.015249252319336 0.2
10.938010215759277 -4.952949523925781 -9.169949531555176 0.2
10.984920501708984 -4.783351898193359 -9.286048889160156 0.2
11.079100608825684 -4.597949981689453 -9.301249504089355 0.2
11.12460994720459 -4.412448883056641 -9.22244930267334 0.2
11.00040054321289 -4.28955078125 -9.121048927307129 0.2
10.803350448608398 -4.301448822021484 -9.167448997497559 0.2
10.694450378417969 -4.413749694824219 -9.303049087524414 0.2
10.695470809936523 -4.589649200439453 -9.419849395751953 0.2
10.780400276184082 -4.778949737548828 -9.437349319458008 0.2
10.850200653076172 -4.962150573730469 -9.369949340820312 0.2
10.781140327453613 -5.0899505615234375 -9.225648880004883 0.2
10.583669662475586 -5.09014892578125 -9.188749313354492 0.2
10.433349609375 -4.996551513671875 -9.29474925994873 0.2
10.394430160522461 -4.855251312255859 -9.445549011230469 0.2
10.459260940551758 -4.675350189208984 -9.529048919677734 0.2
10.550630569458008 -4.488250732421875 -9.522849082946777 0.2
10.55504035949707 -4.315250396728516 -9.40994930267334 0.2
10.38661003112793 -4.237949371337891 -9.33384895324707 0.2
10.205039978027344 -4.295551300048828 -9.40894889831543 0.2
10.122539520263672 -4.434551239013672 -9.541749000549316 0.2
10.152310371398926 -4.623950958251953 -9.62614917755127 0.2
10.2406005859375 -4.8128509521484375 -9.622149467468262 0.2
10.283710479736328 -4.986549377441406 -9.518548965454102 0.2
10.168069839477539 -5.071552276611328 -9.375749588012695 0.2
9.969829559326172 -5.028450012207031 -9.383149147033691 0.2
9.841930389404297 -4.920249938964844 -9.50584888458252 0.2
9.838740348815918 -4.765750885009766 -9.650049209594727 0.2
9.92080020904541 -4.5841522216796875 -9.710749626159668 0.2
10.002349853515625 -4.395450592041016 -9.679049491882324 0.2
9.959420204162598 -4.238552093505859 -9.555249214172363 0.2
9.763930320739746 -4.200649261474609 -9.52924919128418 0.2
9.607450485229492 -4.286552429199219 -9.633149147033691 0.2
9.560279846191406 -4.445152282714844 -9.76314926147461 0.2
9.617700576782227 -4.638252258300781 -9.816848754882812 0.2
9.704179763793945 -4.8251495361328125 -9.783248901367188 0.2
9.707509994506836 -4.981349945068359 -9.649848937988281 0.2
9.543230056762695 -5.030952453613281 -9.546149253845215 0.2
9.359010696411133 -4.96514892578125 -9.607648849487305 0.2
9.272590637207031 -4.84625244140625 -9.753949165344238 0.2
9.304229736328125 -4.679649353027344 -9.880148887634277 0.2
9.395299911499023 -4.494850158691406 -9.912849426269531 0.2
9.454740524291992 -4.307750701904297 -9.847549438476562 0.2
9.352689743041992 -4.176750183105469 -9.731549263000488 0.2
9.151420593261719 -4.181549072265625 -9.750848770141602 0.2
9.027200698852539 -4.292949676513672 -9.873449325561523 0.2
9.011640548706055 -4.467948913574219 -9.991349220275879 0.2
9.0906400680542 -4.65875244140625 -10.018548965454102 0.2
9.16823959350586 -4.842552185058594 -9.961349487304688 0.2
9.121419906616211 -4.974948883056641 -9.811549186706543 0.2
8.930789947509766 -4.98175048828125 -9.749249458312988 0.2
8.769720077514648 -4.889049530029297 -9.838449478149414 0.2
8.713350296020508 -4.747951507568359 -9.984549522399902 0.2
8.766130447387695 -4.568351745605469 -10.077249526977539 0.2
8.85813045501709 -4.381549835205078 -10.086949348449707 0.2
8.881620407104492 -4.206550598144531 -9.979249000549316 0.2
8.729459762573242 -4.127449035644531 -9.875349044799805 0.2
8.538129806518555 -4.186450958251953 -9.917348861694336 0.2
8.43436050415039 -4.326351165771484 -10.034149169921875 0.2
8.44873046875 -4.515251159667969 -10.123148918151855 0.2
8.536750793457031 -4.703948974609375 -10.136448860168457 0.2
8.594850540161133 -4.879249572753906 -10.0431489944458 0.2
8.50160026550293 -4.964649200439453 -9.885048866271973 0.2
8.305610656738281 -4.917949676513672 -9.859649658203125 0.2
8.163360595703125 -4.801750183105469 -9.956849098205566 0.2
8.137149810791016 -4.638751983642578 -10.089249610900879 0.2
8.207550048828125 -4.45465087890625 -10.156848907470703 0.2
8.294050216674805 -4.266849517822266 -10.133548736572266 0.2
8.273150444030762 -4.1188507080078125 -9.994349479675293 0.2
8.086190223693848 -4.094348907470703 -9.924649238586426 0.2
7.912710189819336 -4.1867523193359375 -9.989449501037598 0.2
7.840700149536133 -4.347450256347656 -10.105949401855469 0.2
7.887630462646484 -4.538848876953125 -10.173949241638184 0.2
7.976940155029297 -4.727352142333984 -10.166149139404297 0.2
8.003829956054688 -4.883552551269531 -10.03554916381836 0.2
7.85968017578125 -4.925449371337891 -9.902749061584473 0.2
7.669840335845947 -4.848350524902344 -9.921249389648438 0.2
7.559140205383301 -4.715850830078125 -10.037949562072754 0.2
7.56850004196167 -4.5393524169921875 -10.153149604797363 0.2
7.652850151062012 -4.353050231933594 -10.195448875427246 0.2
7.722780227661133 -4.170749664306641 -10.127449035644531 0.2
7.6367902755737305 -4.056949615478516 -9.984748840332031 0.2
7.43595027923584 -4.079250335693359 -9.963249206542969 0.2
7.292670249938965 -4.1972503662109375 -10.05574893951416 0.2
7.261280059814453 -4.37554931640625 -10.166149139404297 0.2
7.3325700759887695 -4.566749572753906 -10.210148811340332 0.2
7.4155402183532715 -4.752250671386719 -10.167949676513672 0.2
7.393170356750488 -4.8802490234375 -10.009049415588379 0.2
7.213600158691406 -4.880950927734375 -9.919049263000488 0.2
7.041450023651123 -4.784252166748047 -9.97974967956543 0.2
6.968270301818848 -4.638751983642578 -10.113348960876465 0.2
7.010680198669434 -4.456951141357422 -10.208748817443848 0.2
7.098390102386475 -4.268550872802734 -10.22654914855957 0.2
7.1347503662109375 -4.0946502685546875 -10.119449615478516 0.2
6.993650436401367 -4.013851165771484 -10.002649307250977 0.2
6.799600124359131 -4.071052551269531 -10.033248901367188 0.2
6.690390110015869 -4.208251953125 -10.148149490356445 0.2
6.699690341949463 -4.395751953125 -10.242949485778809 0.2
6.784700393676758 -4.585552215576172 -10.261649131774902 0.2
6.850260257720947 -4.763648986816406 -10.177749633789062 0.2
6.771430015563965 -4.8623504638671875 -10.018649101257324 0.2
6.57411003112793 -4.828948974609375 -9.987849235534668 0.2
6.428380012512207 -4.716949462890625 -10.085148811340332 0.2
6.395979881286621 -4.556049346923828 -10.219449043273926 0.2
6.460619926452637 -4.370052337646484 -10.288748741149902 0.2
6.545280456542969 -4.1802520751953125 -10.272748947143555 0.2
6.535950183868408 -4.0263519287109375 -10.137349128723145 0.2
6.355100154876709 -3.994152069091797 -10.056649208068848 0.2
6.179010391235352 -4.083850860595703 -10.117349624633789 0.2
6.101560115814209 -4.240150451660156 -10.236749649047852 0.2
6.143270492553711 -4.430351257324219 -10.311948776245117 0.2
6.234320163726807 -4.618549346923828 -10.31364917755127 0.2
6.272809982299805 -4.781951904296875 -10.194748878479004 0.2
6.141700267791748 -4.837451934814453 -10.053149223327637 0.2
5.949090003967285 -4.766750335693359 -10.05894947052002 0.2
5.830130577087402 -4.634052276611328 -10.168048858642578 0.2
5.827030181884766 -4.455650329589844 -10.28084945678711 0.2
5.905240058898926 -4.2673492431640625 -10.327149391174316 0.2
5.979730129241943 -4.083850860595703 -10.266949653625488 0.2
5.912199974060059 -3.971050262451172 -10.11294937133789 0.2
5.715920448303223 -3.9950523376464844 -10.066848754882812 0.2
5.5641303062438965 -4.112850189208984 -10.145349502563477 0.2
5.520210266113281 -4.288848876953125 -10.255949020385742 0.2
5.585550308227539 -4.4790496826171875 -10.312549591064453 0.2
5.673530578613281 -4.6656494140625 -10.287149429321289 0.2
5.673500061035156 -4.7987518310546875 -10.130549430847168 0.2
5.508090019226074 -4.803249359130859 -10.016448974609375 0.2
5.329890251159668 -4.704750061035156 -10.051349639892578 0.2
5.238860130310059 -4.554450988769531 -10.169149398803711 0.2
5.267020225524902 -4.369449615478516 -10.263449668884277 0.2
5.350260257720947 -4.179950714111328 -10.28964900970459 0.2
5.400589942932129 -4.009250640869141 -10.182748794555664 0.2
5.2777299880981445 -3.93804931640625 -10.041349411010742 0.2
5.082690238952637 -4.001651763916016 -10.04004955291748 0.2
4.959259986877441 -4.140949249267578 -10.13694953918457 0.2
4.956940174102783 -4.328651428222656 -10.233049392700195 0.2
5.036160469055176 -4.519050598144531 -10.26724910736084 0.2
5.115139961242676 -4.6972503662109375 -10.195249557495117 0.2
5.061960220336914 -4.7962493896484375 -10.026148796081543 0.2
4.871129989624023 -4.763149261474609 -9.965848922729492 0.2
4.711940288543701 -4.650550842285156 -10.038649559020996 0.2
4.661250114440918 -4.488250732421875 -10.165849685668945 0.2
4.715720176696777 -4.301750183105469 -10.242749214172363 0.2
4.800000190734863 -4.111049652099609 -10.237249374389648 0.2
4.805780410766602 -3.9571495056152344 -10.101248741149902 0.2
4.634200096130371 -3.9260520935058594 -10.001648902893066 0.2
4.453300476074219 -4.0173492431640625 -10.044349670410156 0.2
4.36775016784668 -4.175251007080078 -10.155549049377441 0.2
4.402600288391113 -4.367649078369141 -10.231149673461914 0.2
4.491530418395996 -4.557048797607422 -10.237149238586426 0.2
4.544830322265625 -4.719852447509766 -10.122049331665039 0.2
4.429340362548828 -4.782451629638672 -9.970048904418945 0.2
4.233670234680176 -4.720951080322266 -9.965249061584473 0.2
4.105960369110107 -4.5957489013671875 -10.072149276733398 0.2
4.093850135803223 -4.422050476074219 -10.193449020385742 0.2
4.164999961853027 -4.233348846435547 -10.249349594116211 0.2
4.240560054779053 -4.045249938964844 -10.205549240112305 0.2
4.18742036819458 -3.918750762939453 -10.055349349975586 0.2
3.9933722019195557 -3.9308509826660156 -9.999349594116211 0.2
3.8375720977783203 -4.045650482177734 -10.073749542236328 0.2
3.787741184234619 -4.219150543212891 -10.18644905090332 0.2
3.851154327392578 -4.40985107421875 -10.243948936462402 0.2
3.942143201828003 -4.596050262451172 -10.223949432373047 0.2
3.9521801471710205 -4.738250732421875 -10.0746488571167 0.2
3.790926218032837 -4.760150909423828 -9.957348823547363 0.2
3.608389377593994 -4.670951843261719 -9.993049621582031 0.2
3.51167631149292 -4.52545166015625 -10.112249374389648 0.2
3.5327682495117188 -4.340751647949219 -10.209548950195312 0.2
3.612314224243164 -4.150051116943359 -10.240849494934082 0.2
3.6659462451934814 -3.973949432373047 -10.144449234008789 0.2
3.553868293762207 -3.8949508666992188 -9.997649192810059 0.2
3.3588011264801025 -3.955852508544922 -9.985849380493164 0.2
3.2306623458862305 -4.093849182128906 -10.078349113464355 0.2
3.2220332622528076 -4.279949188232422 -10.177449226379395 0.2
3.301309108734131 -4.469348907470703 -10.217549324035645 0.2
3.3851771354675293 -4.649650573730469 -10.156649589538574 0.2
3.3446831703186035 -4.757549285888672 -9.988849639892578 0.2
3.1565561294555664 -4.733348846435547 -9.9181489944458 0.2
2.992609739303589 -4.622650146484375 -9.982949256896973 0.2
2.9313623905181885 -4.459449768066406 -10.104349136352539 0.2
2.9785101413726807 -4.270851135253906 -10.18114948272705 0.2
3.0612504482269287 -4.079151153564453 -10.18114948272705 0.2
3.0779778957366943 -3.9253501892089844 -10.04574966430664 0.2
2.9179837703704834 -3.897350311279297 -9.927749633789062 0.2
2.7349233627319336 -3.99114990234375 -9.951249122619629 0.2
2.6386351585388184 -4.1488494873046875 -10.054449081420898 0.2
2.6659111976623535 -4.339351654052734 -10.1371488571167 0.2
2.7551302909851074 -4.5274505615234375 -10.159449577331543 0.2
2.820277214050293 -4.6925506591796875 -10.054649353027344 0.2
2.7216873168945312 -4.754451751708984 -9.890748977661133 0.2
2.5299651622772217 -4.688350677490234 -9.857949256896973 0.2
2.3898632526397705 -4.556251525878906 -9.940849304199219 0.2
2.363290309906006 -4.376850128173828 -10.049049377441406 0.2
2.428950309753418 -4.187751770019531 -10.110649108886719 0.2
2.5090491771698 -4.001949310302734 -10.06614875793457 0.2
2.4674072265625 -3.8912506103515625 -9.901449203491211 0.2
2.2842981815338135 -3.9232521057128906 -9.818449020385742 0.2
2.124981164932251 -4.048450469970703 -9.863948822021484 0.2
2.07049822807312 -4.230049133300781 -9.960948944091797 0.2
2.1261911392211914 -4.423149108886719 -10.020149230957031 0.2
2.2197141647338867 -4.608650207519531 -10.005048751831055 0.2
2.2534501552581787 -4.739650726318359 -9.849449157714844 0.2
2.1070852279663086 -4.7530517578125 -9.712348937988281 0.2
1.9194601774215698 -4.666450500488281 -9.725849151611328 0.2
1.8094701766967773 -4.526950836181641 -9.838549613952637 0.2
1.8192402124404907 -4.3453521728515625 -9.945448875427246 0.2
1.8899601697921753 -4.153751373291016 -9.989949226379395 0.2
1.9506402015686035 -3.971851348876953 -9.907949447631836 0.2
1.8503602743148804 -3.879852294921875 -9.760449409484863 0.2
1.6540201902389526 -3.9331512451171875 -9.74014949798584 0.2
1.5211602449417114 -4.0686492919921875 -9.828349113464355 0.2
1.508870244026184 -4.254150390625 -9.929549217224121 0.2
1.5901802778244019 -4.443149566650391 -9.967148780822754 0.2
1.6781601905822754 -4.623249053955078 -9.910649299621582 0.2
1.6471502780914307 -4.741249084472656 -9.746748924255371 0.2
1.4577902555465698 -4.734951019287109 -9.677148818969727 0.2
1.2896301746368408 -4.635551452636719 -9.748649597167969 0.2
1.2230502367019653 -4.479148864746094 -9.875948905944824 0.2
1.2654001712799072 -4.2906494140625 -9.956149101257324 0.2
1.3438901901245117 -4.096950531005859 -9.96264934539795 0.2
1.3615602254867554 -3.9347496032714844 -9.83704948425293 0.2
1.2052502632141113 -3.8969497680664062 -9.717049598693848 0.2
1.0213701725006104 -3.9889488220214844 -9.738749504089355 0.2
0.9244401454925537 -4.145149230957031 -9.842649459838867 0.2
0.9503202438354492 -4.335849761962891 -9.926249504089355 0.2
1.0424102544784546 -4.5227508544921875 -9.948248863220215 0.2
1.1133801937103271 -4.6905517578125 -9.851149559020996 0.2
1.0230501890182495 -4.765552520751953 -9.687549591064453 0.2
0.827850341796875 -4.713451385498047 -9.654349327087402 0.2
0.6822702884674072 -4.590450286865234 -9.740549087524414 0.2
0.6459603309631348 -4.415351867675781 -9.85374927520752 0.2
0.7069201469421387 -4.225650787353516 -9.918048858642578 0.2
0.7843501567840576 -4.035652160644531 -9.88634967803955 0.2
0.7525801658630371 -3.9135513305664062 -9.72654914855957 0.2
0.5739402770996094 -3.9371490478515625 -9.633749008178711 0.2
0.4116201400756836 -4.060749053955078 -9.673149108886719 0.2
0.3465301990509033 -4.240348815917969 -9.767048835754395 0.2
0.4005303382873535 -4.431652069091797 -9.832348823547363 0.2
0.4970402717590332 -4.61614990234375 -9.829349517822266 0.2
0.5404701232910156 -4.749549865722656 -9.678749084472656 0.2
0.41041016578674316 -4.758949279785156 -9.525249481201172 0.2
0.22636032104492188 -4.6656494140625 -9.51254940032959 0.2
0.10186028480529785 -4.517749786376953 -9.601149559020996 0.2
0.10070013999938965 -4.334850311279297 -9.702949523925781 0.2
0.16822028160095215 -4.144950866699219 -9.758249282836914 0.2
0.23760032653808594 -3.9704513549804688 -9.67034912109375 0.2
0.15565013885498047 -3.9084510803222656 -9.497549057006836 0.2
-0.023119688034057617 -3.986949920654297 -9.430849075317383 0.2
-0.1583096981048584 -4.14105224609375 -9.474848747253418 0.2
-0.17357969284057617 -4.337650299072266 -9.552449226379395 0.2
-0.10264968872070312 -4.530448913574219 -9.59274959564209 0.2
0.003900289535522461 -4.699951171875 -9.53334903717041 0.2
0.0004203319549560547 -4.789852142333984 -9.352048873901367 0.2
-0.1741197109222412 -4.765350341796875 -9.25014877319336 0.2
-0.35588979721069336 -4.670051574707031 -9.286849021911621 0.2
-0.4400198459625244 -4.523052215576172 -9.41404914855957 0.2
-0.4133896827697754 -4.340049743652344 -9.513648986816406 0.2
-0.3423497676849365 -4.145450592041016 -9.5431489944458 0.2
-0.31160974502563477 -3.971851348876953 -9.435648918151855 0.2
-0.4604496955871582 -3.915851593017578 -9.313549041748047 0.2
-0.6481096744537354 -4.001350402832031 -9.325949668884277 0.2
-0.7493298053741455 -4.1571502685546875 -9.423648834228516 0.2
-0.7247598171234131 -4.350349426269531 -9.504448890686035 0.2
-0.6271498203277588 -4.535449981689453 -9.514248847961426 0.2
-0.550299882888794 -4.701652526855469 -9.417448997497559 0.2
-0.6337897777557373 -4.792850494384766 -9.257749557495117 0.2
-0.8350098133087158 -4.767650604248047 -9.238749504089355 0.2
-0.9814398288726807 -4.664649963378906 -9.345149040222168 0.2
-1.0220999717712402 -4.501251220703125 -9.474749565124512 0.2
-0.9668197631835938 -4.311248779296875 -9.543048858642578 0.2
-0.8967697620391846 -4.116050720214844 -9.526948928833008 0.2
-0.92691969871521 -3.9727516174316406 -9.383349418640137 0.2
-1.1060996055603027 -3.9777488708496094 -9.291149139404297 0.2
-1.2693395614624023 -4.098049163818359 -9.333549499511719 0.2
-1.336629867553711 -4.273750305175781 -9.433249473571777 0.2
-1.2802696228027344 -4.464252471923828 -9.498048782348633 0.2
-1.1789798736572266 -4.6466522216796875 -9.497448921203613 0.2
-1.1325798034667969 -4.791751861572266 -9.35824966430664 0.2
-1.2626099586486816 -4.824451446533203 -9.208549499511719 0.2
-1.453439712524414 -4.7467498779296875 -9.204249382019043 0.2
-1.5846595764160156 -4.609352111816406 -9.298748970031738 0.2
-1.5941195487976074 -4.427249908447266 -9.400949478149414 0.2
-1.5287299156188965 -4.236850738525391 -9.457849502563477 0.2
-1.4624395370483398 -4.054851531982422 -9.38344955444336 0.2
-1.5350499153137207 -3.9798507690429688 -9.211249351501465 0.2
-1.711789608001709 -4.05364990234375 -9.13754940032959 0.2
-1.8519096374511719 -4.2055511474609375 -9.17664909362793 0.2
-1.8782696723937988 -4.399650573730469 -9.254249572753906 0.2
-1.808609962463379 -4.589550018310547 -9.307848930358887 0.2
-1.700469970703125 -4.761451721191406 -9.263648986816406 0.2
-1.683309555053711 -4.847850799560547 -9.080849647521973 0.2
-1.8348097801208496 -4.810550689697266 -8.949850082397461 0.2
-2.0129899978637695 -4.702350616455078 -8.952848434448242 0.2
-2.114999771118164 -4.544651031494141 -9.05164909362793 0.2
-2.102069854736328 -4.363250732421875 -9.154748916625977 0.2
-2.0306496620178223 -4.170551300048828 -9.191449165344238 0.2
-1.9829998016357422 -4.014549255371094 -9.067548751831055 0.2
-2.1011996269226074 -3.9986495971679688 -8.90464973449707 0.2
-2.2717700004577637 -4.106151580810547 -8.853349685668945 0.2
-2.377269744873047 -4.280952453613281 -8.905248641967773 0.2
-2.3580899238586426 -4.480251312255859 -8.971149444580078 0.2
-2.267629623413086 -4.668048858642578 -8.991549491882324 0.2
-2.1618499755859375 -4.815052032470703 -8.890348434448242 0.2
-2.2206597328186035 -4.87554931640625 -8.70844841003418 0.2
-2.414029598236084 -4.835651397705078 -8.65114974975586 0.2
-2.5806198120117188 -4.736549377441406 -8.724849700927734 0.2
-2.6386499404907227 -4.579750061035156 -8.856548309326172 0.2
-2.6003198623657227 -4.392650604248047 -8.942548751831055 0.2
-2.5321297645568848 -4.195949554443359 -8.94434928894043 0.2
-2.5464797019958496 -4.042350769042969 -8.809648513793945 0.2
-2.7211999893188477 -4.03485107421875 -8.709949493408203 0.2
-2.8888297080993652 -4.151649475097656 -8.742748260498047 0.2
-2.9585795402526855 -4.326652526855469 -8.840349197387695 0.2
-2.9031295776367188 -4.518650054931641 -8.90224838256836 0.2
-2.7974295616149902 -4.698650360107422 -8.897048950195312 0.2
-2.7392196655273438 -4.847049713134766 -8.764348983764648 0.2
-2.8623299598693848 -4.9035491943359375 -8.616449356079102 0.2
-3.060389995574951 -4.849948883056641 -8.623849868774414 0.2
-3.194889545440674 -4.73175048828125 -8.734949111938477 0.2
-3.2151598930358887 -4.557552337646484 -8.850448608398438 0.2
-3.155679702758789 -4.366649627685547 -8.911849975585938 0.2
-3.0974297523498535 -4.174049377441406 -8.860048294067383 0.2
-3.168729782104492 -4.069850921630859 -8.7021484375 0.2
-3.352180004119873 -4.126350402832031 -8.634149551391602 0.2
-3.4943995475769043 -4.2720489501953125 -8.682149887084961 0.2
-3.526169776916504 -4.462749481201172 -8.767648696899414 0.2
-3.449209690093994 -4.650550842285156 -8.817249298095703 0.2
-3.341799736022949 -4.825351715087891 -8.781749725341797 0.2
-3.3219995498657227 -4.934551239013672 -8.610748291015625 0.2
-3.480489730834961 -4.926151275634766 -8.48604965209961 0.2
-3.6661596298217773 -4.834049224853516 -8.503849029541016 0.2
-3.7794899940490723 -4.68695068359375 -8.605749130249023 0.2
-3.7692198753356934 -4.505851745605469 -8.708648681640625 0.2
-3.7024497985839844 -4.313152313232422 -8.75364875793457 0.2
-3.656219959259033 -4.146450042724609 -8.643449783325195 0.2
-3.762629985809326 -4.1199493408203125 -8.474849700927734 0.2
-3.9285497665405273 -4.2281494140625 -8.414148330688477 0.2
-4.040579795837402 -4.404151916503906 -8.450748443603516 0.2
-4.030999660491943 -4.602851867675781 -8.514848709106445 0.2
-3.944049835205078 -4.789649963378906 -8.551849365234375 0.2
-3.827639579772949 -4.932849884033203 -8.460948944091797 0.2
-3.846479892730713 -4.963050842285156 -8.263050079345703 0.2
-4.005589962005615 -4.89105224609375 -8.153348922729492 0.2
-4.175829887390137 -4.770450592041016 -8.174348831176758 0.2
-4.25629997253418 -4.60784912109375 -8.281148910522461 0.2
-4.238919734954834 -4.429752349853516 -8.389949798583984 0.2
-4.160979747772217 -4.2384490966796875 -8.399848937988281 0.2
-4.1437296867370605 -4.116748809814453 -8.239448547363281 0.2
-4.269439697265625 -4.151451110839844 -8.081649780273438 0.2
-4.417099952697754 -4.288051605224609 -8.0323486328125 0.2
-4.484119892120361 -4.484550476074219 -8.077749252319336 0.2
-4.435059547424316 -4.682552337646484 -8.125848770141602 0.2
-4.321569919586182 -4.857551574707031 -8.119949340820312 0.2
-4.226269721984863 -4.967250823974609 -7.97454833984375 0.2
-4.328099727630615 -4.989051818847656 -7.802949905395508 0.2
-4.525669574737549 -4.933952331542969 -7.776149749755859 0.2
-4.6803297996521 -4.828151702880859 -7.869548797607422 0.2
-4.720869541168213 -4.665050506591797 -7.997148513793945 0.2
-4.683259963989258 -4.477550506591797 -8.081649780273438 0.2
-4.62283992767334 -4.279850006103516 -8.05474853515625 0.2
-4.677779674530029 -4.159149169921875 -7.903049468994141 0.2
-4.855189800262451 -4.2084503173828125 -7.8168487548828125 0.2
-4.999259948730469 -4.356849670410156 -7.845348358154297 0.2
-5.034989356994629 -4.551250457763672 -7.920949935913086 0.2
-4.954279899597168 -4.7384490966796875 -7.965749740600586 0.2
-4.8384199142456055 -4.908149719238281 -7.932149887084961 0.2
-4.801739692687988 -5.0169525146484375 -7.762948989868164 0.2
-4.952849864959717 -5.0198516845703125 -7.629848480224609 0.2
-5.144229888916016 -4.940250396728516 -7.643148422241211 0.2
-5.269539833068848 -4.804752349853516 -7.747348785400391 0.2
-5.274310111999512 -4.628349304199219 -7.858348846435547 0.2
-5.218979835510254 -4.435649871826172 -7.917348861694336 0.2
-5.17140007019043 -4.258449554443359 -7.825248718261719 0.2
-5.265560150146484 -4.217552185058594 -7.65264892578125 0.2
-5.426989555358887 -4.322849273681641 -7.57765007019043 0.2
-5.541569709777832 -4.497249603271484 -7.607248306274414 0.2
-5.536479949951172 -4.6972503662109375 -7.670249938964844 0.2
-5.446399688720703 -4.882549285888672 -7.707048416137695 0.2
-5.324999809265137 -5.029651641845703 -7.628448486328125 0.2
-5.334839820861816 -5.081550598144531 -7.434549331665039 0.2
-5.503549575805664 -5.033550262451172 -7.328849792480469 0.2
-5.683289527893066 -4.930950164794922 -7.357349395751953 0.2
-5.778160095214844 -4.775951385498047 -7.464649200439453 0.2
-5.76432991027832 -4.597949981689453 -7.573749542236328 0.2
-5.697739601135254 -4.403450012207031 -7.5993499755859375 0.2
-5.673089981079102 -4.263751983642578 -7.45374870300293 0.2
-5.790829658508301 -4.28485107421875 -7.289848327636719 0.2
-5.939159393310547 -4.420249938964844 -7.237049102783203 0.2
-6.0206499099731445 -4.613651275634766 -7.270149230957031 0.2
-5.981369972229004 -4.810249328613281 -7.32914924621582 0.2
-5.8734893798828125 -4.987548828125 -7.34375 0.2
-5.762020111083984 -5.0935516357421875 -7.207849502563477 0.2
-5.822400093078613 -5.086151123046875 -7.015949249267578 0.2
-5.994540214538574 -4.999950408935547 -6.940849304199219 0.2
-6.154489517211914 -4.866851806640625 -6.983648300170898 0.2
-6.2096099853515625 -4.698951721191406 -7.094949722290039 0.2
-6.18472957611084 -4.5169525146484375 -7.194049835205078 0.2
-6.095970153808594 -4.333751678466797 -7.157749176025391 0.2
-6.094089508056641 -4.262950897216797 -6.969449996948242 0.2
-6.207650184631348 -4.343051910400391 -6.816648483276367 0.2
-6.332679748535156 -4.5057525634765625 -6.773948669433594 0.2
-6.368869781494141 -4.709251403808594 -6.816549301147461 0.2
-6.312299728393555 -4.903251647949219 -6.870048522949219 0.2
-6.176989555358887 -5.060050964355469 -6.846549987792969 0.2
-6.101129531860352 -5.1235504150390625 -6.671049118041992 0.2
-6.216719627380371 -5.084949493408203 -6.508049011230469 0.2
-6.398650169372559 -4.9902496337890625 -6.471649169921875 0.2
-6.533289909362793 -4.846549987792969 -6.550348281860352 0.2
-6.558710098266602 -4.673149108886719 -6.664449691772461 0.2
-6.5114898681640625 -4.482551574707031 -6.735149383544922 0.2
-6.437069892883301 -4.312751770019531 -6.647449493408203 0.2
-6.501580238342285 -4.281951904296875 -6.459249496459961 0.2
-6.645549774169922 -4.389251708984375 -6.354949951171875 0.2
-6.759590148925781 -4.567649841308594 -6.359249114990234 0.2
-6.758819580078125 -4.769550323486328 -6.415048599243164 0.2
-6.674869537353516 -4.956451416015625 -6.458250045776367 0.2
-6.540379524230957 -5.0957489013671875 -6.38694953918457 0.2
-6.530879974365234 -5.132350921630859 -6.189949035644531 0.2
-6.683380126953125 -5.071750640869141 -6.065849304199219 0.2
-6.86100959777832 -4.958950042724609 -6.069149017333984 0.2
-6.9580793380737305 -4.797351837158203 -6.1618499755859375 0.2
-6.958319664001465 -4.620449066162109 -6.274349212646484 0.2
-6.8876800537109375 -4.428150177001953 -6.3038482666015625 0.2
-6.835809707641602 -4.303550720214844 -6.152948379516602 0.2
-6.919070243835449 -4.339450836181641 -5.969749450683594 0.2
-7.049099922180176 -4.479850769042969 -5.887048721313477 0.2
-7.124499320983887 -4.677951812744141 -5.901449203491211 0.2
-7.094900131225586 -4.876850128173828 -5.959848403930664 0.2
-6.987859725952148 -5.05364990234375 -5.984149932861328 0.2
-6.855409622192383 -5.1468505859375 -5.859249114990234 0.2
-6.889609336853027 -5.123950958251953 -5.661249160766602 0.2
-7.0453996658325195 -5.030551910400391 -5.561649322509766 0.2
-7.204799652099609 -4.8912506103515625 -5.58344841003418 0.2
-7.269700050354004 -4.72235107421875 -5.688549041748047 0.2
-7.257599830627441 -4.540351867675781 -5.790449142456055 0.2
-7.15839958190918 -4.3603515625 -5.766048431396484 0.2
-7.130499839782715 -4.294651031494141 -5.577949523925781 0.2
-7.225500106811523 -4.377250671386719 -5.41404914855957 0.2
-7.342599868774414 -4.542949676513672 -5.353948593139648 0.2
-7.377099990844727 -4.74835205078125 -5.382549285888672 0.2
-7.32819938659668 -4.944149017333984 -5.4389495849609375 0.2
-7.187799453735352 -5.097949981689453 -5.430948257446289 0.2
-7.084499359130859 -5.145252227783203 -5.2644500732421875 0.2
-7.163100242614746 -5.086650848388672 -5.084148406982422 0.2
-7.326099395751953 -4.975650787353516 -5.0135498046875 0.2
-7.45829963684082 -4.8186492919921875 -5.065349578857422 0.2
-7.500999450683594 -4.645252227783203 -5.175149917602539 0.2
-7.456999778747559 -4.456249237060547 -5.252849578857422 0.2
-7.349699974060059 -4.3034515380859375 -5.169748306274414 0.2
-7.3643999099731445 -4.29534912109375 -4.967449188232422 0.2
-7.472899436950684 -4.4078521728515625 -4.829050064086914 0.2
-7.5727996826171875 -4.593952178955078 -4.803249359130859 0.2
-7.575900077819824 -4.798851013183594 -4.848348617553711 0.2
-7.501799583435059 -4.988651275634766 -4.898550033569336 0.2
-7.347799301147461 -5.116550445556641 -4.846948623657227 0.2
-7.307899475097656 -5.134250640869141 -4.6506500244140625 0.2
-7.4334001541137695 -5.063850402832031 -4.501249313354492 0.2
-7.604700088500977 -4.944450378417969 -4.476848602294922 0.2
-7.706199645996094 -4.776752471923828 -4.556449890136719 0.2
-7.719799995422363 -4.594551086425781 -4.660249710083008 0.2
-7.647500038146973 -4.403751373291016 -4.702749252319336 0.2
-7.57349967956543 -4.273750305175781 -4.56614875793457 0.2
-7.651700019836426 -4.295749664306641 -4.378549575805664 0.2
-7.791600227355957 -4.424751281738281 -4.292949676513672 0.2
-7.877799987792969 -4.619449615478516 -4.304349899291992 0.2
-7.854599952697754 -4.820949554443359 -4.358148574829102 0.2
-7.762199401855469 -5.005149841308594 -4.395149230957031 0.2
-7.619799613952637 -5.121250152587891 -4.300348281860352 0.2
-7.623600006103516 -5.125251770019531 -4.098249435424805 0.2
-7.769000053405762 -5.047248840332031 -3.972349166870117 0.2
-7.933300018310547 -4.912151336669922 -3.972349166870117 0.2
-8.00059986114502 -4.732749938964844 -4.058349609375 0.2
-7.98699951171875 -4.544151306152344 -4.149648666381836 0.2
-7.89109992980957 -4.3576507568359375 -4.135648727416992 0.2
-7.870200157165527 -4.270252227783203 -3.9559497833251953 0.2
-7.990599632263184 -4.331352233886719 -3.798849105834961 0.2
-8.127699851989746 -4.483051300048828 -3.7460498809814453 0.2
-8.165800094604492 -4.686649322509766 -3.779348373413086 0.2
-8.121299743652344 -4.882850646972656 -3.8415489196777344 0.2
-8.005099296569824 -5.0556488037109375 -3.8635482788085938 0.2
-7.866700172424316 -5.138751983642578 -3.7367496490478516 0.2
-7.875199317932129 -5.113849639892578 -3.5313491821289062 0.2
-7.998700141906738 -5.017749786376953 -3.394449234008789 0.2
-8.13759994506836 -4.857452392578125 -3.4135494232177734 0.2
-8.168999671936035 -4.6737518310546875 -3.5101490020751953 0.2
-8.11199951171875 -4.481151580810547 -3.577749252319336 0.2
-8.022199630737305 -4.3157501220703125 -3.491849899291992 0.2
-8.079500198364258 -4.282749176025391 -3.2987499237060547 0.2
-8.223799705505371 -4.369548797607422 -3.173948287963867 0.2
-8.334400177001953 -4.5469512939453125 -3.160348892211914 0.2
-8.32979965209961 -4.749050140380859 -3.218050003051758 0.2
-8.266499519348145 -4.940452575683594 -3.2798500061035156 0.2
-8.123499870300293 -5.089851379394531 -3.258749008178711 0.2
-8.012100219726562 -5.136951446533203 -3.091449737548828 0.2
-8.02489948272705 -5.099948883056641 -2.8865489959716797 0.2
-8.16409969329834 -4.983051300048828 -2.790548324584961 0.2
-8.27549934387207 -4.8128509521484375 -2.855348587036133 0.2
-8.283299446105957 -4.628749847412109 -2.956850051879883 0.2
-8.205299377441406 -4.434349060058594 -2.9919490814208984 0.2
-8.151899337768555 -4.296150207519531 -2.8528499603271484 0.2
-8.24209976196289 -4.296852111816406 -2.6660499572753906 0.2
-8.38759994506836 -4.406951904296875 -2.5650501251220703 0.2
-8.464300155639648 -4.601249694824219 -2.5810489654541016 0.2
-8.43709945678711 -4.7987518310546875 -2.64794921875 0.2
-8.352999687194824 -4.985450744628906 -2.693349838256836 0.2
-8.201799392700195 -5.107551574707031 -2.618549346923828 0.2
-8.120800018310547 -5.131050109863281 -2.42864990234375 0.2
-8.1722993850708 -5.073451995849609 -2.2384490966796875 0.2
-8.326399803161621 -4.935550689697266 -2.207550048828125 0.2
-8.398699760437012 -4.7579498291015625 -2.2957496643066406 0.2
-8.386499404907227 -4.568450927734375 -2.3864498138427734 0.2
-8.291699409484863 -4.377349853515625 -2.3792495727539062 0.2
-8.27239990234375 -4.275951385498047 -2.2058486938476562 0.2
-8.38700008392334 -4.311851501464844 -2.035449981689453 0.2
-8.529799461364746 -4.449150085449219 -1.9673500061035156 0.2
-8.573200225830078 -4.650051116943359 -2.006948471069336 0.2
-8.530499458312988 -4.845951080322266 -2.072050094604492 0.2
-8.420299530029297 -5.023448944091797 -2.086750030517578 0.2
-8.272799491882324 -5.121051788330078 -1.9752483367919922 0.2
-8.208999633789062 -5.137550354003906 -1.7773494720458984 0.2
-8.308300018310547 -5.062751770019531 -1.6177482604980469 0.2
-8.454500198364258 -4.911048889160156 -1.6452484130859375 0.2
-8.500999450683594 -4.7290496826171875 -1.7409496307373047 0.2
-8.473099708557129 -4.5328521728515625 -1.8143501281738281 0.2
-8.378600120544434 -4.353351593017578 -1.757049560546875 0.2
-8.387399673461914 -4.292350769042969 -1.5605487823486328 0.2
-8.49590015411377 -4.351451873779297 -1.3918495178222656 0.2
-8.61240005493164 -4.520351409912109 -1.3524494171142578 0.2
-8.619599342346191 -4.723049163818359 -1.408548355102539 0.2
-8.563699722290039 -4.916950225830078 -1.4700489044189453 0.2
-8.425799369812012 -5.074249267578125 -1.4541492462158203 0.2
-8.285900115966797 -5.140750885009766 -1.31304931640625 0.2
-8.258299827575684 -5.127449035644531 -1.1088485717773438 0.2
-8.396299362182617 -5.019752502441406 -1.0044498443603516 0.2
-8.51449966430664 -4.8518524169921875 -1.0641498565673828 0.2
-8.541799545288086 -4.665149688720703 -1.1576499938964844 0.2
-8.485599517822266 -4.4660491943359375 -1.205148696899414 0.2
-8.40369987487793 -4.316551208496094 -1.0906486511230469 0.2
-8.44379997253418 -4.299449920654297 -0.8874492645263672 0.2
-8.565799713134766 -4.395252227783203 -0.7497501373291016 0.2
-8.655900001525879 -4.585151672363281 -0.7514495849609375 0.2
-8.638199806213379 -4.7839508056640625 -0.8186492919921875 0.2
-8.561200141906738 -4.973152160644531 -0.8682498931884766 0.2
-8.40719985961914 -5.105949401855469 -0.8128490447998047 0.2
-8.29699993133545 -5.153652191162109 -0.6424484252929688 0.2
-8.332099914550781 -5.117351531982422 -0.4451484680175781 0.2
-8.489299774169922 -4.986850738525391 -0.40144920349121094 0.2
-8.569799423217773 -4.807350158691406 -0.47784996032714844 0.2
-8.578999519348145 -4.614952087402344 -0.56304931640625 0.2
-8.49389934539795 -4.418750762939453 -0.5692501068115234 0.2
-8.426199913024902 -4.3072509765625 -0.4113483428955078 0.2
-8.468299865722656 -4.315849304199219 -0.2068500518798828 0.2
-8.588299751281738 -4.445152282714844 -0.09884834289550781 0.2
-8.641300201416016 -4.645252227783203 -0.1333484649658203 0.2
-8.610699653625488 -4.8417510986328125 -0.2037487030029297 0.2
-8.506599426269531 -5.022651672363281 -0.23324966430664062 0.2
-8.349100112915039 -5.129749298095703 -0.14494895935058594 0.2
-8.268099784851074 -5.157649993896484 0.04545021057128906 0.2
-8.351499557495117 -5.091251373291016 0.2176513671875 0.2
-8.49779987335205 -4.937751770019531 0.20945167541503906 0.2
-8.551499366760254 -4.751651763916016 0.1253509521484375 0.2
-8.536099433898926 -4.553550720214844 0.05275154113769531 0.2
-8.43489933013916 -4.371849060058594 0.09165000915527344 0.2
-8.404799461364746 -4.306751251220703 0.2850513458251953 0.2
-8.481100082397461 -4.358951568603516 0.4728507995605469 0.2
-8.60219955444336 -4.520450592041016 0.5279502868652344 0.2
-8.626199722290039 -4.722049713134766 0.47135162353515625 0.2
-8.581199645996094 -4.916149139404297 0.40155029296875 0.2
-8.452799797058105 -5.083148956298828 0.3988513946533203 0.2
-8.318499565124512 -5.168251037597656 0.5342502593994141 0.2
-8.294099807739258 -5.175449371337891 0.7407512664794922 0.2
-8.426199913024902 -5.080051422119141 0.8643512725830078 0.2
-8.544499397277832 -4.907649993896484 0.8248500823974609 0.2
-8.576499938964844 -4.717552185058594 0.7393512725830078 0.2
-8.531700134277344 -4.517650604248047 0.6868515014648438 0.2
-8.420499801635742 -4.365852355957031 0.7750511169433594 0.2
-8.39579963684082 -4.335552215576172 0.9797515869140625 0.2
-8.477299690246582 -4.41815185546875 1.1499500274658203 0.2
-8.579400062561035 -4.601951599121094 1.1678504943847656 0.2
-8.581799507141113 -4.801349639892578 1.0997505187988281 0.2
-8.519999504089355 -4.9931488037109375 1.038351058959961 0.2
-8.36989974975586 -5.138252258300781 1.0721511840820312 0.2
-8.262999534606934 -5.198650360107422 1.2397499084472656 0.2
-8.287099838256836 -5.175651550292969 1.4425506591796875 0.2
-8.435199737548828 -5.047149658203125 1.5134506225585938 0.2
-8.517899513244629 -4.863151550292969 1.4519500732421875 0.2
-8.533599853515625 -4.670249938964844 1.3682498931884766 0.2
-8.450699806213379 -4.475151062011719 1.3447513580322266 0.2
-8.344799995422363 -4.364051818847656 1.4813499450683594 0.2
-8.34000015258789 -4.371952056884766 1.6907501220703125 0.2
-8.438399314880371 -4.493049621582031 1.8259506225585938 0.2
-8.511799812316895 -4.689750671386719 1.8059501647949219 0.2
-8.499799728393555 -4.887050628662109 1.7313499450683594 0.2
-8.40939998626709 -5.072349548339844 1.6837501525878906 0.2
-8.256199836730957 -5.191150665283203 1.761850357055664 0.2
-8.188799858093262 -5.223548889160156 1.9577503204345703 0.2
-8.260499954223633 -5.1636505126953125 2.1406517028808594 0.2
-8.399399757385254 -5.0057525634765625 2.1613502502441406 0.2
-8.455900192260742 -4.817150115966797 2.0841503143310547 0.2
-8.447799682617188 -4.620849609375 2.0062503814697266 0.2
-8.332399368286133 -4.4443511962890625 2.0221500396728516 0.2
-8.244599342346191 -4.379852294921875 2.198850631713867 0.2
-8.261499404907227 -4.424949645996094 2.402750015258789 0.2
-8.369099617004395 -4.581550598144531 2.489950180053711 0.2
-8.413599967956543 -4.7832489013671875 2.443950653076172 0.2
-8.388299942016602 -4.979351043701172 2.3689498901367188 0.2
-8.265600204467773 -5.149848937988281 2.343250274658203 0.2
-8.126699447631836 -5.235950469970703 2.470651626586914 0.2
-8.095699310302734 -5.2380523681640625 2.678050994873047 0.2
-8.205599784851074 -5.1401519775390625 2.822551727294922 0.2
-8.3218994140625 -4.963451385498047 2.8045501708984375 0.2
-8.360899925231934 -4.774749755859375 2.7177505493164062 0.2
-8.317899703979492 -4.577949523925781 2.654451370239258 0.2
-8.185699462890625 -4.434551239013672 2.7255516052246094 0.2
-8.12339973449707 -4.412052154541016 2.9238510131835938 0.2
-8.172499656677246 -4.494651794433594 3.1070499420166016 0.2
-8.273900032043457 -4.675849914550781 3.1466503143310547 0.2
-8.294300079345703 -4.876152038574219 3.082651138305664 0.2
-8.247599601745605 -5.069652557373047 3.0121517181396484 0.2
-8.09689998626709 -5.216152191162109 3.026050567626953 0.2
-7.984000205993652 -5.270050048828125 3.191650390625 0.2
-7.990699768066406 -5.240852355957031 3.397451400756836 0.2
-8.120100021362305 -5.108348846435547 3.494150161743164 0.2
-8.206799507141113 -4.9228515625 3.4431514739990234 0.2
-8.230199813842773 -4.7326507568359375 3.3539505004882812 0.2
-8.143099784851074 -4.542549133300781 3.316751480102539 0.2
-8.01140022277832 -4.441051483154297 3.4384498596191406 0.2
-7.9704999923706055 -4.45355224609375 3.644451141357422 0.2
-8.044499397277832 -4.572551727294922 3.7970504760742188 0.2
-8.124199867248535 -4.768150329589844 3.793550491333008 0.2
-8.130899429321289 -4.966449737548828 3.719350814819336 0.2
-8.050700187683105 -5.1531524658203125 3.6588516235351562 0.2
-7.889599800109863 -5.269248962402344 3.721151351928711 0.2
-7.803099632263184 -5.293449401855469 3.911550521850586 0.2
-7.845699310302734 -5.2279510498046875 4.103351593017578 0.2
-7.973199844360352 -5.0655517578125 4.146951675415039 0.2
-8.038399696350098 -4.877952575683594 4.07295036315918 0.2
-8.036699295043945 -4.683952331542969 3.9881515502929688 0.2
-7.910799980163574 -4.5151519775390625 3.9874515533447266 0.2
-7.791199684143066 -4.458251953125 4.148651123046875 0.2
-7.770099639892578 -4.502849578857422 4.3529510498046875 0.2
-7.861599922180176 -4.656452178955078 4.461950302124023 0.2
-7.918700218200684 -4.857452392578125 4.4266510009765625 0.2
-7.912599563598633 -5.054752349853516 4.349050521850586 0.2
-7.795499801635742 -5.226051330566406 4.308549880981445 0.2
-7.640500068664551 -5.306949615478516 4.42085075378418 0.2
-7.576899528503418 -5.302051544189453 4.621650695800781 0.2
-7.655399322509766 -5.195850372314453 4.781450271606445 0.2
-7.765199661254883 -5.014549255371094 4.779150009155273 0.2
-7.815799713134766 -4.827350616455078 4.693050384521484 0.2
-7.774899482727051 -4.634151458740234 4.618551254272461 0.2
-7.622499465942383 -4.501750946044922 4.667051315307617 0.2
-7.517199516296387 -4.4826507568359375 4.848350524902344 0.2
-7.525899887084961 -4.5621490478515625 5.039850234985352 0.2
-7.619199752807617 -4.741249084472656 5.102750778198242 0.2
-7.659899711608887 -4.941249847412109 5.045551300048828 0.2
-7.632399559020996 -5.136951446533203 4.969751358032227 0.2
-7.4813995361328125 -5.282951354980469 4.963651657104492 0.2
-7.340099334716797 -5.330451965332031 5.110050201416016 0.2
-7.303299903869629 -5.293251037597656 5.312351226806641 0.2
-7.402899742126465 -5.150852203369141 5.429349899291992 0.2
-7.491199493408203 -4.963050842285156 5.388950347900391 0.2
-7.527299880981445 -4.774150848388672 5.299449920654297 0.2
-7.4375 -4.5906524658203125 5.242549896240234 0.2
-7.276399612426758 -4.499549865722656 5.335451126098633 0.2
-7.1865997314453125 -4.5108489990234375 5.52655029296875 0.2
-7.224800109863281 -4.625450134277344 5.695751190185547 0.2
-7.307399749755859 -4.819450378417969 5.713350296020508 0.2
-7.338799476623535 -5.018352508544922 5.644950866699219 0.2
-7.277199745178223 -5.208549499511719 5.573051452636719 0.2
-7.107099533081055 -5.3238525390625 5.607749938964844 0.2
-6.9817094802856445 -5.343151092529297 5.777250289916992 0.2
-6.975890159606934 -5.272449493408203 5.973150253295898 0.2
-7.083399772644043 -5.103851318359375 6.040750503540039 0.2
-7.158499717712402 -4.915351867675781 5.976350784301758 0.2
-7.170599937438965 -4.722850799560547 5.887050628662109 0.2
-7.040999412536621 -4.559551239013672 5.856950759887695 0.2
-6.885839462280273 -4.504150390625 5.986850738525391 0.2
-6.816289901733398 -4.544651031494141 6.191150665283203 0.2
-6.889829635620117 -4.705150604248047 6.323850631713867 0.2
-6.957980155944824 -4.917049407958984 6.2933502197265625 0.2
-6.964139938354492 -5.126949310302734 6.212650299072266 0.2
-6.827380180358887 -5.2969512939453125 6.171350479125977 0.2
-6.655229568481445 -5.354549407958984 6.2989501953125 0.2
-6.582789421081543 -5.317352294921875 6.506450653076172 0.2
-6.669719696044922 -5.163051605224609 6.6383514404296875 0.2
-6.762419700622559 -4.962551116943359 6.596950531005859 0.2
-6.797979354858398 -4.760650634765625 6.503650665283203 0.2
-6.682040214538574 -4.578948974609375 6.449951171875 0.2
-6.508099555969238 -4.512050628662109 6.570350646972656 0.2
