-6.382880210876465 -6.2102508544921875 6.698051452636719 0.2
-6.352149963378906 -6.2716522216796875 6.885250091552734 0.2
-6.4339494705200195 -6.427249908447266 6.983051300048828 0.2
-6.49921989440918 -6.615550994873047 6.949451446533203 0.2
-6.517199516296387 -6.803852081298828 6.877950668334961 0.2
-6.414699554443359 -6.970550537109375 6.827850341796875 0.2
-6.25078010559082 -7.048549652099609 6.9089508056640625 0.2
-6.146510124206543 -7.045749664306641 7.082052230834961 0.2
-6.159969329833984 -6.953449249267578 7.257452011108398 0.2
-6.253549575805664 -6.779552459716797 7.297449111938477 0.2
-6.31525993347168 -6.598751068115234 7.22865104675293 0.2
-6.3162994384765625 -6.415950775146484 7.141351699829102 0.2
-6.184199333190918 -6.26824951171875 7.108251571655273 0.2
-6.027400016784668 -6.2176513671875 7.222150802612305 0.2
-5.942090034484863 -6.245250701904297 7.41145133972168 0.2
-5.995769500732422 -6.376049041748047 7.566350936889648 0.2
-6.0795698165893555 -6.572151184082031 7.566350936889648 0.2
-6.118579864501953 -6.770549774169922 7.49635124206543 0.2
-6.043149948120117 -6.957450866699219 7.430952072143555 0.2
-5.867959976196289 -7.053550720214844 7.49315071105957 0.2
-5.74446964263916 -7.056549072265625 7.666952133178711 0.2
-5.746540069580078 -6.962451934814453 7.853349685668945 0.2
-5.841340065002441 -6.778049468994141 7.89845085144043 0.2
-5.905539512634277 -6.588550567626953 7.823152542114258 0.2
-5.895679473876953 -6.397151947021484 7.731149673461914 0.2
-5.73954963684082 -6.258049011230469 7.715951919555664 0.2
-5.58212947845459 -6.223850250244141 7.85365104675293 0.2
-5.517409324645996 -6.269451141357422 8.049551010131836 0.2
-5.588239669799805 -6.420551300048828 8.178049087524414 0.2
-5.664279937744141 -6.618350982666016 8.154748916625977 0.2
-5.69359016418457 -6.817150115966797 8.082551956176758 0.2
-5.587379455566406 -6.992549896240234 8.029451370239258 0.2
-5.410459518432617 -7.065349578857422 8.115751266479492 0.2
-5.296209335327148 -7.051551818847656 8.295351028442383 0.2
-5.315659523010254 -6.93585205078125 8.468450546264648 0.2
-5.406599998474121 -6.745250701904297 8.484350204467773 0.2
-5.4675798416137695 -6.556251525878906 8.40355110168457 0.2
-5.435639381408691 -6.366851806640625 8.311849594116211 0.2
-5.264490127563477 -6.245948791503906 8.315950393676758 0.2
-5.10807991027832 -6.225151062011719 8.465150833129883 0.2
-5.055480003356934 -6.293849945068359 8.670251846313477 0.2
-5.137439727783203 -6.476749420166016 8.765951156616211 0.2
-5.211440086364746 -6.685649871826172 8.718851089477539 0.2
-5.207980155944824 -6.895648956298828 8.638650894165039 0.2
-5.0406494140625 -7.038749694824219 8.621652603149414 0.2
-4.861669540405273 -7.0599517822265625 8.756452560424805 0.2
-4.768489837646484 -6.967250823974609 8.939550399780273 0.2
-4.822409629821777 -6.7669525146484375 9.016050338745117 0.2
-4.9228196144104 -6.568149566650391 8.97184944152832 0.2
-4.93895959854126 -6.367649078369141 8.874250411987305 0.2
-4.768009662628174 -6.252250671386719 8.79475212097168 0.2
-4.554919719696045 -6.299251556396484 8.764348983764648 0.2
-4.483209609985352 -6.474552154541016 8.670751571655273 0.2
-4.554780006408691 -6.670951843261719 8.622949600219727 0.2
-4.6403398513793945 -6.866748809814453 8.633550643920898 0.2
-4.631389617919922 -7.022251129150391 8.776151657104492 0.2
-4.497249603271484 -7.061149597167969 8.939050674438477 0.2
-4.3049397468566895 -7.013950347900391 9.015249252319336 0.2
-4.17648983001709 -6.861751556396484 8.945749282836914 0.2
-4.209159851074219 -6.6683502197265625 8.85944938659668 0.2
-4.292089939117432 -6.475250244140625 8.814950942993164 0.2
-4.353339672088623 -6.29534912109375 8.910348892211914 0.2
-4.270199775695801 -6.213249206542969 9.086050033569336 0.2
-4.089239597320557 -6.216251373291016 9.201650619506836 0.2
-3.90625 -6.319652557373047 9.18964958190918 0.2
-3.877969741821289 -6.513751983642578 9.106149673461914 0.2
-3.950429916381836 -6.711849212646484 9.059652328491211 0.2
-4.029439926147461 -6.907249450683594 9.099149703979492 0.2
-4.00793981552124 -7.028751373291016 9.269948959350586 0.2
-3.8451600074768066 -7.048149108886719 9.408449172973633 0.2
-3.6423797607421875 -6.993549346923828 9.443849563598633 0.2
-3.5392398834228516 -6.83544921875 9.347749710083008 0.2
-3.591169834136963 -6.640651702880859 9.270750045776367 0.2
-3.6777896881103516 -6.444252014160156 9.244951248168945 0.2
-3.7138895988464355 -6.265552520751953 9.354349136352539 0.2
-3.586589813232422 -6.188850402832031 9.506052017211914 0.2
-3.3839197158813477 -6.194450378417969 9.579351425170898 0.2
-3.211819648742676 -6.3052520751953125 9.526449203491211 0.2
-3.2069597244262695 -6.503452301025391 9.444551467895508 0.2
-3.2894396781921387 -6.701450347900391 9.41765022277832 0.2
-3.360079765319824 -6.896049499511719 9.473051071166992 0.2
-3.3061599731445312 -7.014350891113281 9.639551162719727 0.2
-3.1219797134399414 -7.033649444580078 9.748750686645508 0.2
-2.9149298667907715 -6.982250213623047 9.748552322387695 0.2
-2.8247299194335938 -6.825950622558594 9.63654899597168 0.2
-2.8863096237182617 -6.631450653076172 9.566450119018555 0.2
-2.9736995697021484 -6.435150146484375 9.544950485229492 0.2
-2.9962196350097656 -6.250850677490234 9.650251388549805 0.2
-2.854759693145752 -6.1694488525390625 9.786149978637695 0.2
-2.640669822692871 -6.173351287841797 9.836950302124023 0.2
-2.4590697288513184 -6.284648895263672 9.76984977722168 0.2
-2.4656896591186523 -6.495449066162109 9.690149307250977 0.2
-2.557889938354492 -6.704952239990234 9.680051803588867 0.2
-2.6237497329711914 -6.907550811767578 9.756650924682617 0.2
-2.535759925842285 -7.023651123046875 9.925352096557617 0.2
-2.3236799240112305 -7.042350769042969 10.008050918579102 0.2
-2.1119298934936523 -6.979949951171875 9.964349746704102 0.2
-2.064499855041504 -6.799049377441406 9.842451095581055 0.2
-2.1483097076416016 -6.594852447509766 9.77924919128418 0.2
-2.2299599647521973 -6.381752014160156 9.775651931762695 0.2
-2.1883296966552734 -6.207252502441406 9.90785026550293 0.2
-1.9877896308898926 -6.1672515869140625 10.006349563598633 0.2
-1.7957696914672852 -6.219451904296875 10.114950180053711 0.2
-1.7949199676513672 -6.37445068359375 10.275651931762695 0.2
-1.930999755859375 -6.554950714111328 10.310552597045898 0.2
-2.071749687194824 -6.735252380371094 10.294851303100586 0.2
-2.095289707183838 -6.939849853515625 10.210550308227539 0.2
-1.9110498428344727 -7.0509490966796875 10.151151657104492 0.2
-1.6895499229431152 -7.045650482177734 10.20625114440918 0.2
-1.5582399368286133 -6.918849945068359 10.335649490356445 0.2
-1.5561299324035645 -6.695949554443359 10.382452011108398 0.2
-1.5763897895812988 -6.470851898193359 10.349851608276367 0.2
-1.545339584350586 -6.271549224853516 10.247652053833008 0.2
-1.3749499320983887 -6.198951721191406 10.128252029418945 0.2
-1.1621999740600586 -6.228351593017578 10.136751174926758 0.2
-1.0382299423217773 -6.334049224853516 10.273252487182617 0.2
-1.1072497367858887 -6.500450134277344 10.395849227905273 0.2
-1.2414498329162598 -6.666450500488281 10.426752090454102 0.2
-1.3515496253967285 -6.8509521484375 10.413049697875977 0.2
-1.308079719543457 -7.03485107421875 10.316751480102539 0.2
-1.107499599456787 -7.100250244140625 10.294252395629883 0.2
-0.9174597263336182 -7.0462493896484375 10.374349594116211 0.2
-0.8525698184967041 -6.8630523681640625 10.469850540161133 0.2
-0.8608598709106445 -6.647251129150391 10.461851119995117 0.2
-0.8716597557067871 -6.438350677490234 10.409551620483398 0.2
-0.8280198574066162 -6.285449981689453 10.264749526977539 0.2
-0.6486697196960449 -6.2738494873046875 10.155252456665039 0.2
-0.4568297863006592 -6.351051330566406 10.207448959350586 0.2
-0.42845988273620605 -6.483650207519531 10.374650955200195 0.2
-0.5350897312164307 -6.649150848388672 10.467050552368164 0.2
-0.6434998512268066 -6.831150054931641 10.504850387573242 0.2
-0.6872496604919434 -7.035152435302734 10.448450088500977 0.2
-0.5421197414398193 -7.1654510498046875 10.372049331665039 0.2
-0.3321797847747803 -7.150951385498047 10.40825080871582 0.2
-0.233839750289917 -6.980449676513672 10.494951248168945 0.2
-0.2750997543334961 -6.76824951171875 10.470651626586914 0.2
-0.29823970794677734 -6.573650360107422 10.374151229858398 0.2
-0.15639972686767578 -6.4284515380859375 10.304349899291992 0.2
-0.0327298641204834 -6.409450531005859 10.465848922729492 0.2
-0.12141966819763184 -6.461849212646484 10.651750564575195 0.2
-0.2334597110748291 -6.634651184082031 10.718549728393555 0.2
-0.22056984901428223 -6.8482513427734375 10.702550888061523 0.2
-0.15559983253479004 -7.045051574707031 10.645151138305664 0.2
-0.03538966178894043 -7.187950134277344 10.53904914855957 0.2
0.1731102466583252 -7.221851348876953 10.532751083374023 0.2
0.3255302906036377 -7.179050445556641 10.671449661254883 0.2
0.25074028968811035 -7.074951171875 10.845849990844727 0.2
0.08414030075073242 -6.938350677490234 10.859350204467773 0.2
-0.061589717864990234 -6.7839508056640625 10.823251724243164 0.2
-0.08160972595214844 -6.562252044677734 10.805551528930664 0.2
0.03522014617919922 -6.3977508544921875 10.884450912475586 0.2
0.16892027854919434 -6.46044921875 11.038351058959961 0.2
0.2469501495361328 -6.6600494384765625 11.065851211547852 0.2
0.30631017684936523 -6.865150451660156 11.039751052856445 0.2
0.3676903247833252 -7.065250396728516 10.988550186157227 0.2
0.47077012062072754 -7.2008514404296875 10.855749130249023 0.2
0.6434202194213867 -7.2037506103515625 10.73015022277832 0.2
0.7655203342437744 -7.036949157714844 10.759252548217773 0.2
0.6707203388214111 -6.849552154541016 10.83745002746582 0.2
0.5409901142120361 -6.686450958251953 10.892148971557617 0.2
0.4162602424621582 -6.518650054931641 10.944250106811523 0.2
0.26380014419555664 -6.364650726318359 10.92485237121582 0.2
0.217360258102417 -6.247249603271484 10.751951217651367 0.2
0.40116024017333984 -6.167449951171875 10.684049606323242 0.2
0.5952003002166748 -6.17864990234375 10.774148941040039 0.2
0.6771302223205566 -6.328651428222656 10.905351638793945 0.2
0.7302002906799316 -6.535449981689453 10.939752578735352 0.2
0.8201901912689209 -6.730751037597656 10.921152114868164 0.2
0.8969101905822754 -6.927051544189453 10.871652603149414 0.2
0.9574201107025146 -7.105152130126953 10.757051467895508 0.2
1.1340302228927612 -7.1197509765625 10.651750564575195 0.2
1.2816702127456665 -6.994850158691406 10.740751266479492 0.2
1.2525402307510376 -6.845249176025391 10.889852523803711 0.2
1.0755802392959595 -6.712348937988281 10.894948959350586 0.2
0.9458203315734863 -6.543949127197266 10.85045051574707 0.2
0.8317701816558838 -6.358150482177734 10.818449020385742 0.2
0.8329203128814697 -6.169750213623047 10.705949783325195 0.2
1.0238401889801025 -6.075050354003906 10.689050674438477 0.2
1.1771302223205566 -6.103950500488281 10.83275032043457 0.2
1.146680235862732 -6.275550842285156 10.964151382446289 0.2
1.1138602495193481 -6.492149353027344 10.956750869750977 0.2
1.194000244140625 -6.689052581787109 11.038049697875977 0.2
1.2801402807235718 -6.720851898193359 11.230352401733398 0.2
1.2919902801513672 -6.533851623535156 11.330949783325195 0.2
1.27301025390625 -6.339649200439453 11.236249923706055 0.2
1.2677701711654663 -6.179351806640625 11.089448928833008 0.2
1.377210259437561 -6.077449798583984 10.931550979614258 0.2
1.5916802883148193 -6.067852020263672 10.916250228881836 0.2
1.7459502220153809 -6.115852355957031 11.055952072143555 0.2
1.7094001770019531 -6.235450744628906 11.231351852416992 0.2
1.594940185546875 -6.400550842285156 11.314451217651367 0.2
1.4817001819610596 -6.582752227783203 11.348649978637695 0.2
1.4581001996994019 -6.78375244140625 11.261850357055664 0.2
1.6159902811050415 -6.915950775146484 11.198549270629883 0.2
1.819980263710022 -6.921649932861328 11.260652542114258 0.2
1.9071002006530762 -6.747749328613281 11.349851608276367 0.2
1.905610203742981 -6.5321502685546875 11.320749282836914 0.2
1.8975502252578735 -6.3287506103515625 11.243951797485352 0.2
1.9526902437210083 -6.184551239013672 11.089849472045898 0.2
2.141141176223755 -6.157951354980469 10.98914909362793 0.2
2.3511781692504883 -6.194850921630859 11.026449203491211 0.2
2.428074359893799 -6.308750152587891 11.188451766967773 0.2
2.325263261795044 -6.480449676513672 11.291452407836914 0.2
2.180988311767578 -6.653751373291016 11.333452224731445 0.2
2.069368362426758 -6.851451873779297 11.30095100402832 0.2
2.151998281478882 -7.0198516845703125 11.17704963684082 0.2
2.3734452724456787 -7.074451446533203 11.148252487182617 0.2
2.5712332725524902 -7.0086517333984375 11.235551834106445 0.2
2.6354451179504395 -6.801750183105469 11.302251815795898 0.2
2.6246931552886963 -6.573749542236328 11.275548934936523 0.2
2.6265721321105957 -6.359352111816406 11.193151473999023 0.2
2.7432823181152344 -6.246250152587891 11.035249710083008 0.2
2.9644103050231934 -6.239650726318359 10.97035026550293 0.2
3.1694462299346924 -6.305049896240234 10.892049789428711 0.2
3.2127671241760254 -6.489551544189453 10.785249710083008 0.2
3.127615213394165 -6.6905517578125 10.785951614379883 0.2
3.0358033180236816 -6.88385009765625 10.829950332641602 0.2
3.0516624450683594 -7.0572509765625 10.956350326538086 0.2
3.2368521690368652 -7.1235504150390625 11.044649124145508 0.2
3.4549362659454346 -7.125652313232422 11.035951614379883 0.2
3.666182279586792 -7.103950500488281 10.985349655151367 0.2
3.7774553298950195 -6.994251251220703 10.837652206420898 0.2
3.724001169204712 -6.801952362060547 10.750650405883789 0.2
3.6297740936279297 -6.6040496826171875 10.739252090454102 0.2
3.5989832878112793 -6.396350860595703 10.794351577758789 0.2
3.747847080230713 -6.268852233886719 10.883749008178711 0.2
3.966428279876709 -6.251750946044922 10.876649856567383 0.2
4.142169952392578 -6.329750061035156 10.777551651000977 0.2
4.150640487670898 -6.52545166015625 10.686552047729492 0.2
4.064830303192139 -6.726650238037109 10.702249526977539 0.2
4.000614166259766 -6.924751281738281 10.769651412963867 0.2
4.093540191650391 -7.063152313232422 10.906049728393555 0.2
4.307929992675781 -7.086250305175781 10.939149856567383 0.2
4.511320114135742 -7.050048828125 10.86775016784668 0.2
4.581480026245117 -6.915351867675781 10.714750289916992 0.2
4.507900238037109 -6.717948913574219 10.655149459838867 0.2
4.42063045501709 -6.516551971435547 10.657751083374023 0.2
4.444320201873779 -6.319149017333984 10.743349075317383 0.2
4.63355016708374 -6.230251312255859 10.80055046081543 0.2
4.849130153656006 -6.23284912109375 10.75724983215332 0.2
4.976190090179443 -6.352851867675781 10.631052017211914 0.2
4.932400226593018 -6.560550689697266 10.582849502563477 0.2
4.843430519104004 -6.758750915527344 10.618249893188477 0.2
4.82550048828125 -6.9490509033203125 10.722551345825195 0.2
4.987700462341309 -7.0422515869140625 10.829648971557617 0.2
5.206520080566406 -7.0415496826171875 10.808050155639648 0.2
5.365819931030273 -6.9678497314453125 10.680749893188477 0.2
5.350480079650879 -6.78955078125 10.559049606323242 0.2
5.258530139923096 -6.590049743652344 10.539449691772461 0.2
5.202190399169922 -6.381752014160156 10.578351974487305 0.2
5.313830375671387 -6.2250518798828125 10.675851821899414 0.2
5.528660297393799 -6.184349060058594 10.679651260375977 0.2
5.7444305419921875 -6.206851959228516 10.609949111938477 0.2
5.829660415649414 -6.3652496337890625 10.473051071166992 0.2
5.75553035736084 -6.583652496337891 10.456048965454102 0.2
5.666930198669434 -6.792652130126953 10.508150100708008 0.2
5.707070350646973 -6.974651336669922 10.637350082397461 0.2
5.920810222625732 -7.036552429199219 10.691152572631836 0.2
6.141240119934082 -7.019550323486328 10.62135124206543 0.2
6.2308502197265625 -6.885349273681641 10.463048934936523 0.2
6.159300327301025 -6.674652099609375 10.401750564575195 0.2
6.068210124969482 -6.460651397705078 10.406148910522461 0.2
6.091890335083008 -6.255352020263672 10.499452590942383 0.2
6.297719955444336 -6.180850982666016 10.560949325561523 0.2
6.5286102294921875 -6.186149597167969 10.539152145385742 0.2
6.7591400146484375 -6.203350067138672 10.51765251159668 0.2
6.952890396118164 -6.288951873779297 10.598051071166992 0.2
6.932330131530762 -6.4703521728515625 10.733549118041992 0.2
6.795220375061035 -6.651248931884766 10.780752182006836 0.2
6.661350250244141 -6.8399505615234375 10.78215217590332 0.2
6.655720233917236 -7.019451141357422 10.648752212524414 0.2
6.846990585327148 -7.079952239990234 10.54005241394043 0.2
7.074350357055664 -7.048351287841797 10.550352096557617 0.2
7.191709995269775 -6.886650085449219 10.660051345825195 0.2
7.188920021057129 -6.659149169921875 10.69685173034668 0.2
7.173010349273682 -6.429950714111328 10.677152633666992 0.2
7.221340179443359 -6.266551971435547 10.542352676391602 0.2
7.401000022888184 -6.250251770019531 10.426252365112305 0.2
7.604910373687744 -6.3211517333984375 10.441152572631836 0.2
7.670170307159424 -6.473548889160156 10.579050064086914 0.2
7.572310447692871 -6.655952453613281 10.648752212524414 0.2
7.447190284729004 -6.833148956298828 10.657449722290039 0.2
7.353300094604492 -7.012351989746094 10.582151412963867 0.2
7.427890300750732 -7.130149841308594 10.422552108764648 0.2
7.633170127868652 -7.156650543212891 10.361551284790039 0.2
7.81820011138916 -7.084751129150391 10.44255256652832 0.2
7.863890171051025 -6.903251647949219 10.55455207824707 0.2
7.8438401222229 -6.69525146484375 10.611551284790039 0.2
7.8426103591918945 -6.484951019287109 10.567949295043945 0.2
7.956570148468018 -6.4219512939453125 10.404748916625977 0.2
8.124810218811035 -6.548549652099609 10.367349624633789 0.2
8.187570571899414 -6.7514495849609375 10.422250747680664 0.2
8.107160568237305 -6.948249816894531 10.459650039672852 0.2
7.989500045776367 -7.122249603271484 10.408750534057617 0.2
7.988810062408447 -7.225650787353516 10.224451065063477 0.2
8.166379928588867 -7.2353515625 10.104951858520508 0.2
8.347430229187012 -7.129451751708984 10.133150100708008 0.2
8.351720809936523 -6.936649322509766 10.234552383422852 0.2
8.255029678344727 -6.744350433349609 10.262250900268555 0.2
8.112380027770996 -6.594051361083984 10.177350997924805 0.2
8.078630447387695 -6.500751495361328 9.990850448608398 0.2
8.270160675048828 -6.469348907470703 9.928552627563477 0.2
8.42007064819336 -6.619251251220703 10.00214958190918 0.2
8.47799015045166 -6.8121490478515625 10.077852249145508 0.2
8.503490447998047 -7.02655029296875 10.092248916625977 0.2
8.590060234069824 -7.175849914550781 9.967950820922852 0.2
8.78689956665039 -7.153949737548828 9.891950607299805 0.2
8.925359725952148 -7.013149261474609 9.961050033569336 0.2
8.84946060180664 -6.832252502441406 10.064249038696289 0.2
8.714170455932617 -6.6634521484375 10.065351486206055 0.2
8.576539993286133 -6.497951507568359 10.050050735473633 0.2
8.409759521484375 -6.36865234375 9.99525260925293 0.2
8.331080436706543 -6.243549346923828 9.837850570678711 0.2
8.478830337524414 -6.10784912109375 9.768949508666992 0.2
8.65995979309082 -6.062351226806641 9.874349594116211 0.2
8.75039005279541 -6.1739501953125 10.037149429321289 0.2
8.826530456542969 -6.365348815917969 10.104551315307617 0.2
8.919500350952148 -6.557048797607422 10.137449264526367 0.2
9.001670837402344 -6.755550384521484 10.152551651000977 0.2
9.078140258789062 -6.9407501220703125 10.070951461791992 0.2
9.237190246582031 -6.956748962402344 9.936052322387695 0.2
9.389900207519531 -6.809749603271484 9.949251174926758 0.2
9.394210815429688 -6.612449645996094 10.051851272583008 0.2
9.252740859985352 -6.450450897216797 10.064752578735352 0.2
9.088050842285156 -6.315952301025391 10.031148910522461 0.2
8.92177963256836 -6.187450408935547 9.972452163696289 0.2
8.842140197753906 -6.085849761962891 9.792749404907227 0.2
9.006560325622559 -6.041149139404297 9.668249130249023 0.2
9.214900016784668 -6.061649322509766 9.717851638793945 0.2
9.356229782104492 -6.170452117919922 9.839349746704102 0.2
9.462300300598145 -6.328849792480469 9.939451217651367 0.2
9.551820755004883 -6.513252258300781 10.006349563598633 0.2
9.569640159606934 -6.714851379394531 9.941152572631836 0.2
9.525810241699219 -6.7821502685546875 9.744749069213867 0.2
9.50039005279541 -6.6112518310546875 9.603151321411133 0.2
9.432170867919922 -6.409351348876953 9.648950576782227 0.2
9.325519561767578 -6.222751617431641 9.643350601196289 0.2
9.297060012817383 -6.127849578857422 9.455049514770508 0.2
9.465320587158203 -6.163249969482422 9.331048965454102 0.2
9.634860038757324 -6.28594970703125 9.361749649047852 0.2
9.65740966796875 -6.483852386474609 9.452249526977539 0.2
9.61128044128418 -6.692050933837891 9.489850997924805 0.2
9.500560760498047 -6.867549896240234 9.565252304077148 0.2
9.397279739379883 -7.022350311279297 9.471250534057617 0.2
9.495790481567383 -7.095550537109375 9.297750473022461 0.2
9.702840805053711 -7.099052429199219 9.258150100708008 0.2
9.828269958496094 -6.971149444580078 9.370649337768555 0.2
9.839860916137695 -6.762451171875 9.425851821899414 0.2
9.842390060424805 -6.547149658203125 9.424249649047852 0.2
9.83353042602539 -6.343349456787109 9.345449447631836 0.2
9.950550079345703 -6.232051849365234 9.208452224731445 0.2
10.159610748291016 -6.234748840332031 9.163751602172852 0.2
10.292579650878906 -6.3623504638671875 9.263750076293945 0.2
10.227930068969727 -6.548851013183594 9.347951889038086 0.2
10.097379684448242 -6.720149993896484 9.361650466918945 0.2
9.986570358276367 -6.9035491943359375 9.318349838256836 0.2
10.035730361938477 -7.066951751708984 9.18644905090332 0.2
10.239660263061523 -7.110950469970703 9.139650344848633 0.2
10.425370216369629 -7.035652160644531 9.210050582885742 0.2
10.480779647827148 -6.842552185058594 9.285249710083008 0.2
10.47439956665039 -6.626651763916016 9.289850234985352 0.2
10.463550567626953 -6.416851043701172 9.237451553344727 0.2
10.529010772705078 -6.280952453613281 9.085649490356445 0.2
10.714740753173828 -6.259052276611328 8.978952407836914 0.2
10.914560317993164 -6.3298492431640625 8.988550186157227 0.2
10.95576000213623 -6.509849548339844 9.112051010131836 0.2
10.831640243530273 -6.689250946044922 9.179349899291992 0.2
10.686080932617188 -6.864349365234375 9.201452255249023 0.2
10.619510650634766 -7.047950744628906 9.087949752807617 0.2
10.764640808105469 -7.142250061035156 8.944952011108398 0.2
10.988550186157227 -7.144550323486328 8.905649185180664 0.2
11.159990310668945 -7.021549224853516 8.978349685668945 0.2
11.188389778137207 -6.80255126953125 9.028650283813477 0.2
11.165550231933594 -6.575450897216797 9.028951644897461 0.2
11.161270141601562 -6.378749847412109 8.919450759887695 0.2
11.281750679016113 -6.313850402832031 8.739850997924805 0.2
11.386380195617676 -6.3901519775390625 8.556550979614258 0.2
11.327770233154297 -6.569049835205078 8.460248947143555 0.2
11.225310325622559 -6.757152557373047 8.492650985717773 0.2
11.149100303649902 -6.946449279785156 8.564851760864258 0.2
11.223430633544922 -7.113948822021484 8.669549942016602 0.2
11.426420211791992 -7.177249908447266 8.665250778198242 0.2
11.619790077209473 -7.176448822021484 8.568750381469727 0.2
11.745560646057129 -7.115451812744141 8.408449172973633 0.2
11.715840339660645 -6.950351715087891 8.278650283813477 0.2
11.631270408630371 -6.752552032470703 8.287149429321289 0.2
11.57052993774414 -6.553852081298828 8.34425163269043 0.2
11.653420448303223 -6.379150390625 8.431150436401367 0.2
11.854650497436523 -6.312648773193359 8.414751052856445 0.2
12.03283977508545 -6.324249267578125 8.294050216674805 0.2
12.098690032958984 -6.426750183105469 8.121652603149414 0.2
12.029069900512695 -6.617149353027344 8.057451248168945 0.2
11.944580078125 -6.810352325439453 8.105749130249023 0.2
11.924590110778809 -7.005550384521484 8.19325065612793 0.2
12.07394027709961 -7.1412506103515625 8.255552291870117 0.2
12.269720077514648 -7.171051025390625 8.173650741577148 0.2
12.405890464782715 -7.132850646972656 8.012750625610352 0.2
12.392749786376953 -6.991950988769531 7.855951309204102 0.2
12.31056022644043 -6.793651580810547 7.846750259399414 0.2
12.249300003051758 -6.595649719238281 7.908052444458008 0.2
12.309070587158203 -6.409549713134766 7.990850448608398 0.2
12.499910354614258 -6.321250915527344 7.970449447631836 0.2
12.6668701171875 -6.319751739501953 7.834749221801758 0.2
12.724730491638184 -6.404651641845703 7.650651931762695 0.2
12.649450302124023 -6.586250305175781 7.570051193237305 0.2
12.566710472106934 -6.777751922607422 7.62285041809082 0.2
12.545440673828125 -6.97235107421875 7.709550857543945 0.2
12.689590454101562 -7.118450164794922 7.757349014282227 0.2
12.873869895935059 -7.155448913574219 7.656949996948242 0.2
12.9906005859375 -7.1197509765625 7.481752395629883 0.2
12.96444034576416 -6.982151031494141 7.324750900268555 0.2
12.883240699768066 -6.784648895263672 7.32335090637207 0.2
12.831870079040527 -6.588550567626953 7.394948959350586 0.2
12.904789924621582 -6.404949188232422 7.473150253295898 0.2
13.091500282287598 -6.316150665283203 7.433649063110352 0.2
13.245600700378418 -6.316051483154297 7.26765251159668 0.2
13.268099784851074 -6.412750244140625 7.070249557495117 0.2
13.171600341796875 -6.607151031494141 7.0198516845703125 0.2
13.093999862670898 -6.807651519775391 7.093549728393555 0.2
13.12440013885498 -7.010349273681641 7.18425178527832 0.2
13.309200286865234 -7.128849029541016 7.164449691772461 0.2
13.4660005569458 -7.133449554443359 7.002050399780273 0.2
13.521500587463379 -7.030551910400391 6.810251235961914 0.2
13.454700469970703 -6.8269500732421875 6.752050399780273 0.2
13.373700141906738 -6.622550964355469 6.808450698852539 0.2
13.408599853515625 -6.424049377441406 6.903650283813477 0.2
13.609200477600098 -6.334651947021484 6.929050445556641 0.2
13.809500694274902 -6.401149749755859 6.92864990234375 0.2
13.879000663757324 -6.580451965332031 7.014951705932617 0.2
13.805700302124023 -6.769351959228516 7.083349227905273 0.2
13.711700439453125 -6.9602508544921875 7.085351943969727 0.2
13.695899963378906 -7.105152130126953 6.933450698852539 0.2
13.798500061035156 -7.1365509033203125 6.7485504150390625 0.2
13.970600128173828 -7.083549499511719 6.638750076293945 0.2
14.1048002243042 -6.926952362060547 6.68025016784668 0.2
14.094200134277344 -6.733650207519531 6.769750595092773 0.2
14.026200294494629 -6.538051605224609 6.820350646972656 0.2
13.951200485229492 -6.370349884033203 6.717151641845703 0.2
13.998200416564941 -6.3099517822265625 6.5209503173828125 0.2
14.139400482177734 -6.333351135253906 6.36345100402832 0.2
14.302599906921387 -6.461051940917969 6.338350296020508 0.2
14.33180046081543 -6.654750823974609 6.418050765991211 0.2
14.266600608825684 -6.843952178955078 6.493450164794922 0.2
14.164299964904785 -7.02655029296875 6.461851119995117 0.2
14.13740062713623 -7.126350402832031 6.280351638793945 0.2
14.241600036621094 -7.134349822998047 6.094551086425781 0.2
14.414100646972656 -7.0617523193359375 6.000249862670898 0.2
14.524200439453125 -6.891849517822266 6.058050155639648 0.2
14.504300117492676 -6.699249267578125 6.148050308227539 0.2
14.431300163269043 -6.502349853515625 6.182350158691406 0.2
14.362000465393066 -6.350749969482422 6.055450439453125 0.2
14.422200202941895 -6.308551788330078 5.856950759887695 0.2
14.566400527954102 -6.350151062011719 5.707651138305664 0.2
14.712900161743164 -6.4996490478515625 5.707651138305664 0.2
14.719600677490234 -6.694549560546875 5.791950225830078 0.2
14.648600578308105 -6.884250640869141 5.8594512939453125 0.2
14.542500495910645 -7.056049346923828 5.800251007080078 0.2
14.536900520324707 -7.133750915527344 5.606349945068359 0.2
14.649200439453125 -7.127849578857422 5.425750732421875 0.2
14.82229995727539 -7.032451629638672 5.360450744628906 0.2
14.906400680541992 -6.851650238037109 5.430950164794922 0.2
14.875699996948242 -6.659751892089844 5.518350601196289 0.2
14.794300079345703 -6.46514892578125 5.52855110168457 0.2
14.738699913024902 -6.336051940917969 5.374950408935547 0.2
14.811500549316406 -6.312950134277344 5.177450180053711 0.2
14.963200569152832 -6.376949310302734 5.048551559448242 0.2
15.08750057220459 -6.544349670410156 5.074850082397461 0.2
15.072700500488281 -6.737251281738281 5.162050247192383 0.2
14.993900299072266 -6.926849365234375 5.215351104736328 0.2
14.89050006866455 -7.082252502441406 5.119150161743164 0.2
14.908599853515625 -7.137248992919922 4.918149948120117 0.2
15.033900260925293 -7.112949371337891 4.749750137329102 0.2
15.20009994506836 -6.991649627685547 4.719551086425781 0.2
15.250300407409668 -6.8034515380859375 4.80055046081543 0.2
15.209400177001953 -6.610950469970703 4.881050109863281 0.2
15.115900039672852 -6.423450469970703 4.854150772094727 0.2
15.081999778747559 -6.322151184082031 4.676050186157227 0.2
15.170300483703613 -6.319751739501953 4.48335075378418 0.2
15.327899932861328 -6.412448883056641 4.384651184082031 0.2
15.417699813842773 -6.595050811767578 4.4378509521484375 0.2
15.385900497436523 -6.785652160644531 4.526651382446289 0.2
15.293600082397461 -6.973949432373047 4.554651260375977 0.2
15.201399803161621 -7.105350494384766 4.42125129699707 0.2
15.24429988861084 -7.134849548339844 4.216951370239258 0.2
15.381999969482422 -7.0845489501953125 4.066949844360352 0.2
15.528200149536133 -6.934650421142578 4.075050354003906 0.2
15.548600196838379 -6.743049621582031 4.162750244140625 0.2
15.495400428771973 -6.548851013183594 4.228750228881836 0.2
15.393500328063965 -6.378551483154297 4.160551071166992 0.2
15.386600494384766 -6.310550689697266 3.963350296020508 0.2
15.485700607299805 -6.333049774169922 3.778350830078125 0.2
15.639100074768066 -6.461051940917969 3.721151351928711 0.2
15.69159984588623 -6.652851104736328 3.792051315307617 0.2
15.64680004119873 -6.8417510986328125 3.8778514862060547 0.2
15.537300109863281 -7.0209503173828125 3.8701515197753906 0.2
15.467300415039062 -7.117549896240234 3.7012500762939453 0.2
15.525300025939941 -7.120052337646484 3.498350143432617 0.2
15.673500061035156 -7.036151885986328 3.380849838256836 0.2
15.78849983215332 -6.863552093505859 3.41925048828125 0.2
15.78700065612793 -6.672752380371094 3.5105514526367188 0.2
15.715700149536133 -6.479148864746094 3.551450729370117 0.2
15.615900039672852 -6.338249206542969 3.4359512329101562 0.2
15.629000663757324 -6.303150177001953 3.2298507690429688 0.2
15.739900588989258 -6.358150482177734 3.0627498626708984 0.2
15.874000549316406 -6.518150329589844 3.0479507446289062 0.2
15.891500473022461 -6.71044921875 3.132051467895508 0.2
15.83240032196045 -6.899150848388672 3.205751419067383 0.2
15.706299781799316 -7.057651519775391 3.1506500244140625 0.2
15.66260051727295 -7.116950988769531 2.9572505950927734 0.2
15.735899925231934 -7.091350555419922 2.7622509002685547 0.2
15.887499809265137 -6.972049713134766 2.6873512268066406 0.2
15.963900566101074 -6.786949157714844 2.750551223754883 0.2
15.948200225830078 -6.596050262451172 2.839550018310547 0.2
15.850000381469727 -6.409648895263672 2.84375 0.2
15.764900207519531 -6.304248809814453 2.688251495361328 0.2
15.794500350952148 -6.299049377441406 2.479949951171875 0.2
15.917900085449219 -6.39215087890625 2.343250274658203 0.2
16.019901275634766 -6.573749542236328 2.368650436401367 0.2
16.015300750732422 -6.763648986816406 2.4609508514404297 0.2
15.931400299072266 -6.9501495361328125 2.5110511779785156 0.2
15.803199768066406 -7.078151702880859 2.4095516204833984 0.2
15.786399841308594 -7.103252410888672 2.202451705932617 0.2
15.87760066986084 -7.046352386474609 2.024150848388672 0.2
16.01959991455078 -6.895050048828125 1.9971504211425781 0.2
16.064800262451172 -6.705650329589844 2.0768508911132812 0.2
16.02989959716797 -6.512950897216797 2.154050827026367 0.2
15.909700393676758 -6.345951080322266 2.1166515350341797 0.2
15.847800254821777 -6.278450012207031 1.930551528930664 0.2
15.891500473022461 -6.303249359130859 1.7271499633789062 0.2
16.022499084472656 -6.435352325439453 1.6360511779785156 0.2
16.090599060058594 -6.626651763916016 1.6909503936767578 0.2
16.069400787353516 -6.814949035644531 1.7834510803222656 0.2
15.955900192260742 -6.990150451660156 1.8010501861572266 0.2
15.843400001525879 -7.080348968505859 1.6547508239746094 0.2
15.846500396728516 -7.075450897216797 1.445150375366211 0.2
15.959799766540527 -6.983348846435547 1.3005504608154297 0.2
16.078399658203125 -6.809848785400391 1.3133506774902344 0.2
16.100299835205078 -6.620449066162109 1.4023513793945312 0.2
16.035999298095703 -6.429248809814453 1.4583511352539062 0.2
15.907500267028809 -6.29315185546875 1.3713512420654297 0.2
15.866100311279297 -6.260250091552734 1.1697502136230469 0.2
15.931400299072266 -6.320350646972656 0.9838504791259766 0.2
16.05620002746582 -6.482952117919922 0.941650390625 0.2
16.0939998626709 -6.674152374267578 1.0190505981445312 0.2
16.05139923095703 -6.862152099609375 1.1017513275146484 0.2
15.911800384521484 -7.015449523925781 1.074850082397461 0.2
15.824600219726562 -7.068351745605469 0.8963508605957031 0.2
15.851400375366211 -7.034450531005859 0.6924514770507812 0.2
15.981400489807129 -6.908649444580078 0.5930500030517578 0.2
16.067901611328125 -6.723949432373047 0.6399517059326172 0.2
16.070701599121094 -6.53375244140625 0.7292499542236328 0.2
15.96880054473877 -6.351650238037109 0.7534503936767578 0.2
15.850600242614746 -6.250949859619141 0.6197509765625 0.2
15.832600593566895 -6.249149322509766 0.4112510681152344 0.2
15.924799919128418 -6.348049163818359 0.25715065002441406 0.2
16.028600692749023 -6.529850006103516 0.26435089111328125 0.2
16.044300079345703 -6.718849182128906 0.35465049743652344 0.2
15.967599868774414 -6.9035491943359375 0.41825103759765625 0.2
15.820099830627441 -7.026649475097656 0.3424510955810547 0.2
15.76360034942627 -7.045551300048828 0.1430511474609375 0.2
15.820500373840332 -6.980949401855469 -0.04514884948730469 0.2
15.953700065612793 -6.826850891113281 -0.09264945983886719 0.2
16.01259994506836 -6.638450622558594 -0.022449493408203125 0.2
15.988900184631348 -6.446552276611328 0.05835151672363281 0.2
15.859600067138672 -6.283851623535156 0.04205131530761719 0.2
15.76609992980957 -6.220249176025391 -0.13054847717285156 0.2
15.774499893188477 -6.25054931640625 -0.33644866943359375 0.2
15.888199806213379 -6.387351989746094 -0.4421501159667969 0.2
15.963900566101074 -6.577850341796875 -0.39824867248535156 0.2
15.958000183105469 -6.765850067138672 -0.3051490783691406 0.2
15.844900131225586 -6.937751770019531 -0.2689495086669922 0.2
15.709099769592285 -7.022850036621094 -0.39514923095703125 0.2
15.681099891662598 -7.0097503662109375 -0.6014499664306641 0.2
15.772100448608398 -6.911750793457031 -0.7567501068115234 0.2
15.891600608825684 -6.738552093505859 -0.7613487243652344 0.2
15.928899765014648 -6.549949645996094 -0.6779499053955078 0.2
15.87090015411377 -6.360252380371094 -0.6135482788085938 0.2
15.730400085449219 -6.227649688720703 -0.6824493408203125 0.2
15.664899826049805 -6.202449798583984 -0.8774490356445312 0.2
15.707099914550781 -6.272151947021484 -1.0657501220703125 0.2
15.82229995727539 -6.438449859619141 -1.1203498840332031 0.2
15.869800567626953 -6.629249572753906 -1.0497493743896484 0.2
15.837400436401367 -6.816150665283203 -0.962249755859375 0.2
15.691200256347656 -6.964252471923828 -0.9661483764648438 0.2
15.580599784851074 -7.007049560546875 -1.1316490173339844 0.2
15.587800025939941 -6.958950042724609 -1.3334484100341797 0.2
15.70359992980957 -6.829250335693359 -1.445749282836914 0.2
15.799400329589844 -6.646450042724609 -1.4147491455078125 0.2
15.818900108337402 -6.457050323486328 -1.3282489776611328 0.2
15.720200538635254 -6.27655029296875 -1.289449691772461 0.2
15.585800170898438 -6.182949066162109 -1.4094486236572266 0.2
15.549600601196289 -6.1988525390625 -1.613748550415039 0.2
15.621500015258789 -6.310649871826172 -1.7702484130859375 0.2
15.720399856567383 -6.495349884033203 -1.7766494750976562 0.2
15.748600006103516 -6.683849334716797 -1.6903495788574219 0.2
15.678899765014648 -6.86505126953125 -1.613149642944336 0.2
15.516600608825684 -6.978752136230469 -1.663848876953125 0.2
15.441900253295898 -6.97705078125 -1.8553485870361328 0.2
15.484700202941895 -6.894752502441406 -2.0409488677978516 0.2
15.609600067138672 -6.739650726318359 -2.1079483032226562 0.2
15.685200691223145 -6.553352355957031 -2.052448272705078 0.2
15.67959976196289 -6.361949920654297 -1.9692497253417969 0.2
15.547900199890137 -6.2026519775390625 -1.9645500183105469 0.2
15.431900024414062 -6.154048919677734 -2.1253490447998047 0.2
15.418600082397461 -6.207550048828125 -2.3258495330810547 0.2
15.510000228881836 -6.354949951171875 -2.440948486328125 0.2
15.588600158691406 -6.546451568603516 -2.4105491638183594 0.2
15.599300384521484 -6.733348846435547 -2.317150115966797 0.2
15.490099906921387 -6.899150848388672 -2.2562484741210938 0.2
15.331600189208984 -6.969852447509766 -2.358549118041992 0.2
15.291200637817383 -6.929450988769531 -2.5574493408203125 0.2
15.366000175476074 -6.819049835205078 -2.7153491973876953 0.2
15.484399795532227 -6.647552490234375 -2.7454490661621094 0.2
15.544099807739258 -6.459850311279297 -2.6753482818603516 0.2
15.504400253295898 -6.270648956298828 -2.5993499755859375 0.2
15.351200103759766 -6.143352508544922 -2.640748977661133 0.2
15.258000373840332 -6.1383514404296875 -2.8238487243652344 0.2
15.27299976348877 -6.227451324462891 -3.00885009765625 0.2
15.371000289916992 -6.398651123046875 -3.0823497772216797 0.2
15.432400703430176 -6.58905029296875 -3.0233497619628906 0.2
15.4197998046875 -6.773952484130859 -2.9282493591308594 0.2
15.272100448608398 -6.915351867675781 -2.897249221801758 0.2
15.132500648498535 -6.943450927734375 -3.0398483276367188 0.2
15.124000549316406 -6.8735504150390625 -3.2348499298095703 0.2
15.221600532531738 -6.740348815917969 -3.362548828125 0.2
15.325699806213379 -6.559349060058594 -3.3586483001708984 0.2
15.369800567626953 -6.370052337646484 -3.2821483612060547 0.2
15.286499977111816 -6.190052032470703 -3.2198486328125 0.2
15.127699851989746 -6.100849151611328 -3.3073501586914062 0.2
15.057300567626953 -6.132850646972656 -3.4996490478515625 0.2
15.096400260925293 -6.253349304199219 -3.6629486083984375 0.2
15.189800262451172 -6.439052581787109 -3.6926498413085938 0.2
15.23900032043457 -6.626750946044922 -3.6152496337890625 0.2
15.19070053100586 -6.80615234375 -3.5209484100341797 0.2
15.01870059967041 -6.915050506591797 -3.530048370361328 0.2
14.910900115966797 -6.901050567626953 -3.7021484375 0.2
14.929699897766113 -6.807750701904297 -3.8871498107910156 0.2
15.040599822998047 -6.654850006103516 -3.9807491302490234 0.2
15.130599975585938 -6.469451904296875 -3.9496498107910156 0.2
15.15000057220459 -6.278251647949219 -3.868349075317383 0.2
15.027600288391113 -6.117351531982422 -3.831348419189453 0.2
14.883700370788574 -6.072849273681641 -3.9661483764648438 0.2
14.849100112915039 -6.142250061035156 -4.158849716186523 0.2
14.917099952697754 -6.291648864746094 -4.288249969482422 0.2
15.000300407409668 -6.483451843261719 -4.279348373413086 0.2
15.033300399780273 -6.669349670410156 -4.189149856567383 0.2
14.94420051574707 -6.8341522216796875 -4.102149963378906 0.2
14.764800071716309 -6.9031524658203125 -4.161449432373047 0.2
14.689300537109375 -6.856052398681641 -4.347049713134766 0.2
14.736700057983398 -6.7449493408203125 -4.515449523925781 0.2
14.84950065612793 -6.5776519775390625 -4.5771484375 0.2
14.9281005859375 -6.390651702880859 -4.527050018310547 0.2
14.91550064086914 -6.200950622558594 -4.444149017333984 0.2
14.7608003616333 -6.068950653076172 -4.447149276733398 0.2
14.634600639343262 -6.066951751708984 -4.607448577880859 0.2
14.62090015411377 -6.164249420166016 -4.789348602294922 0.2
14.698200225830078 -6.335750579833984 -4.884349822998047 0.2
14.771100044250488 -6.52655029296875 -4.842748641967773 0.2
14.782899856567383 -6.710151672363281 -4.745449066162109 0.2
14.647299766540527 -6.850349426269531 -4.678049087524414 0.2
14.476799964904785 -6.8746490478515625 -4.781549453735352 0.2
14.432400703430176 -6.7989501953125 -4.968849182128906 0.2
14.503000259399414 -6.667751312255859 -5.115848541259766 0.2
14.608799934387207 -6.489452362060547 -5.141748428344727 0.2
14.674400329589844 -6.301052093505859 -5.080148696899414 0.2
14.614900588989258 -6.119651794433594 -4.999050140380859 0.2
14.442299842834473 -6.027751922607422 -5.047149658203125 0.2
14.34160041809082 -6.068351745605469 -5.222049713134766 0.2
14.352200508117676 -6.194751739501953 -5.386749267578125 0.2
14.433100700378418 -6.381252288818359 -5.439449310302734 0.2
14.498300552368164 -6.568950653076172 -5.375648498535156 0.2
14.474599838256836 -6.7467498779296875 -5.27094841003418 0.2
14.304100036621094 -6.8518524169921875 -5.2355499267578125 0.2
14.157899856567383 -6.8323516845703125 -5.374750137329102 0.2
14.137900352478027 -6.736148834228516 -5.558050155639648 0.2
14.2253999710083 -6.586250305175781 -5.677848815917969 0.2
14.32450008392334 -6.403049468994141 -5.673749923706055 0.2
14.368900299072266 -6.213050842285156 -5.600549697875977 0.2
14.263500213623047 -6.0505523681640625 -5.533548355102539 0.2
14.091700553894043 -6.005649566650391 -5.628549575805664 0.2
14.018600463867188 -6.081748962402344 -5.80674934387207 0.2
14.053899765014648 -6.2337493896484375 -5.946449279785156 0.2
14.134400367736816 -6.426052093505859 -5.9595489501953125 0.2
14.188300132751465 -6.6114501953125 -5.879650115966797 0.2
14.120699882507324 -6.773750305175781 -5.772548675537109 0.2
13.930200576782227 -6.836250305175781 -5.785449981689453 0.2
13.813700675964355 -6.782451629638672 -5.945749282836914 0.2
13.822500228881836 -6.669651031494141 -6.119348526000977 0.2
13.919300079345703 -6.504150390625 -6.207550048828125 0.2
14.01140022277832 -6.319049835205078 -6.179349899291992 0.2
14.022299766540527 -6.130649566650391 -6.094249725341797 0.2
13.872300148010254 -5.998451232910156 -6.060449600219727 0.2
13.715900421142578 -6.000450134277344 -6.189748764038086 0.2
13.673600196838379 -6.105751037597656 -6.362649917602539 0.2
13.727499961853027 -6.2781524658203125 -6.471549987792969 0.2
13.807400703430176 -6.469150543212891 -6.449150085449219 0.2
13.840200424194336 -6.652050018310547 -6.356048583984375 0.2
13.720800399780273 -6.7886505126953125 -6.259550094604492 0.2
13.530400276184082 -6.807552337646484 -6.320650100708008 0.2
13.446599960327148 -6.728252410888672 -6.492048263549805 0.2
13.484000205993652 -6.597450256347656 -6.6506500244140625 0.2
13.58430004119873 -6.421051025390625 -6.701148986816406 0.2
13.664999961853027 -6.234352111816406 -6.655550003051758 0.2
13.626700401306152 -6.053749084472656 -6.561948776245117 0.2
13.448800086975098 -5.9613494873046875 -6.57244873046875 0.2
13.320500373840332 -6.005950927734375 -6.7254486083984375 0.2
13.305800437927246 -6.135349273681641 -6.887948989868164 0.2
13.374000549316406 -6.321052551269531 -6.957649230957031 0.2
13.451499938964844 -6.508350372314453 -6.909549713134766 0.2
13.448100090026855 -6.685249328613281 -6.801748275756836 0.2
13.286300659179688 -6.787651062011719 -6.734748840332031 0.2
13.11620044708252 -6.764751434326172 -6.841949462890625 0.2
13.062800407409668 -6.666751861572266 -7.017148971557617 0.2
13.126800537109375 -6.516849517822266 -7.1506500244140625 0.2
13.225700378417969 -6.334251403808594 -7.165248870849609 0.2
13.282899856567383 -6.145252227783203 -7.0993499755859375 0.2
13.192100524902344 -5.984149932861328 -7.011749267578125 0.2
13.007460594177246 -5.93804931640625 -7.075649261474609 0.2
12.913350105285645 -6.015048980712891 -7.242349624633789 0.2
12.930870056152344 -6.164451599121094 -7.387948989868164 0.2
13.0108003616333 -6.354652404785156 -7.418949127197266 0.2
13.079000473022461 -6.539649963378906 -7.350849151611328 0.2
13.031499862670898 -6.703449249267578 -7.236349105834961 0.2
12.84242057800293 -6.768852233886719 -7.218849182128906 0.2
12.70281982421875 -6.715351104736328 -7.358648300170898 0.2
12.68634033203125 -6.602649688720703 -7.531349182128906 0.2
12.76904010772705 -6.437450408935547 -7.63334846496582 0.2
12.86260986328125 -6.251850128173828 -7.6181488037109375 0.2
12.885419845581055 -6.0646514892578125 -7.533149719238281 0.2
12.743770599365234 -5.931652069091797 -7.47504997253418 0.2
12.572820663452148 -5.928852081298828 -7.582849502563477 0.2
12.515920639038086 -6.030448913574219 -7.753448486328125 0.2
12.560480117797852 -6.196949005126953 -7.874750137329102 0.2
12.647689819335938 -6.385551452636719 -7.869150161743164 0.2
12.697040557861328 -6.5686492919921875 -7.784549713134766 0.2
12.595940589904785 -6.711750030517578 -7.677549362182617 0.2
12.400460243225098 -6.737850189208984 -7.713649749755859 0.2
12.297039985656738 -6.659049987792969 -7.873649597167969 0.2
12.314400672912598 -6.527549743652344 -8.034749984741211 0.2
12.405130386352539 -6.3493499755859375 -8.096048355102539 0.2
12.486260414123535 -6.161750793457031 -8.056249618530273 0.2
12.458049774169922 -5.983348846435547 -7.955348968505859 0.2
12.281030654907227 -5.889949798583984 -7.942150115966797 0.2
12.140900611877441 -5.9306488037109375 -8.084148406982422 0.2
12.117850303649902 -6.0552520751953125 -8.249248504638672 0.2
12.182320594787598 -6.2362518310546875 -8.33344841003418 0.2
12.268540382385254 -6.422550201416016 -8.299749374389648 0.2
12.284160614013672 -6.6018524169921875 -8.197750091552734 0.2
12.137229919433594 -6.711849212646484 -8.11094856262207 0.2
11.953460693359375 -6.6927490234375 -8.191848754882812 0.2
11.878210067749023 -6.593650817871094 -8.35784912109375 0.2
11.92080020904541 -6.443450927734375 -8.499248504638672 0.2
12.015820503234863 -6.260650634765625 -8.526849746704102 0.2
12.081530570983887 -6.072349548339844 -8.467849731445312 0.2
12.003689765930176 -5.912952423095703 -8.366249084472656 0.2
11.810900688171387 -5.86865234375 -8.399148941040039 0.2
11.694459915161133 -5.946849822998047 -8.549949645996094 0.2
11.689650535583496 -6.096649169921875 -8.696649551391602 0.2
11.763460159301758 -6.28594970703125 -8.74114990234375 0.2
11.843560218811035 -6.470951080322266 -8.688148498535156 0.2
11.815199851989746 -6.633750915527344 -8.567150115966797 0.2
11.631030082702637 -6.692451477050781 -8.512948989868164 0.2
11.46738052368164 -6.6307525634765625 -8.619049072265625 0.2
11.417739868164062 -6.512050628662109 -8.781448364257812 0.2
11.475860595703125 -6.343250274658203 -8.893449783325195 0.2
11.57151985168457 -6.1582489013671875 -8.896049499511719 0.2
11.609760284423828 -5.9732513427734375 -8.812849044799805 0.2
11.47914981842041 -5.848651885986328 -8.72144889831543 0.2
11.287739753723145 -5.855152130126953 -8.786249160766602 0.2
11.194560050964355 -5.961750030517578 -8.936649322509766 0.2
11.207880020141602 -6.131752014160156 -9.060949325561523 0.2
11.294670104980469 -6.319950103759766 -9.075949668884277 0.2
11.360090255737305 -6.503749847412109 -9.00624942779541 0.2
11.281490325927734 -6.639350891113281 -8.874349594116211 0.2
11.081880569458008 -6.649951934814453 -8.858049392700195 0.2
10.94264030456543 -6.560249328613281 -8.980548858642578 0.2
10.918359756469727 -6.420249938964844 -9.134549140930176 0.2
10.989860534667969 -6.239749908447266 -9.210749626159668 0.2
11.07964038848877 -6.052951812744141 -9.192349433898926 0.2
11.076260566711426 -5.880451202392578 -9.078948974609375 0.2
10.905070304870605 -5.799652099609375 -9.013648986816406 0.2
10.73071002960205 -5.850452423095703 -9.10624885559082 0.2
10.660499572753906 -5.980548858642578 -9.253748893737793 0.2
10.697030067443848 -6.163349151611328 -9.348249435424805 0.2
10.790109634399414 -6.349449157714844 -9.344948768615723 0.2
10.828960418701172 -6.527950286865234 -9.248748779296875 0.2
10.705080032348633 -6.625251770019531 -9.121648788452148 0.2
10.50731086730957 -6.58795166015625 -9.142148971557617 0.2
10.388660430908203 -6.475151062011719 -9.269649505615234 0.2
10.387330055236816 -6.312648773193359 -9.404048919677734 0.2
10.470849990844727 -6.1282501220703125 -9.450749397277832 0.2
10.549270629882812 -5.941650390625 -9.4048490524292 0.2
10.497060775756836 -5.796852111816406 -9.271248817443848 0.2
10.300069808959961 -5.773750305175781 -9.239849090576172 0.2
10.143400192260742 -5.863349914550781 -9.34014892578125 0.2
10.095330238342285 -6.020149230957031 -9.471949577331543 0.2
10.155440330505371 -6.208950042724609 -9.535248756408691 0.2
10.244119644165039 -6.396152496337891 -9.513648986816406 0.2
10.24662971496582 -6.5534515380859375 -9.382549285888672 0.2
10.081090927124023 -6.597049713134766 -9.278549194335938 0.2
9.896209716796875 -6.523151397705078 -9.32914924621582 0.2
9.804210662841797 -6.394752502441406 -9.462849617004395 0.2
9.834980010986328 -6.219951629638672 -9.576748847961426 0.2
9.926030158996582 -6.034049987792969 -9.59994888305664 0.2
9.981660842895508 -5.852451324462891 -9.519148826599121 0.2
9.8720703125 -5.735050201416016 -9.397149085998535 0.2
9.67140007019043 -5.746650695800781 -9.421049118041992 0.2
9.551190376281738 -5.854148864746094 -9.550148963928223 0.2
9.543560028076172 -6.023349761962891 -9.676448822021484 0.2
9.625880241394043 -6.2113494873046875 -9.711149215698242 0.2
9.70132064819336 -6.3966522216796875 -9.657149314880371 0.2
9.647279739379883 -6.535449981689453 -9.5160493850708 0.2
9.452790260314941 -6.551349639892578 -9.471649169921875 0.2
9.298070907592773 -6.461051940917969 -9.573248863220215 0.2
9.25393009185791 -6.318851470947266 -9.720748901367188 0.2
9.31466007232666 -6.136951446533203 -9.803548812866211 0.2
9.404720306396484 -5.949550628662109 -9.79474925994873 0.2
9.416080474853516 -5.776851654052734 -9.681249618530273 0.2
9.255380630493164 -5.693050384521484 -9.59644889831543 0.2
9.072980880737305 -5.7427520751953125 -9.671648979187012 0.2
8.991180419921875 -5.872249603271484 -9.813849449157715 0.2
9.018030166625977 -6.054050445556641 -9.914448738098145 0.2
9.109109878540039 -6.241050720214844 -9.922649383544922 0.2
9.159749984741211 -6.421451568603516 -9.835248947143555 0.2
9.054920196533203 -6.525749206542969 -9.696349143981934 0.2
8.85558032989502 -6.493949890136719 -9.695549011230469 0.2
8.725740432739258 -6.381549835205078 -9.811849594116211 0.2
8.711570739746094 -6.219852447509766 -9.947149276733398 0.2
8.787790298461914 -6.034549713134766 -10.003249168395996 0.2
8.86992073059082 -5.846752166748047 -9.969049453735352 0.2
8.83765983581543 -5.698150634765625 -9.832549095153809 0.2
8.647150039672852 -5.669849395751953 -9.777149200439453 0.2
8.481410026550293 -5.757450103759766 -9.86294937133789 0.2
8.419389724731445 -5.909648895263672 -9.994648933410645 0.2
8.47252082824707 -6.095951080322266 -10.070049285888672 0.2
8.565230369567871 -6.282550811767578 -10.063149452209473 0.2
8.583640098571777 -6.445652008056641 -9.940649032592773 0.2
8.431970596313477 -6.49835205078125 -9.820649147033691 0.2
8.242910385131836 -6.425151824951172 -9.850749015808105 0.2
8.138959884643555 -6.290752410888672 -9.970748901367188 0.2
8.152029991149902 -6.110252380371094 -10.0785493850708 0.2
8.237340927124023 -5.922050476074219 -10.10624885559082 0.2
8.302190780639648 -5.7431488037109375 -10.026349067687988 0.2
8.211570739746094 -5.636852264404297 -9.88064956665039 0.2
8.010820388793945 -5.65985107421875 -9.866848945617676 0.2
7.872470378875732 -5.771450042724609 -9.973249435424805 0.2
7.843710422515869 -5.940250396728516 -10.09744930267334 0.2
7.919490337371826 -6.125850677490234 -10.154149055480957 0.2
8.00398063659668 -6.312252044677734 -10.122448921203613 0.2
7.9781904220581055 -6.449352264404297 -9.972349166870117 0.2
7.798380374908447 -6.454551696777344 -9.88344955444336 0.2
7.627590179443359 -6.353649139404297 -9.939549446105957 0.2
7.552220344543457 -6.199150085449219 -10.061948776245117 0.2
7.593440055847168 -6.011749267578125 -10.144148826599121 0.2
7.681540012359619 -5.8233489990234375 -10.148448944091797 0.2
7.715410232543945 -5.661350250244141 -10.024449348449707 0.2
7.5741400718688965 -5.600650787353516 -9.89634895324707 0.2
7.381730079650879 -5.6654510498046875 -9.921449661254883 0.2
7.270770072937012 -5.800750732421875 -10.036748886108398 0.2
7.2793402671813965 -5.98284912109375 -10.14064884185791 0.2
7.363710403442383 -6.170051574707031 -10.176749229431152 0.2
7.432720184326172 -6.349151611328125 -10.099449157714844 0.2
7.356960296630859 -6.4461517333984375 -9.938949584960938 0.2
7.1628804206848145 -6.40625 -9.895648956298828 0.2
7.012080192565918 -6.288551330566406 -9.976449012756348 0.2
6.975470542907715 -6.120552062988281 -10.099749565124512 0.2
7.040770053863525 -5.932949066162109 -10.162849426269531 0.2
7.125570297241211 -5.745250701904297 -10.134649276733398 0.2
7.112110137939453 -5.602550506591797 -9.988649368286133 0.2
6.928450584411621 -5.5787506103515625 -9.91154956817627 0.2
6.755100250244141 -5.667652130126953 -9.980249404907227 0.2
6.683710098266602 -5.820652008056641 -10.106348991394043 0.2
6.7281999588012695 -6.00885009765625 -10.185648918151855 0.2
6.8169403076171875 -6.197650909423828 -10.186649322509766 0.2
6.852840423583984 -6.361850738525391 -10.067648887634277 0.2
6.716899871826172 -6.424549102783203 -9.934549331665039 0.2
6.523350238800049 -6.360149383544922 -9.953649520874023 0.2
6.41077995300293 -6.232551574707031 -10.072349548339844 0.2
6.416640281677246 -6.056850433349609 -10.190649032592773 0.2
6.496540069580078 -5.868049621582031 -10.229649543762207 0.2
6.566780090332031 -5.683551788330078 -10.167549133300781 0.2
6.495570182800293 -5.560749053955078 -10.02234935760498 0.2
6.295810222625732 -5.567951202392578 -9.996149063110352 0.2
6.152190208435059 -5.674449920654297 -10.100149154663086 0.2
6.114830017089844 -5.838550567626953 -10.229249000549316 0.2
6.18673038482666 -6.024650573730469 -10.289448738098145 0.2
6.2750701904296875 -6.211051940917969 -10.26564884185791 0.2
6.261110305786133 -6.359851837158203 -10.124249458312988 0.2
6.085770130157471 -6.383552551269531 -10.030348777770996 0.2
5.911680221557617 -6.288551330566406 -10.084749221801758 0.2
5.82990026473999 -6.135551452636719 -10.20574951171875 0.2
5.863130569458008 -5.946849822998047 -10.28904914855957 0.2
5.949230194091797 -5.757350921630859 -10.299348831176758 0.2
5.99215030670166 -5.591251373291016 -10.183349609375 0.2
5.865620136260986 -5.527351379394531 -10.041449546813965 0.2
5.672280311584473 -5.593051910400391 -10.047449111938477 0.2
5.551750183105469 -5.7281494140625 -10.153749465942383 0.2
5.5495100021362305 -5.908550262451172 -10.26094913482666 0.2
5.630730152130127 -6.0946502685546875 -10.309248924255371 0.2
5.708280563354492 -6.2763519287109375 -10.246648788452148 0.2
5.652310371398926 -6.379852294921875 -10.081748962402344 0.2
5.464250564575195 -6.343349456787109 -10.015449523925781 0.2
5.3063201904296875 -6.222652435302734 -10.075949668884277 0.2
5.254820346832275 -6.050151824951172 -10.187748908996582 0.2
5.309410095214844 -5.859649658203125 -10.252948760986328 0.2
5.395660400390625 -5.671352386474609 -10.232748985290527 0.2
5.403429985046387 -5.5332489013671875 -10.081748962402344 0.2
5.234950065612793 -5.517452239990234 -9.973849296569824 0.2
5.0545501708984375 -5.6103515625 -10.013648986816406 0.2
4.965390205383301 -5.762248992919922 -10.130148887634277 0.2
4.998510360717773 -5.946750640869141 -10.222748756408691 0.2
5.087140083312988 -6.134151458740234 -10.24734878540039 0.2
5.139590263366699 -6.301750183105469 -10.140149116516113 0.2
5.022530555725098 -6.364952087402344 -9.990348815917969 0.2
4.8303303718566895 -6.294849395751953 -9.974148750305176 0.2
4.702090263366699 -6.156551361083984 -10.06364917755127 0.2
4.691160202026367 -5.97235107421875 -10.166149139404297 0.2
4.766590118408203 -5.782249450683594 -10.208349227905273 0.2
4.8433003425598145 -5.602352142333984 -10.140849113464355 0.2
4.7817702293396 -5.498748779296875 -9.978549003601074 0.2
4.587779998779297 -5.527549743652344 -9.92664909362793 0.2
4.43572998046875 -5.644351959228516 -10.005349159240723 0.2
4.392080307006836 -5.815952301025391 -10.122849464416504 0.2
4.454570293426514 -6.004650115966797 -10.187549591064453 0.2
4.542370319366455 -6.192150115966797 -10.169649124145508 0.2
4.549760341644287 -6.334049224853516 -10.020249366760254 0.2
4.384320259094238 -6.355049133300781 -9.909249305725098 0.2
4.203120231628418 -6.264251708984375 -9.94904899597168 0.2
4.113860130310059 -6.117252349853516 -10.069648742675781 0.2
4.141540050506592 -5.930850982666016 -10.16344928741455 0.2
4.221580505371094 -5.739250183105469 -10.183849334716797 0.2
4.272930145263672 -5.565250396728516 -10.081949234008789 0.2
4.157070159912109 -5.480049133300781 -9.942249298095703 0.2
3.9599201679229736 -5.529651641845703 -9.950749397277832 0.2
3.8382232189178467 -5.655551910400391 -10.065149307250977 0.2
3.8326363563537598 -5.831150054931641 -10.181549072265625 0.2
3.917501211166382 -6.016151428222656 -10.22774887084961 0.2
3.9951553344726562 -6.2010498046875 -10.174949645996094 0.2
3.940408229827881 -6.324851989746094 -10.022648811340332 0.2
3.747136116027832 -6.308849334716797 -9.9673490524292 0.2
3.5905933380126953 -6.193351745605469 -10.040349006652832 0.2
3.5374131202697754 -6.022651672363281 -10.15424919128418 0.2
3.592424154281616 -5.830951690673828 -10.215349197387695 0.2
3.676466226577759 -5.641349792480469 -10.195049285888672 0.2
3.682948112487793 -5.4992523193359375 -10.047149658203125 0.2
3.5169363021850586 -5.482051849365234 -9.9358491897583 0.2
3.337071180343628 -5.576450347900391 -9.974148750305176 0.2
3.2474632263183594 -5.727550506591797 -10.091349601745605 0.2
3.2783992290496826 -5.911949157714844 -10.185548782348633 0.2
3.3665781021118164 -6.099250793457031 -10.214149475097656 0.2
3.426107168197632 -6.269351959228516 -10.114349365234375 0.2
3.3188953399658203 -6.3406524658203125 -9.960549354553223 0.2
3.1249423027038574 -6.278450012207031 -9.938149452209473 0.2
2.9908206462860107 -6.145549774169922 -10.026248931884766 0.2
2.970982074737549 -5.963249206542969 -10.131949424743652 0.2
3.0410470962524414 -5.771549224853516 -10.176949501037598 0.2
3.1198532581329346 -5.588249206542969 -10.121048927307129 0.2
3.075232744216919 -5.4768524169921875 -9.957249641418457 0.2
2.886017322540283 -5.498149871826172 -9.889749526977539 0.2
2.727461338043213 -5.610851287841797 -9.961849212646484 0.2
2.6680171489715576 -5.777351379394531 -10.079849243164062 0.2
2.7261083126068115 -5.96295166015625 -10.15584945678711 0.2
2.818275213241577 -6.149349212646484 -10.155448913574219 0.2
2.838081121444702 -6.295749664306641 -10.012349128723145 0.2
2.689439296722412 -6.313251495361328 -9.878449440002441 0.2
2.5085761547088623 -6.21405029296875 -9.88434886932373 0.2
2.398766279220581 -6.0552520751953125 -9.973649024963379 0.2
2.4142391681671143 -5.865451812744141 -10.059248924255371 0.2
2.49398136138916 -5.675048828125 -10.089649200439453 0.2
2.5584001541137695 -5.5144500732421875 -9.97654914855957 0.2
2.4641482830047607 -5.471649169921875 -9.804248809814453 0.2
2.2822771072387695 -5.555751800537109 -9.75624942779541 0.2
2.149179220199585 -5.704551696777344 -9.82094955444336 0.2
2.134350299835205 -5.892848968505859 -9.9156494140625 0.2
2.2021660804748535 -6.082851409912109 -9.970149040222168 0.2
2.3008391857147217 -6.257049560546875 -9.912949562072754 0.2
2.279325246810913 -6.351951599121094 -9.736148834228516 0.2
2.100569248199463 -6.321552276611328 -9.64324951171875 0.2
1.9256302118301392 -6.2149505615234375 -9.68074893951416 0.2
1.8575001955032349 -6.05364990234375 -9.799149513244629 0.2
1.8974202871322632 -5.863750457763672 -9.879249572753906 0.2
1.9774901866912842 -5.670951843261719 -9.881949424743652 0.2
2.005880355834961 -5.512248992919922 -9.753249168395996 0.2
1.848580241203308 -5.463352203369141 -9.639348983764648 0.2
1.660670280456543 -5.53955078125 -9.676949501037598 0.2
1.563230276107788 -5.679752349853516 -9.798949241638184 0.2
1.5885802507400513 -5.862651824951172 -9.89954948425293 0.2
1.6832902431488037 -6.047649383544922 -9.9225492477417 0.2
1.7444102764129639 -6.224651336669922 -9.83544921875 0.2
1.6411802768707275 -6.323951721191406 -9.69334888458252 0.2
1.4411702156066895 -6.286552429199219 -9.686948776245117 0.2
1.3081902265548706 -6.163551330566406 -9.790148735046387 0.2
1.2839102745056152 -5.984951019287109 -9.901248931884766 0.2
1.3538802862167358 -5.792850494384766 -9.944748878479004 0.2
1.4286402463912964 -5.605548858642578 -9.896149635314941 0.2
1.3854901790618896 -5.484748840332031 -9.737149238586426 0.2
1.1984902620315552 -5.500949859619141 -9.663549423217773 0.2
1.0388802289962769 -5.6141510009765625 -9.731049537658691 0.2
0.9784202575683594 -5.7792510986328125 -9.850648880004883 0.2
1.0347802639007568 -5.965049743652344 -9.92764949798584 0.2
1.1285102367401123 -6.150951385498047 -9.931849479675293 0.2
1.1585602760314941 -6.304248809814453 -9.797248840332031 0.2
1.0144902467727661 -6.340251922607422 -9.66244888305664 0.2
0.8269002437591553 -6.255649566650391 -9.671049118041992 0.2
0.7119803428649902 -6.108650207519531 -9.770049095153809 0.2
0.7170202732086182 -5.919551849365234 -9.860249519348145 0.2
0.7925503253936768 -5.727550506591797 -9.89284896850586 0.2
0.8584601879119873 -5.554450988769531 -9.79944896697998 0.2
0.7730202674865723 -5.483249664306641 -9.63184928894043 0.2
0.5842301845550537 -5.547752380371094 -9.588249206542969 0.2
0.44082021713256836 -5.682949066162109 -9.661648750305176 0.2
0.4113802909851074 -5.863349914550781 -9.764948844909668 0.2
0.4836101531982422 -6.047351837158203 -9.833148956298828 0.2
0.5773301124572754 -6.228851318359375 -9.797749519348145 0.2
0.5656602382659912 -6.337650299072266 -9.626749038696289 0.2
0.4006502628326416 -6.306449890136719 -9.512248992919922 0.2
0.23031020164489746 -6.185951232910156 -9.523448944091797 0.2
0.14699029922485352 -6.009250640869141 -9.604249000549316 0.2
0.1804201602935791 -5.817951202392578 -9.68114948272705 0.2
0.2673301696777344 -5.628849029541016 -9.683849334716797 0.2
0.31353020668029785 -5.502849578857422 -9.5298490524292 0.2
0.1934502124786377 -5.516750335693359 -9.367448806762695 0.2
0.023180246353149414 -5.629051208496094 -9.326449394226074 0.2
-0.08415985107421875 -5.796852111816406 -9.39694881439209 0.2
-0.07316970825195312 -5.986751556396484 -9.486349105834961 0.2
0.007510185241699219 -6.174449920654297 -9.530649185180664 0.2
0.10485029220581055 -6.330249786376953 -9.436649322509766 0.2
0.0354001522064209 -6.387752532958984 -9.257349014282227 0.2
-0.15008974075317383 -6.330348968505859 -9.186248779296875 0.2
-0.3102898597717285 -6.2102508544921875 -9.236148834228516 0.2
-0.3516397476196289 -6.03485107421875 -9.34904956817627 0.2
-0.29922986030578613 -5.841651916503906 -9.410248756408691 0.2
-0.21812987327575684 -5.6524505615234375 -9.378849029541016 0.2
-0.2405998706817627 -5.517848968505859 -9.2281494140625 0.2
-0.42746973037719727 -5.5113525390625 -9.152149200439453 0.2
-0.5966796875 -5.609951019287109 -9.219348907470703 0.2
-0.6608197689056396 -5.765350341796875 -9.347249031066895 0.2
-0.6053698062896729 -5.951652526855469 -9.424749374389648 0.2
-0.5086996555328369 -6.136749267578125 -9.422348976135254 0.2
-0.47679972648620605 -6.302848815917969 -9.30164909362793 0.2
-0.6243698596954346 -6.377052307128906 -9.188749313354492 0.2
-0.8167297840118408 -6.320751190185547 -9.231449127197266 0.2
-0.924339771270752 -6.189750671386719 -9.356049537658691 0.2
-0.9188897609710693 -6.0050506591796875 -9.455549240112305 0.2
-0.8410696983337402 -5.812648773193359 -9.480849266052246 0.2
-0.7858598232269287 -5.629249572753906 -9.400849342346191 0.2
-0.8781497478485107 -5.533351898193359 -9.248249053955078 0.2
-1.0732598304748535 -5.581951141357422 -9.219049453735352 0.2
-1.2124099731445312 -5.710948944091797 -9.307148933410645 0.2
-1.240689754486084 -5.887451171875 -9.41874885559082 0.2
-1.1624197959899902 -6.071250915527344 -9.479549407958984 0.2
-1.068739891052246 -6.254451751708984 -9.450249671936035 0.2
-1.0814695358276367 -6.381351470947266 -9.291449546813965 0.2
-1.2542200088500977 -6.373649597167969 -9.186849594116211 0.2
-1.4314298629760742 -6.267650604248047 -9.213149070739746 0.2
-1.5243396759033203 -6.101951599121094 -9.305949211120605 0.2
-1.4922499656677246 -5.911449432373047 -9.383949279785156 0.2
-1.410369873046875 -5.719951629638672 -9.396149635314941 0.2
-1.3684296607971191 -5.575050354003906 -9.257749557495117 0.2
-1.4882497787475586 -5.569252014160156 -9.096149444580078 0.2
-1.6620798110961914 -5.676250457763672 -9.060149192810059 0.2
-1.7788195610046387 -5.841251373291016 -9.123549461364746 0.2
-1.7721896171569824 -6.030250549316406 -9.211548805236816 0.2
-1.6909699440002441 -6.215751647949219 -9.263548851013184 0.2
-1.591169834136963 -6.370750427246094 -9.173249244689941 0.2
-1.632929801940918 -6.411449432373047 -8.980749130249023 0.2
-1.7943496704101562 -6.3370513916015625 -8.875049591064453 0.2
-1.9524297714233398 -6.200450897216797 -8.893049240112305 0.2
-2.009089946746826 -6.019248962402344 -8.983649253845215 0.2
-1.9700098037719727 -5.8305511474609375 -9.065049171447754 0.2
-1.875739574432373 -5.6488494873046875 -9.036748886108398 0.2
-1.8689699172973633 -5.558250427246094 -8.856849670410156 0.2
-2.010389804840088 -5.607749938964844 -8.716449737548828 0.2
-2.169489860534668 -5.738250732421875 -8.695449829101562 0.2
-2.240569591522217 -5.922451019287109 -8.773550033569336 0.2
-2.197319984436035 -6.115348815917969 -8.843050003051758 0.2
-2.0934596061706543 -6.296150207519531 -8.845849990844727 0.2
-2.026549816131592 -6.426849365234375 -8.703048706054688 0.2
-2.155209541320801 -6.4602508544921875 -8.55204963684082 0.2
-2.352409839630127 -6.396751403808594 -8.543449401855469 0.2
-2.487649917602539 -6.27294921875 -8.642049789428711 0.2
-2.4971799850463867 -6.094348907470703 -8.75484848022461 0.2
-2.436239719390869 -5.900150299072266 -8.802249908447266 0.2
-2.371159553527832 -5.712150573730469 -8.738548278808594 0.2
-2.447509765625 -5.599449157714844 -8.590049743652344 0.2
-2.6444997787475586 -5.633350372314453 -8.555849075317383 0.2
-2.7883896827697754 -5.757049560546875 -8.641748428344727 0.2
-2.8178296089172363 -5.931049346923828 -8.758749008178711 0.2
-2.737299919128418 -6.115650177001953 -8.812549591064453 0.2
-2.6382198333740234 -6.296352386474609 -8.782449722290039 0.2
-2.6413497924804688 -6.4371490478515625 -8.633749008178711 0.2
-2.8181796073913574 -6.461551666259766 -8.541648864746094 0.2
-3.0006699562072754 -6.377250671386719 -8.591949462890625 0.2
-3.0961499214172363 -6.228649139404297 -8.70844841003418 0.2
-3.0712099075317383 -6.040248870849609 -8.793548583984375 0.2
-2.994049549102783 -5.846950531005859 -8.812448501586914 0.2
-2.9603796005249023 -5.680149078369141 -8.697549819946289 0.2
-3.087329864501953 -5.639549255371094 -8.547649383544922 0.2
-3.2705297470092773 -5.73175048828125 -8.528549194335938 0.2
-3.3894896507263184 -5.885749816894531 -8.609048843383789 0.2
-3.3856096267700195 -6.0740509033203125 -8.699949264526367 0.2
-3.296189785003662 -6.257450103759766 -8.745948791503906 0.2
-3.2027297019958496 -6.425350189208984 -8.672048568725586 0.2
-3.249769687652588 -6.504150390625 -8.492849349975586 0.2
-3.431269645690918 -6.459049224853516 -8.41054916381836 0.2
-3.5987396240234375 -6.341251373291016 -8.452848434448242 0.2
-3.668799877166748 -6.167652130126953 -8.548948287963867 0.2
-3.626269817352295 -5.979450225830078 -8.629449844360352 0.2
-3.5437097549438477 -5.790050506591797 -8.620248794555664 0.2
-3.5279698371887207 -5.673450469970703 -8.454549789428711 0.2
-3.6619796752929688 -5.705852508544922 -8.305749893188477 0.2
-3.8236098289489746 -5.8341522216796875 -8.280448913574219 0.2
-3.915099620819092 -6.015251159667969 -8.340648651123047 0.2
-3.8852195739746094 -6.203449249267578 -8.425949096679688 0.2
-3.7897396087646484 -6.385349273681641 -8.454549789428711 0.2
-3.6985998153686523 -6.5079498291015625 -8.318550109863281 0.2
-3.7662296295166016 -6.502651214599609 -8.128149032592773 0.2
-3.926689624786377 -6.404151916503906 -8.042848587036133 0.2
-4.067999839782715 -6.24945068359375 -8.074649810791016 0.2
-4.101519584655762 -6.065452575683594 -8.167749404907227 0.2
-4.052839756011963 -5.876350402832031 -8.240249633789062 0.2
-3.9494895935058594 -5.712348937988281 -8.169748306274414 0.2
-3.9645895957946777 -5.667751312255859 -7.974048614501953 0.2
-4.100319862365723 -5.749351501464844 -7.840349197387695 0.2
-4.242949962615967 -5.8988494873046875 -7.826448440551758 0.2
-4.28525972366333 -6.0906524658203125 -7.906148910522461 0.2
-4.230319976806641 -6.281650543212891 -7.970949172973633 0.2
-4.111769676208496 -6.452751159667969 -7.9483489990234375 0.2
-4.078979969024658 -6.562049865722656 -7.782749176025391 0.2
-4.236819744110107 -6.565250396728516 -7.656148910522461 0.2
-4.4283599853515625 -6.484851837158203 -7.665948867797852 0.2
-4.540689945220947 -6.341949462890625 -7.771848678588867 0.2
-4.531099796295166 -6.1551513671875 -7.866748809814453 0.2
-4.462189674377441 -5.960350036621094 -7.897348403930664 0.2
-4.410789966583252 -5.786449432373047 -7.797948837280273 0.2
-4.52701997756958 -5.72125244140625 -7.649049758911133 0.2
-4.71619987487793 -5.798252105712891 -7.6293487548828125 0.2
-4.841529846191406 -5.943851470947266 -7.713748931884766 0.2
-4.84766960144043 -6.129352569580078 -7.81144905090332 0.2
-4.7565999031066895 -6.3110504150390625 -7.860849380493164 0.2
-4.662859916687012 -6.484748840332031 -7.801849365234375 0.2
-4.70203971862793 -6.582851409912109 -7.629449844360352 0.2
-4.883209705352783 -6.5505523681640625 -7.542848587036133 0.2
-5.05364990234375 -6.435649871826172 -7.581850051879883 0.2
-5.131010055541992 -6.264152526855469 -7.675449371337891 0.2
-5.089969635009766 -6.077152252197266 -7.7590484619140625 0.2
-5.010479927062988 -5.8863525390625 -7.754749298095703 0.2
-4.992859840393066 -5.765552520751953 -7.591848373413086 0.2
-5.120429992675781 -5.797950744628906 -7.437849044799805 0.2
-5.277989387512207 -5.928749084472656 -7.407548904418945 0.2
-5.368390083312988 -6.110851287841797 -7.468050003051758 0.2
-5.340529441833496 -6.302150726318359 -7.547048568725586 0.2
-5.244150161743164 -6.483852386474609 -7.575948715209961 0.2
-5.1426801681518555 -6.610950469970703 -7.450849533081055 0.2
-5.208919525146484 -6.625251770019531 -7.26194953918457 0.2
-5.38385009765625 -6.545249938964844 -7.187950134277344 0.2
-5.541319847106934 -6.4125518798828125 -7.233049392700195 0.2
-5.588950157165527 -6.236652374267578 -7.335149765014648 0.2
-5.549389839172363 -6.0489501953125 -7.416948318481445 0.2
-5.461939811706543 -5.866851806640625 -7.371648788452148 0.2
-5.476319313049316 -5.787750244140625 -7.187849044799805 0.2
-5.620510101318359 -5.8594512939453125 -7.061948776245117 0.2
-5.767000198364258 -6.009449005126953 -7.053049087524414 0.2
-5.819540023803711 -6.202449798583984 -7.116449356079102 0.2
-5.765379905700684 -6.39105224609375 -7.187549591064453 0.2
-5.6461896896362305 -6.560050964355469 -7.17234992980957 0.2
-5.580709457397461 -6.645549774169922 -7.000949859619141 0.2
-5.694769859313965 -6.610950469970703 -6.836948394775391 0.2
-5.868800163269043 -6.503551483154297 -6.7962493896484375 0.2
-5.992839813232422 -6.343849182128906 -6.857049942016602 0.2
-6.008649826049805 -6.163749694824219 -6.960849761962891 0.2
-5.946589469909668 -5.973548889160156 -7.016948699951172 0.2
-5.853949546813965 -5.827251434326172 -6.908849716186523 0.2
-5.89540958404541 -5.825950622558594 -6.711248397827148 0.2
-6.0259599685668945 -5.938652038574219 -6.595548629760742 0.2
-6.144219398498535 -6.1134490966796875 -6.599748611450195 0.2
-6.159279823303223 -6.309848785400391 -6.670448303222656 0.2
-6.089300155639648 -6.497749328613281 -6.728448867797852 0.2
-5.953339576721191 -6.639652252197266 -6.667148590087891 0.2
-5.942019462585449 -6.679851531982422 -6.471248626708984 0.2
-6.087789535522461 -6.617950439453125 -6.339948654174805 0.2
-6.259559631347656 -6.50054931640625 -6.334348678588867 0.2
-6.352660179138184 -6.332649230957031 -6.422248840332031 0.2
-6.342229843139648 -6.148151397705078 -6.51984977722168 0.2
-6.260479927062988 -5.958850860595703 -6.537248611450195 0.2
-6.210359573364258 -5.833751678466797 -6.386449813842773 0.2
-6.317239761352539 -5.858348846435547 -6.215950012207031 0.2
-6.472439765930176 -5.985050201416016 -6.162649154663086 0.2
-6.572750091552734 -6.166950225830078 -6.206748962402344 0.2
-6.552359580993652 -6.359851837158203 -6.28394889831543 0.2
-6.457479476928711 -6.5415496826171875 -6.3186492919921875 0.2
-6.347370147705078 -6.668651580810547 -6.200349807739258 0.2
-6.401519775390625 -6.681850433349609 -6.007749557495117 0.2
-6.569809913635254 -6.596950531005859 -5.924049377441406 0.2
-6.7258100509643555 -6.455451965332031 -5.950948715209961 0.2
-6.775209426879883 -6.2763519287109375 -6.04534912109375 0.2
-6.741020202636719 -6.089649200439453 -6.131948471069336 0.2
-6.640669822692871 -5.914051055908203 -6.089849472045898 0.2
-6.621509552001953 -5.854450225830078 -5.8988494873046875 0.2
-6.731589317321777 -5.938652038574219 -5.747049331665039 0.2
-6.866559982299805 -6.095249176025391 -5.706449508666992 0.2
-6.9230194091796875 -6.290851593017578 -5.757349014282227 0.2
-6.888440132141113 -6.482151031494141 -5.83384895324707 0.2
-6.764120101928711 -6.648151397705078 -5.8345489501953125 0.2
-6.668879508972168 -6.718250274658203 -5.671148300170898 0.2
-6.747869491577148 -6.667949676513672 -5.490148544311523 0.2
-6.905779838562012 -6.552249908447266 -5.417549133300781 0.2
-7.031399726867676 -6.387550354003906 -5.458749771118164 0.2
-7.061699867248535 -6.206748962402344 -5.558750152587891 0.2
-7.0040998458862305 -6.017848968505859 -5.624349594116211 0.2
-6.890529632568359 -5.876350402832031 -5.53125 0.2
-6.903559684753418 -5.877552032470703 -5.329448699951172 0.2
-7.017399787902832 -5.990852355957031 -5.19744873046875 0.2
-7.134900093078613 -6.166648864746094 -5.181148529052734 0.2
-7.160599708557129 -6.363552093505859 -5.246149063110352 0.2
-7.103099822998047 -6.55255126953125 -5.3139495849609375 0.2
-6.9587297439575195 -6.692852020263672 -5.271148681640625 0.2
-6.91310977935791 -6.719051361083984 -5.077548980712891 0.2
-7.023799896240234 -6.6401519775390625 -4.922048568725586 0.2
-7.180500030517578 -6.505149841308594 -4.882450103759766 0.2
-7.273399353027344 -6.328449249267578 -4.947549819946289 0.2
-7.281000137329102 -6.144050598144531 -5.046649932861328 0.2
-7.189199447631836 -5.961250305175781 -5.076250076293945 0.2
-7.09589958190918 -5.862449645996094 -4.927448272705078 0.2
-7.14579963684082 -5.909648895263672 -4.734048843383789 0.2
-7.269100189208984 -6.043949127197266 -4.634849548339844 0.2
-7.365300178527832 -6.232952117919922 -4.65264892578125 0.2
-7.365699768066406 -6.428951263427734 -4.726249694824219 0.2
-7.279099464416504 -6.611351013183594 -4.776449203491211 0.2
-7.141200065612793 -6.727352142333984 -4.67974853515625 0.2
-7.156000137329102 -6.726749420166016 -4.478549957275391 0.2
-7.3000993728637695 -6.636852264404297 -4.360149383544922 0.2
-7.4552001953125 -6.492149353027344 -4.361949920654297 0.2
-7.517600059509277 -6.311248779296875 -4.447248458862305 0.2
-7.498199462890625 -6.123050689697266 -4.536149978637695 0.2
-7.390899658203125 -5.94635009765625 -4.515748977661133 0.2
-7.35159969329834 -5.87554931640625 -4.332149505615234 0.2
-7.455100059509277 -5.948951721191406 -4.169849395751953 0.2
-7.593400001525879 -6.099250793457031 -4.120248794555664 0.2
-7.658699989318848 -6.294849395751953 -4.166349411010742 0.2
-7.629799842834473 -6.488651275634766 -4.2402496337890625 0.2
-7.514499664306641 -6.661449432373047 -4.257349014282227 0.2
-7.4076995849609375 -6.752250671386719 -4.110849380493164 0.2
-7.479299545288086 -6.721752166748047 -3.922849655151367 0.2
-7.640199661254883 -6.616451263427734 -3.8410491943359375 0.2
-7.774700164794922 -6.45574951171875 -3.873249053955078 0.2
-7.809999465942383 -6.273349761962891 -3.9695491790771484 0.2
-7.766900062561035 -6.0823516845703125 -4.042749404907227 0.2
-7.654999732971191 -5.927452087402344 -3.968149185180664 0.2
-7.654799461364746 -5.913051605224609 -3.7666492462158203 0.2
-7.764499664306641 -6.0209503173828125 -3.6264495849609375 0.2
-7.882699966430664 -6.195652008056641 -3.5998497009277344 0.2
-7.910399436950684 -6.395549774169922 -3.656148910522461 0.2
-7.861100196838379 -6.586849212646484 -3.7265491485595703 0.2
-7.717999458312988 -6.734249114990234 -3.70574951171875 0.2
-7.643699645996094 -6.770549774169922 -3.522449493408203 0.2
-7.734099388122559 -6.700550079345703 -3.350248336791992 0.2
-7.889499664306641 -6.572551727294922 -3.288249969482422 0.2
-7.995100021362305 -6.397850036621094 -3.34014892578125 0.2
-8.019399642944336 -6.21405029296875 -3.438749313354492 0.2
-7.945599555969238 -6.0263519287109375 -3.4872493743896484 0.2
-7.833199501037598 -5.913951873779297 -3.3616485595703125 0.2
-7.856800079345703 -5.950649261474609 -3.161548614501953 0.2
-7.967800140380859 -6.082550048828125 -3.044248580932617 0.2
-8.060799598693848 -6.274051666259766 -3.038848876953125 0.2
-8.06559944152832 -6.473152160644531 -3.1045494079589844 0.2
-7.988999366760254 -6.657352447509766 -3.1657485961914062 0.2
-7.832399368286133 -6.7709503173828125 -3.097148895263672 0.2
-7.8000993728637695 -6.765048980712891 -2.897449493408203 0.2
-7.911699295043945 -6.6739501953125 -2.748149871826172 0.2
-8.061699867248535 -6.526451110839844 -2.715848922729492 0.2
-8.139299392700195 -6.345149993896484 -2.7872486114501953 0.2
-8.14330005645752 -6.157249450683594 -2.879749298095703 0.2
-8.032299995422363 -5.981250762939453 -2.8885498046875 0.2
-7.946800231933594 -5.913150787353516 -2.7196483612060547 0.2
-8.006999969482422 -5.985450744628906 -2.535449981689453 0.2
-8.125699996948242 -6.137752532958984 -2.4501495361328125 0.2
-8.190299987792969 -6.337551116943359 -2.4732494354248047 0.2
-8.176199913024902 -6.534450531005859 -2.5444488525390625 0.2
-8.065099716186523 -6.7066497802734375 -2.586149215698242 0.2
-7.922399520874023 -6.789649963378906 -2.4684486389160156 0.2
-7.941800117492676 -6.754352569580078 -2.267749786376953 0.2
-8.07409954071045 -6.648551940917969 -2.145050048828125 0.2
-8.210299491882324 -6.485149383544922 -2.1478500366210938 0.2
-8.261499404907227 -6.2989501953125 -2.2302494049072266 0.2
-8.23390007019043 -6.107051849365234 -2.310850143432617 0.2
-8.1072998046875 -5.949150085449219 -2.270750045776367 0.2
-8.075499534606934 -5.92034912109375 -2.0733489990234375 0.2
-8.175000190734863 -6.013751983642578 -1.9154491424560547 0.2
-8.293999671936035 -6.182151794433594 -1.8663482666015625 0.2
-8.327899932861328 -6.384449005126953 -1.9107494354248047 0.2
-8.295499801635742 -6.579151153564453 -1.9842491149902344 0.2
-8.163100242614746 -6.737949371337891 -2.002248764038086 0.2
-8.035399436950684 -6.793251037597656 -1.854349136352539 0.2
-8.052599906921387 -6.7447509765625 -1.6530494689941406 0.2
-8.174300193786621 -6.624149322509766 -1.5345497131347656 0.2
-8.285999298095703 -6.445350646972656 -1.5576496124267578 0.2
-8.310999870300293 -6.258152008056641 -1.6493492126464844 0.2
-8.23699951171875 -6.069850921630859 -1.7066497802734375 0.2
-8.12339973449707 -5.944850921630859 -1.5951499938964844 0.2
-8.155499458312988 -5.962451934814453 -1.3935489654541016 0.2
-8.278499603271484 -6.0798492431640625 -1.2720489501953125 0.2
-8.37279987335205 -6.268852233886719 -1.2625484466552734 0.2
-8.376399993896484 -6.4685516357421875 -1.327249526977539 0.2
-8.314099311828613 -6.656150817871094 -1.3968486785888672 0.2
-8.154399871826172 -6.7839508056640625 -1.364248275756836 0.2
-8.068499565124512 -6.7998504638671875 -1.17974853515625 0.2
-8.11870002746582 -6.728549957275391 -0.9909496307373047 0.2
-8.255800247192383 -6.585948944091797 -0.9208488464355469 0.2
-8.335599899291992 -6.400249481201172 -0.9800491333007812 0.2
-8.326799392700195 -6.209751129150391 -1.0682487487792969 0.2
-8.216300010681152 -6.028949737548828 -1.0766487121582031 0.2
-8.156599998474121 -5.940952301025391 -0.9064483642578125 0.2
-8.244799613952637 -5.986949920654297 -0.7240486145019531 0.2
-8.381799697875977 -6.122051239013672 -0.6399497985839844 0.2
-8.446000099182129 -6.318450927734375 -0.6733493804931641 0.2
-8.429800033569336 -6.512950897216797 -0.752349853515625 0.2
-8.333499908447266 -6.692852020263672 -0.7985496520996094 0.2
-8.178799629211426 -6.796550750732422 -0.7082500457763672 0.2
-8.109999656677246 -6.8072509765625 -0.5111484527587891 0.2
-8.175000190734863 -6.727748870849609 -0.3341484069824219 0.2
-8.311999320983887 -6.566051483154297 -0.32485008239746094 0.2
-8.35949993133545 -6.380149841308594 -0.41104888916015625 0.2
-8.319799423217773 -6.187351226806641 -0.4873485565185547 0.2
-8.204099655151367 -6.0209503173828125 -0.4355487823486328 0.2
-8.194099426269531 -5.97344970703125 -0.2366485595703125 0.2
-8.295700073242188 -6.038051605224609 -0.06564903259277344 0.2
-8.420899391174316 -6.198551177978516 -0.018148422241210938 0.2
-8.452899932861328 -6.396949768066406 -0.07874870300292969 0.2
-8.419499397277832 -6.59014892578125 -0.1557483673095703 0.2
-8.291299819946289 -6.754550933837891 -0.16054916381835938 0.2
-8.149799346923828 -6.829952239990234 -0.027448654174804688 0.2
-8.105999946594238 -6.820549011230469 0.17495155334472656 0.2
-8.218199729919434 -6.7066497802734375 0.300750732421875 0.2
-8.330599784851074 -6.529651641845703 0.26035118103027344 0.2
-8.348799705505371 -6.340351104736328 0.1708507537841797 0.2
-8.27549934387207 -6.148151397705078 0.12045097351074219 0.2
-8.173799514770508 -6.011051177978516 0.23235130310058594 0.2
-8.2076997756958 -6.002349853515625 0.4360504150390625 0.2
-8.332900047302246 -6.0935516357421875 0.5745506286621094 0.2
-8.442899703979492 -6.2720489501953125 0.5784511566162109 0.2
-8.449399948120117 -6.468452453613281 0.5042514801025391 0.2
-8.390799522399902 -6.65985107421875 0.44135093688964844 0.2
-8.245299339294434 -6.804450988769531 0.483551025390625 0.2
-8.131999969482422 -6.8634490966796875 0.6478500366210938 0.2
-8.14699935913086 -6.832450866699219 0.849151611328125 0.2
-8.288899421691895 -6.6954498291015625 0.9140510559082031 0.2
-8.36520004272461 -6.511051177978516 0.8469505310058594 0.2
-8.36240005493164 -6.3186492919921875 0.7623500823974609 0.2
-8.260899543762207 -6.131252288818359 0.7552509307861328 0.2
-8.182700157165527 -6.032249450683594 0.9147510528564453 0.2
-8.22819995880127 -6.051052093505859 1.1176509857177734 0.2
-8.354399681091309 -6.172649383544922 1.2281513214111328 0.2
-8.428199768066406 -6.365749359130859 1.19525146484375 0.2
-8.416600227355957 -6.560249328613281 1.1154499053955078 0.2
-8.325599670410156 -6.745052337646484 1.0747509002685547 0.2
-8.173799514770508 -6.861850738525391 1.158151626586914 0.2
-8.092199325561523 -6.896049499511719 1.34735107421875 0.2
-8.15999984741211 -6.8287506103515625 1.5263500213623047 0.2
-8.295499801635742 -6.667152404785156 1.5350513458251953 0.2
-8.342399597167969 -6.4779510498046875 1.455251693725586 0.2
-8.313699722290039 -6.282051086425781 1.382650375366211 0.2
-8.192999839782715 -6.113349914550781 1.4194507598876953 0.2
-8.137999534606934 -6.055450439453125 1.6099510192871094 0.2
-8.193499565124512 -6.102851867675781 1.805450439453125 0.2
-8.318399429321289 -6.256252288818359 1.8717498779296875 0.2
-8.362500190734863 -6.4537506103515625 1.8144512176513672 0.2
-8.333600044250488 -6.647552490234375 1.7371501922607422 0.2
-8.210299491882324 -6.817852020263672 1.7269515991210938 0.2
-8.078999519348145 -6.907352447509766 1.8608512878417969 0.2
-8.049399375915527 -6.9136505126953125 2.066751480102539 0.2
-8.166999816894531 -6.810249328613281 2.1983509063720703 0.2
-8.27549934387207 -6.6307525634765625 2.1683502197265625 0.2
-8.300000190734863 -6.439750671386719 2.0830516815185547 0.2
-8.239099502563477 -6.245052337646484 2.030050277709961 0.2
-8.110300064086914 -6.108249664306641 2.1165504455566406 0.2
-8.065099716186523 -6.083148956298828 2.3186511993408203 0.2
-8.134699821472168 -6.162750244140625 2.4947509765625 0.2
-8.245800018310547 -6.340351104736328 2.5185508728027344 0.2
-8.265999794006348 -6.536949157714844 2.44635009765625 0.2
-8.214099884033203 -6.729148864746094 2.378450393676758 0.2
-8.069099426269531 -6.877651214599609 2.411550521850586 0.2
-7.973599433898926 -6.9360504150390625 2.586050033569336 0.2
-7.998600006103516 -6.905750274658203 2.7885513305664062 0.2
-8.133699417114258 -6.7673492431640625 2.8663501739501953 0.2
-8.206600189208984 -6.578948974609375 2.807849884033203 0.2
-8.211199760437012 -6.3865509033203125 2.7221508026123047 0.2
-8.109700202941895 -6.201549530029297 2.6997509002685547 0.2
-7.989500045776367 -6.106250762939453 2.8363513946533203 0.2
-7.97029972076416 -6.118350982666016 3.0446510314941406 0.2
-8.066100120544434 -6.237049102783203 3.183450698852539 0.2
-8.150400161743164 -6.429248809814453 3.165250778198242 0.2
-8.154600143432617 -6.624851226806641 3.0858516693115234 0.2
-8.0693998336792 -6.811450958251953 3.034151077270508 0.2
-7.920499801635742 -6.930049896240234 3.1166515350341797 0.2
-7.857600212097168 -6.955348968505859 3.3151512145996094 0.2
-7.922399520874023 -6.8847503662109375 3.4974498748779297 0.2
-8.047399520874023 -6.717052459716797 3.523050308227539 0.2
-8.095399856567383 -6.526649475097656 3.4450511932373047 0.2
-8.07229995727539 -6.3323516845703125 3.3658504486083984 0.2
-7.938599586486816 -6.1712493896484375 3.385150909423828 0.2
-7.838600158691406 -6.120250701904297 3.5605506896972656 0.2
-7.8451995849609375 -6.16815185546875 3.7639503479003906 0.2
-7.954899787902832 -6.322349548339844 3.853351593017578 0.2
-8.012100219726562 -6.520149230957031 3.805950164794922 0.2
-8.000999450683594 -6.715751647949219 3.726551055908203 0.2
-7.8805999755859375 -6.887050628662109 3.6997509002685547 0.2
-7.742099761962891 -6.969348907470703 3.8300514221191406 0.2
-7.701999664306641 -6.963050842285156 4.035951614379883 0.2
-7.797699928283691 -6.851249694824219 4.1813507080078125 0.2
-7.899700164794922 -6.6665496826171875 4.165550231933594 0.2
-7.932700157165527 -6.4768524169921875 4.07805061340332 0.2
-7.872200012207031 -6.285652160644531 4.013151168823242 0.2
-7.722799301147461 -6.161151885986328 4.083650588989258 0.2
-7.641399383544922 -6.1468505859375 4.276651382446289 0.2
-7.679200172424316 -6.23065185546875 4.461650848388672 0.2
-7.783599853515625 -6.409351348876953 4.504951477050781 0.2
-7.821000099182129 -6.606651306152344 4.43895149230957 0.2
-7.785399436950684 -6.800849914550781 4.364450454711914 0.2
-7.635499954223633 -6.946651458740234 4.376951217651367 0.2
-7.514200210571289 -6.995052337646484 4.539350509643555 0.2
-7.503399848937988 -6.9555511474609375 4.74315071105957 0.2
-7.614699363708496 -6.8092498779296875 4.843351364135742 0.2
-7.692099571228027 -6.619251251220703 4.793951034545898 0.2
-7.70989990234375 -6.4284515380859375 4.70465087890625 0.2
-7.604800224304199 -6.249149322509766 4.663450241088867 0.2
-7.455699920654297 -6.165050506591797 4.778751373291016 0.2
-7.392899513244629 -6.181751251220703 4.979150772094727 0.2
-7.45829963684082 -6.301349639892578 5.135351181030273 0.2
-7.544499397277832 -6.493949890136719 5.135751724243164 0.2
-7.570499420166016 -6.6905517578125 5.060649871826172 0.2
-7.498499870300293 -6.878650665283203 4.9947509765625 0.2
-7.334099769592285 -6.992549896240234 5.050651550292969 0.2
-7.229000091552734 -7.0108489990234375 5.232749938964844 0.2
-7.247900009155273 -6.934551239013672 5.424551010131836 0.2
-7.3578996658325195 -6.761951446533203 5.474851608276367 0.2
-7.420899391174316 -6.571949005126953 5.404050827026367 0.2
-7.413599967956543 -6.3789520263671875 5.317150115966797 0.2
-7.272099494934082 -6.223949432373047 5.3063507080078125 0.2
-7.130399703979492 -6.178150177001953 5.454050064086914 0.2
-7.085000038146973 -6.224151611328125 5.654050827026367 0.2
-7.1691999435424805 -6.376251220703125 5.771450042724609 0.2
-7.238999366760254 -6.574249267578125 5.74114990234375 0.2
-7.251899719238281 -6.771549224853516 5.663450241088867 0.2
-7.142499923706055 -6.944950103759766 5.612751007080078 0.2
-6.9773101806640625 -7.024650573730469 5.711750030517578 0.2
-6.888239860534668 -7.016651153564453 5.903350830078125 0.2
-6.940299987792969 -6.9042510986328125 6.069950103759766 0.2
-7.040399551391602 -6.717449188232422 6.077850341796875 0.2
-7.092800140380859 -6.528350830078125 5.995750427246094 0.2
-7.0503997802734375 -6.338050842285156 5.914451599121094 0.2
-6.885680198669434 -6.215049743652344 5.945051193237305 0.2
-6.757289886474609 -6.198051452636719 6.112051010131836 0.2
-6.747409820556641 -6.280250549316406 6.314550399780273 0.2
-6.844590187072754 -6.469249725341797 6.382051467895508 0.2
-6.89816951751709 -6.678150177001953 6.319150924682617 0.2
-6.86337947845459 -6.8836517333984375 6.238651275634766 0.2
-6.691149711608887 -7.0180511474609375 6.257450103759766 0.2
-6.550779342651367 -7.042949676513672 6.429050445556641 0.2
-6.540749549865723 -6.96514892578125 6.633150100708008 0.2
-6.646279335021973 -6.779651641845703 6.6972503662109375 0.2
-6.71481990814209 -6.579250335693359 6.6217498779296875 0.2
-6.69866943359375 -6.376552581787109 6.529050827026367 0.2
-6.531319618225098 -6.234550476074219 6.533349990844727 0.2
-6.382880210876465 -6.2102508544921875 6.698051452636719 0.2
