24.387300491333008 -2.092052459716797 -4.412149429321289 0.2
24.56439971923828 -2.177349090576172 -4.43604850769043 0.2
24.657499313354492 -2.3306503295898438 -4.342350006103516 0.2
24.670101165771484 -2.505950927734375 -4.244749069213867 0.2
24.637100219726562 -2.6977500915527344 -4.191049575805664 0.2
24.57469940185547 -2.8718490600585938 -4.27094841003418 0.2
24.600900650024414 -2.953449249267578 -4.450550079345703 0.2
24.714500427246094 -2.9162521362304688 -4.607149124145508 0.2
24.818500518798828 -2.7459487915039062 -4.632450103759766 0.2
24.79800033569336 -2.5486488342285156 -4.597349166870117 0.2
24.72279930114746 -2.364452362060547 -4.5668487548828125 0.2
24.593599319458008 -2.210651397705078 -4.602449417114258 0.2
24.49679946899414 -2.1430511474609375 -4.763050079345703 0.2
24.53820037841797 -2.1477508544921875 -4.959049224853516 0.2
24.702301025390625 -2.2185516357421875 -5.058849334716797 0.2
24.83690071105957 -2.3682518005371094 -4.990148544311523 0.2
24.870500564575195 -2.550151824951172 -4.884649276733398 0.2
24.85379981994629 -2.7475509643554688 -4.805948257446289 0.2
24.775300979614258 -2.938152313232422 -4.858949661254883 0.2
24.77549934387207 -3.027252197265625 -5.049848556518555 0.2
24.873600006103516 -2.984149932861328 -5.229249954223633 0.2
24.96809959411621 -2.7975502014160156 -5.2655487060546875 0.2
24.942501068115234 -2.588550567626953 -5.23084831237793 0.2
24.86530113220215 -2.3922500610351562 -5.199249267578125 0.2
24.715200424194336 -2.2464523315429688 -5.244749069213867 0.2
24.621601104736328 -2.2096519470214844 -5.42864990234375 0.2
24.676799774169922 -2.2473487854003906 -5.628749847412109 0.2
24.848400115966797 -2.3560523986816406 -5.683649063110352 0.2
24.95039939880371 -2.5240516662597656 -5.59954833984375 0.2
24.985300064086914 -2.7061500549316406 -5.494449615478516 0.2
24.948699951171875 -2.9077491760253906 -5.433649063110352 0.2
24.863100051879883 -3.0722503662109375 -5.5323486328125 0.2
24.86520004272461 -3.1235504150390625 -5.737449645996094 0.2
24.96109962463379 -3.024951934814453 -5.893449783325195 0.2
25.010799407958984 -2.8167495727539062 -5.907049179077148 0.2
24.96969985961914 -2.6110496520996094 -5.870048522949219 0.2
24.876501083374023 -2.420551300048828 -5.846248626708984 0.2
24.708600997924805 -2.313251495361328 -5.922048568725586 0.2
24.63680076599121 -2.3151512145996094 -6.119449615478516 0.2
24.72010040283203 -2.384052276611328 -6.297548294067383 0.2
24.883501052856445 -2.5214500427246094 -6.309049606323242 0.2
24.963600158691406 -2.6962509155273438 -6.217048645019531 0.2
24.999000549316406 -2.8806495666503906 -6.11614990234375 0.2
24.9325008392334 -3.081249237060547 -6.076448440551758 0.2
24.84079933166504 -3.2156524658203125 -6.207649230957031 0.2
24.84160041809082 -3.2315521240234375 -6.417848587036133 0.2
24.92609977722168 -3.0891494750976562 -6.548549652099609 0.2
24.94029998779297 -2.8759498596191406 -6.546148300170898 0.2
24.89750099182129 -2.6701507568359375 -6.508749008178711 0.2
24.781600952148438 -2.49005126953125 -6.488548278808594 0.2
24.606700897216797 -2.419952392578125 -6.58344841003418 0.2
24.545700073242188 -2.4532508850097656 -6.784149169921875 0.2
24.645000457763672 -2.5526504516601562 -6.939449310302734 0.2
24.788400650024414 -2.7108497619628906 -6.921148300170898 0.2
24.864200592041016 -2.8875503540039062 -6.826648712158203 0.2
24.892000198364258 -3.0759506225585938 -6.727548599243164 0.2
24.79669952392578 -3.265949249267578 -6.703248977661133 0.2
24.69460105895996 -3.372650146484375 -6.8551483154296875 0.2
24.68950080871582 -3.3563499450683594 -7.065448760986328 0.2
24.757801055908203 -3.1832504272460938 -7.170749664306641 0.2
24.757600784301758 -2.9688491821289062 -7.158849716186523 0.2
24.717500686645508 -2.761150360107422 -7.123449325561523 0.2
24.580699920654297 -2.59625244140625 -7.104549407958984 0.2
24.40530014038086 -2.5611495971679688 -7.215448379516602 0.2
24.34939956665039 -2.620349884033203 -7.411949157714844 0.2
24.46190071105957 -2.7467498779296875 -7.538349151611328 0.2
24.587600708007812 -2.9172515869140625 -7.500349044799805 0.2
24.664899826049805 -3.0938491821289062 -7.407449722290039 0.2
24.676799774169922 -3.2838516235351562 -7.308448791503906 0.2
24.55430030822754 -3.4568519592285156 -7.302949905395508 0.2
24.442100524902344 -3.5385513305664062 -7.463249206542969 0.2
24.438600540161133 -3.4878501892089844 -7.666149139404297 0.2
24.489700317382812 -3.2964515686035156 -7.750749588012695 0.2
24.484899520874023 -3.083251953125 -7.735048294067383 0.2
24.443201065063477 -2.8759498596191406 -7.701549530029297 0.2
24.284299850463867 -2.7316513061523438 -7.683248519897461 0.2
24.108800888061523 -2.726451873779297 -7.798349380493164 0.2
24.060400009155273 -2.8097496032714844 -7.98594856262207 0.2
24.17690086364746 -2.9584503173828125 -8.085548400878906 0.2
24.28860092163086 -3.1342506408691406 -8.034049987792969 0.2
24.36720085144043 -3.311351776123047 -7.943149566650391 0.2
24.356399536132812 -3.5004501342773438 -7.839448928833008 0.2
24.211999893188477 -3.6532516479492188 -7.849449157714844 0.2
24.091899871826172 -3.711650848388672 -8.015348434448242 0.2
24.08810043334961 -3.628551483154297 -8.209049224853516 0.2
24.122699737548828 -3.4258499145507812 -8.271549224853516 0.2
24.119800567626953 -3.2118492126464844 -8.255748748779297 0.2
24.06960105895996 -3.0057525634765625 -8.217948913574219 0.2
23.893301010131836 -2.886249542236328 -8.198450088500977 0.2
23.718000411987305 -2.9094505310058594 -8.316949844360352 0.2
23.678300857543945 -3.0178489685058594 -8.494150161743164 0.2
23.795499801635742 -3.184551239013672 -8.56304931640625 0.2
23.902700424194336 -3.361652374267578 -8.50374984741211 0.2
23.9822998046875 -3.5402488708496094 -8.413749694824219 0.2
23.94659996032715 -3.7222518920898438 -8.304248809814453 0.2
23.781299591064453 -3.8512496948242188 -8.32914924621582 0.2
23.65049934387207 -3.8852500915527344 -8.493949890136719 0.2
23.6466007232666 -3.7686500549316406 -8.67184829711914 0.2
23.670700073242188 -3.5594520568847656 -8.718149185180664 0.2
23.672700881958008 -3.3451499938964844 -8.70724868774414 0.2
23.610000610351562 -3.1446495056152344 -8.661149978637695 0.2
23.41819953918457 -3.0568504333496094 -8.641149520874023 0.2
23.24220085144043 -3.104351043701172 -8.751449584960938 0.2
23.21809959411621 -3.237049102783203 -8.91254997253418 0.2
23.331899642944336 -3.415851593017578 -8.955249786376953 0.2
23.437999725341797 -3.5918502807617188 -8.89474868774414 0.2
23.51300048828125 -3.7710494995117188 -8.80324935913086 0.2
23.44610023498535 -3.941051483154297 -8.690248489379883 0.2
23.266300201416016 -4.045249938964844 -8.72454833984375 0.2
23.135299682617188 -4.051448822021484 -8.889549255371094 0.2
23.13210105895996 -3.907550811767578 -9.048748970031738 0.2
23.14940071105957 -3.6959495544433594 -9.081249237060547 0.2
23.151199340820312 -3.4818496704101562 -9.071949005126953 0.2
23.069700241088867 -3.291351318359375 -9.010048866271973 0.2
22.867900848388672 -3.234649658203125 -8.993449211120605 0.2
22.69849967956543 -3.30364990234375 -9.102949142456055 0.2
22.694400787353516 -3.4563522338867188 -9.249448776245117 0.2
22.806499481201172 -3.639251708984375 -9.266849517822266 0.2
22.914499282836914 -3.8149490356445312 -9.207149505615234 0.2
22.979900360107422 -3.9939498901367188 -9.106149673461914 0.2
22.88520050048828 -4.149150848388672 -8.995049476623535 0.2
22.694000244140625 -4.231349945068359 -9.041349411010742 0.2
22.56529998779297 -4.209049224853516 -9.207649230957031 0.2
22.564599990844727 -4.0415496826171875 -9.342948913574219 0.2
22.581300735473633 -3.8281517028808594 -9.367849349975586 0.2
22.580900192260742 -3.6130523681640625 -9.355548858642578 0.2
22.48240089416504 -3.4383506774902344 -9.27704906463623 0.2
22.2726993560791 -3.413349151611328 -9.26504898071289 0.2
22.11009979248047 -3.5032501220703125 -9.369648933410645 0.2
22.127500534057617 -3.6736488342285156 -9.496949195861816 0.2
22.239999771118164 -3.8575515747070312 -9.498249053955078 0.2
22.351200103759766 -4.033351898193359 -9.444449424743652 0.2
22.402400970458984 -4.208950042724609 -9.331549644470215 0.2
22.277999877929688 -4.343452453613281 -9.226749420166016 0.2
22.07830047607422 -4.401149749755859 -9.274449348449707 0.2
21.958499908447266 -4.344051361083984 -9.437849044799805 0.2
21.95669937133789 -4.159149169921875 -9.549649238586426 0.2
21.975099563598633 -3.946949005126953 -9.572649002075195 0.2
21.9689998626709 -3.7334518432617188 -9.551249504089355 0.2
21.84670066833496 -3.586151123046875 -9.456149101257324 0.2
21.635900497436523 -3.593151092529297 -9.44594955444336 0.2
21.492401123046875 -3.708751678466797 -9.547049522399902 0.2
21.53030014038086 -3.8948516845703125 -9.648149490356445 0.2
21.642601013183594 -4.0769500732421875 -9.635048866271973 0.2
21.752099990844727 -4.252651214599609 -9.58074951171875 0.2
21.779699325561523 -4.416950225830078 -9.444048881530762 0.2
21.62820053100586 -4.523250579833984 -9.34584903717041 0.2
21.424400329589844 -4.5545501708984375 -9.397149085998535 0.2
21.317100524902344 -4.464851379394531 -9.556549072265625 0.2
21.319299697875977 -4.270050048828125 -9.64694881439209 0.2
21.340200424194336 -4.058650970458984 -9.673949241638184 0.2
21.326601028442383 -3.84735107421875 -9.634248733520508 0.2
21.186599731445312 -3.730548858642578 -9.527548789978027 0.2
20.976699829101562 -3.7652511596679688 -9.515748977661133 0.2
20.852699279785156 -3.9071502685546875 -9.609748840332031 0.2
20.90920066833496 -4.1018524169921875 -9.681249618530273 0.2
21.024200439453125 -4.282352447509766 -9.662849426269531 0.2
21.13140106201172 -4.457149505615234 -9.598349571228027 0.2
21.134201049804688 -4.601551055908203 -9.440749168395996 0.2
20.958900451660156 -4.680149078369141 -9.352349281311035 0.2
20.7544002532959 -4.685249328613281 -9.408549308776855 0.2
20.66510009765625 -4.5657501220703125 -9.561649322509766 0.2
20.673099517822266 -4.366249084472656 -9.640949249267578 0.2
20.694400787353516 -4.1551513671875 -9.672449111938477 0.2
20.672300338745117 -3.9513511657714844 -9.609549522399902 0.2
20.515501022338867 -3.869152069091797 -9.496849060058594 0.2
20.311399459838867 -3.9267501831054688 -9.479948997497559 0.2
20.215499877929688 -4.092449188232422 -9.567949295043945 0.2
20.285900115966797 -4.289852142333984 -9.616349220275879 0.2
20.402299880981445 -4.468151092529297 -9.59804916381836 0.2
20.504301071166992 -4.637550354003906 -9.516448974609375 0.2
20.475900650024414 -4.757549285888672 -9.344948768615723 0.2
20.288000106811523 -4.810352325439453 -9.264348983764648 0.2
20.091400146484375 -4.787651062011719 -9.332149505615234 0.2
20.01729965209961 -4.645450592041016 -9.475049018859863 0.2
20.029600143432617 -4.44525146484375 -9.548048973083496 0.2
20.049400329589844 -4.234748840332031 -9.576449394226074 0.2
20.015399932861328 -4.044952392578125 -9.483649253845215 0.2
19.850000381469727 -3.995250701904297 -9.366349220275879 0.2
19.656600952148438 -4.076850891113281 -9.347148895263672 0.2
19.58930015563965 -4.262149810791016 -9.425549507141113 0.2
19.672100067138672 -4.456748962402344 -9.45514965057373 0.2
19.7898006439209 -4.6336517333984375 -9.43764877319336 0.2
19.88640022277832 -4.791351318359375 -9.329049110412598 0.2
19.82870101928711 -4.883152008056641 -9.150548934936523 0.2
19.631999969482422 -4.909751892089844 -9.075949668884277 0.2
19.444700241088867 -4.855949401855469 -9.153348922729492 0.2
19.388099670410156 -4.693752288818359 -9.280549049377441 0.2
19.403400421142578 -4.494350433349609 -9.355249404907227 0.2
19.4242000579834 -4.2821502685546875 -9.369049072265625 0.2
19.380701065063477 -4.115550994873047 -9.246349334716797 0.2
19.211400985717773 -4.098850250244141 -9.121048927307129 0.2
19.033700942993164 -4.208049774169922 -9.095349311828613 0.2
19.000200271606445 -4.408851623535156 -9.159749031066895 0.2
19.093599319458008 -4.599750518798828 -9.181649208068848 0.2
19.212499618530273 -4.776050567626953 -9.161648750305176 0.2
19.302200317382812 -4.911449432373047 -9.02394962310791 0.2
19.215200424194336 -4.9696502685546875 -8.843448638916016 0.2
19.016599655151367 -4.9676513671875 -8.770648956298828 0.2
18.845699310302734 -4.8802490234375 -8.858848571777344 0.2
18.804698944091797 -4.705650329589844 -8.974549293518066 0.2
18.81909942626953 -4.508251190185547 -9.05324935913086 0.2
18.84360122680664 -4.297550201416016 -9.04004955291748 0.2
18.78580093383789 -4.165950775146484 -8.889249801635742 0.2
18.622501373291016 -4.179149627685547 -8.755849838256836 0.2
18.471099853515625 -4.320549011230469 -8.73444938659668 0.2
18.469799041748047 -4.5285491943359375 -8.784549713134766 0.2
18.569400787353516 -4.714851379394531 -8.80634880065918 0.2
18.692001342773438 -4.884552001953125 -8.771749496459961 0.2
18.763999938964844 -4.987049102783203 -8.602449417114258 0.2
18.655500411987305 -5.011051177978516 -8.425849914550781 0.2
18.45800018310547 -4.977851867675781 -8.368549346923828 0.2
18.30970001220703 -4.859149932861328 -8.464649200439453 0.2
18.283599853515625 -4.6784515380859375 -8.572649002075195 0.2
18.298599243164062 -4.480449676513672 -8.646848678588867 0.2
18.330501556396484 -4.2781524658203125 -8.590349197387695 0.2
18.262401580810547 -4.1871490478515625 -8.417348861694336 0.2
18.110401153564453 -4.231151580810547 -8.279348373413086 0.2
17.99180030822754 -4.403751373291016 -8.267049789428711 0.2
18.022899627685547 -4.609249114990234 -8.308549880981445 0.2
18.124000549316406 -4.793849945068359 -8.333250045776367 0.2
18.25749969482422 -4.947151184082031 -8.270549774169922 0.2
18.30419921875 -5.010951995849609 -8.078948974609375 0.2
18.182100296020508 -5.002052307128906 -7.907848358154297 0.2
17.987899780273438 -4.935749053955078 -7.87244987487793 0.2
17.869701385498047 -4.791149139404297 -7.97344970703125 0.2
17.85099983215332 -4.609748840332031 -8.081748962402344 0.2
17.876399993896484 -4.406951904296875 -8.137849807739258 0.2
17.912500381469727 -4.226951599121094 -8.036949157714844 0.2
17.835800170898438 -4.178550720214844 -7.848148345947266 0.2
17.697101593017578 -4.260051727294922 -7.715049743652344 0.2
17.619400024414062 -4.4573516845703125 -7.716249465942383 0.2
17.672698974609375 -4.6582489013671875 -7.75724983215332 0.2
17.77880096435547 -4.840549468994141 -7.776948928833008 0.2
17.923200607299805 -4.963352203369141 -7.6842498779296875 0.2
17.940200805664062 -4.985050201416016 -7.479648590087891 0.2
17.811901092529297 -4.9454498291015625 -7.318149566650391 0.2
17.625301361083984 -4.849651336669922 -7.31304931640625 0.2
17.530500411987305 -4.691551208496094 -7.417449951171875 0.2
17.511899948120117 -4.511150360107422 -7.526248931884766 0.2
17.555999755859375 -4.307151794433594 -7.5556488037109375 0.2
17.5885009765625 -4.16094970703125 -7.414148330688477 0.2
17.516799926757812 -4.147850036621094 -7.217649459838867 0.2
17.396400451660156 -4.268951416015625 -7.100849151611328 0.2
17.35689926147461 -4.477649688720703 -7.109748840332031 0.2
17.421001434326172 -4.673549652099609 -7.154449462890625 0.2
17.543201446533203 -4.844852447509766 -7.160749435424805 0.2
17.688600540161133 -4.924350738525391 -7.034648895263672 0.2
17.68440055847168 -4.907051086425781 -6.828248977661133 0.2
17.548999786376953 -4.839752197265625 -6.6871490478515625 0.2
17.375301361083984 -4.719951629638672 -6.709449768066406 0.2
17.297698974609375 -4.558349609375 -6.81974983215332 0.2
17.28350067138672 -4.3753509521484375 -6.922748565673828 0.2
17.352399826049805 -4.177051544189453 -6.910549163818359 0.2
17.375301361083984 -4.075252532958984 -6.734348297119141 0.2
17.306499481201172 -4.1058502197265625 -6.539848327636719 0.2
17.2096004486084 -4.267848968505859 -6.449548721313477 0.2
17.20880126953125 -4.4772491455078125 -6.470149993896484 0.2
17.279499053955078 -4.670051574707031 -6.51624870300293 0.2
17.43000030517578 -4.817249298095703 -6.505849838256836 0.2
17.563701629638672 -4.848152160644531 -6.3540496826171875 0.2
17.536300659179688 -4.794349670410156 -6.154348373413086 0.2
17.38880157470703 -4.700550079345703 -6.042449951171875 0.2
17.234600067138672 -4.563251495361328 -6.088048934936523 0.2
17.16320037841797 -4.401451110839844 -6.2021484375 0.2
17.170499801635742 -4.211250305175781 -6.291648864746094 0.2
17.257801055908203 -4.032749176025391 -6.23484992980957 0.2
17.273099899291992 -3.9780502319335938 -6.035648345947266 0.2
17.210800170898438 -4.050651550292969 -5.850849151611328 0.2
17.14189910888672 -4.240650177001953 -5.789449691772461 0.2
17.161399841308594 -4.446651458740234 -5.825948715209961 0.2
17.24570083618164 -4.6336517333984375 -5.872348785400391 0.2
17.421199798583984 -4.741050720214844 -5.839550018310547 0.2
17.527299880981445 -4.723651885986328 -5.665349960327148 0.2
17.48859977722168 -4.641551971435547 -5.477348327636719 0.2
17.331501007080078 -4.524848937988281 -5.401350021362305 0.2
17.197200775146484 -4.377849578857422 -5.469049453735352 0.2
17.131500244140625 -4.214649200439453 -5.58384895324707 0.2
17.17650032043457 -4.021549224853516 -5.649848937988281 0.2
17.270401000976562 -3.885051727294922 -5.533849716186523 0.2
17.277599334716797 -3.89105224609375 -5.326349258422852 0.2
17.2185001373291 -4.016448974609375 -5.171049118041992 0.2
17.18239974975586 -4.221950531005859 -5.139749526977539 0.2
17.214099884033203 -4.423549652099609 -5.188848495483398 0.2
17.324800491333008 -4.593650817871094 -5.235849380493164 0.2
17.512401580810547 -4.648551940917969 -5.175849914550781 0.2
17.578800201416016 -4.587249755859375 -4.992349624633789 0.2
17.5 -4.482952117919922 -4.831548690795898 0.2
17.339900970458984 -4.351749420166016 -4.78704833984375 0.2
17.21929931640625 -4.199550628662109 -4.8652496337890625 0.2
17.168800354003906 -4.029048919677734 -4.974948883056641 0.2
17.254199981689453 -3.8441505432128906 -5.013648986816406 0.2
17.358400344848633 -3.750049591064453 -4.867948532104492 0.2
17.375 -3.7887496948242188 -4.6647491455078125 0.2
17.327098846435547 -3.940349578857422 -4.52764892578125 0.2
17.303298950195312 -4.1477508544921875 -4.522348403930664 0.2
17.332799911499023 -4.346351623535156 -4.581449508666992 0.2
17.478199005126953 -4.489349365234375 -4.6228485107421875 0.2
17.658100128173828 -4.493049621582031 -4.530849456787109 0.2
17.703100204467773 -4.396549224853516 -4.353349685668945 0.2
17.615798950195312 -4.267051696777344 -4.215349197387695 0.2
17.468299865722656 -4.118251800537109 -4.207149505615234 0.2
17.35650062561035 -3.966350555419922 -4.297548294067383 0.2
17.35179901123047 -3.788951873779297 -4.406949996948242 0.2
17.484600067138672 -3.636749267578125 -4.395149230957031 0.2
17.58810043334961 -3.6114501953125 -4.220149993896484 0.2
17.603300094604492 -3.700550079345703 -4.032649993896484 0.2
17.56529998779297 -3.884449005126953 -3.936748504638672 0.2
17.55030059814453 -4.091449737548828 -3.959249496459961 0.2
17.601900100708008 -4.281650543212891 -4.027750015258789 0.2
17.780500411987305 -4.375850677490234 -4.060150146484375 0.2
17.929901123046875 -4.3251495361328125 -3.9346485137939453 0.2
17.929500579833984 -4.206352233886719 -3.764148712158203 0.2
17.813600540161133 -4.067649841308594 -3.656848907470703 0.2
17.67380142211914 -3.913249969482422 -3.676349639892578 0.2
17.57870101928711 -3.7533493041992188 -3.771848678588867 0.2
17.61669921875 -3.5793495178222656 -3.87554931640625 0.2
17.769100189208984 -3.460052490234375 -3.8214492797851562 0.2
17.864299774169922 -3.4686508178710938 -3.6385498046875 0.2
17.867198944091797 -3.5797500610351562 -3.4625492095947266 0.2
17.82229995727539 -3.7719497680664062 -3.3912487030029297 0.2
17.79759979248047 -3.975849151611328 -3.4299488067626953 0.2
17.870500564575195 -4.155052185058594 -3.5019493103027344 0.2
18.064300537109375 -4.212451934814453 -3.4973487854003906 0.2
18.187000274658203 -4.130550384521484 -3.356548309326172 0.2
18.172698974609375 -3.9955520629882812 -3.2001495361328125 0.2
18.05660057067871 -3.8364524841308594 -3.1245498657226562 0.2
17.927900314331055 -3.6802520751953125 -3.1746482849121094 0.2
17.866100311279297 -3.5162506103515625 -3.285348892211914 0.2
17.971900939941406 -3.3607521057128906 -3.3641490936279297 0.2
18.135601043701172 -3.3008499145507812 -3.2627487182617188 0.2
18.210498809814453 -3.358348846435547 -3.0788497924804688 0.2
18.194700241088867 -3.5044517517089844 -2.9288482666015625 0.2
18.152400970458984 -3.7060508728027344 -2.8975486755371094 0.2
18.145299911499023 -3.9079513549804688 -2.948148727416992 0.2
18.26259994506836 -4.057151794433594 -3.0298500061035156 0.2
18.457799911499023 -4.068752288818359 -2.987649917602539 0.2
18.535301208496094 -3.9688491821289062 -2.8263492584228516 0.2
18.480998992919922 -3.8334503173828125 -2.6777496337890625 0.2
18.350799560546875 -3.674449920654297 -2.6335487365722656 0.2
18.233699798583984 -3.514751434326172 -2.698549270629883 0.2
18.204601287841797 -3.346752166748047 -2.8163490295410156 0.2
18.338600158691406 -3.2036514282226562 -2.8659496307373047 0.2
18.487899780273438 -3.170452117919922 -2.733348846435547 0.2
18.5398006439209 -3.2438507080078125 -2.5461483001708984 0.2
18.508201599121094 -3.4023513793945312 -2.411649703979492 0.2
18.453100204467773 -3.6021499633789062 -2.4018497467041016 0.2
18.452600479125977 -3.8009490966796875 -2.461648941040039 0.2
18.601699829101562 -3.925151824951172 -2.5237483978271484 0.2
18.787099838256836 -3.8899497985839844 -2.4535484313964844 0.2
18.85890007019043 -3.759552001953125 -2.3096485137939453 0.2
18.810100555419922 -3.592449188232422 -2.191648483276367 0.2
18.68560028076172 -3.4272499084472656 -2.189748764038086 0.2
18.579898834228516 -3.269550323486328 -2.274749755859375 0.2
18.621601104736328 -3.118549346923828 -2.4057483673095703 0.2
18.808700561523438 -3.0462493896484375 -2.409648895263672 0.2
18.960498809814453 -3.0821495056152344 -2.274749755859375 0.2
19.01460075378418 -3.2021522521972656 -2.1128482818603516 0.2
18.987199783325195 -3.3918495178222656 -2.0302486419677734 0.2
18.945899963378906 -3.5954513549804688 -2.044649124145508 0.2
18.990400314331055 -3.7681503295898438 -2.1469497680664062 0.2
19.175800323486328 -3.810749053955078 -2.209949493408203 0.2
19.334300994873047 -3.7204513549804688 -2.1187496185302734 0.2
19.370100021362305 -3.580951690673828 -1.9707489013671875 0.2
19.285900115966797 -3.4152488708496094 -1.8714485168457031 0.2
19.15690040588379 -3.252349853515625 -1.8840484619140625 0.2
19.070499420166016 -3.0910491943359375 -1.9804496765136719 0.2
19.151500701904297 -2.949451446533203 -2.1015491485595703 0.2
19.341100692749023 -2.893749237060547 -2.0633487701416016 0.2
19.465999603271484 -2.942951202392578 -1.9069499969482422 0.2
19.495201110839844 -3.0750503540039062 -1.7460498809814453 0.2
19.444900512695312 -3.2663497924804688 -1.6844501495361328 0.2
19.400699615478516 -3.466949462890625 -1.7137489318847656 0.2
19.492300033569336 -3.6216506958007812 -1.8114490509033203 0.2
19.692399978637695 -3.6212501525878906 -1.8293495178222656 0.2
19.824800491333008 -3.4980506896972656 -1.7317485809326172 0.2
19.843599319458008 -3.3261489868164062 -1.6119499206542969 0.2
19.74720001220703 -3.148151397705078 -1.5697498321533203 0.2
19.61840057373047 -2.99114990234375 -1.6149482727050781 0.2
19.59309959411621 -2.845050811767578 -1.7572498321533203 0.2
19.750999450683594 -2.765552520751953 -1.8529491424560547 0.2
19.94700050354004 -2.7839508056640625 -1.7934494018554688 0.2
20.06719970703125 -2.8842506408691406 -1.6582489013671875 0.2
20.074600219726562 -3.0655517578125 -1.5538482666015625 0.2
20.03059959411621 -3.26824951171875 -1.5457496643066406 0.2
20.029199600219727 -3.449352264404297 -1.6484489440917969 0.2
20.174400329589844 -3.5226516723632812 -1.7644500732421875 0.2
20.3612003326416 -3.4619522094726562 -1.7172489166259766 0.2
20.448299407958984 -3.3406524658203125 -1.5734500885009766 0.2
20.400699615478516 -3.1883506774902344 -1.4390487670898438 0.2
20.278200149536133 -3.0220489501953125 -1.4086494445800781 0.2
20.16699981689453 -2.857452392578125 -1.4700489044189453 0.2
20.1781005859375 -2.699451446533203 -1.6004486083984375 0.2
20.35140037536621 -2.6005516052246094 -1.613748550415039 0.2
20.50160026550293 -2.6193504333496094 -1.475149154663086 0.2
20.55579948425293 -2.725749969482422 -1.3037490844726562 0.2
20.524700164794922 -2.907550811767578 -1.2077484130859375 0.2
20.462400436401367 -3.1060523986816406 -1.222249984741211 0.2
20.49570083618164 -3.2885513305664062 -1.3091487884521484 0.2
20.678800582885742 -3.3474502563476562 -1.3687496185302734 0.2
20.848600387573242 -3.259552001953125 -1.2963485717773438 0.2
20.911699295043945 -3.106250762939453 -1.169149398803711 0.2
20.853599548339844 -2.9247512817382812 -1.086050033569336 0.2
20.721200942993164 -2.7638511657714844 -1.0958499908447266 0.2
20.642499923706055 -2.605548858642578 -1.2005500793457031 0.2
20.742900848388672 -2.499950408935547 -1.3410491943359375 0.2
20.947099685668945 -2.4957504272460938 -1.3497486114501953 0.2
21.11090087890625 -2.574951171875 -1.2513484954833984 0.2
21.166900634765625 -2.7357521057128906 -1.128448486328125 0.2
21.12179946899414 -2.93115234375 -1.0727500915527344 0.2
21.079200744628906 -3.1283493041992188 -1.1169490814208984 0.2
21.148300170898438 -3.242450714111328 -1.270050048828125 0.2
21.332901000976562 -3.198749542236328 -1.338348388671875 0.2
21.476299285888672 -3.0633506774902344 -1.2771492004394531 0.2
21.508100509643555 -2.8858489990234375 -1.1687488555908203 0.2
21.42300033569336 -2.7044525146484375 -1.1118488311767578 0.2
21.298099517822266 -2.5391502380371094 -1.1309490203857422 0.2
21.24370002746582 -2.408649444580078 -1.2801494598388672 0.2
21.376300811767578 -2.3519515991210938 -1.4212493896484375 0.2
21.58099937438965 -2.376850128173828 -1.4289493560791016 0.2
21.736801147460938 -2.47344970703125 -1.3270492553710938 0.2
21.759599685668945 -2.6394500732421875 -1.2054500579833984 0.2
21.7052001953125 -2.8300514221191406 -1.1406497955322266 0.2
21.688800811767578 -3.0211524963378906 -1.218149185180664 0.2
21.80430030822754 -3.0811500549316406 -1.3717498779296875 0.2
21.973800659179688 -2.9844512939453125 -1.4376487731933594 0.2
22.08489990234375 -2.8064498901367188 -1.4192485809326172 0.2
22.057600021362305 -2.6066513061523438 -1.3712501525878906 0.2
21.944299697875977 -2.433349609375 -1.3422489166259766 0.2
21.81130027770996 -2.3015518188476562 -1.4300498962402344 0.2
21.806800842285156 -2.2626495361328125 -1.628549575805664 0.2
21.95949935913086 -2.30255126953125 -1.7618484497070312 0.2
22.14430046081543 -2.395751953125 -1.7687492370605469 0.2
22.246999740600586 -2.549549102783203 -1.6680488586425781 0.2
22.23940086364746 -2.73284912109375 -1.5691490173339844 0.2
22.16629981994629 -2.9290504455566406 -1.5605487823486328 0.2
22.149200439453125 -3.0657501220703125 -1.7077484130859375 0.2
22.28890037536621 -3.0468521118164062 -1.8535499572753906 0.2
22.451200485229492 -2.9214515686035156 -1.8886489868164062 0.2
22.527099609375 -2.7349510192871094 -1.8286495208740234 0.2
22.477500915527344 -2.5393524169921875 -1.7705497741699219 0.2
22.3612003326416 -2.365650177001953 -1.7622489929199219 0.2
22.24679946899414 -2.2414512634277344 -1.8812484741210938 0.2
22.320199966430664 -2.18804931640625 -2.060649871826172 0.2
22.518400192260742 -2.211650848388672 -2.1153488159179688 0.2
22.696399688720703 -2.293048858642578 -2.0420494079589844 0.2
22.764801025390625 -2.4459495544433594 -1.914449691772461 0.2
22.733200073242188 -2.6330490112304688 -1.8250484466552734 0.2
22.691299438476562 -2.83544921875 -1.8469486236572266 0.2
22.75629997253418 -2.955852508544922 -1.997650146484375 0.2
22.92530059814453 -2.92864990234375 -2.1151485443115234 0.2
23.079700469970703 -2.791351318359375 -2.13385009765625 0.2
23.099000930786133 -2.5900497436523438 -2.0822486877441406 0.2
23.003799438476562 -2.408550262451172 -2.036649703979492 0.2
22.875699996948242 -2.246051788330078 -2.062448501586914 0.2
22.79640007019043 -2.154651641845703 -2.2308483123779297 0.2
22.868000030517578 -2.139850616455078 -2.4248485565185547 0.2
23.039499282836914 -2.1917495727539062 -2.5230484008789062 0.2
23.183500289916992 -2.324451446533203 -2.446249008178711 0.2
23.19729995727539 -2.504749298095703 -2.339649200439453 0.2
23.142200469970703 -2.7014503479003906 -2.2910499572753906 0.2
23.09869956970215 -2.884349822998047 -2.3818492889404297 0.2
23.221500396728516 -2.9405517578125 -2.5307483673095703 0.2
23.40530014038086 -2.853351593017578 -2.571249008178711 0.2
23.523300170898438 -2.687549591064453 -2.518848419189453 0.2
23.503400802612305 -2.4874496459960938 -2.4596500396728516 0.2
23.400300979614258 -2.305450439453125 -2.4407501220703125 0.2
23.27950096130371 -2.1516494750976562 -2.5154495239257812 0.2
23.278100967407227 -2.0699501037597656 -2.702848434448242 0.2
23.439800262451172 -2.0649490356445312 -2.8335494995117188 0.2
23.639299392700195 -2.122650146484375 -2.838949203491211 0.2
23.746299743652344 -2.2650489807128906 -2.731548309326172 0.2
23.736499786376953 -2.4472503662109375 -2.626649856567383 0.2
23.69029998779297 -2.647449493408203 -2.5862483978271484 0.2
23.64940071105957 -2.8270492553710938 -2.6876487731933594 0.2
23.694400787353516 -2.9266510009765625 -2.8657493591308594 0.2
23.83690071105957 -2.8881492614746094 -3.0050487518310547 0.2
23.93600082397461 -2.707550048828125 -2.989849090576172 0.2
23.88920021057129 -2.5091514587402344 -2.93804931640625 0.2
23.783199310302734 -2.328052520751953 -2.9254493713378906 0.2
23.650100708007812 -2.1948509216308594 -3.0244483947753906 0.2
23.6033992767334 -2.1277503967285156 -3.2173500061035156 0.2
23.70199966430664 -2.1169509887695312 -3.3969497680664062 0.2
23.888700485229492 -2.197650909423828 -3.391448974609375 0.2
23.96299934387207 -2.3592491149902344 -3.273448944091797 0.2
23.94540023803711 -2.5499496459960938 -3.1861495971679688 0.2
23.89190101623535 -2.7557525634765625 -3.182149887084961 0.2
23.91510009765625 -2.9035491943359375 -3.321748733520508 0.2
24.076900482177734 -2.897350311279297 -3.4511489868164062 0.2
24.2455997467041 -2.7791519165039062 -3.4790496826171875 0.2
24.29759979248047 -2.5824508666992188 -3.424549102783203 0.2
24.220600128173828 -2.389751434326172 -3.388948440551758 0.2
24.10610008239746 -2.2132492065429688 -3.398649215698242 0.2
24.0039005279541 -2.089649200439453 -3.5350494384765625 0.2
24.035999298095703 -2.0358505249023438 -3.733549118041992 0.2
24.20050048828125 -2.0443496704101562 -3.861848831176758 0.2
24.3789005279541 -2.1566505432128906 -3.800649642944336 0.2
24.412099838256836 -2.34375 -3.6853485107421875 0.2
24.387001037597656 -2.5498504638671875 -3.6046485900878906 0.2
24.332700729370117 -2.7596511840820312 -3.663349151611328 0.2
24.363100051879883 -2.8752517700195312 -3.847349166870117 0.2
24.50200080871582 -2.8436508178710938 -4.009349822998047 0.2
24.608800888061523 -2.650249481201172 -4.015449523925781 0.2
24.56100082397461 -2.4368515014648438 -3.971649169921875 0.2
24.454299926757812 -2.2414512634277344 -3.956850051879883 0.2
24.313899993896484 -2.1093521118164062 -4.07244873046875 0.2
24.305099487304688 -2.0753517150878906 -4.288749694824219 0.2
