24.730501174926758 -15.469951629638672 0.6605510711669922 0.2
24.566999435424805 -15.60515022277832 0.5529499053955078 0.2
24.437299728393555 -15.765951156616211 0.6724510192871094 0.2
24.431400299072266 -15.901750564575195 0.8771514892578125 0.2
24.530900955200195 -16.084550857543945 0.9923515319824219 0.2
24.66510009765625 -16.247650146484375 0.8786506652832031 0.2
24.726900100708008 -16.32135009765625 0.6542510986328125 0.2
24.662700653076172 -16.251251220703125 0.43755149841308594 0.2
24.559499740600586 -16.040451049804688 0.376251220703125 0.2
24.542200088500977 -15.798450469970703 0.3785514831542969 0.2
24.710399627685547 -15.638151168823242 0.332550048828125 0.2
24.922800064086914 -15.678251266479492 0.21955108642578125 0.2
25.111801147460938 -15.814350128173828 0.2601509094238281 0.2
25.1377010345459 -15.948949813842773 0.4577503204345703 0.2
25.050600051879883 -16.087350845336914 0.6396503448486328 0.2
24.94300079345703 -16.296751022338867 0.6431503295898438 0.2
24.90880012512207 -16.448450088500977 0.4560508728027344 0.2
24.967700958251953 -16.49285125732422 0.22605133056640625 0.2
25.104000091552734 -16.35955047607422 0.08565139770507812 0.2
25.17530059814453 -16.125150680541992 0.081451416015625 0.2
25.121299743652344 -15.893550872802734 0.05255126953125 0.2
24.9502010345459 -15.813051223754883 -0.09154891967773438 0.2
24.769001007080078 -15.89995002746582 -0.2279491424560547 0.2
24.59980010986328 -16.042551040649414 -0.14474868774414062 0.2
24.583200454711914 -16.173450469970703 0.060649871826171875 0.2
24.66010093688965 -16.340850830078125 0.21715164184570312 0.2
24.7677001953125 -16.541950225830078 0.15685081481933594 0.2
24.805299758911133 -16.655250549316406 -0.056148529052734375 0.2
24.74139976501465 -16.6424503326416 -0.28694915771484375 0.2
24.633800506591797 -16.451250076293945 -0.38214874267578125 0.2
24.600000381469727 -16.20855140686035 -0.3787498474121094 0.2
24.73270034790039 -16.018550872802734 -0.4313488006591797 0.2
24.923500061035156 -16.027151107788086 -0.5759487152099609 0.2
25.110000610351562 -16.16655158996582 -0.627349853515625 0.2
25.20669937133789 -16.312450408935547 -0.46595001220703125 0.2
25.160400390625 -16.42905044555664 -0.2547492980957031 0.2
25.040800094604492 -16.612051010131836 -0.16324996948242188 0.2
24.949800491333008 -16.793251037597656 -0.2951488494873047 0.2
24.93830108642578 -16.888750076293945 -0.5187492370605469 0.2
25.043100357055664 -16.818750381469727 -0.7183494567871094 0.2
25.14590072631836 -16.604551315307617 -0.7708492279052734 0.2
25.155399322509766 -16.362451553344727 -0.7858486175537109 0.2
24.99380111694336 -16.21055030822754 -0.8701496124267578 0.2
24.78849983215332 -16.2497501373291 -0.9960498809814453 0.2
24.592300415039062 -16.36945152282715 -0.9411487579345703 0.2
24.560300827026367 -16.501850128173828 -0.7415485382080078 0.2
24.63050079345703 -16.649150848388672 -0.5591487884521484 0.2
24.728599548339844 -16.86345100402832 -0.5510482788085938 0.2
24.753999710083008 -17.014249801635742 -0.7394485473632812 0.2
24.678600311279297 -17.051651000976562 -0.9666500091552734 0.2
24.548099517822266 -16.90435028076172 -1.09844970703125 0.2
24.499900817871094 -16.66375160217285 -1.1041488647460938 0.2
24.576099395751953 -16.440950393676758 -1.1472492218017578 0.2
24.741600036621094 -16.389551162719727 -1.3084487915039062 0.2
24.875499725341797 -16.514949798583984 -1.4690494537353516 0.2
25.029399871826172 -16.686050415039062 -1.4159488677978516 0.2
25.071399688720703 -16.80525016784668 -1.2072486877441406 0.2
25.00819969177246 -16.944250106811523 -1.020050048828125 0.2
24.860700607299805 -17.128049850463867 -1.0327491760253906 0.2
24.739099502563477 -17.241050720214844 -1.2125492095947266 0.2
24.731201171875 -17.253950119018555 -1.4511489868164062 0.2
24.840999603271484 -17.10015106201172 -1.596649169921875 0.2
24.926799774169922 -16.872751235961914 -1.6299495697021484 0.2
24.84130096435547 -16.653051376342773 -1.6617488861083984 0.2
24.6205997467041 -16.59925079345703 -1.7403488159179688 0.2
24.394500732421875 -16.666250228881836 -1.7099494934082031 0.2
24.323699951171875 -16.779951095581055 -1.5124492645263672 0.2
24.40880012512207 -16.91495132446289 -1.3257484436035156 0.2
24.501501083374023 -17.1252498626709 -1.262350082397461 0.2
24.47920036315918 -17.318851470947266 -1.4020500183105469 0.2
24.36050033569336 -17.39645004272461 -1.6007499694824219 0.2
24.2007999420166 -17.292251586914062 -1.7402496337890625 0.2
24.15250015258789 -17.054750442504883 -1.7604484558105469 0.2
24.21649932861328 -16.823949813842773 -1.7960491180419922 0.2
24.356000900268555 -16.73815155029297 -1.9675483703613281 0.2
24.425199508666992 -16.85015106201172 -2.1730499267578125 0.2
24.55190086364746 -17.04435157775879 -2.2179489135742188 0.2
24.65060043334961 -17.183549880981445 -2.047548294067383 0.2
24.65180015563965 -17.294750213623047 -1.830148696899414 0.2
24.507299423217773 -17.457950592041016 -1.7403488159179688 0.2
24.324501037597656 -17.58315086364746 -1.8429489135742188 0.2
24.220699310302734 -17.634450912475586 -2.054149627685547 0.2
24.277999877929688 -17.533950805664062 -2.2609500885009766 0.2
24.390600204467773 -17.332050323486328 -2.3433494567871094 0.2
24.38949966430664 -17.094650268554688 -2.372549057006836 0.2
24.191299438476562 -16.96364974975586 -2.389749526977539 0.2
23.952301025390625 -16.98335075378418 -2.3540496826171875 0.2
23.858200073242188 -17.070650100708008 -2.1546497344970703 0.2
23.944000244140625 -17.2054500579834 -1.9691486358642578 0.2
24.04640007019043 -17.402250289916992 -1.8724498748779297 0.2
24.02079963684082 -17.621950149536133 -1.9555492401123047 0.2
23.874099731445312 -17.723350524902344 -2.1223487854003906 0.2
23.680400848388672 -17.665550231933594 -2.2509498596191406 0.2
23.60740089416504 -17.43895149230957 -2.2820491790771484 0.2
23.660999298095703 -17.200651168823242 -2.30364990234375 0.2
23.770401000976562 -17.06855010986328 -2.46875 0.2
23.7903995513916 -17.136051177978516 -2.6977500915527344 0.2
23.832500457763672 -17.330650329589844 -2.829050064086914 0.2
23.96070098876953 -17.51435089111328 -2.7474498748779297 0.2
24.041099548339844 -17.62645149230957 -2.544048309326172 0.2
23.968000411987305 -17.762849807739258 -2.3644485473632812 0.2
23.757801055908203 -17.8830509185791 -2.3615493774414062 0.2
23.560800552368164 -17.94194984436035 -2.491748809814453 0.2
23.511499404907227 -17.89405059814453 -2.717548370361328 0.2
23.60930061340332 -17.72784996032715 -2.86614990234375 0.2
23.680099487304688 -17.50455093383789 -2.9288482666015625 0.2
23.56330108642578 -17.299551010131836 -2.904449462890625 0.2
23.332700729370117 -17.252450942993164 -2.8397483825683594 0.2
23.217700958251953 -17.296951293945312 -2.638050079345703 0.2
23.302200317382812 -17.429250717163086 -2.453948974609375 0.2
23.42609977722168 -17.615150451660156 -2.3541488647460938 0.2
23.40850067138672 -17.84925079345703 -2.3782501220703125 0.2
23.225900650024414 -17.97275161743164 -2.481048583984375 0.2
22.99839973449707 -17.9455509185791 -2.5593490600585938 0.2
22.888200759887695 -17.73764991760254 -2.5858497619628906 0.2
22.94740104675293 -17.500350952148438 -2.6117496490478516 0.2
23.037099838256836 -17.33085060119629 -2.7543487548828125 0.2
23.0221004486084 -17.34615135192871 -2.990449905395508 0.2
22.94580078125 -17.509851455688477 -3.153848648071289 0.2
23.027299880981445 -17.7314510345459 -3.1694488525390625 0.2
23.16119956970215 -17.875450134277344 -3.0233497619628906 0.2
23.193599700927734 -18.001150131225586 -2.8208484649658203 0.2
23.01889991760254 -18.105451583862305 -2.6972484588623047 0.2
22.777000427246094 -18.14055061340332 -2.708648681640625 0.2
22.607999801635742 -18.115951538085938 -2.874248504638672 0.2
22.637800216674805 -17.988950729370117 -3.075948715209961 0.2
22.739099502563477 -17.8028507232666 -3.1996498107910156 0.2
22.725900650024414 -17.565650939941406 -3.192049026489258 0.2
22.54949951171875 -17.439050674438477 -3.0868492126464844 0.2
22.432300567626953 -17.430950164794922 -2.8799495697021484 0.2
22.510299682617188 -17.544151306152344 -2.6836490631103516 0.2
22.646499633789062 -17.73055076599121 -2.598348617553711 0.2
22.655200958251953 -17.96795082092285 -2.5839500427246094 0.2
22.460399627685547 -18.107250213623047 -2.613849639892578 0.2
22.216800689697266 -18.097850799560547 -2.6274490356445312 0.2
22.071399688720703 -17.91175079345703 -2.620849609375 0.2
22.124300003051758 -17.67635154724121 -2.658048629760742 0.2
22.215299606323242 -17.491451263427734 -2.7860488891601562 0.2
22.187700271606445 -17.45465087890625 -3.018949508666992 0.2
22.03230094909668 -17.567251205444336 -3.17034912109375 0.2
22.011600494384766 -17.7934513092041 -3.2373485565185547 0.2
22.1476993560791 -17.977149963378906 -3.1564483642578125 0.2
22.260000228881836 -18.108551025390625 -2.984149932861328 0.2
22.16710090637207 -18.2093505859375 -2.7907485961914062 0.2
21.93950080871582 -18.237850189208984 -2.703248977661133 0.2
21.71109962463379 -18.213850021362305 -2.7730484008789062 0.2
21.649200439453125 -18.10525131225586 -2.9755496978759766 0.2
21.729999542236328 -17.946550369262695 -3.145648956298828 0.2
21.783899307250977 -17.719650268554688 -3.1976490020751953 0.2
21.6914005279541 -17.533451080322266 -3.0791492462158203 0.2
21.586599349975586 -17.478151321411133 -2.8682498931884766 0.2
21.66320037841797 -17.566551208496094 -2.6610488891601562 0.2
21.796899795532227 -17.75735092163086 -2.582550048828125 0.2
21.839900970458984 -17.993350982666016 -2.5544490814208984 0.2
21.671600341796875 -18.16105079650879 -2.541749954223633 0.2
21.429201126098633 -18.16655158996582 -2.508150100708008 0.2
21.254100799560547 -18.0135498046875 -2.4493484497070312 0.2
21.279600143432617 -17.775449752807617 -2.4688491821289062 0.2
21.38319969177246 -17.5799503326416 -2.5763492584228516 0.2
21.374799728393555 -17.473251342773438 -2.7896499633789062 0.2
21.190099716186523 -17.50385093688965 -2.9389495849609375 0.2
21.032699584960938 -17.671751022338867 -3.004749298095703 0.2
21.08570098876953 -17.90475082397461 -3.006349563598633 0.2
21.23870086669922 -18.07415008544922 -2.913249969482422 0.2
21.287099838256836 -18.200950622558594 -2.718050003051758 0.2
21.132600784301758 -18.227750778198242 -2.532848358154297 0.2
20.906099319458008 -18.180551528930664 -2.4554500579833984 0.2
20.726900100708008 -18.07965087890625 -2.5723495483398438 0.2
20.732200622558594 -17.94245147705078 -2.774049758911133 0.2
20.809200286865234 -17.759550094604492 -2.9148483276367188 0.2
20.8435001373291 -17.531749725341797 -2.8569488525390625 0.2
20.784700393676758 -17.408950805664062 -2.653749465942383 0.2
20.85420036315918 -17.439651489257812 -2.429349899291992 0.2
20.982900619506836 -17.626951217651367 -2.3447494506835938 0.2
21.050100326538086 -17.86225128173828 -2.3310489654541016 0.2
20.92850112915039 -18.059850692749023 -2.2839488983154297 0.2
20.706300735473633 -18.080249786376953 -2.1860485076904297 0.2
20.535499572753906 -17.955350875854492 -2.067150115966797 0.2
20.532499313354492 -17.720050811767578 -2.0396499633789062 0.2
20.6382999420166 -17.52815055847168 -2.151548385620117 0.2
20.662900924682617 -17.38465118408203 -2.3428497314453125 0.2
20.484600067138672 -17.341751098632812 -2.4925498962402344 0.2
20.25040054321289 -17.411550521850586 -2.5031490325927734 0.2
20.170400619506836 -17.63385009765625 -2.5214500427246094 0.2
20.281999588012695 -17.85015106201172 -2.4967498779296875 0.2
20.406999588012695 -18.018251419067383 -2.37554931640625 0.2
20.37980079650879 -18.070951461791992 -2.145648956298828 0.2
20.231201171875 -18.00374984741211 -1.9624500274658203 0.2
20.026599884033203 -17.88425064086914 -1.9320487976074219 0.2
19.930700302124023 -17.746150970458984 -2.102548599243164 0.2
19.962600708007812 -17.605850219726562 -2.3020496368408203 0.2
20.05780029296875 -17.395450592041016 -2.3612499237060547 0.2
20.10219955444336 -17.218151092529297 -2.2048492431640625 0.2
20.184900283813477 -17.184551239013672 -1.9835491180419922 0.2
20.324800491333008 -17.34415054321289 -1.872549057006836 0.2
20.3882999420166 -17.582250595092773 -1.8694496154785156 0.2
20.318201065063477 -17.805049896240234 -1.8202495574951172 0.2
20.13450050354004 -17.853450775146484 -1.6728496551513672 0.2
19.99250030517578 -17.748149871826172 -1.503549575805664 0.2
19.983699798583984 -17.529050827026367 -1.41204833984375 0.2
20.0802001953125 -17.331350326538086 -1.5135498046875 0.2
20.135499954223633 -17.184551239013672 -1.700948715209961 0.2
19.996400833129883 -17.08125114440918 -1.8628482818603516 0.2
19.755701065063477 -17.05405044555664 -1.8355484008789062 0.2
19.567800521850586 -17.192350387573242 -1.7907485961914062 0.2
19.578001022338867 -17.43265151977539 -1.7911491394042969 0.2
19.69849967956543 -17.643951416015625 -1.7574501037597656 0.2
19.783899307250977 -17.759050369262695 -1.5696487426757812 0.2
19.746299743652344 -17.706050872802734 -1.3347492218017578 0.2
19.61840057373047 -17.56855010986328 -1.1820487976074219 0.2
19.459300994873047 -17.40315055847168 -1.2415485382080078 0.2
19.415800094604492 -17.27225112915039 -1.444448471069336 0.2
19.478599548339844 -17.1070499420166 -1.6079483032226562 0.2
19.609800338745117 -16.914751052856445 -1.5610485076904297 0.2
19.72480010986328 -16.81974983215332 -1.3676490783691406 0.2
19.89240074157715 -16.92905044555664 -1.2404499053955078 0.2
19.957399368286133 -17.16415023803711 -1.2288494110107422 0.2
19.91790008544922 -17.402151107788086 -1.2008495330810547 0.2
19.771699905395508 -17.50255012512207 -1.044748306274414 0.2
19.66119956970215 -17.412151336669922 -0.8464488983154297 0.2
19.660900115966797 -17.22275161743164 -0.6964492797851562 0.2
19.76110076904297 -17.01435089111328 -0.7488498687744141 0.2
19.83209991455078 -16.8752498626709 -0.9389495849609375 0.2
19.745500564575195 -16.740751266479492 -1.11614990234375 0.2
19.530799865722656 -16.63895034790039 -1.1031494140625 0.2
19.326601028442383 -16.65635108947754 -0.9769496917724609 0.2
19.213699340820312 -16.86115074157715 -0.9371490478515625 0.2
19.2677001953125 -17.10015106201172 -0.9522495269775391 0.2
19.385799407958984 -17.287851333618164 -0.8637485504150391 0.2
19.457700729370117 -17.29435157775879 -0.6356487274169922 0.2
19.449199676513672 -17.163850784301758 -0.42874908447265625 0.2
19.326400756835938 -16.97425079345703 -0.3556499481201172 0.2
19.213199615478516 -16.81624984741211 -0.4978485107421875 0.2
19.20240020751953 -16.68035125732422 -0.6996498107910156 0.2
19.344100952148438 -16.50885009765625 -0.7805500030517578 0.2
19.513599395751953 -16.38465118408203 -0.6564483642578125 0.2
19.709800720214844 -16.437850952148438 -0.5362491607666016 0.2
19.794099807739258 -16.661651611328125 -0.5198497772216797 0.2
19.753000259399414 -16.903051376342773 -0.5135498046875 0.2
19.638700485229492 -17.04545021057129 -0.36464881896972656 0.2
19.56879997253418 -16.983449935913086 -0.14184951782226562 0.2
19.598899841308594 -16.821849822998047 0.03745079040527344 0.2
19.720199584960938 -16.61964988708496 0.03645133972167969 0.2
19.79010009765625 -16.481550216674805 -0.15224838256835938 0.2
19.7322998046875 -16.345149993896484 -0.34074974060058594 0.2
19.54720115661621 -16.199451446533203 -0.3406486511230469 0.2
19.38719940185547 -16.133251190185547 -0.16894912719726562 0.2
19.225799560546875 -16.264850616455078 -0.05814933776855469 0.2
19.196001052856445 -16.50495147705078 -0.07024955749511719 0.2
19.27750015258789 -16.731651306152344 -0.054248809814453125 0.2
19.41189956665039 -16.816551208496094 0.11955070495605469 0.2
19.50010108947754 -16.72504997253418 0.3281517028808594 0.2
19.474599838256836 -16.54115104675293 0.4783515930175781 0.2
19.34760093688965 -16.347949981689453 0.4262504577636719 0.2
19.26810073852539 -16.21055030822754 0.23995018005371094 0.2
19.356901168823242 -16.058650970458984 0.08085060119628906 0.2
19.560699462890625 -15.937450408935547 0.11155128479003906 0.2
19.778600692749023 -15.955751419067383 0.20615005493164062 0.2
19.895401000976562 -16.161951065063477 0.2156505584716797 0.2
19.845300674438477 -16.40155029296875 0.20815086364746094 0.2
19.74570083618164 -16.579151153564453 0.32935142517089844 0.2
19.71430015563965 -16.566551208496094 0.5658512115478516 0.2
19.77549934387207 -16.435850143432617 0.7623500823974609 0.2
19.917600631713867 -16.251251220703125 0.8027515411376953 0.2
19.9945011138916 -16.10055160522461 0.6323509216308594 0.2
19.948200225830078 -15.96605110168457 0.43665122985839844 0.2
19.78569984436035 -15.797050476074219 0.4138507843017578 0.2
19.66950035095215 -15.687749862670898 0.5972499847412109 0.2
19.52680015563965 -15.748149871826172 0.7753505706787109 0.2
19.435699462890625 -15.967849731445312 0.7990512847900391 0.2
19.461999893188477 -16.20855140686035 0.7738513946533203 0.2
19.608800888061523 -16.358449935913086 0.8794498443603516 0.2
19.7632999420166 -16.324251174926758 1.0642509460449219 0.2
19.830299377441406 -16.1728515625 1.2383499145507812 0.2
19.740400314331055 -15.95775032043457 1.2727508544921875 0.2
19.621999740600586 -15.799051284790039 1.1301498413085938 0.2
19.63360023498535 -15.653350830078125 0.9422512054443359 0.2
19.832300186157227 -15.54115104675293 0.8793506622314453 0.2
20.068599700927734 -15.537250518798828 0.9347515106201172 0.2
20.212200164794922 -15.72385025024414 0.9264507293701172 0.2
20.164600372314453 -15.961950302124023 0.9158515930175781 0.2
20.065200805664062 -16.157550811767578 1.0119514465332031 0.2
20.05350112915039 -16.198850631713867 1.2443504333496094 0.2
20.149900436401367 -16.10354995727539 1.4468517303466797 0.2
20.3169002532959 -15.94835090637207 1.5179500579833984 0.2
20.41360092163086 -15.79265022277832 1.3676509857177734 0.2
20.374401092529297 -15.662750244140625 1.1643505096435547 0.2
20.23750114440918 -15.477651596069336 1.1106510162353516 0.2
20.154600143432617 -15.328950881958008 1.2778511047363281 0.2
20.073101043701172 -15.323751449584961 1.5017509460449219 0.2
19.946500778198242 -15.500350952148438 1.5964508056640625 0.2
19.90559959411621 -15.739551544189453 1.566751480102539 0.2
20.01219940185547 -15.946849822998047 1.6028499603271484 0.2
20.204700469970703 -15.980951309204102 1.7448501586914062 0.2
20.356000900268555 -15.879449844360352 1.904550552368164 0.2
20.34589958190918 -15.665550231933594 2.001951217651367 0.2
20.223800659179688 -15.473550796508789 1.9206504821777344 0.2
20.164400100708008 -15.31985092163086 1.7445507049560547 0.2
20.311201095581055 -15.208049774169922 1.59735107421875 0.2
20.554000854492188 -15.188051223754883 1.5986499786376953 0.2
20.72879981994629 -15.34375 1.5757503509521484 0.2
20.69770050048828 -15.581550598144531 1.5598506927490234 0.2
20.58500099182129 -15.786651611328125 1.6258506774902344 0.2
20.561399459838867 -15.881851196289062 1.8395500183105469 0.2
20.67650032043457 -15.825651168823242 2.045551300048828 0.2
20.86530113220215 -15.708850860595703 2.140951156616211 0.2
21.00710105895996 -15.559551239013672 2.0274505615234375 0.2
20.979999542236328 -15.427450180053711 1.823751449584961 0.2
20.866500854492188 -15.24635124206543 1.718851089477539 0.2
20.794200897216797 -15.059051513671875 1.8421516418457031 0.2
20.7947998046875 -14.988851547241211 2.0751514434814453 0.2
20.68589973449707 -15.095550537109375 2.254650115966797 0.2
20.581100463867188 -15.314250946044922 2.267650604248047 0.2
20.59709930419922 -15.553050994873047 2.256551742553711 0.2
20.783000946044922 -15.677350997924805 2.3340511322021484 0.2
20.99570083618164 -15.640050888061523 2.447551727294922 0.2
21.104900360107422 -15.466751098632812 2.567850112915039 0.2
21.029300689697266 -15.241050720214844 2.5646514892578125 0.2
20.9153995513916 -15.065351486206055 2.438751220703125 0.2
20.963300704956055 -14.938350677490234 2.2448501586914062 0.2
21.18130111694336 -14.907150268554688 2.1487503051757812 0.2
21.375699996948242 -15.029251098632812 2.088451385498047 0.2
21.373199462890625 -15.265050888061523 2.056751251220703 0.2
21.250900268554688 -15.468450546264648 2.117250442504883 0.2
21.205801010131836 -15.605649948120117 2.3039512634277344 0.2
21.337499618530273 -15.594650268554688 2.5039501190185547 0.2
21.547300338745117 -15.512849807739258 2.59735107421875 0.2
21.7283992767334 -15.39525032043457 2.5033512115478516 0.2
21.717599868774414 -15.260049819946289 2.3038501739501953 0.2
21.609899520874023 -15.08864974975586 2.1724510192871094 0.2
21.545700073242188 -14.873950958251953 2.2461509704589844 0.2
21.61870002746582 -14.761449813842773 2.449251174926758 0.2
21.60110092163086 -14.799150466918945 2.6812515258789062 0.2
21.474199295043945 -14.979450225830078 2.7750511169433594 0.2
21.39739990234375 -15.210250854492188 2.767751693725586 0.2
21.52120018005371 -15.40945053100586 2.7797508239746094 0.2
21.75749969482422 -15.44675064086914 2.8258514404296875 0.2
21.960800170898438 -15.342550277709961 2.9006500244140625 0.2
21.987199783325195 -15.112751007080078 2.9471511840820312 0.2
21.87190055847168 -14.906049728393555 2.8860511779785156 0.2
21.819900512695312 -14.752349853515625 2.7120513916015625 0.2
21.9601993560791 -14.71405029296875 2.5238513946533203 0.2
22.145999908447266 -14.81155014038086 2.4041500091552734 0.2
22.15329933166504 -15.038949966430664 2.3405513763427734 0.2
22.03219985961914 -15.238651275634766 2.411050796508789 0.2
21.970699310302734 -15.394550323486328 2.5824508666992188 0.2
22.109600067138672 -15.445650100708008 2.7667503356933594 0.2
22.342100143432617 -15.4051513671875 2.827850341796875 0.2
22.54650115966797 -15.33275032043457 2.7278499603271484 0.2
22.548500061035156 -15.205551147460938 2.5263500213623047 0.2
22.430601119995117 -15.041351318359375 2.3890514373779297 0.2
22.381099700927734 -14.811250686645508 2.416851043701172 0.2
22.510299682617188 -14.66965103149414 2.5586509704589844 0.2
22.633699417114258 -14.669351577758789 2.7626514434814453 0.2
22.569499969482422 -14.795450210571289 2.952951431274414 0.2
22.435501098632812 -14.989749908447266 3.01715087890625 0.2
22.43869972229004 -15.22545051574707 3.0050506591796875 0.2
22.635799407958984 -15.355850219726562 2.956350326538086 0.2
22.874799728393555 -15.349651336669922 2.913351058959961 0.2
23.0260009765625 -15.169750213623047 2.9266510009765625 0.2
22.976499557495117 -14.932950973510742 2.9277515411376953 0.2
22.870901107788086 -14.737751007080078 2.8334503173828125 0.2
22.871000289916992 -14.668651580810547 2.607450485229492 0.2
22.98780059814453 -14.74945068359375 2.4096508026123047 0.2
22.97410011291504 -14.955751419067383 2.2970504760742188 0.2
22.85650062561035 -15.150251388549805 2.3771514892578125 0.2
22.784900665283203 -15.301250457763672 2.5544509887695312 0.2
22.91010093688965 -15.421649932861328 2.712850570678711 0.2
23.147899627685547 -15.465049743652344 2.7030506134033203 0.2
23.34160041809082 -15.459850311279297 2.5575504302978516 0.2
23.357500076293945 -15.355550765991211 2.346750259399414 0.2
23.23270034790039 -15.17715072631836 2.2349510192871094 0.2
23.178600311279297 -14.944950103759766 2.2290515899658203 0.2
23.32990074157715 -14.779050827026367 2.3016510009765625 0.2
23.554399490356445 -14.775251388549805 2.3955516815185547 0.2
23.62339973449707 -14.873849868774414 2.5983505249023438 0.2
23.5132999420166 -15.030250549316406 2.7491512298583984 0.2
23.4148006439209 -15.244251251220703 2.795351028442383 0.2
23.48870086669922 -15.449251174926758 2.702350616455078 0.2
23.663799285888672 -15.531351089477539 2.553050994873047 0.2
23.867900848388672 -15.453750610351562 2.4592514038085938 0.2
23.932600021362305 -15.224151611328125 2.4625511169433594 0.2
23.864200592041016 -14.989151000976562 2.4620513916015625 0.2
23.764999389648438 -14.84065055847168 2.305950164794922 0.2
23.76099967956543 -14.870851516723633 2.067350387573242 0.2
23.714000701904297 -15.036951065063477 1.9043502807617188 0.2
23.586599349975586 -15.232250213623047 1.9551506042480469 0.2
23.516300201416016 -15.378351211547852 2.139251708984375 0.2
23.59440040588379 -15.536050796508789 2.298551559448242 0.2
23.80280113220215 -15.649351119995117 2.2687511444091797 0.2
23.973400115966797 -15.692750930786133 2.0994510650634766 0.2
24.000900268554688 -15.630550384521484 1.872751235961914 0.2
23.890899658203125 -15.446451187133789 1.7608509063720703 0.2
23.818700790405273 -15.215450286865234 1.7474498748779297 0.2
23.94770050048828 -15.019550323486328 1.7788505554199219 0.2
24.190799713134766 -15.004051208496094 1.7780513763427734 0.2
24.366500854492188 -15.097949981689453 1.9049510955810547 0.2
24.329999923706055 -15.236150741577148 2.0982513427734375 0.2
24.203399658203125 -15.403751373291016 2.222850799560547 0.2
24.16069984436035 -15.63075065612793 2.1788501739501953 0.2
24.250900268554688 -15.771051406860352 2.001251220703125 0.2
24.414400100708008 -15.783349990844727 1.8246517181396484 0.2
24.5625 -15.610651016235352 1.759450912475586 0.2
24.56890106201172 -15.36665153503418 1.7808513641357422 0.2
24.477699279785156 -15.1551513671875 1.717550277709961 0.2
24.37849998474121 -15.11185073852539 1.5056514739990234 0.2
24.29960060119629 -15.229650497436523 1.308950424194336 0.2
24.148300170898438 -15.411050796508789 1.3193511962890625 0.2
24.077499389648438 -15.558351516723633 1.5008506774902344 0.2
24.1210994720459 -15.718250274658203 1.6760501861572266 0.2
24.290199279785156 -15.883050918579102 1.6676502227783203 0.2
24.432199478149414 -15.970651626586914 1.4895515441894531 0.2
24.461400985717773 -15.960451126098633 1.2513504028320312 0.2
24.362199783325195 -15.790750503540039 1.1163501739501953 0.2
24.27680015563965 -15.561050415039062 1.104949951171875 0.2
24.368999481201172 -15.342050552368164 1.109750747680664 0.2
24.596399307250977 -15.29625129699707 1.05255126953125 0.2
24.814199447631836 -15.393350601196289 1.0651512145996094 0.2
24.88170051574707 -15.531850814819336 1.246450424194336 0.2
24.79010009765625 -15.668951034545898 1.4284515380859375 0.2
24.681499481201172 -15.873950958251953 1.4780502319335938 0.2
24.67460060119629 -16.058549880981445 1.323150634765625 0.2
24.752700805664062 -16.13585090637207 1.105550765991211 0.2
24.90760040283203 -16.04275131225586 0.9530506134033203 0.2
24.986600875854492 -15.813850402832031 0.9417514801025391 0.2
24.95560073852539 -15.57335090637207 0.9367504119873047 0.2
24.81170082092285 -15.443950653076172 0.7997512817382812 0.2
