0.5821802616119385 14.782649993896484 5.48845100402832 0.2
0.790790319442749 14.698749542236328 5.397050857543945 0.2
0.7905302047729492 14.508647918701172 5.249151229858398 0.2
0.6418602466583252 14.312149047851562 5.211151123046875 0.2
0.5476601123809814 14.117748260498047 5.318151473999023 0.2
0.6680402755737305 14.012451171875 5.502349853515625 0.2
0.9076802730560303 13.988147735595703 5.557849884033203 0.2
1.1087101697921753 14.06304931640625 5.441051483154297 0.2
1.1256601810455322 14.273147583007812 5.32295036315918 0.2
1.0494402647018433 14.509449005126953 5.321651458740234 0.2
1.0578502416610718 14.692150115966797 5.477651596069336 0.2
1.2384902238845825 14.713550567626953 5.643150329589844 0.2
1.3626601696014404 14.582950592041016 5.80364990234375 0.2
1.2733101844787598 14.370647430419922 5.8782501220703125 0.2
1.137620210647583 14.173248291015625 5.80994987487793 0.2
1.1720101833343506 14.007049560546875 5.639751434326172 0.2
1.3956801891326904 13.94314956665039 5.565351486206055 0.2
1.6198002099990845 13.945350646972656 5.664350509643555 0.2
1.699210286140442 14.06155014038086 5.862550735473633 0.2
1.6222702264785767 14.283348083496094 5.936550140380859 0.2
1.5686001777648926 14.51715087890625 5.881551742553711 0.2
1.7060701847076416 14.66455078125 5.752750396728516 0.2
1.9406002759933472 14.6468505859375 5.6730499267578125 0.2
2.0335941314697266 14.48794937133789 5.519651412963867 0.2
1.9326602220535278 14.272850036621094 5.4573516845703125 0.2
1.8226102590560913 14.067150115966797 5.531150817871094 0.2
1.8874902725219727 13.93954849243164 5.726551055908203 0.2
2.1136162281036377 13.905147552490234 5.821050643920898 0.2
2.3422603607177734 13.924949645996094 5.741451263427734 0.2
2.40236234664917 14.064949035644531 5.556251525878906 0.2
2.3112730979919434 14.285449981689453 5.489250183105469 0.2
2.2529373168945312 14.510948181152344 5.561151504516602 0.2
2.381012201309204 14.631248474121094 5.7243499755859375 0.2
2.5978503227233887 14.588550567626953 5.834550857543945 0.2
2.6525282859802246 14.402851104736328 5.976350784301758 0.2
2.541621208190918 14.182449340820312 6.006050109863281 0.2
2.4796011447906494 13.971549987792969 5.902851104736328 0.2
2.6215600967407227 13.854549407958984 5.743751525878906 0.2
2.866136312484741 13.837749481201172 5.708850860595703 0.2
3.0524563789367676 13.966850280761719 5.789951324462891 0.2
3.0117907524108887 14.175350189208984 5.909650802612305 0.2
2.892350196838379 14.389148712158203 5.939950942993164 0.2
2.9016902446746826 14.579547882080078 5.795351028442383 0.2
3.0662636756896973 14.609848022460938 5.612751007080078 0.2
3.0822930335998535 14.4864501953125 5.410150527954102 0.2
2.9376323223114014 14.293048858642578 5.373849868774414 0.2
2.8187062740325928 14.089248657226562 5.449750900268555 0.2
2.919358253479004 13.888248443603516 5.529750823974609 0.2
3.1607441902160645 13.834648132324219 5.511251449584961 0.2
3.3544511795043945 13.904548645019531 5.378749847412109 0.2
3.383207321166992 14.11294937133789 5.259250640869141 0.2
3.3138272762298584 14.349849700927734 5.293251037597656 0.2
3.3241331577301025 14.544349670410156 5.438751220703125 0.2
3.519094228744507 14.600349426269531 5.571250915527344 0.2
3.726975202560425 14.500450134277344 5.654451370239258 0.2
3.723987102508545 14.276451110839844 5.74165153503418 0.2
3.582362174987793 14.07284927368164 5.716350555419922 0.2
3.4929122924804688 13.907848358154297 5.56355094909668 0.2
3.6137311458587646 13.84804916381836 5.361150741577148 0.2
3.8590142726898193 13.837848663330078 5.330850601196289 0.2
4.0584001541137695 13.887950897216797 5.465751647949219 0.2
4.068770408630371 14.066749572753906 5.629650115966797 0.2
3.9859042167663574 14.293148040771484 5.694250106811523 0.2
3.995429277420044 14.51504898071289 5.5993499755859375 0.2
4.172410011291504 14.592750549316406 5.448951721191406 0.2
4.280050277709961 14.515148162841797 5.248350143432617 0.2
4.197470188140869 14.320648193359375 5.126750946044922 0.2
4.07873010635376 14.10104751586914 5.135950088500977 0.2
4.105090141296387 13.893447875976562 5.2532501220703125 0.2
4.324419975280762 13.820648193359375 5.330251693725586 0.2
4.5499701499938965 13.857349395751953 5.234651565551758 0.2
4.630460262298584 14.024948120117188 5.075750350952148 0.2
4.553530216217041 14.258350372314453 5.059450149536133 0.2
4.487270355224609 14.47454833984375 5.158651351928711 0.2
4.600350379943848 14.602348327636719 5.328550338745117 0.2
4.834310054779053 14.586048126220703 5.409950256347656 0.2
4.939420223236084 14.399650573730469 5.5180511474609375 0.2
4.854420185089111 14.168048858642578 5.532550811767578 0.2
4.740850448608398 13.96194839477539 5.454250335693359 0.2
4.757290363311768 13.857349395751953 5.237150192260742 0.2
4.951410293579102 13.898849487304688 5.095050811767578 0.2
5.178290367126465 13.959148406982422 5.154651641845703 0.2
5.267740249633789 14.058948516845703 5.3641510009765625 0.2
5.203590393066406 14.267948150634766 5.480451583862305 0.2
5.138890266418457 14.504051208496094 5.458650588989258 0.2
5.233010292053223 14.661148071289062 5.3034515380859375 0.2
5.426340103149414 14.6573486328125 5.147550582885742 0.2
5.459840297698975 14.495250701904297 4.972850799560547 0.2
5.376060485839844 14.263347625732422 4.957151412963867 0.2
5.345419883728027 14.059650421142578 5.085151672363281 0.2
5.497590065002441 13.968650817871094 5.26045036315918 0.2
5.736020088195801 13.916648864746094 5.225351333618164 0.2
5.868110179901123 13.937450408935547 5.02025032043457 0.2
5.817310333251953 14.11614990234375 4.8670501708984375 0.2
5.70421028137207 14.339649200439453 4.864351272583008 0.2
5.680060386657715 14.562549591064453 4.96245002746582 0.2
5.861010551452637 14.678150177001953 5.07185173034668 0.2
6.093390464782715 14.626949310302734 5.130350112915039 0.2
6.1567301750183105 14.42544937133789 5.248950958251953 0.2
6.063960075378418 14.196849822998047 5.29265022277832 0.2
6.00216007232666 13.979148864746094 5.203451156616211 0.2
6.101059913635254 13.888748168945312 4.994451522827148 0.2
6.320470333099365 13.910350799560547 4.883050918579102 0.2
6.504940032958984 14.050048828125 4.9573516845703125 0.2
6.475930213928223 14.266349792480469 5.07335090637207 0.2
6.3720703125 14.487850189208984 5.120050430297852 0.2
6.33357048034668 14.67974853515625 4.978250503540039 0.2
6.447880268096924 14.726848602294922 4.761751174926758 0.2
6.445820331573486 14.597450256347656 4.560050964355469 0.2
6.341750144958496 14.374347686767578 4.543550491333008 0.2
6.267840385437012 14.148448944091797 4.619451522827148 0.2
6.388820171356201 13.960147857666016 4.708351135253906 0.2
6.629879951477051 13.933448791503906 4.665050506591797 0.2
6.788390159606934 14.018848419189453 4.494550704956055 0.2
6.786900520324707 14.223751068115234 4.363250732421875 0.2
6.684940338134766 14.450847625732422 4.382551193237305 0.2
6.64771032333374 14.668251037597656 4.49165153503418 0.2
6.813420295715332 14.799549102783203 4.6094512939453125 0.2
7.050100326538086 14.771747589111328 4.675149917602539 0.2
7.103790283203125 14.574348449707031 4.800651550292969 0.2
6.976200103759766 14.36185073852539 4.832151412963867 0.2
6.870349884033203 14.15625 4.751550674438477 0.2
6.97152042388916 14.053050994873047 4.557149887084961 0.2
7.2087202072143555 14.081050872802734 4.492650985717773 0.2
7.406820297241211 14.194648742675781 4.58745002746582 0.2
7.421540260314941 14.413047790527344 4.696950912475586 0.2
7.334010124206543 14.647148132324219 4.71135139465332 0.2
7.31449031829834 14.838848114013672 4.56355094909668 0.2
7.458410263061523 14.892349243164062 4.369550704956055 0.2
7.513310432434082 14.769149780273438 4.170751571655273 0.2
7.41972017288208 14.54494857788086 4.139951705932617 0.2
7.341910362243652 14.333351135253906 4.247751235961914 0.2
7.460830211639404 14.193050384521484 4.402851104736328 0.2
7.707870006561279 14.170150756835938 4.41254997253418 0.2
7.888840198516846 14.196849822998047 4.248250961303711 0.2
7.8720903396606445 14.329151153564453 4.04625129699707 0.2
7.755450248718262 14.545948028564453 4.00775146484375 0.2
7.709920406341553 14.778450012207031 4.075351715087891 0.2
7.874110221862793 14.935249328613281 4.159450531005859 0.2
8.121800422668457 14.933147430419922 4.174449920654297 0.2
8.241220474243164 14.768447875976562 4.303350448608398 0.2
8.160579681396484 14.5489501953125 4.392751693725586 0.2
8.066459655761719 14.323348999023438 4.362251281738281 0.2
8.129220008850098 14.191349029541016 4.166049957275391 0.2
8.34136962890625 14.193050384521484 4.03754997253418 0.2
8.557239532470703 14.30474853515625 4.0769500732421875 0.2
8.580499649047852 14.527851104736328 4.173250198364258 0.2
8.472000122070312 14.753650665283203 4.197050094604492 0.2
8.397720336914062 14.946048736572266 4.066751480102539 0.2
8.50564956665039 15.014049530029297 3.853151321411133 0.2
8.585350036621094 14.909950256347656 3.648651123046875 0.2
8.521340370178223 14.677448272705078 3.6070499420166016 0.2
8.457010269165039 14.455848693847656 3.708650588989258 0.2
8.54561996459961 14.289249420166016 3.8616504669189453 0.2
8.789939880371094 14.262550354003906 3.8931503295898438 0.2
8.985429763793945 14.288047790527344 3.7432498931884766 0.2
8.98822021484375 14.376449584960938 3.5134506225585938 0.2
8.859439849853516 14.575847625732422 3.441150665283203 0.2
8.759040832519531 14.80364990234375 3.475950241088867 0.2
8.84756088256836 15.017349243164062 3.553150177001953 0.2
9.084010124206543 15.091751098632812 3.527650833129883 0.2
9.29364013671875 14.994647979736328 3.6005516052246094 0.2
9.298580169677734 14.779251098632812 3.7243499755859375 0.2
9.216720581054688 14.54644775390625 3.7784500122070312 0.2
9.194379806518555 14.352447509765625 3.635051727294922 0.2
9.348119735717773 14.329547882080078 3.4425506591796875 0.2
9.574010848999023 14.425251007080078 3.393850326538086 0.2
9.667390823364258 14.637550354003906 3.4756507873535156 0.2
9.569310188293457 14.865348815917969 3.522550582885742 0.2
9.448089599609375 15.065750122070312 3.4408512115478516 0.2
9.480620384216309 15.163749694824219 3.2184505462646484 0.2
9.566650390625 15.093650817871094 2.9990501403808594 0.2
9.531400680541992 14.86104965209961 2.929950714111328 0.2
9.504579544067383 14.633750915527344 3.040250778198242 0.2
9.60403060913086 14.479549407958984 3.2036514282226562 0.2
9.848819732666016 14.505847930908203 3.24114990234375 0.2
10.024890899658203 14.563549041748047 3.070850372314453 0.2
9.966630935668945 14.595050811767578 2.829050064086914 0.2
9.799050331115723 14.758647918701172 2.7486515045166016 0.2
9.716489791870117 14.993148803710938 2.7879505157470703 0.2
9.852880477905273 15.19485092163086 2.8185501098632812 0.2
10.091650009155273 15.22854995727539 2.739950180053711 0.2
10.27865982055664 15.085350036621094 2.8056507110595703 0.2
10.263629913330078 14.848247528076172 2.897550582885742 0.2
10.167530059814453 14.623950958251953 2.8434505462646484 0.2
10.18673038482666 14.511650085449219 2.6194515228271484 0.2
10.398950576782227 14.4864501953125 2.484050750732422 0.2
10.597299575805664 14.615047454833984 2.5585498809814453 0.2
10.562470436096191 14.848548889160156 2.648651123046875 0.2
10.445560455322266 15.075950622558594 2.6614513397216797 0.2
10.386880874633789 15.236248016357422 2.482351303100586 0.2
10.487140655517578 15.236148834228516 2.247051239013672 0.2
10.481620788574219 15.041450500488281 2.0953502655029297 0.2
10.449080467224121 14.793449401855469 2.149850845336914 0.2
10.490900039672852 14.575450897216797 2.274850845336914 0.2
10.717639923095703 14.49224853515625 2.353151321411133 0.2
10.94303035736084 14.480949401855469 2.232950210571289 0.2
10.969630241394043 14.513450622558594 1.9860515594482422 0.2
10.825300216674805 14.694351196289062 1.8894500732421875 0.2
10.695260047912598 14.91604995727539 1.9197502136230469 0.2
10.692020416259766 15.15985107421875 1.9848499298095703 0.2
10.909219741821289 15.291748046875 1.959951400756836 0.2
11.152830123901367 15.2281494140625 1.9755516052246094 0.2
11.21737003326416 15.001548767089844 2.0764503479003906 0.2
11.19321060180664 14.750850677490234 2.1412506103515625 0.2
11.17477035522461 14.520347595214844 2.0368499755859375 0.2
11.307829856872559 14.453548431396484 1.8294506072998047 0.2
11.54347038269043 14.510848999023438 1.7481498718261719 0.2
11.645520210266113 14.728450775146484 1.8240509033203125 0.2
11.531789779663086 14.958850860595703 1.8624515533447266 0.2
11.391480445861816 15.177650451660156 1.8681507110595703 0.2
11.298830032348633 15.346748352050781 1.7045516967773438 0.2
11.385640144348145 15.373649597167969 1.4597511291503906 0.2
11.421310424804688 15.17245101928711 1.3118515014648438 0.2
11.449170112609863 14.927448272705078 1.363250732421875 0.2
11.489200592041016 14.699150085449219 1.4491500854492188 0.2
11.633210182189941 14.548149108886719 1.5712509155273438 0.2
11.874770164489746 14.5760498046875 1.5691509246826172 0.2
12.07334041595459 14.63385009765625 1.4322509765625 0.2
12.19281005859375 14.67184829711914 1.2232513427734375 0.2
12.071189880371094 14.753250122070312 1.0326499938964844 0.2
11.897820472717285 14.927947998046875 1.0258502960205078 0.2
11.738420486450195 15.113048553466797 1.0539512634277344 0.2
11.634389877319336 15.331050872802734 1.0978507995605469 0.2
11.736470222473145 15.5489501953125 1.086151123046875 0.2
11.958660125732422 15.621349334716797 0.9993515014648438 0.2
12.160460472106934 15.477447509765625 1.060251235961914 0.2
12.240910530090332 15.241649627685547 1.1410503387451172 0.2
12.312829971313477 14.99905014038086 1.2097511291503906 0.2
12.347209930419922 14.777347564697266 1.0924510955810547 0.2
12.411900520324707 14.801750183105469 0.8427505493164062 0.2
12.513150215148926 14.919048309326172 0.6299514770507812 0.2
12.656380653381348 15.093650817871094 0.5018501281738281 0.2
12.677550315856934 15.333248138427734 0.5892505645751953 0.2
12.509730339050293 15.518848419189453 0.6764507293701172 0.2
12.315770149230957 15.690650939941406 0.7315502166748047 0.2
12.15077018737793 15.830947875976562 0.5972499847412109 0.2
12.186840057373047 15.887348175048828 0.3422508239746094 0.2
12.252639770507812 15.709148406982422 0.1737499237060547 0.2
12.373479843139648 15.477848052978516 0.19245147705078125 0.2
12.517990112304688 15.265850067138672 0.2436504364013672 0.2
12.755670547485352 15.238048553466797 0.3244514465332031 0.2
12.914420127868652 15.40005111694336 0.20795059204101562 0.2
12.905460357666016 15.488750457763672 -0.03514862060546875 0.2
12.68949031829834 15.55324935913086 -0.1564483642578125 0.2
12.477320671081543 15.691551208496094 -0.09144973754882812 0.2
12.316360473632812 15.875350952148438 -0.0012493133544921875 0.2
12.352250099182129 16.125747680664062 -0.0022487640380859375 0.2
12.529399871826172 16.259449005126953 -0.14244842529296875 0.2
12.766819953918457 16.16994857788086 -0.13464927673339844 0.2
12.90132999420166 15.950550079345703 -0.07844924926757812 0.2
12.983650207519531 15.706748962402344 -0.09624862670898438 0.2
12.970459938049316 15.602848052978516 -0.3262500762939453 0.2
13.028200149536133 15.73714828491211 -0.5411491394042969 0.2
13.092700004577637 15.983848571777344 -0.5610485076904297 0.2
12.968700408935547 16.178749084472656 -0.4425487518310547 0.2
12.775239944458008 16.325450897216797 -0.3475494384765625 0.2
12.574090003967285 16.434650421142578 -0.4516487121582031 0.2
12.547599792480469 16.475948333740234 -0.7078495025634766 0.2
12.574259757995605 16.284549713134766 -0.8676490783691406 0.2
12.696599960327148 16.055648803710938 -0.8389492034912109 0.2
12.878689765930176 15.881149291992188 -0.7795486450195312 0.2
13.123499870300293 15.932449340820312 -0.8048496246337891 0.2
13.202600479125977 16.055450439453125 -1.0192489624023438 0.2
13.076399803161621 16.099449157714844 -1.2369499206542969 0.2
12.8372802734375 16.18505096435547 -1.2297496795654297 0.2
12.654359817504883 16.330047607421875 -1.1148490905761719 0.2
12.588749885559082 16.55915069580078 -1.0307483673095703 0.2
12.670120239257812 16.76424789428711 -1.1522483825683594 0.2
12.870160102844238 16.814449310302734 -1.2933483123779297 0.2
13.075699806213379 16.6656494140625 -1.269948959350586 0.2
13.204000473022461 16.444549560546875 -1.2209491729736328 0.2
13.22760009765625 16.212947845458984 -1.3127498626708984 0.2
13.200799942016602 16.1844482421875 -1.5643501281738281 0.2
13.254799842834473 16.344749450683594 -1.757049560546875 0.2
13.251299858093262 16.593250274658203 -1.7253494262695312 0.2
13.110600471496582 16.762649536132812 -1.5877494812011719 0.2
12.904610633850098 16.891048431396484 -1.5081501007080078 0.2
12.71891975402832 16.95275115966797 -1.6616497039794922 0.2
12.666640281677246 16.891250610351562 -1.9010486602783203 0.2
12.710320472717285 16.65544891357422 -1.9743499755859375 0.2
12.863750457763672 16.452449798583984 -1.929849624633789 0.2
13.086700439453125 16.332950592041016 -1.9095497131347656 0.2
13.281700134277344 16.415348052978516 -2.0454483032226562 0.2
13.278900146484375 16.483749389648438 -2.2927494049072266 0.2
13.07919979095459 16.47895050048828 -2.446249008178711 0.2
12.85630989074707 16.570850372314453 -2.3711490631103516 0.2
12.703229904174805 16.727848052978516 -2.2344493865966797 0.2
12.65392017364502 16.965648651123047 -2.1722488403320312 0.2
12.703740119934082 17.14645004272461 -2.3440494537353516 0.2
12.873539924621582 17.17435073852539 -2.5267486572265625 0.2
13.081999778747559 17.02684783935547 -2.5279483795166016 0.2
13.229499816894531 16.81884765625 -2.4855499267578125 0.2
13.24530029296875 16.580047607421875 -2.5596485137939453 0.2
13.169400215148926 16.517349243164062 -2.7927494049072266 0.2
13.169899940490723 16.65374755859375 -3.006448745727539 0.2
13.150099754333496 16.903850555419922 -3.00054931640625 0.2
13.033100128173828 17.082748413085938 -2.855348587036133 0.2
12.846460342407227 17.218448638916016 -2.7449493408203125 0.2
12.626130104064941 17.25885009765625 -2.856649398803711 0.2
12.51162052154541 17.167747497558594 -3.0661487579345703 0.2
12.544429779052734 16.925048828125 -3.114349365234375 0.2
12.712739944458008 16.731449127197266 -3.0833492279052734 0.2
12.93319034576416 16.605148315429688 -3.0886497497558594 0.2
13.113200187683105 16.66284942626953 -3.252948760986328 0.2
13.069900512695312 16.711151123046875 -3.501850128173828 0.2
12.8614501953125 16.680347442626953 -3.6410484313964844 0.2
12.638529777526855 16.753047943115234 -3.550748825073242 0.2
12.504010200500488 16.9156494140625 -3.4018497467041016 0.2
12.436030387878418 17.145648956298828 -3.3216495513916016 0.2
12.436070442199707 17.34185028076172 -3.4754486083984375 0.2
12.511190414428711 17.377147674560547 -3.7135486602783203 0.2
12.725790023803711 17.26634979248047 -3.7867488861083984 0.2
12.899030685424805 17.075748443603516 -3.752948760986328 0.2
12.966320037841797 16.832347869873047 -3.769350051879883 0.2
12.854750633239746 16.693050384521484 -3.9489498138427734 0.2
12.784930229187012 16.760848999023438 -4.1871490478515625 0.2
12.770130157470703 16.999649047851562 -4.262948989868164 0.2
12.682340621948242 17.205848693847656 -4.133049011230469 0.2
12.537360191345215 17.365249633789062 -3.9891490936279297 0.2
12.294219970703125 17.418048858642578 -4.010549545288086 0.2
12.135640144348145 17.359149932861328 -4.2048492431640625 0.2
12.109000205993652 17.122447967529297 -4.2767486572265625 0.2
12.268420219421387 16.921249389648438 -4.260549545288086 0.2
12.476349830627441 16.77014923095703 -4.263248443603516 0.2
12.672140121459961 16.784748077392578 -4.418649673461914 0.2
12.641960144042969 16.836048126220703 -4.6665496826171875 0.2
12.445460319519043 16.799747467041016 -4.822649002075195 0.2
12.210639953613281 16.835250854492188 -4.741849899291992 0.2
12.082980155944824 16.996150970458984 -4.585149765014648 0.2
12.003800392150879 17.214950561523438 -4.477849960327148 0.2
11.979889869689941 17.428550720214844 -4.604949951171875 0.2
11.983369827270508 17.47385025024414 -4.861249923706055 0.2
12.179969787597656 17.390850067138672 -4.993949890136719 0.2
12.366700172424316 17.208450317382812 -4.978948593139648 0.2
12.468729972839355 16.973751068115234 -4.975849151611328 0.2
12.360970497131348 16.790451049804688 -5.1105499267578125 0.2
12.260479927062988 16.81945037841797 -5.346248626708984 0.2
12.23865032196045 17.036949157714844 -5.473548889160156 0.2
12.1673002243042 17.25844955444336 -5.3605499267578125 0.2
12.043020248413086 17.427047729492188 -5.205450057983398 0.2
11.801230430603027 17.492149353027344 -5.189548492431641 0.2
11.620610237121582 17.438247680664062 -5.371049880981445 0.2
11.579120635986328 17.201950073242188 -5.443748474121094 0.2
11.741450309753418 16.998149871826172 -5.439249038696289 0.2
11.957050323486328 16.854549407958984 -5.461750030517578 0.2
12.13148021697998 16.876850128173828 -5.642749786376953 0.2
12.064180374145508 16.900348663330078 -5.893548965454102 0.2
11.845170021057129 16.83475112915039 -6.007749557495117 0.2
11.63290023803711 16.892948150634766 -5.883049011230469 0.2
11.521570205688477 17.068450927734375 -5.7243499755859375 0.2
11.454500198364258 17.303550720214844 -5.647449493408203 0.2
11.407050132751465 17.481849670410156 -5.819149017333984 0.2
11.431180000305176 17.485149383544922 -6.073049545288086 0.2
11.631120681762695 17.360149383544922 -6.174249649047852 0.2
11.813429832458496 17.16925048828125 -6.167049407958984 0.2
11.85713005065918 16.91754913330078 -6.188148498535156 0.2
11.713410377502441 16.780250549316406 -6.356449127197266 0.2
11.621990203857422 16.858848571777344 -6.58704948425293 0.2
11.57256031036377 17.10934829711914 -6.601949691772461 0.2
11.488520622253418 17.312549591064453 -6.452749252319336 0.2
11.318530082702637 17.45494842529297 -6.317249298095703 0.2
11.071809768676758 17.43954849243164 -6.3858489990234375 0.2
10.946720123291016 17.23794937133789 -6.476049423217773 0.2
11.068230628967285 17.008750915527344 -6.488948822021484 0.2
11.26904010772705 16.838150024414062 -6.516349792480469 0.2
11.467720031738281 16.77334976196289 -6.667049407958984 0.2
11.43533992767334 16.776050567626953 -6.928249359130859 0.2
11.228219985961914 16.680648803710938 -7.061149597167969 0.2
11.009490013122559 16.7115478515625 -6.930948257446289 0.2
10.90353012084961 16.904251098632812 -6.778049468994141 0.2
10.819450378417969 17.1302490234375 -6.665748596191406 0.2
10.7439603805542 17.343250274658203 -6.786748886108398 0.2
10.705440521240234 17.341449737548828 -7.046348571777344 0.2
10.877250671386719 17.198749542236328 -7.182649612426758 0.2
11.053000450134277 17.022449493408203 -7.211849212646484 0.2
11.178190231323242 16.805248260498047 -7.2290496826171875 0.2
11.077360153198242 16.585948944091797 -7.292949676513672 0.2
10.919900894165039 16.530750274658203 -7.481748580932617 0.2
10.807290077209473 16.709949493408203 -7.6040496826171875 0.2
10.733110427856445 16.933250427246094 -7.5090484619140625 0.2
10.666839599609375 17.14175033569336 -7.385149002075195 0.2
10.533040046691895 17.30215072631836 -7.246849060058594 0.2
10.281160354614258 17.279949188232422 -7.231649398803711 0.2
10.160750389099121 17.065547943115234 -7.244749069213867 0.2
10.298009872436523 16.855247497558594 -7.262948989868164 0.2
10.477880477905273 16.68415069580078 -7.302949905395508 0.2
10.660079956054688 16.522048950195312 -7.375949859619141 0.2
10.71267032623291 16.44704818725586 -7.605249404907227 0.2
10.53877067565918 16.40654754638672 -7.785449981689453 0.2
10.337869644165039 16.360347747802734 -7.930248260498047 0.2
10.103260040283203 16.29214859008789 -7.984548568725586 0.2
9.927570343017578 16.35704803466797 -7.8251495361328125 0.2
9.871110916137695 16.563148498535156 -7.692150115966797 0.2
9.826400756835938 16.778247833251953 -7.570348739624023 0.2
9.783370018005371 17.014450073242188 -7.490549087524414 0.2
9.679800033569336 17.203147888183594 -7.611549377441406 0.2
9.561070442199707 17.18634796142578 -7.832248687744141 0.2
9.657369613647461 17.020851135253906 -7.993049621582031 0.2
9.793340682983398 16.817249298095703 -8.055549621582031 0.2
9.929100036621094 16.61294937133789 -8.11614990234375 0.2
9.972990036010742 16.367847442626953 -8.126649856567383 0.2
9.761329650878906 16.239151000976562 -8.118148803710938 0.2
9.516280174255371 16.237049102783203 -8.175348281860352 0.2
9.27637004852295 16.251049041748047 -8.251850128173828 0.2
9.141429901123047 16.393848419189453 -8.401649475097656 0.2
9.152860641479492 16.643051147460938 -8.386148452758789 0.2
9.172200202941895 16.866249084472656 -8.271949768066406 0.2
9.176440238952637 17.08504867553711 -8.146648406982422 0.2
9.020410537719727 17.211349487304688 -8.004949569702148 0.2
8.766950607299805 17.177448272705078 -8.012350082397461 0.2
8.663530349731445 16.95384979248047 -8.001348495483398 0.2
8.740020751953125 16.720050811767578 -8.063549041748047 0.2
8.833379745483398 16.50014877319336 -8.144149780273438 0.2
8.921330451965332 16.34164810180664 -8.31505012512207 0.2
8.814820289611816 16.382450103759766 -8.531448364257812 0.2
8.566020011901855 16.415950775146484 -8.571048736572266 0.2
8.376630783081055 16.45064926147461 -8.415349960327148 0.2
8.36454963684082 16.62744903564453 -8.240449905395508 0.2
8.39702033996582 16.84524917602539 -8.120248794555664 0.2
8.412890434265137 17.080150604248047 -8.078248977661133 0.2
8.297399520874023 17.244049072265625 -8.196649551391602 0.2
8.130800247192383 17.2386474609375 -8.367549896240234 0.2
8.150659561157227 17.083049774169922 -8.540149688720703 0.2
8.240699768066406 16.87445068359375 -8.609949111938477 0.2
8.316160202026367 16.652149200439453 -8.650650024414062 0.2
8.230330467224121 16.45064926147461 -8.576749801635742 0.2
7.996530055999756 16.430347442626953 -8.559549331665039 0.2
7.8037800788879395 16.52254867553711 -8.656448364257812 0.2
7.778950214385986 16.73794937133789 -8.739049911499023 0.2
7.830440044403076 16.95964813232422 -8.674749374389648 0.2
7.864640235900879 17.16714859008789 -8.567049026489258 0.2
7.750850200653076 17.3011474609375 -8.417749404907227 0.2
7.515200138092041 17.311649322509766 -8.386148452758789 0.2
7.368170261383057 17.145248413085938 -8.33234977722168 0.2
7.42132043838501 16.91864776611328 -8.345449447631836 0.2
7.519120216369629 16.715248107910156 -8.404850006103516 0.2
7.588490009307861 16.56385040283203 -8.563650131225586 0.2
7.4795403480529785 16.566848754882812 -8.765348434448242 0.2
7.251290321350098 16.596847534179688 -8.809249877929688 0.2
7.058600425720215 16.632549285888672 -8.687749862670898 0.2
7.036910057067871 16.780948638916016 -8.513248443603516 0.2
7.091080188751221 16.985748291015625 -8.414548873901367 0.2
7.128859996795654 17.213150024414062 -8.393348693847656 0.2
7.021120071411133 17.387550354003906 -8.5135498046875 0.2
6.807690143585205 17.405147552490234 -8.638948440551758 0.2
6.761870384216309 17.270748138427734 -8.831348419189453 0.2
6.859180450439453 17.05514907836914 -8.901649475097656 0.2
6.945890426635742 16.824649810791016 -8.913549423217773 0.2
6.85045051574707 16.63105010986328 -8.810049057006836 0.2
6.6080002784729 16.609649658203125 -8.796049118041992 0.2
6.420740127563477 16.709049224853516 -8.912849426269531 0.2
6.421700477600098 16.936649322509766 -8.99324893951416 0.2
6.497280120849609 17.16415023803711 -8.933549880981445 0.2
6.51162052154541 17.370750427246094 -8.80364990234375 0.2
6.319149971008301 17.463848114013672 -8.686149597167969 0.2
6.065589904785156 17.408050537109375 -8.647649765014648 0.2
6.01692008972168 17.170448303222656 -8.57765007019043 0.2
6.122380256652832 16.933250427246094 -8.616949081420898 0.2
6.214620113372803 16.735549926757812 -8.753049850463867 0.2
6.1118903160095215 16.69384765625 -8.978549003601074 0.2
5.854030132293701 16.704849243164062 -9.01884937286377 0.2
5.664780139923096 16.74945068359375 -8.85464859008789 0.2
5.683930397033691 16.94355010986328 -8.687849044799805 0.2
5.758180141448975 17.183448791503906 -8.615949630737305 0.2
5.739130020141602 17.424449920654297 -8.69114875793457 0.2
5.524320125579834 17.50564956665039 -8.805749893188477 0.2
5.36961030960083 17.41524887084961 -8.981749534606934 0.2
5.433720111846924 17.19554901123047 -9.099248886108398 0.2
5.539100170135498 16.95655059814453 -9.123249053955078 0.2
5.50452995300293 16.731849670410156 -9.015748977661133 0.2
5.262730121612549 16.66954803466797 -8.954750061035156 0.2
5.034700393676758 16.735450744628906 -9.054449081420898 0.2
5.009350299835205 16.95764923095703 -9.170248985290527 0.2
5.094019889831543 17.202247619628906 -9.131149291992188 0.2
5.127030372619629 17.42694854736328 -9.010048866271973 0.2
4.945870399475098 17.530048370361328 -8.869850158691406 0.2
4.701910018920898 17.47344970703125 -8.811748504638672 0.2
4.652500152587891 17.242847442626953 -8.725549697875977 0.2
4.754660129547119 17.006450653076172 -8.759550094604492 0.2
4.841740131378174 16.79615020751953 -8.87984848022461 0.2
4.739109992980957 16.727249145507812 -9.098448753356934 0.2
4.484940052032471 16.731647491455078 -9.144148826599121 0.2
4.291530132293701 16.7718505859375 -8.986148834228516 0.2
4.3035502433776855 16.957950592041016 -8.81454849243164 0.2
4.384980201721191 17.196548461914062 -8.749248504638672 0.2
4.395140171051025 17.44445037841797 -8.802848815917969 0.2
4.192950248718262 17.55084991455078 -8.917049407958984 0.2
3.9937832355499268 17.48175048828125 -9.060749053955078 0.2
4.02379035949707 17.269248962402344 -9.198149681091309 0.2
4.12954044342041 17.03384780883789 -9.235548973083496 0.2
4.145319938659668 16.796348571777344 -9.150649070739746 0.2
3.9412612915039062 16.699249267578125 -9.038349151611328 0.2
3.692082166671753 16.73094940185547 -9.089348793029785 0.2
3.601992130279541 16.916648864746094 -9.233149528503418 0.2
3.678342342376709 17.16394805908203 -9.231149673461914 0.2
3.751476287841797 17.399250030517578 -9.151248931884766 0.2
3.645341157913208 17.549148559570312 -8.981348991394043 0.2
3.3955981731414795 17.54145050048828 -8.906349182128906 0.2
3.28347110748291 17.349849700927734 -8.791448593139648 0.2
3.364342212677002 17.104049682617188 -8.799348831176758 0.2
3.461022138595581 16.878448486328125 -8.885950088500977 0.2
3.41363525390625 16.75484848022461 -9.09804916381836 0.2
3.170847177505493 16.747947692871094 -9.183049201965332 0.2
2.9436681270599365 16.767349243164062 -9.066349029541016 0.2
2.9181067943573 16.915149688720703 -8.865049362182617 0.2
3.002708911895752 17.149749755859375 -8.789749145507812 0.2
3.0496554374694824 17.401649475097656 -8.803749084472656 0.2
2.89469313621521 17.562049865722656 -8.917449951171875 0.2
2.655656337738037 17.536449432373047 -9.008949279785156 0.2
2.6089463233947754 17.352848052978516 -9.17354965209961 0.2
2.707515239715576 17.12004852294922 -9.234249114990234 0.2
2.774550199508667 16.87485122680664 -9.200348854064941 0.2
2.635150194168091 16.731449127197266 -9.047649383544922 0.2
2.3773603439331055 16.731048583984375 -9.027449607849121 0.2
2.214250087738037 16.869949340820312 -9.15934944152832 0.2
2.2590532302856445 17.116649627685547 -9.206748962402344 0.2
2.349715232849121 17.355751037597656 -9.155949592590332 0.2
2.3221373558044434 17.541549682617188 -8.988749504089355 0.2
2.092536211013794 17.573150634765625 -8.871849060058594 0.2
1.926320195198059 17.430248260498047 -8.749448776245117 0.2
1.9781901836395264 17.18124771118164 -8.724849700927734 0.2
2.0778071880340576 16.95294952392578 -8.798648834228516 0.2
2.07124924659729 16.789249420166016 -8.98914909362793 0.2
1.8521902561187744 16.763450622558594 -9.112349510192871 0.2
1.609850287437439 16.76744842529297 -9.029648780822754 0.2
1.5401902198791504 16.867549896240234 -8.809749603271484 0.2
1.6222902536392212 17.09204864501953 -8.712348937988281 0.2
1.6963802576065063 17.339149475097656 -8.695749282836914 0.2
1.5911002159118652 17.543949127197266 -8.792549133300781 0.2
1.3381502628326416 17.562049865722656 -8.850648880004883 0.2
1.2172502279281616 17.416149139404297 -9.013849258422852 0.2
1.292870283126831 17.185447692871094 -9.106849670410156 0.2
1.3806302547454834 16.941749572753906 -9.118148803710938 0.2
1.3109902143478394 16.754249572753906 -8.966949462890625 0.2
1.063630223274231 16.72264862060547 -8.897048950195312 0.2
0.849440336227417 16.821449279785156 -8.991249084472656 0.2
0.8534302711486816 17.062850952148438 -9.067548751831055 0.2
0.9490301609039307 17.303050994873047 -9.032949447631836 0.2
0.9743402004241943 17.50954818725586 -8.887849807739258 0.2
0.7891602516174316 17.571548461914062 -8.727949142456055 0.2
0.5985503196716309 17.46344757080078 -8.602449417114258 0.2
0.6174402236938477 17.21704864501953 -8.549749374389648 0.2
0.7110302448272705 16.98604965209961 -8.623748779296875 0.2
0.7377302646636963 16.79644775390625 -8.791248321533203 0.2
0.5456302165985107 16.755149841308594 -8.949548721313477 0.2
0.2907102108001709 16.755149841308594 -8.901248931884766 0.2
0.18116021156311035 16.808448791503906 -8.680948257446289 0.2
0.25451016426086426 17.01034927368164 -8.54334831237793 0.2
0.3456001281738281 17.251049041748047 -8.502849578857422 0.2
0.30193018913269043 17.490447998046875 -8.566450119018555 0.2
0.05673027038574219 17.56134796142578 -8.611648559570312 0.2
-0.13544988632202148 17.46194839477539 -8.739448547363281 0.2
-0.10073971748352051 17.243450164794922 -8.870849609375 0.2
-0.007329702377319336 17.007850646972656 -8.929349899291992 0.2
-0.011379718780517578 16.78084945678711 -8.82084846496582 0.2
-0.2208397388458252 16.711048126220703 -8.694648742675781 0.2
-0.4658796787261963 16.773448944091797 -8.725648880004883 0.2
-0.5276298522949219 16.998149871826172 -8.82135009765625 0.2
-0.4349498748779297 17.240150451660156 -8.799148559570312 0.2
-0.3626697063446045 17.460750579833984 -8.687448501586914 0.2
-0.4863898754119873 17.552947998046875 -8.489248275756836 0.2
-0.7009596824645996 17.486648559570312 -8.356849670410156 0.2
-0.7228996753692627 17.251049041748047 -8.273649215698242 0.2
-0.6408898830413818 17.015949249267578 -8.351348876953125 0.2
-0.6008796691894531 16.815750122070312 -8.507148742675781 0.2
-0.7654597759246826 16.754650115966797 -8.686948776245117 0.2
-1.0230798721313477 16.749950408935547 -8.652849197387695 0.2
-1.160569667816162 16.771549224853516 -8.44124984741211 0.2
-1.0906095504760742 16.947750091552734 -8.271848678588867 0.2
-0.9875397682189941 17.180747985839844 -8.216650009155273 0.2
-1.0048398971557617 17.431350708007812 -8.248449325561523 0.2
-1.2345895767211914 17.53554916381836 -8.275249481201172 0.2
-1.4551496505737305 17.46704864501953 -8.374248504638672 0.2
-1.458939552307129 17.26634979248047 -8.532049179077148 0.2
-1.3732595443725586 17.03514862060547 -8.619850158691406 0.2
-1.3472895622253418 16.79254913330078 -8.555049896240234 0.2
-1.5307097434997559 16.695049285888672 -8.406949996948242 0.2
-1.7858796119689941 16.740447998046875 -8.397850036621094 0.2
-1.881049633026123 16.955848693847656 -8.486949920654297 0.2
-1.7921299934387207 17.200550079345703 -8.464448928833008 0.2
-1.7010798454284668 17.419750213623047 -8.359149932861328 0.2
-1.7843799591064453 17.517349243164062 -8.143348693847656 0.2
-1.9946599006652832 17.45494842529297 -8.00484848022461 0.2
-2.031989574432373 17.217750549316406 -7.929649353027344 0.2
-1.9653797149658203 16.984050750732422 -8.023550033569336 0.2
-1.941269874572754 16.79024887084961 -8.1927490234375 0.2
-2.1201295852661133 16.745147705078125 -8.366048812866211 0.2
-2.377129554748535 16.742450714111328 -8.327049255371094 0.2
-2.4966697692871094 16.752750396728516 -8.104949951171875 0.2
-2.4067697525024414 16.918350219726562 -7.933050155639648 0.2
-2.2924699783325195 17.145347595214844 -7.869548797607422 0.2
-2.309149742126465 17.397449493408203 -7.891149520874023 0.2
-2.5515198707580566 17.489849090576172 -7.908849716186523 0.2
-2.76138973236084 17.42184829711914 -8.014049530029297 0.2
-2.7688398361206055 17.234249114990234 -8.169748306274414 0.2
-2.7059597969055176 17.015647888183594 -8.265548706054688 0.2
-2.698359966278076 16.77914810180664 -8.218149185180664 0.2
-2.8722596168518066 16.670948028564453 -8.089849472045898 0.2
-3.1143898963928223 16.700950622558594 -8.07765007019043 0.2
-3.221059799194336 16.90374755859375 -8.15114974975586 0.2
-3.1351699829101562 17.13214874267578 -8.116748809814453 0.2
-3.0292396545410156 17.336448669433594 -8.028148651123047 0.2
-3.0389299392700195 17.454151153564453 -7.81934928894043 0.2
-3.227649688720703 17.428348541259766 -7.66094970703125 0.2
-3.316699981689453 17.23004913330078 -7.566049575805664 0.2
-3.2922396659851074 17.01034927368164 -7.639549255371094 0.2
-3.2628698348999023 16.818450927734375 -7.770549774169922 0.2
-3.3175296783447266 16.702350616455078 -7.961849212646484 0.2
-3.52632999420166 16.696949005126953 -8.061649322509766 0.2
-3.75046968460083 16.673248291015625 -7.996549606323242 0.2
-3.827779769897461 16.658050537109375 -7.780448913574219 0.2
-3.7336297035217285 16.79644775390625 -7.620748519897461 0.2
-3.6206698417663574 16.983448028564453 -7.539249420166016 0.2
-3.546529769897461 17.198348999023438 -7.486949920654297 0.2
-3.666839599609375 17.39284896850586 -7.49064826965332 0.2
-3.9022397994995117 17.420547485351562 -7.494150161743164 0.2
-4.042929649353027 17.32054901123047 -7.6506500244140625 0.2
-4.033379554748535 17.123950958251953 -7.805049896240234 0.2
-4.003429889678955 16.910850524902344 -7.932548522949219 0.2
-4.0212297439575195 16.668750762939453 -7.910148620605469 0.2
-4.206949710845947 16.559749603271484 -7.789449691772461 0.2
-4.44897985458374 16.606548309326172 -7.750848770141602 0.2
-4.524359703063965 16.836750030517578 -7.736549377441406 0.2
-4.421209812164307 17.054649353027344 -7.665248870849609 0.2
-4.303249835968018 17.258548736572266 -7.5816497802734375 0.2
-4.220629692077637 17.40094757080078 -7.39954948425293 0.2
-4.326469898223877 17.389949798583984 -7.172649383544922 0.2
-4.411999702453613 17.193248748779297 -7.057350158691406 0.2
-4.4106597900390625 16.966949462890625 -7.161348342895508 0.2
-4.406369686126709 16.772350311279297 -7.316450119018555 0.2
-4.441499710083008 16.597049713134766 -7.4913482666015625 0.2
-4.648499965667725 16.559947967529297 -7.614849090576172 0.2
-4.883099555969238 16.584949493408203 -7.532649993896484 0.2
-5.100029945373535 16.605648040771484 -7.412248611450195 0.2
-5.242239952087402 16.588848114013672 -7.21204948425293 0.2
-5.137729644775391 16.646949768066406 -7.000148773193359 0.2
-4.981789588928223 16.824748992919922 -6.922449111938477 0.2
-4.8316497802734375 17.012451171875 -6.8605499267578125 0.2
-4.744389533996582 17.239948272705078 -6.817249298095703 0.2
-4.885939598083496 17.428348541259766 -6.75994873046875 0.2
-5.129739761352539 17.436649322509766 -6.725849151611328 0.2
-5.276419639587402 17.299049377441406 -6.867448806762695 0.2
-5.3260498046875 17.10824966430664 -7.018749237060547 0.2
-5.372690200805664 16.909748077392578 -7.16094970703125 0.2
-5.4156999588012695 16.672348022460938 -7.142848968505859 0.2
-5.511050224304199 16.608348846435547 -6.9259490966796875 0.2
-5.6403093338012695 16.656349182128906 -6.719449996948242 0.2
-5.793079376220703 16.75714874267578 -6.552148818969727 0.2
-5.859809875488281 16.991348266601562 -6.532848358154297 0.2
-5.726009368896484 17.200847625732422 -6.524749755859375 0.2
-5.560239791870117 17.378650665283203 -6.497148513793945 0.2
-5.403769493103027 17.498748779296875 -6.376749038696289 0.2
-5.403249740600586 17.51715087890625 -6.145050048828125 0.2
-5.481809616088867 17.402748107910156 -5.958950042724609 0.2
-5.547189712524414 17.182147979736328 -5.971248626708984 0.2
-5.637609481811523 17.00374984741211 -6.0928497314453125 0.2
-5.7523393630981445 16.852951049804688 -6.231349945068359 0.2
-5.948319435119629 16.87384796142578 -6.3428497314453125 0.2
-6.104519844055176 16.989547729492188 -6.221948623657227 0.2
-6.153209686279297 17.009048461914062 -5.99384880065918 0.2
-6.027369499206543 16.980648040771484 -5.802148818969727 0.2
-5.825900077819824 17.075050354003906 -5.742549896240234 0.2
-5.6568498611450195 17.240650177001953 -5.733648300170898 0.2
-5.604959487915039 17.474048614501953 -5.704648971557617 0.2
-5.729299545288086 17.617450714111328 -5.552249908447266 0.2
-5.949560165405273 17.61684799194336 -5.454248428344727 0.2
-6.119770050048828 17.490150451660156 -5.571649551391602 0.2
-6.202879905700684 17.315650939941406 -5.723949432373047 0.2
-6.214240074157715 17.078350067138672 -5.7402496337890625 0.2
-6.208359718322754 16.97134780883789 -5.52604866027832 0.2
-6.283129692077637 17.045047760009766 -5.308050155639648 0.2
-6.337189674377441 17.265350341796875 -5.227748870849609 0.2
-6.224259376525879 17.480648040771484 -5.249349594116211 0.2
-6.0398101806640625 17.636947631835938 -5.228649139404297 0.2
-5.903679847717285 17.678447723388672 -5.03904914855957 0.2
-5.909729957580566 17.617950439453125 -4.802448272705078 0.2
-5.908679962158203 17.393447875976562 -4.734149932861328 0.2
-5.97914981842041 17.200950622558594 -4.862949371337891 0.2
-6.111689567565918 17.070247650146484 -5.017950057983398 0.2
-6.342229843139648 17.0948486328125 -5.049049377441406 0.2
-6.4687700271606445 17.15074920654297 -4.853748321533203 0.2
-6.445639610290527 17.130950927734375 -4.613948822021484 0.2
-6.248919486999512 17.120250701904297 -4.482049942016602 0.2
-6.0530500411987305 17.25844955444336 -4.483348846435547 0.2
-5.948579788208008 17.473148345947266 -4.496049880981445 0.2
-6.014039993286133 17.680347442626953 -4.3829498291015625 0.2
-6.140839576721191 17.713848114013672 -4.161548614501953 0.2
-6.371919631958008 17.637550354003906 -4.129249572753906 0.2
-6.495049476623535 17.48004913330078 -4.290849685668945 0.2
-6.51785945892334 17.25735092163086 -4.407449722290039 0.2
-6.4622697830200195 17.063751220703125 -4.264749526977539 0.2
-6.497929573059082 17.058048248291016 -4.012748718261719 0.2
-6.59235954284668 17.229248046875 -3.85784912109375 0.2
-6.545299530029297 17.475749969482422 -3.871448516845703 0.2
-6.371039390563965 17.660449981689453 -3.8900489807128906 0.2
-6.194449424743652 17.720748901367188 -3.7283496856689453 0.2
-6.178159713745117 17.67544937133789 -3.4766483306884766 0.2
-6.150479316711426 17.458850860595703 -3.3676490783691406 0.2
-6.20458984375 17.246849060058594 -3.492349624633789 0.2
-6.344389915466309 17.113048553466797 -3.6560497283935547 0.2
-6.589189529418945 17.126850128173828 -3.664949417114258 0.2
-6.711520195007324 17.158050537109375 -3.4493484497070312 0.2
-6.660140037536621 17.116249084472656 -3.208049774169922 0.2
-6.435269355773926 17.124248504638672 -3.1045494079589844 0.2
-6.249239921569824 17.294349670410156 -3.1333484649658203 0.2
-6.189809799194336 17.536148071289062 -3.134349822998047 0.2
-6.274990081787109 17.69464874267578 -2.9667491912841797 0.2
-6.40447998046875 17.68505096435547 -2.7486495971679688 0.2
-6.629399299621582 17.59014892578125 -2.7526493072509766 0.2
-6.743259429931641 17.437950134277344 -2.9224491119384766 0.2
-6.747309684753418 17.212047576904297 -3.021648406982422 0.2
-6.686980247497559 17.029850006103516 -2.869049072265625 0.2
-6.721249580383301 17.02614974975586 -2.619548797607422 0.2
-6.805150032043457 17.196548461914062 -2.4608497619628906 0.2
-6.7529802322387695 17.44084930419922 -2.473848342895508 0.2
-6.580860137939453 17.624248504638672 -2.498350143432617 0.2
-6.39447021484375 17.671947479248047 -2.347848892211914 0.2
-6.344389915466309 17.597450256347656 -2.1104488372802734 0.2
-6.296219825744629 17.368549346923828 -2.0444488525390625 0.2
-6.363639831542969 17.171051025390625 -2.1823501586914062 0.2
-6.528659820556641 17.053050994873047 -2.3297500610351562 0.2
-6.769159317016602 17.059547424316406 -2.2920494079589844 0.2
-6.859370231628418 17.05915069580078 -2.058849334716797 0.2
-6.773809432983398 16.99414825439453 -1.8334484100341797 0.2
-6.5383501052856445 16.998050689697266 -1.766448974609375 0.2
-6.361330032348633 17.170948028564453 -1.8103485107421875 0.2
-6.305789947509766 17.412250518798828 -1.8064498901367188 0.2
-6.3723297119140625 17.563148498535156 -1.6259498596191406 0.2
-6.467350006103516 17.533451080322266 -1.3957500457763672 0.2
-6.68666934967041 17.433650970458984 -1.3650493621826172 0.2
-6.821929931640625 17.292247772216797 -1.5268497467041016 0.2
-6.838079452514648 17.076248168945312 -1.6439495086669922 0.2
-6.753749847412109 16.882549285888672 -1.519449234008789 0.2
-6.744619369506836 16.846149444580078 -1.2706489562988281 0.2
-6.805459976196289 16.999248504638672 -1.0869483947753906 0.2
-6.762189865112305 17.243549346923828 -1.0868492126464844 0.2
-6.601019859313965 17.43164825439453 -1.1262493133544922 0.2
-6.388919830322266 17.4698486328125 -1.0120487213134766 0.2
-6.292599678039551 17.37474822998047 -0.8046493530273438 0.2
-6.2260894775390625 17.15904998779297 -0.7681484222412109 0.2
-6.29733943939209 16.976551055908203 -0.8960494995117188 0.2
-6.458499908447266 16.862648010253906 -1.0266494750976562 0.2
-6.685009956359863 16.834148406982422 -0.995849609375 0.2
-6.7806396484375 16.821949005126953 -0.7836494445800781 0.2
-6.714089393615723 16.75374984741211 -0.5684490203857422 0.2
-6.506429672241211 16.696449279785156 -0.48114967346191406 0.2
-6.308269500732422 16.810348510742188 -0.5228500366210938 0.2
-6.203899383544922 17.018550872802734 -0.5672492980957031 0.2
-6.206620216369629 17.232250213623047 -0.4786491394042969 0.2
-6.2293596267700195 17.283050537109375 -0.25264930725097656 0.2
-6.321269989013672 17.21044921875 -0.052448272705078125 0.2
-6.524219512939453 17.09954833984375 -0.05084991455078125 0.2
-6.658699989318848 16.968250274658203 -0.19775009155273438 0.2
-6.669719696044922 16.766048431396484 -0.3087501525878906 0.2
-6.561699867248535 16.581249237060547 -0.21974945068359375 0.2
-6.5046796798706055 16.517250061035156 0.0005512237548828125 0.2
-6.535369873046875 16.61614990234375 0.20905113220214844 0.2
-6.528949737548828 16.844650268554688 0.2517509460449219 0.2
-6.424160003662109 17.050350189208984 0.19355010986328125 0.2
-6.212739944458008 17.14365005493164 0.2048511505126953 0.2
-6.053879737854004 17.088848114013672 0.37095069885253906 0.2
-5.95319938659668 16.926349639892578 0.4873504638671875 0.2
-5.946839332580566 16.72024917602539 0.4152507781982422 0.2
-6.075809478759766 16.588050842285156 0.2881507873535156 0.2
-6.274059295654297 16.508148193359375 0.23165130615234375 0.2
-6.4460601806640625 16.487648010253906 0.3674507141113281 0.2
-6.443729400634766 16.435150146484375 0.5841503143310547 0.2
-6.316579818725586 16.347549438476562 0.7447509765625 0.2
-6.098139762878418 16.315750122070312 0.7469501495361328 0.2
-5.938929557800293 16.452449798583984 0.6761512756347656 0.2
-5.862739562988281 16.660648345947266 0.643951416015625 0.2
-5.856969833374023 16.846847534179688 0.7594509124755859 0.2
-5.834670066833496 16.862049102783203 0.9797515869140625 0.2
-5.880769729614258 16.766048431396484 1.1846504211425781 0.2
-6.077579498291016 16.647449493408203 1.2142505645751953 0.2
-6.23075008392334 16.518348693847656 1.0832500457763672 0.2
-6.235050201416016 16.318950653076172 0.9639511108398438 0.2
-6.1093597412109375 16.134750366210938 1.0335502624511719 0.2
-6.032790184020996 16.056049346923828 1.2439498901367188 0.2
-6.048230171203613 16.14965057373047 1.4566516876220703 0.2
-6.036649703979492 16.38134765625 1.4910507202148438 0.2
-5.934889793395996 16.588550567626953 1.4282512664794922 0.2
-5.713870048522949 16.657848358154297 1.4345512390136719 0.2
-5.5453596115112305 16.56964874267578 1.5771503448486328 0.2
-5.438320159912109 16.37154769897461 1.6195507049560547 0.2
-5.491119384765625 16.18254852294922 1.5172500610351562 0.2
-5.663689613342285 16.067848205566406 1.4264507293701172 0.2
-5.870880126953125 16.004249572753906 1.4694499969482422 0.2
-5.948200225830078 15.954151153564453 1.6719512939453125 0.2
-5.87045955657959 15.853248596191406 1.8591499328613281 0.2
-5.686729431152344 15.741649627685547 1.9173507690429688 0.2
-5.488249778747559 15.78554916381836 1.8293514251708984 0.2
-5.386829376220703 15.97414779663086 1.755950927734375 0.2
-5.332149505615234 16.191150665283203 1.770050048828125 0.2
-5.296209335327148 16.30754852294922 1.954050064086914 0.2
-5.239609718322754 16.24374771118164 2.1648502349853516 0.2
-5.340569496154785 16.12445068359375 2.3215503692626953 0.2
-5.526949882507324 15.999748229980469 2.2970504760742188 0.2
-5.667519569396973 15.858749389648438 2.1866512298583984 0.2
-5.650429725646973 15.654350280761719 2.097850799560547 0.2
-5.544679641723633 15.475948333740234 2.1848506927490234 0.2
-5.470349311828613 15.387847900390625 2.380950927734375 0.2
-5.424269676208496 15.493247985839844 2.5710506439208984 0.2
-5.372590065002441 15.713348388671875 2.586650848388672 0.2
-5.301079750061035 15.923149108886719 2.5281505584716797 0.2
-5.124810218811035 16.04834747314453 2.471651077270508 0.2
-4.912059783935547 15.995750427246094 2.527250289916992 0.2
-4.77101993560791 15.822750091552734 2.5541515350341797 0.2
-4.806899547576904 15.625850677490234 2.4565505981445312 0.2
-4.972859859466553 15.489849090576172 2.3765506744384766 0.2
-5.163239479064941 15.367149353027344 2.3465499877929688 0.2
-5.3010101318359375 15.262550354003906 2.4874515533447266 0.2
-5.244179725646973 15.168949127197266 2.6859512329101562 0.2
-5.112909317016602 15.075050354003906 2.848550796508789 0.2
-4.96550989151001 14.976848602294922 2.9957504272460938 0.2
-4.759269714355469 14.890449523925781 3.005950927734375 0.2
-4.598189830780029 14.978748321533203 2.879850387573242 0.2
-4.543689727783203 15.186450958251953 2.798450469970703 0.2
-4.511749744415283 15.408149719238281 2.748849868774414 0.2
-4.479349613189697 15.61655044555664 2.824451446533203 0.2
-4.375519752502441 15.65985107421875 3.027151107788086 0.2
-4.296249866485596 15.54134750366211 3.239950180053711 0.2
-4.429649829864502 15.354450225830078 3.3417510986328125 0.2
-4.601039886474609 15.163249969482422 3.311349868774414 0.2
-4.70419979095459 14.944648742675781 3.232351303100586 0.2
-4.56512975692749 14.750450134277344 3.160449981689453 0.2
-4.334629535675049 14.66204833984375 3.234651565551758 0.2
-4.151009559631348 14.65155029296875 3.408550262451172 0.2
-4.12891960144043 14.837047576904297 3.5722503662109375 0.2
-4.156589984893799 15.092750549316406 3.548450469970703 0.2
-4.136979579925537 15.337150573730469 3.4725513458251953 0.2
-3.9432497024536133 15.45425033569336 3.4013500213623047 0.2
-3.712939739227295 15.388648986816406 3.436450958251953 0.2
-3.5955896377563477 15.19784927368164 3.3683509826660156 0.2
-3.6805496215820312 14.985050201416016 3.2999515533447266 0.2
-3.819469928741455 14.789947509765625 3.2774505615234375 0.2
-3.936229705810547 14.628349304199219 3.4007511138916016 0.2
-3.863259792327881 14.574249267578125 3.617250442504883 0.2
-3.644169807434082 14.560649871826172 3.7154502868652344 0.2
-3.4208898544311523 14.597949981689453 3.6478500366210938 0.2
-3.3450698852539062 14.778450012207031 3.5179500579833984 0.2
-3.37214994430542 15.011150360107422 3.4632511138916016 0.2
-3.3935599327087402 15.237850189208984 3.5362510681152344 0.2
-3.2898597717285156 15.318248748779297 3.7451515197753906 0.2
-3.166109561920166 15.217548370361328 3.937450408935547 0.2
-3.239999771118164 15.004749298095703 4.040349960327148 0.2
-3.363619804382324 14.787147521972656 3.9866504669189453 0.2
-3.3601698875427246 14.584648132324219 3.8452510833740234 0.2
-3.139779567718506 14.497650146484375 3.775350570678711 0.2
-2.9153995513916016 14.492950439453125 3.893350601196289 0.2
-2.8577399253845215 14.589550018310547 4.114049911499023 0.2
-2.9411797523498535 14.811450958251953 4.189250946044922 0.2
-2.9925999641418457 15.05405044555664 4.139850616455078 0.2
-2.845099925994873 15.229148864746094 4.056251525878906 0.2
-2.5940699577331543 15.221847534179688 4.086050033569336 0.2
-2.425349712371826 15.061149597167969 4.01555061340332 0.2
-2.475289821624756 14.83905029296875 3.912050247192383 0.2
-2.602180004119873 14.623348236083984 3.8978500366210938 0.2
-2.6543798446655273 14.47604751586914 4.085651397705078 0.2
-2.498389720916748 14.437747955322266 4.273250579833984 0.2
-2.258729934692383 14.483848571777344 4.327751159667969 0.2
-2.136539936065674 14.671051025390625 4.2326507568359375 0.2
-2.1895298957824707 14.896049499511719 4.130550384521484 0.2
-2.263979911804199 15.120849609375 4.187950134277344 0.2
-2.2026896476745605 15.198848724365234 4.411050796508789 0.2
-2.1400399208068848 15.100151062011719 4.628650665283203 0.2
-2.2730398178100586 14.909748077392578 4.702350616455078 0.2
-2.4157495498657227 14.719348907470703 4.617450714111328 0.2
-2.3707399368286133 14.501049041748047 4.525550842285156 0.2
-2.145559787750244 14.406349182128906 4.563051223754883 0.2
-1.9579195976257324 14.444450378417969 4.718851089477539 0.2
-1.9332995414733887 14.625747680664062 4.881551742553711 0.2
-1.994649887084961 14.868148803710938 4.86345100402832 0.2
-1.9459199905395508 15.08034896850586 4.75105094909668 0.2
-1.7154898643493652 15.142547607421875 4.703651428222656 0.2
-1.4900798797607422 15.041950225830078 4.68695068359375 0.2
-1.4612798690795898 14.83074951171875 4.573051452636719 0.2
-1.6049995422363281 14.629447937011719 4.536750793457031 0.2
-1.7402195930480957 14.469047546386719 4.65785026550293 0.2
-1.677609920501709 14.411750793457031 4.885950088500977 0.2
-1.4432196617126465 14.383949279785156 4.96405029296875 0.2
-1.218099594116211 14.41354751586914 4.867650985717773 0.2
-1.163179874420166 14.592849731445312 4.714351654052734 0.2
-1.2239699363708496 14.831348419189453 4.67125129699707 0.2
-1.222099781036377 15.026248931884766 4.813051223754883 0.2
-1.060469627380371 15.04745101928711 4.995450973510742 0.2
-0.9554398059844971 14.91604995727539 5.169450759887695 0.2
-1.0545196533203125 14.708049774169922 5.249549865722656 0.2
-1.1823296546936035 14.506649017333984 5.178951263427734 0.2
-1.127119541168213 14.333549499511719 5.019750595092773 0.2
-0.9011597633361816 14.251350402832031 4.964351654052734 0.2
-0.6865897178649902 14.244449615478516 5.083650588989258 0.2
-0.6423797607421875 14.386650085449219 5.270750045776367 0.2
-0.7375197410583496 14.611747741699219 5.319950103759766 0.2
-0.7517898082733154 14.844249725341797 5.248651504516602 0.2
-0.5607497692108154 14.94894790649414 5.147251129150391 0.2
-0.3402998447418213 14.875850677490234 5.068750381469727 0.2
-0.31218981742858887 14.698848724365234 4.907451629638672 0.2
-0.4519996643066406 14.505550384521484 4.834751129150391 0.2
-0.5612597465515137 14.295650482177734 4.891351699829102 0.2
-0.472409725189209 14.149349212646484 5.065950393676758 0.2
-0.24734973907470703 14.105148315429688 5.15785026550293 0.2
-0.02821969985961914 14.185050964355469 5.084850311279297 0.2
0.006990194320678711 14.406749725341797 4.993350982666016 0.2
-0.06533980369567871 14.645149230957031 4.987649917602539 0.2
-0.08506965637207031 14.829151153564453 5.141851425170898 0.2
0.0589902400970459 14.843948364257812 5.340450286865234 0.2
0.14436030387878418 14.704151153564453 5.517850875854492 0.2
0.029600143432617188 14.496448516845703 5.567350387573242 0.2
-0.10959982872009277 14.310550689697266 5.474950790405273 0.2
-0.07104969024658203 14.131649017333984 5.320051193237305 0.2
0.15670013427734375 14.0489501953125 5.280550003051758 0.2
0.36425018310546875 14.046249389648438 5.4118499755859375 0.2
0.4273803234100342 14.171649932861328 5.610851287841797 0.2
0.36007022857666016 14.401748657226562 5.671150207519531 0.2
0.3344902992248535 14.639850616455078 5.614650726318359 0.2
0.49947023391723633 14.77695083618164 5.507650375366211 0.2
