24.986101150512695 -13.103851318359375 -0.4964485168457031 0.2
24.83810043334961 -13.24625015258789 -0.6178493499755859 0.2
24.705400466918945 -13.407352447509766 -0.4996490478515625 0.2
24.693700790405273 -13.538150787353516 -0.2897491455078125 0.2
24.790199279785156 -13.727249145507812 -0.18235015869140625 0.2
24.905500411987305 -13.89615249633789 -0.31184959411621094 0.2
24.943599700927734 -13.97385025024414 -0.5420494079589844 0.2
24.878999710083008 -13.890750885009766 -0.7560501098632812 0.2
24.804901123046875 -13.664051055908203 -0.8069496154785156 0.2
24.821001052856445 -13.419952392578125 -0.7981491088867188 0.2
25.00469970703125 -13.280052185058594 -0.8576488494873047 0.2
25.203500747680664 -13.340751647949219 -0.9887485504150391 0.2
25.37689971923828 -13.496749877929688 -0.94635009765625 0.2
25.378700256347656 -13.642051696777344 -0.7521495819091797 0.2
25.271800994873047 -13.78274917602539 -0.5812492370605469 0.2
25.144899368286133 -13.98175048828125 -0.6017494201660156 0.2
25.128799438476562 -14.125350952148438 -0.7995491027832031 0.2
25.21269989013672 -14.167951583862305 -1.0249500274658203 0.2
25.360000610351562 -14.02855110168457 -1.149148941040039 0.2
25.432100296020508 -13.792652130126953 -1.1389484405517578 0.2
25.383501052856445 -13.557849884033203 -1.1646499633789062 0.2
25.22369956970215 -13.47494888305664 -1.3215484619140625 0.2
25.05470085144043 -13.566051483154297 -1.473348617553711 0.2
24.883501052856445 -13.711250305175781 -1.3947486877441406 0.2
24.863000869750977 -13.844551086425781 -1.1885490417480469 0.2
24.932300567626953 -14.020750045776367 -1.037149429321289 0.2
25.021400451660156 -14.228750228881836 -1.1133499145507812 0.2
25.02440071105957 -14.345149993896484 -1.3302497863769531 0.2
24.94219970703125 -14.325651168823242 -1.5569496154785156 0.2
24.857200622558594 -14.118850708007812 -1.6442489624023438 0.2
24.85919952392578 -13.871349334716797 -1.6313495635986328 0.2
25.003299713134766 -13.688549041748047 -1.6895484924316406 0.2
25.171899795532227 -13.707050323486328 -1.860849380493164 0.2
25.331501007080078 -13.866249084472656 -1.9420490264892578 0.2
25.419401168823242 -14.03525161743164 -1.7961483001708984 0.2
25.371700286865234 -14.157649993896484 -1.5862483978271484 0.2
25.235700607299805 -14.326850891113281 -1.4861488342285156 0.2
25.12529945373535 -14.494050979614258 -1.6222496032714844 0.2
25.11359977722168 -14.584150314331055 -1.851348876953125 0.2
25.21809959411621 -14.524351119995117 -2.057048797607422 0.2
25.334199905395508 -14.315250396728516 -2.1064491271972656 0.2
25.36280059814453 -14.071550369262695 -2.108348846435547 0.2
25.21540069580078 -13.901248931884766 -2.1866493225097656 0.2
25.017099380493164 -13.93075180053711 -2.329648971557617 0.2
24.814701080322266 -14.049551010131836 -2.294149398803711 0.2
24.774799346923828 -14.185050964355469 -2.0962486267089844 0.2
24.84280014038086 -14.338451385498047 -1.9153499603271484 0.2
24.922700881958008 -14.56235122680664 -1.9224491119384766 0.2
24.902700424194336 -14.718050003051758 -2.1105499267578125 0.2
24.796199798583984 -14.755250930786133 -2.3275489807128906 0.2
24.676000595092773 -14.59375 -2.4547500610351562 0.2
24.668399810791016 -14.346549987792969 -2.452848434448242 0.2
24.767799377441406 -14.12874984741211 -2.4908485412597656 0.2
24.922800064086914 -14.08755111694336 -2.6669483184814453 0.2
25.024600982666016 -14.225650787353516 -2.843050003051758 0.2
25.156999588012695 -14.418451309204102 -2.798849105834961 0.2
25.183500289916992 -14.552350997924805 -2.5940494537353516 0.2
25.105100631713867 -14.69124984741211 -2.4101486206054688 0.2
24.939899444580078 -14.861650466918945 -2.431549072265625 0.2
24.83500099182129 -14.97545051574707 -2.6235485076904297 0.2
24.839200973510742 -14.984149932861328 -2.8653488159179688 0.2
24.95709991455078 -14.821149826049805 -2.997049331665039 0.2
25.05000114440918 -14.592350006103516 -3.0156497955322266 0.2
24.97450065612793 -14.366050720214844 -3.040548324584961 0.2
24.756099700927734 -14.310649871826172 -3.1274490356445312 0.2
24.52989959716797 -14.387750625610352 -3.110048294067383 0.2
24.458099365234375 -14.514249801635742 -2.918149948120117 0.2
24.53969955444336 -14.660350799560547 -2.7349491119384766 0.2
24.6210994720459 -14.879150390625 -2.682249069213867 0.2
24.575700759887695 -15.069150924682617 -2.8261489868164062 0.2
24.43160057067871 -15.142049789428711 -3.012350082397461 0.2
24.26849937438965 -15.029150009155273 -3.1452484130859375 0.2
24.24690055847168 -14.786750793457031 -3.1660499572753906 0.2
24.328899383544922 -14.556051254272461 -3.192049026489258 0.2
24.464799880981445 -14.458749771118164 -3.3623485565185547 0.2
24.502099990844727 -14.560649871826172 -3.583250045776367 0.2
24.594900131225586 -14.767450332641602 -3.65625 0.2
24.6830997467041 -14.933151245117188 -3.502349853515625 0.2
24.68720054626465 -15.054250717163086 -3.287149429321289 0.2
24.536300659179688 -15.205850601196289 -3.183349609375 0.2
24.352399826049805 -15.325750350952148 -3.2925491333007812 0.2
24.245500564575195 -15.375751495361328 -3.507049560546875 0.2
24.300600051879883 -15.275850296020508 -3.715848922729492 0.2
24.425199508666992 -15.074350357055664 -3.7868499755859375 0.2
24.4502010345459 -14.834150314331055 -3.806549072265625 0.2
24.263200759887695 -14.68735122680664 -3.826749801635742 0.2
24.018800735473633 -14.710550308227539 -3.817249298095703 0.2
23.907499313354492 -14.805551528930664 -3.6287498474121094 0.2
23.987699508666992 -14.949350357055664 -3.4448490142822266 0.2
24.085100173950195 -15.151250839233398 -3.3498497009277344 0.2
24.041799545288086 -15.372251510620117 -3.430948257446289 0.2
23.866199493408203 -15.471450805664062 -3.572948455810547 0.2
23.66080093383789 -15.412351608276367 -3.6871490478515625 0.2
23.601699829101562 -15.182849884033203 -3.7262496948242188 0.2
23.68160057067871 -14.948850631713867 -3.7503490447998047 0.2
23.79680061340332 -14.805150985717773 -3.905149459838867 0.2
23.800100326538086 -14.85525131225586 -4.140249252319336 0.2
23.79360008239746 -15.046951293945312 -4.286048889160156 0.2
23.895999908447266 -15.255550384521484 -4.22504997253418 0.2
23.972700119018555 -15.383649826049805 -4.027050018310547 0.2
23.90959930419922 -15.512350082397461 -3.8344497680664062 0.2
23.69460105895996 -15.623651504516602 -3.8203487396240234 0.2
23.496299743652344 -15.683650970458984 -3.954448699951172 0.2
23.433700561523438 -15.63905143737793 -4.179948806762695 0.2
23.539600372314453 -15.476350784301758 -4.32874870300293 0.2
23.6377010345459 -15.259550094604492 -4.390949249267578 0.2
23.54800033569336 -15.039451599121094 -4.371250152587891 0.2
23.31209945678711 -14.984550476074219 -4.3251495361328125 0.2
23.171199798583984 -15.032150268554688 -4.139348983764648 0.2
23.24090003967285 -15.169950485229492 -3.9510498046875 0.2
23.361600875854492 -15.35875129699707 -3.8462486267089844 0.2
23.33650016784668 -15.595149993896484 -3.8653488159179688 0.2
23.139400482177734 -15.715551376342773 -3.9473495483398438 0.2
22.903200149536133 -15.690950393676758 -4.00724983215332 0.2
22.78890037536621 -15.483850479125977 -4.036449432373047 0.2
22.86720085144043 -15.252250671386719 -4.075550079345703 0.2
22.97260093688965 -15.077150344848633 -4.207448959350586 0.2
22.956300735473633 -15.069150924682617 -4.444648742675781 0.2
22.836599349975586 -15.21095085144043 -4.607049942016602 0.2
22.87459945678711 -15.444250106811523 -4.639949798583984 0.2
22.99370002746582 -15.609251022338867 -4.501249313354492 0.2
23.040700912475586 -15.736150741577148 -4.297849655151367 0.2
22.876699447631836 -15.83275032043457 -4.153648376464844 0.2
22.635000228881836 -15.878950119018555 -4.174549102783203 0.2
22.451601028442383 -15.860151290893555 -4.331548690795898 0.2
22.475400924682617 -15.735750198364258 -4.536048889160156 0.2
22.594100952148438 -15.557750701904297 -4.661548614501953 0.2
22.614099502563477 -15.31865119934082 -4.671649932861328 0.2
22.444000244140625 -15.17435073852539 -4.580148696899414 0.2
22.292800903320312 -15.167350769042969 -4.393449783325195 0.2
22.343400955200195 -15.280450820922852 -4.186849594116211 0.2
22.476299285888672 -15.468151092529297 -4.092548370361328 0.2
22.497699737548828 -15.70625114440918 -4.070249557495117 0.2
22.307701110839844 -15.855451583862305 -4.0939483642578125 0.2
22.061100006103516 -15.855649948120117 -4.095048904418945 0.2
21.897899627685547 -15.681449890136719 -4.083349227905273 0.2
21.945499420166016 -15.446250915527344 -4.126749038696289 0.2
22.05340003967285 -15.256351470947266 -4.24224853515625 0.2
22.0492000579834 -15.185550689697266 -4.470048904418945 0.2
21.87540054321289 -15.261650085449219 -4.626049041748047 0.2
21.792400360107422 -15.472650527954102 -4.701549530029297 0.2
21.893301010131836 -15.684051513671875 -4.639348983764648 0.2
22.017000198364258 -15.830551147460938 -4.483049392700195 0.2
21.96980094909668 -15.9322509765625 -4.272850036621094 0.2
21.748001098632812 -15.96245002746582 -4.173149108886719 0.2
21.506799697875977 -15.940650939941406 -4.211149215698242 0.2
21.404800415039062 -15.840950012207031 -4.401350021362305 0.2
21.48699951171875 -15.695550918579102 -4.58344841003418 0.2
21.5752010345459 -15.487751007080078 -4.672849655151367 0.2
21.521900177001953 -15.274850845336914 -4.580049514770508 0.2
21.3882999420166 -15.200550079345703 -4.387149810791016 0.2
21.429800033569336 -15.268550872802734 -4.161949157714844 0.2
21.557701110839844 -15.458450317382812 -4.0704498291015625 0.2
21.615400314331055 -15.693750381469727 -4.039548873901367 0.2
21.459400177001953 -15.873451232910156 -4.013948440551758 0.2
21.22130012512207 -15.883251190185547 -3.9506492614746094 0.2
21.03849983215332 -15.741849899291992 -3.876749038696289 0.2
21.051401138305664 -15.503551483154297 -3.896749496459961 0.2
21.16320037841797 -15.315450668334961 -4.0144500732421875 0.2
21.174400329589844 -15.196651458740234 -4.223649978637695 0.2
20.989200592041016 -15.202350616455078 -4.375349044799805 0.2
20.796600341796875 -15.341449737548828 -4.420448303222656 0.2
20.805400848388672 -15.58125114440918 -4.419649124145508 0.2
20.945499420166016 -15.764949798583984 -4.330249786376953 0.2
21.019399642944336 -15.894149780273438 -4.141149520874023 0.2
20.88610076904297 -15.918050765991211 -3.940349578857422 0.2
20.660499572753906 -15.87405014038086 -3.850648880004883 0.2
20.464599609375 -15.772451400756836 -3.940549850463867 0.2
20.45840072631836 -15.644250869750977 -4.147748947143555 0.2
20.543399810791016 -15.484251022338867 -4.314548492431641 0.2
20.6033992767334 -15.25455093383789 -4.296049118041992 0.2
20.54199981689453 -15.112451553344727 -4.105049133300781 0.2
20.582300186157227 -15.121450424194336 -3.870349884033203 0.2
20.70989990234375 -15.299150466918945 -3.7655487060546875 0.2
20.786699295043945 -15.533750534057617 -3.7491493225097656 0.2
20.680700302124023 -15.740550994873047 -3.6955490112304688 0.2
20.46929931640625 -15.76715087890625 -3.5756492614746094 0.2
20.30190086364746 -15.650550842285156 -3.439748764038086 0.2
20.285499572753906 -15.415750503540039 -3.4047489166259766 0.2
20.38450050354004 -15.228050231933594 -3.5303497314453125 0.2
20.419700622558594 -15.088550567626953 -3.726949691772461 0.2
20.247400283813477 -15.03325080871582 -3.880350112915039 0.2
20.005599975585938 -15.077550888061523 -3.8675498962402344 0.2
19.893600463867188 -15.28795051574707 -3.863048553466797 0.2
19.987699508666992 -15.511751174926758 -3.8311500549316406 0.2
20.122600555419922 -15.682451248168945 -3.719348907470703 0.2
20.12470054626465 -15.73484992980957 -3.4872493743896484 0.2
19.97480010986328 -15.676151275634766 -3.300649642944336 0.2
19.769899368286133 -15.558650970458984 -3.246448516845703 0.2
19.657400131225586 -15.42435073852539 -3.409149169921875 0.2
19.6830997467041 -15.300750732421875 -3.622049331665039 0.2
19.777299880981445 -15.101551055908203 -3.716449737548828 0.2
19.828500747680664 -14.911149978637695 -3.579549789428711 0.2
19.893699645996094 -14.860050201416016 -3.353649139404297 0.2
20.038700103759766 -15.003950119018555 -3.227649688720703 0.2
20.109399795532227 -15.241350173950195 -3.2232494354248047 0.2
20.051799774169922 -15.46915054321289 -3.1735496520996094 0.2
19.882200241088867 -15.525550842285156 -3.0109500885009766 0.2
19.756200790405273 -15.426450729370117 -2.8240489959716797 0.2
19.745800018310547 -15.210050582885742 -2.722848892211914 0.2
19.82940101623535 -15.01045036315918 -2.8311500549316406 0.2
19.87459945678711 -14.872251510620117 -3.0302486419677734 0.2
19.733699798583984 -14.76675033569336 -3.190248489379883 0.2
19.49880027770996 -14.724151611328125 -3.140249252319336 0.2
19.3080997467041 -14.843650817871094 -3.0599498748779297 0.2
19.304201126098633 -15.083850860595703 -3.0472488403320312 0.2
19.427101135253906 -15.296150207519531 -3.0195484161376953 0.2
19.53459930419922 -15.40945053100586 -2.840749740600586 0.2
19.50119972229004 -15.362550735473633 -2.603649139404297 0.2
19.371400833129883 -15.234750747680664 -2.4399490356445312 0.2
19.20829963684082 -15.068349838256836 -2.4832496643066406 0.2
19.155799865722656 -14.944250106811523 -2.6888484954833984 0.2
19.21000099182129 -14.789051055908203 -2.866649627685547 0.2
19.342100143432617 -14.594751358032227 -2.832948684692383 0.2
19.452600479125977 -14.497051239013672 -2.6366500854492188 0.2
19.624000549316406 -14.599651336669922 -2.507648468017578 0.2
19.691600799560547 -14.83475112915039 -2.5026493072509766 0.2
19.651700973510742 -15.073949813842773 -2.4791488647460938 0.2
19.522300720214844 -15.177249908447266 -2.3084487915039062 0.2
19.44379997253418 -15.099349975585938 -2.0891494750976562 0.2
19.458099365234375 -14.91615104675293 -1.9313488006591797 0.2
19.54949951171875 -14.705150604248047 -1.991048812866211 0.2
19.597299575805664 -14.567150115966797 -2.190349578857422 0.2
19.495800018310547 -14.432451248168945 -2.360748291015625 0.2
19.28529930114746 -14.326850891113281 -2.323148727416992 0.2
19.09819984436035 -14.343050003051758 -2.1712493896484375 0.2
18.99090003967285 -14.548551559448242 -2.116849899291992 0.2
19.050701141357422 -14.787050247192383 -2.1312484741210938 0.2
19.18320083618164 -14.968851089477539 -2.0486488342285156 0.2
19.26110076904297 -14.97385025024414 -1.82135009765625 0.2
19.234399795532227 -14.857351303100586 -1.6065483093261719 0.2
19.11050033569336 -14.671451568603516 -1.524148941040039 0.2
18.993000030517578 -14.516550064086914 -1.666849136352539 0.2
18.97450065612793 -14.386251449584961 -1.8733501434326172 0.2
19.11050033569336 -14.21364974975586 -1.9619483947753906 0.2
19.277000427246094 -14.089950561523438 -1.8323497772216797 0.2
19.471200942993164 -14.141950607299805 -1.7064495086669922 0.2
19.5580997467041 -14.365650177001953 -1.69635009765625 0.2
19.515100479125977 -14.608051300048828 -1.6982498168945312 0.2
19.412099838256836 -14.756250381469727 -1.5450496673583984 0.2
19.374500274658203 -14.711650848388672 -1.3087501525878906 0.2
19.424400329589844 -14.562850952148438 -1.1215496063232422 0.2
19.538299560546875 -14.35525131225586 -1.1233501434326172 0.2
19.583999633789062 -14.209550857543945 -1.3145484924316406 0.2
19.511199951171875 -14.071849822998047 -1.4995498657226562 0.2
19.326601028442383 -13.925151824951172 -1.4861488342285156 0.2
19.185300827026367 -13.860252380371094 -1.2968482971191406 0.2
19.037099838256836 -13.993249893188477 -1.1684494018554688 0.2
19.017099380493164 -14.235151290893555 -1.1740493774414062 0.2
19.112600326538086 -14.458150863647461 -1.165548324584961 0.2
19.260900497436523 -14.537750244140625 -0.9993495941162109 0.2
19.327600479125977 -14.45155143737793 -0.7799491882324219 0.2
19.29290008544922 -14.275751113891602 -0.6178493499755859 0.2
19.15880012512207 -14.086050033569336 -0.6646499633789062 0.2
19.070600509643555 -13.956850051879883 -0.8544483184814453 0.2
19.144800186157227 -13.80364990234375 -1.0209484100341797 0.2
19.34149932861328 -13.671451568603516 -0.9899482727050781 0.2
19.55430030822754 -13.676551818847656 -0.8797492980957031 0.2
19.684101104736328 -13.87554931640625 -0.8663482666015625 0.2
19.640300750732422 -14.117351531982422 -0.8795490264892578 0.2
19.545400619506836 -14.30255126953125 -0.7640495300292969 0.2
19.531200408935547 -14.305351257324219 -0.5240497589111328 0.2
19.612899780273438 -14.190750122070312 -0.32345008850097656 0.2
19.75320053100586 -14.004251480102539 -0.27664947509765625 0.2
19.813499450683594 -13.84225082397461 -0.44334983825683594 0.2
19.75160026550293 -13.70895004272461 -0.6383495330810547 0.2
19.587800979614258 -13.540050506591797 -0.6617488861083984 0.2
19.488800048828125 -13.423648834228516 -0.4720497131347656 0.2
19.369699478149414 -13.475151062011719 -0.2734489440917969 0.2
19.285600662231445 -13.695049285888672 -0.2321491241455078 0.2
19.316999435424805 -13.935951232910156 -0.26434898376464844 0.2
19.47570037841797 -14.088050842285156 -0.1790485382080078 0.2
19.621299743652344 -14.052350997924805 0.012451171875 0.2
19.683300018310547 -13.906848907470703 0.1979503631591797 0.2
19.597900390625 -13.69314956665039 0.24845123291015625 0.2
19.467100143432617 -13.54024887084961 0.10965156555175781 0.2
19.454099655151367 -13.399452209472656 -0.08404922485351562 0.2
19.639699935913086 -13.274250030517578 -0.15974998474121094 0.2
19.87380027770996 -13.249351501464844 -0.09424972534179688 0.2
20.03660011291504 -13.420650482177734 -0.09544944763183594 0.2
20.000900268554688 -13.660850524902344 -0.10904884338378906 0.2
19.902099609375 -13.862548828125 -0.021749496459960938 0.2
19.89929962158203 -13.91855239868164 0.2086505889892578 0.2
20.020200729370117 -13.840351104736328 0.4065513610839844 0.2
20.193599700927734 -13.691452026367188 0.4824504852294922 0.2
20.28420066833496 -13.524749755859375 0.34095001220703125 0.2
20.226699829101562 -13.393550872802734 0.14115142822265625 0.2
20.08500099182129 -13.211952209472656 0.08165168762207031 0.2
20.013200759887695 -13.053852081298828 0.24505043029785156 0.2
19.96809959411621 -13.034351348876953 0.47985076904296875 0.2
19.85650062561035 -13.203948974609375 0.6025505065917969 0.2
19.815900802612305 -13.444450378417969 0.5753517150878906 0.2
19.92180061340332 -13.656551361083984 0.5851516723632812 0.2
20.117599487304688 -13.692649841308594 0.7200508117675781 0.2
20.263900756835938 -13.591548919677734 0.8882503509521484 0.2
20.27429962158203 -13.382549285888672 0.9989509582519531 0.2
20.145200729370117 -13.190250396728516 0.9330501556396484 0.2
20.0580997467041 -13.044448852539062 0.7594509124755859 0.2
20.17930030822754 -12.924251556396484 0.5963516235351562 0.2
20.42060089111328 -12.885250091552734 0.5916500091552734 0.2
20.611499786376953 -13.022552490234375 0.5726509094238281 0.2
20.59440040588379 -13.261150360107422 0.5537509918212891 0.2
20.480501174926758 -13.46805191040039 0.6172504425048828 0.2
20.46500015258789 -13.573249816894531 0.8279514312744141 0.2
20.605899810791016 -13.535751342773438 1.0225505828857422 0.2
20.80579948425293 -13.42905044555664 1.1110515594482422 0.2
20.944799423217773 -13.27225112915039 1.0025501251220703 0.2
20.899799346923828 -13.134151458740234 0.8058509826660156 0.2
20.77359962463379 -12.957752227783203 0.7031517028808594 0.2
20.706300735473633 -12.766551971435547 0.8236503601074219 0.2
20.737899780273438 -12.68905258178711 1.0531501770019531 0.2
20.65760040283203 -12.79024887084961 1.2507514953613281 0.2
20.56170082092285 -13.011749267578125 1.2755508422851562 0.2
20.57900047302246 -13.250652313232422 1.2509498596191406 0.2
20.771299362182617 -13.374752044677734 1.310750961303711 0.2
20.9773006439209 -13.328052520751953 1.4343509674072266 0.2
21.097400665283203 -13.158950805664062 1.5558509826660156 0.2
21.02090072631836 -12.934452056884766 1.5644512176513672 0.2
20.886199951171875 -12.768150329589844 1.4445514678955078 0.2
20.909799575805664 -12.638648986816406 1.2473506927490234 0.2
21.122600555419922 -12.592052459716797 1.1467514038085938 0.2
21.329299926757812 -12.69675064086914 1.0915508270263672 0.2
21.341800689697266 -12.93115234375 1.0534515380859375 0.2
21.2185001373291 -13.135051727294922 1.1134510040283203 0.2
21.177000045776367 -13.277549743652344 1.2978515625 0.2
21.328500747680664 -13.290050506591797 1.4843502044677734 0.2
21.551599502563477 -13.226749420166016 1.5620498657226562 0.2
21.73200035095215 -13.101852416992188 1.4720516204833984 0.2
21.71190071105957 -12.95425033569336 1.2829513549804688 0.2
21.589399337768555 -12.783851623535156 1.1600513458251953 0.2
21.52079963684082 -12.569549560546875 1.2320499420166016 0.2
21.609399795532227 -12.452850341796875 1.426950454711914 0.2
21.62459945678711 -12.489151000976562 1.6601505279541016 0.2
21.51569938659668 -12.674751281738281 1.7647514343261719 0.2
21.442699432373047 -12.907649993896484 1.7495498657226562 0.2
21.56839942932129 -13.10634994506836 1.741250991821289 0.2
21.804500579833984 -13.132949829101562 1.7936515808105469 0.2
22.00950050354004 -13.02695083618164 1.8706512451171875 0.2
22.04010009765625 -12.799251556396484 1.922750473022461 0.2
21.908100128173828 -12.59885025024414 1.873849868774414 0.2
21.834300994873047 -12.444950103759766 1.7070503234863281 0.2
21.96780014038086 -12.391349792480469 1.5179500579833984 0.2
22.163700103759766 -12.472450256347656 1.399850845336914 0.2
22.18120002746582 -12.69594955444336 1.3258514404296875 0.2
22.057300567626953 -12.89535140991211 1.3931503295898438 0.2
21.99810028076172 -13.05324935913086 1.5635509490966797 0.2
22.152299880981445 -13.124649047851562 1.729949951171875 0.2
22.39430046081543 -13.113052368164062 1.7645511627197266 0.2
22.597000122070312 -13.039852142333984 1.6589508056640625 0.2
22.59510040283203 -12.89324951171875 1.4715499877929688 0.2
22.46780014038086 -12.71615219116211 1.3582515716552734 0.2
22.41550064086914 -12.487651824951172 1.3989505767822266 0.2
22.550500869750977 -12.347850799560547 1.5385513305664062 0.2
22.685501098632812 -12.353851318359375 1.7357501983642578 0.2
22.63450050354004 -12.497249603271484 1.9178504943847656 0.2
22.507699966430664 -12.70254898071289 1.9624500274658203 0.2
22.514999389648438 -12.936351776123047 1.9260501861572266 0.2
22.72170066833496 -13.050750732421875 1.8781509399414062 0.2
22.964000701904297 -13.026248931884766 1.8533515930175781 0.2
23.111600875854492 -12.84305191040039 1.8724498748779297 0.2
23.05000114440918 -12.609352111816406 1.8884506225585938 0.2
22.929201126098633 -12.415550231933594 1.8085498809814453 0.2
22.920700073242188 -12.334548950195312 1.586151123046875 0.2
23.04170036315918 -12.400951385498047 1.384450912475586 0.2
23.035900115966797 -12.603752136230469 1.2646503448486328 0.2
22.92099952697754 -12.800251007080078 1.345550537109375 0.2
22.859500885009766 -12.953750610351562 1.5252513885498047 0.2
23.004899978637695 -13.082550048828125 1.6601505279541016 0.2
23.23900032043457 -13.139450073242188 1.6221504211425781 0.2
23.422500610351562 -13.132949829101562 1.4632511138916016 0.2
23.425800323486328 -13.010749816894531 1.260650634765625 0.2
23.295700073242188 -12.81985092163086 1.1766510009765625 0.2
23.24570083618164 -12.58584976196289 1.191751480102539 0.2
23.41010093688965 -12.426448822021484 1.2537498474121094 0.2
23.64109992980957 -12.427349090576172 1.3319511413574219 0.2
23.71190071105957 -12.538249969482422 1.5282516479492188 0.2
23.599700927734375 -12.706851959228516 1.6649513244628906 0.2
23.502901077270508 -12.925651550292969 1.6910514831542969 0.2
23.59320068359375 -13.11935043334961 1.587350845336914 0.2
23.79520034790039 -13.178352355957031 1.461151123046875 0.2
24.000999450683594 -13.084548950195312 1.3811511993408203 0.2
24.047300338745117 -12.850051879882812 1.3928508758544922 0.2
23.9596004486084 -12.620552062988281 1.3940505981445312 0.2
23.857099533081055 -12.478351593017578 1.2332515716552734 0.2
23.87190055847168 -12.508552551269531 0.9939498901367188 0.2
23.839099884033203 -12.680450439453125 0.8329505920410156 0.2
23.718400955200195 -12.878150939941406 0.8925514221191406 0.2
23.65410041809082 -13.018749237060547 1.0848503112792969 0.2
23.749799728393555 -13.176448822021484 1.233449935913086 0.2
23.954299926757812 -13.293750762939453 1.1788501739501953 0.2
24.11199951171875 -13.342350006103516 0.997650146484375 0.2
24.12779998779297 -13.26824951171875 0.7724514007568359 0.2
24.019399642944336 -13.072349548339844 0.6778507232666016 0.2
23.95870018005371 -12.836250305175781 0.6785507202148438 0.2
24.102100372314453 -12.64794921875 0.7003517150878906 0.2
24.346200942993164 -12.640151977539062 0.6792507171630859 0.2
24.519100189208984 -12.74045181274414 0.8055515289306641 0.2
24.475400924682617 -12.889049530029297 0.99114990234375 0.2
24.346599578857422 -13.06515121459961 1.1028499603271484 0.2
24.310300827026367 -13.28955078125 1.0386505126953125 0.2
24.428800582885742 -13.416751861572266 0.8665504455566406 0.2
24.611600875854492 -13.416549682617188 0.7057514190673828 0.2
24.750600814819336 -13.23215103149414 0.6523513793945312 0.2
24.73859977722168 -12.987850189208984 0.6806507110595703 0.2
24.63800048828125 -12.779651641845703 0.6165504455566406 0.2
24.552000045776367 -12.739952087402344 0.3973503112792969 0.2
24.4950008392334 -12.864749908447266 0.19635009765625 0.2
24.351499557495117 -13.053050994873047 0.20855140686035156 0.2
24.282100677490234 -13.193649291992188 0.39785003662109375 0.2
24.32990074157715 -13.35165023803711 0.5737514495849609 0.2
24.495399475097656 -13.52145004272461 0.5489501953125 0.2
24.620100021362305 -13.615951538085938 0.3596515655517578 0.2
24.640600204467773 -13.600749969482422 0.11964988708496094 0.2
24.55120086669922 -13.41775131225586 -0.006649017333984375 0.2
24.485599517822266 -13.179550170898438 -0.0090484619140625 0.2
24.5939998626709 -12.966251373291016 -0.007648468017578125 0.2
24.820301055908203 -12.9322509765625 -0.08294868469238281 0.2
25.034299850463867 -13.037849426269531 -0.07004928588867188 0.2
25.08570098876953 -13.186752319335938 0.11015129089355469 0.2
24.981000900268555 -13.330551147460938 0.2814502716064453 0.2
24.863201141357422 -13.535152435302734 0.3126506805419922 0.2
24.871299743652344 -13.710350036621094 0.14605140686035156 0.2
24.980300903320312 -13.77975082397461 -0.06314849853515625 0.2
25.145099639892578 -13.679752349853516 -0.20224952697753906 0.2
25.218599319458008 -13.447349548339844 -0.19894981384277344 0.2
25.182701110839844 -13.205951690673828 -0.19894981384277344 0.2
25.048799514770508 -13.076251983642578 -0.3470497131347656 0.2
