0.46920013427734375 16.01314926147461 5.9956512451171875 0.2
0.6079602241516113 16.057147979736328 5.997350692749023 0.2
0.7494001388549805 16.07524871826172 5.972450256347656 0.2
0.8731801509857178 16.041648864746094 5.90625 0.2
0.9144701957702637 15.949249267578125 5.799551010131836 0.2
0.8542501926422119 15.872749328613281 5.682550430297852 0.2
0.8109803199768066 15.83974838256836 5.541049957275391 0.2
0.8852102756500244 15.871349334716797 5.41455078125 0.2
1.0102802515029907 15.949649810791016 5.39055061340332 0.2
1.1309102773666382 16.024749755859375 5.429450988769531 0.2
1.249360203742981 16.074649810791016 5.499650955200195 0.2
1.3646302223205566 16.08945083618164 5.587850570678711 0.2
1.4644802808761597 16.052047729492188 5.686151504516602 0.2
1.4957302808761597 15.940650939941406 5.777351379394531 0.2
1.425470232963562 15.82204818725586 5.842050552368164 0.2
1.340840220451355 15.736949920654297 5.935649871826172 0.2
1.3530902862548828 15.710250854492188 6.082050323486328 0.2
1.4502902030944824 15.761150360107422 6.181449890136719 0.2
1.5715702772140503 15.833248138427734 6.223550796508789 0.2
1.7034401893615723 15.895549774169922 6.231151580810547 0.2
1.8401802778244019 15.938850402832031 6.20775032043457 0.2
1.9746901988983154 15.951950073242188 6.155250549316406 0.2
2.072737216949463 15.903949737548828 6.0610504150390625 0.2
2.0677382946014404 15.808147430419922 5.94795036315918 0.2
1.984240174293518 15.742950439453125 5.837551116943359 0.2
1.9546102285385132 15.725650787353516 5.690851211547852 0.2
2.0361292362213135 15.783050537109375 5.579250335693359 0.2
2.153874158859253 15.872249603271484 5.566350936889648 0.2
2.273083209991455 15.950248718261719 5.603549957275391 0.2
2.39573335647583 15.997150421142578 5.668149948120117 0.2
2.5183751583099365 16.00484848022461 5.746049880981445 0.2
2.620349168777466 15.94675064086914 5.832250595092773 0.2
2.638092279434204 15.820751190185547 5.910449981689453 0.2
2.5654401779174805 15.706249237060547 5.9826507568359375 0.2
2.524562358856201 15.625648498535156 6.102550506591797 0.2
2.590334177017212 15.624950408935547 6.235950469970703 0.2
2.7061681747436523 15.690448760986328 6.301050186157227 0.2
2.8310182094573975 15.765548706054688 6.316350936889648 0.2
2.9603800773620605 15.82965087890625 6.295650482177734 0.2
3.0881502628326416 15.875450134277344 6.243650436401367 0.2
3.2028861045837402 15.88454818725586 6.156450271606445 0.2
3.256531238555908 15.823848724365234 6.035551071166992 0.2
3.2028913497924805 15.734447479248047 5.926851272583008 0.2
3.1088616847991943 15.682449340820312 5.817451477050781 0.2
3.10058856010437 15.696048736572266 5.668451309204102 0.2
3.1894421577453613 15.78165054321289 5.584251403808594 0.2
3.302830219268799 15.87765121459961 5.578151702880859 0.2
3.425666332244873 15.953350067138672 5.607450485229492 0.2
3.5573651790618896 15.992450714111328 5.657251358032227 0.2
3.6900792121887207 15.98284912109375 5.7167510986328125 0.2
3.782102108001709 15.891651153564453 5.7839508056640625 0.2
3.767958164215088 15.757850646972656 5.852149963378906 0.2
3.7046031951904297 15.652549743652344 5.943750381469727 0.2
3.7274181842803955 15.594650268554688 6.080150604248047 0.2
3.8346662521362305 15.629749298095703 6.1766510009765625 0.2
3.954954147338867 15.710647583007812 6.199951171875 0.2
4.075220108032227 15.791248321533203 6.181850433349609 0.2
4.193490028381348 15.857948303222656 6.130451202392578 0.2
4.306090354919434 15.902450561523438 6.0516510009765625 0.2
4.39463996887207 15.898147583007812 5.9378509521484375 0.2
4.405740261077881 15.822349548339844 5.812749862670898 0.2
4.318770408630371 15.738349914550781 5.721250534057617 0.2
4.22182035446167 15.70064926147461 5.610851287841797 0.2
4.222940444946289 15.745048522949219 5.467250823974609 0.2
4.310700416564941 15.844249725341797 5.397150039672852 0.2
4.423680305480957 15.939048767089844 5.387651443481445 0.2
4.551919937133789 16.00844955444336 5.404651641845703 0.2
4.690680503845215 16.041950225830078 5.435550689697266 0.2
4.827110290527344 16.017047882080078 5.478050231933594 0.2
4.9046101570129395 15.905948638916016 5.535951614379883 0.2
4.878280162811279 15.77695083618164 5.612850189208984 0.2
4.848440170288086 15.681350708007812 5.727651596069336 0.2
4.921850204467773 15.657947540283203 5.856050491333008 0.2
5.041450500488281 15.726348876953125 5.910251617431641 0.2
5.1544904708862305 15.819950103759766 5.900951385498047 0.2
5.263060569763184 15.905250549316406 5.854249954223633 0.2
5.366510391235352 15.971149444580078 5.776750564575195 0.2
5.461830139160156 16.006149291992188 5.673450469970703 0.2
5.518950462341309 15.975349426269531 5.544651031494141 0.2
5.485640525817871 15.879249572753906 5.4360504150390625 0.2
5.377540111541748 15.800350189208984 5.362051010131836 0.2
5.295280456542969 15.780651092529297 5.237150192260742 0.2
5.3172502517700195 15.850749969482422 5.106651306152344 0.2
5.407710075378418 15.954750061035156 5.051750183105469 0.2
5.521420478820801 16.04745101928711 5.038150787353516 0.2
5.652029991149902 16.112850189208984 5.044651031494141 0.2
5.793320178985596 16.141849517822266 5.062351226806641 0.2
5.928160190582275 16.100650787353516 5.096549987792969 0.2
5.990310192108154 15.979049682617188 5.155450820922852 0.2
5.9593305587768555 15.859447479248047 5.246150970458984 0.2
5.961299896240234 15.779647827148438 5.374650955200195 0.2
6.063830375671387 15.790348052978516 5.483551025390625 0.2
6.183420181274414 15.876350402832031 5.505250930786133 0.2
6.289440155029297 15.97235107421875 5.472450256347656 0.2
6.388550281524658 16.054950714111328 5.404350280761719 0.2
6.480640411376953 16.114749908447266 5.308950424194336 0.2
6.556850433349609 16.13235092163086 5.187450408935547 0.2
6.575680255889893 16.070850372314453 5.056051254272461 0.2
6.502540111541748 15.970447540283203 4.96925163269043 0.2
6.390040397644043 15.907150268554688 4.886751174926758 0.2
6.343339920043945 15.926048278808594 4.745151519775391 0.2
6.396500110626221 16.023147583007812 4.645050048828125 0.2
6.492830276489258 16.128650665283203 4.605350494384766 0.2
6.610110282897949 16.215850830078125 4.591251373291016 0.2
6.743780136108398 16.27375030517578 4.591650009155273 0.2
6.888010025024414 16.284748077392578 4.603050231933594 0.2
7.006800174713135 16.20895004272461 4.6365509033203125 0.2
7.029230117797852 16.076248168945312 4.702150344848633 0.2
6.993659973144531 15.970748901367188 4.807350158691406 0.2
7.038650035858154 15.915050506591797 4.940650939941406 0.2
7.160490036010742 15.958549499511719 5.016450881958008 0.2
7.27379035949707 16.05324935913086 5.0086517333984375 0.2
7.37453031539917 16.14725112915039 4.9584503173828125 0.2
7.467040061950684 16.223949432373047 4.876150131225586 0.2
7.551080226898193 16.27505111694336 4.769651412963867 0.2
7.609530448913574 16.273448944091797 4.637250900268555 0.2
7.595880031585693 16.193649291992188 4.512950897216797 0.2
7.497480392456055 16.10104751586914 4.440450668334961 0.2
7.391810417175293 16.062747955322266 4.338750839233398 0.2
7.377930164337158 16.122047424316406 4.201351165771484 0.2
7.448680400848389 16.231647491455078 4.127950668334961 0.2
7.550510406494141 16.334049224853516 4.0993499755859375 0.2
7.672820091247559 16.413448333740234 4.08745002746582 0.2
7.810980319976807 16.459548950195312 4.08125114440918 0.2
7.95442008972168 16.439647674560547 4.083850860595703 0.2
8.042579650878906 16.323448181152344 4.112150192260742 0.2
8.028329849243164 16.191749572753906 4.189849853515625 0.2
8.011870384216309 16.10594940185547 4.316551208496094 0.2
8.100879669189453 16.095951080322266 4.439550399780273 0.2
8.224029541015625 16.177547454833984 4.466650009155273 0.2
8.327800750732422 16.276248931884766 4.426151275634766 0.2
8.422740936279297 16.362751007080078 4.353950500488281 0.2
8.509570121765137 16.43185043334961 4.258251190185547 0.2
8.587249755859375 16.474849700927734 4.142250061035156 0.2
8.63153076171875 16.455047607421875 4.005350112915039 0.2
8.596070289611816 16.356449127197266 3.897350311279297 0.2
8.479400634765625 16.271549224853516 3.8451499938964844 0.2
8.359390258789062 16.25885009765625 3.7502498626708984 0.2
8.34415054321289 16.340049743652344 3.622251510620117 0.2
8.42218017578125 16.449951171875 3.5568504333496094 0.2
8.530740737915039 16.54534912109375 3.5245513916015625 0.2
8.656810760498047 16.61684799194336 3.5013504028320312 0.2
8.796520233154297 16.652748107910156 3.4808502197265625 0.2
8.936349868774414 16.612751007080078 3.4737510681152344 0.2
9.011750221252441 16.486648559570312 3.507251739501953 0.2
9.004240036010742 16.368148803710938 3.604551315307617 0.2
9.028860092163086 16.308448791503906 3.7437515258789062 0.2
9.143980026245117 16.347248077392578 3.8364505767822266 0.2
9.254310607910156 16.448150634765625 3.822050094604492 0.2
9.341870307922363 16.545448303222656 3.7543506622314453 0.2
9.420280456542969 16.62594985961914 3.660350799560547 0.2
9.491840362548828 16.68614959716797 3.5479507446289062 0.2
9.550609588623047 16.710350036621094 3.416851043701172 0.2
9.566150665283203 16.655048370361328 3.280750274658203 0.2
9.499370574951172 16.539348602294922 3.2026500701904297 0.2
9.364629745483398 16.473148345947266 3.1661510467529297 0.2
9.25 16.50455093383789 3.067251205444336 0.2
9.260310173034668 16.61935043334961 2.9666500091552734 0.2
9.348210334777832 16.731449127197266 2.9172515869140625 0.2
9.461540222167969 16.821147918701172 2.8825511932373047 0.2
9.59000015258789 16.883647918701172 2.8458499908447266 0.2
9.729150772094727 16.90544891357422 2.8026504516601562 0.2
9.857789993286133 16.841449737548828 2.7674503326416016 0.2
9.906909942626953 16.695648193359375 2.7915515899658203 0.2
9.89841079711914 16.58734893798828 2.9037513732910156 0.2
9.954360008239746 16.562950134277344 3.0479507446289062 0.2
10.070390701293945 16.647647857666016 3.105649948120117 0.2
10.154420852661133 16.762847900390625 3.0582504272460938 0.2
10.220499992370605 16.86174774169922 2.9690513610839844 0.2
10.280139923095703 16.941150665283203 2.859651565551758 0.2
10.335149765014648 16.998950958251953 2.736051559448242 0.2
10.380380630493164 17.015647888183594 2.596750259399414 0.2
10.390380859375 16.9427490234375 2.4661502838134766 0.2
10.321700096130371 16.811050415039062 2.41455078125 0.2
10.182790756225586 16.74374771118164 2.396951675415039 0.2
10.063340187072754 16.790748596191406 2.3069515228271484 0.2
10.072879791259766 16.915550231933594 2.215150833129883 0.2
10.154680252075195 17.02954864501953 2.1595516204833984 0.2
10.261280059814453 17.12125015258789 2.109251022338867 0.2
10.382550239562988 17.185749053955078 2.0533504486083984 0.2
10.516400337219238 17.197750091552734 1.9932498931884766 0.2
10.630940437316895 17.106647491455078 1.9573516845703125 0.2
10.668680191040039 16.962947845458984 2.0120506286621094 0.2
10.693840026855469 16.887847900390625 2.1482505798339844 0.2
10.794260025024414 16.927448272705078 2.2640514373779297 0.2
10.881139755249023 17.053848266601562 2.254751205444336 0.2
10.92671012878418 17.172149658203125 2.174551010131836 0.2
10.961870193481445 17.26675033569336 2.0664501190185547 0.2
10.994460105895996 17.338848114013672 1.9418506622314453 0.2
11.026209831237793 17.38465118408203 1.8048515319824219 0.2
11.056610107421875 17.376850128173828 1.6599502563476562 0.2
11.069920539855957 17.263050079345703 1.5559501647949219 0.2
11.001270294189453 17.11935043334961 1.5573501586914062 0.2
10.854230880737305 17.06344985961914 1.5622501373291016 0.2
10.736289978027344 17.13214874267578 1.4815502166748047 0.2
10.750880241394043 17.264450073242188 1.4017505645751953 0.2
10.825360298156738 17.38174819946289 1.3388500213623047 0.2
10.919780731201172 17.477848052978516 1.2718505859375 0.2
11.026400566101074 17.548248291015625 1.1949501037597656 0.2
11.1464204788208 17.56705093383789 1.108449935913086 0.2
11.254620552062988 17.478050231933594 1.0482501983642578 0.2
11.300370216369629 17.33584976196289 1.1059513092041016 0.2
11.34961986541748 17.27614974975586 1.2445507049560547 0.2
11.460659980773926 17.345149993896484 1.3342514038085938 0.2
11.524140357971191 17.481449127197266 1.2988510131835938 0.2
11.542349815368652 17.596649169921875 1.205251693725586 0.2
11.550950050354004 17.687450408935547 1.0880508422851562 0.2
11.559040069580078 17.756149291992188 0.9568500518798828 0.2
11.56863021850586 17.79615020751953 0.8143501281738281 0.2
11.582870483398438 17.772449493408203 0.6666507720947266 0.2
11.586359977722168 17.639549255371094 0.5817508697509766 0.2
11.507420539855957 17.50334930419922 0.6102504730224609 0.2
11.355000495910645 17.460948944091797 0.6149501800537109 0.2
11.253419876098633 17.551250457763672 0.5338516235351562 0.2
11.269929885864258 17.683349609375 0.45345115661621094 0.2
11.331170082092285 17.798851013183594 0.3764514923095703 0.2
11.409510612487793 17.89394760131836 0.29055023193359375 0.2
11.501830101013184 17.95874786376953 0.1927509307861328 0.2
11.613580703735352 17.95064926147461 0.0946502685546875 0.2
11.713359832763672 17.832550048828125 0.07055091857910156 0.2
11.781120300292969 17.727951049804688 0.16975021362304688 0.2
11.886730194091797 17.73455047607422 0.2879505157470703 0.2
11.980400085449219 17.85894775390625 0.3011512756347656 0.2
11.996560096740723 17.98834991455078 0.22555160522460938 0.2
11.986940383911133 18.089649200439453 0.11735153198242188 0.2
11.972100257873535 18.167552947998047 -0.007450103759765625 0.2
11.956419944763184 18.222148895263672 -0.14384841918945312 0.2
11.942390441894531 18.241451263427734 -0.2902488708496094 0.2
11.936779975891113 18.178050994873047 -0.42654991149902344 0.2
11.921710014343262 18.02375030517578 -0.4618492126464844 0.2
11.83213996887207 17.904850006103516 -0.4106483459472656 0.2
11.675970077514648 17.884750366210938 -0.42034912109375 0.2
11.591460227966309 17.986549377441406 -0.5054492950439453 0.2
11.600150108337402 18.11075210571289 -0.5943489074707031 0.2
11.64076042175293 18.220951080322266 -0.6897487640380859 0.2
11.69690990447998 18.310047149658203 -0.7963485717773438 0.2
11.776169776916504 18.357952117919922 -0.9123497009277344 0.2
11.8902006149292 18.311847686767578 -1.00054931640625 0.2
12.003270149230957 18.203250885009766 -0.9717483520507812 0.2
12.11581039428711 18.16884994506836 -0.8652496337890625 0.2
12.236770629882812 18.260852813720703 -0.8223495483398438 0.2
12.262849807739258 18.399250030517578 -0.8812484741210938 0.2
12.234169960021973 18.507747650146484 -0.9793491363525391 0.2
12.193190574645996 18.588146209716797 -1.0956497192382812 0.2
12.148859977722168 18.644550323486328 -1.2240486145019531 0.2
12.104410171508789 18.673946380615234 -1.3614482879638672 0.2
12.066500663757324 18.653553009033203 -1.5029487609863281 0.2
12.056050300598145 18.53744888305664 -1.6024494171142578 0.2
12.040120124816895 18.381549835205078 -1.5780487060546875 0.2
11.942570686340332 18.283145904541016 -1.5043487548828125 0.2
11.784279823303223 18.288150787353516 -1.5151500701904297 0.2
11.70797061920166 18.39425277709961 -1.600149154663086 0.2
11.697319984436035 18.508953094482422 -1.7008495330810547 0.2
11.710989952087402 18.608150482177734 -1.8135490417480469 0.2
11.74120044708252 18.684146881103516 -1.9384498596191406 0.2
11.80526065826416 18.71224594116211 -2.070249557495117 0.2
11.92361068725586 18.650447845458984 -2.1489486694335938 0.2
12.059260368347168 18.577449798583984 -2.102548599243164 0.2
12.203730583190918 18.610546112060547 -2.0457496643066406 0.2
12.272709846496582 18.743946075439453 -2.0880489349365234 0.2
12.237160682678223 18.862247467041016 -2.1760482788085938 0.2
12.172329902648926 18.946346282958984 -2.2790489196777344 0.2
12.100810050964355 19.00234603881836 -2.3946495056152344 0.2
12.027520179748535 19.02944564819336 -2.5192489624023438 0.2
11.95797061920166 19.018550872802734 -2.6489486694335938 0.2
11.914210319519043 18.933551788330078 -2.7656497955322266 0.2
11.921990394592285 18.775249481201172 -2.783048629760742 0.2
11.894070625305176 18.654346466064453 -2.6831493377685547 0.2
11.760379791259766 18.612049102783203 -2.6063499450683594 0.2
11.629480361938477 18.692447662353516 -2.6477489471435547 0.2
11.579910278320312 18.804752349853516 -2.7424488067626953 0.2
11.558259963989258 18.902652740478516 -2.8569488525390625 0.2
11.548990249633789 18.981548309326172 -2.985149383544922 0.2
11.551790237426758 19.034252166748047 -3.1254501342773438 0.2
11.58353042602539 19.03165054321289 -3.2714500427246094 0.2
11.674389839172363 18.933048248291016 -3.353649139404297 0.2
11.809329986572266 18.856548309326172 -3.3069496154785156 0.2
11.958780288696289 18.90694808959961 -3.2815494537353516 0.2
11.999720573425293 19.041545867919922 -3.352449417114258 0.2
11.936480522155762 19.145748138427734 -3.4435501098632812 0.2
11.848780632019043 19.21615219116211 -3.5427494049072266 0.2
11.754870414733887 19.25815200805664 -3.6506500244140625 0.2
11.659660339355469 19.269947052001953 -3.7646484375 0.2
11.570590019226074 19.240947723388672 -3.881948471069336 0.2
11.523030281066895 19.131351470947266 -3.9791488647460938 0.2
11.54596996307373 18.973346710205078 -3.9455490112304688 0.2
11.509860038757324 18.889652252197266 -3.8122501373291016 0.2
11.362000465393066 18.912647247314453 -3.7526493072509766 0.2
11.268850326538086 19.023052215576172 -3.8198490142822266 0.2
11.232860565185547 19.125652313232422 -3.928548812866211 0.2
11.211170196533203 19.20724868774414 -4.055349349975586 0.2
11.19575023651123 19.26534652709961 -4.194250106811523 0.2
11.18671989440918 19.293445587158203 -4.342048645019531 0.2
11.186960220336914 19.263248443603516 -4.491949081420898 0.2
11.220280647277832 19.125652313232422 -4.565849304199219 0.2
11.334710121154785 19.034748077392578 -4.489849090576172 0.2
11.484930038452148 19.08584976196289 -4.45265007019043 0.2
11.520430564880371 19.222545623779297 -4.527948379516602 0.2
11.44297981262207 19.321247100830078 -4.619850158691406 0.2
11.341320037841797 19.38094711303711 -4.715950012207031 0.2
11.234089851379395 19.413745880126953 -4.8177490234375 0.2
11.12643051147461 19.420452117919922 -4.923948287963867 0.2
11.02418041229248 19.39584732055664 -5.033149719238281 0.2
10.957799911499023 19.307048797607422 -5.142848968505859 0.2
10.995840072631836 19.14864730834961 -5.153049468994141 0.2
11.002710342407227 19.073352813720703 -5.006349563598633 0.2
10.876840591430664 19.103145599365234 -4.906949996948242 0.2
10.774940490722656 19.210948944091797 -4.967548370361328 0.2
10.72970962524414 19.305248260498047 -5.082948684692383 0.2
10.696550369262695 19.375347137451172 -5.215448379516602 0.2
10.666970252990723 19.420146942138672 -5.358049392700195 0.2
10.640689849853516 19.432849884033203 -5.507450103759766 0.2
10.621430397033691 19.378948211669922 -5.64954948425293 0.2
10.650480270385742 19.225650787353516 -5.68644905090332 0.2
10.781930923461914 19.165447235107422 -5.60984992980957 0.2
10.919099807739258 19.250751495361328 -5.620550155639648 0.2
10.90291976928711 19.380252838134766 -5.712148666381836 0.2
10.802780151367188 19.459148406982422 -5.798149108886719 0.2
10.685569763183594 19.50374984741211 -5.88494873046875 0.2
10.563420295715332 19.521846771240234 -5.973348617553711 0.2
10.440670013427734 19.512447357177734 -6.0621490478515625 0.2
10.325469970703125 19.466548919677734 -6.152149200439453 0.2
10.272529602050781 19.345050811767578 -6.237249374389648 0.2
10.344840049743652 19.204448699951172 -6.194149017333984 0.2
10.345580101013184 19.170246124267578 -6.033149719238281 0.2
10.211540222167969 19.235248565673828 -5.967649459838867 0.2
10.114469528198242 19.33614730834961 -6.047248840332031 0.2
10.048890113830566 19.414348602294922 -6.163949966430664 0.2
9.989570617675781 19.468250274658203 -6.294849395751953 0.2
9.932990074157715 19.493946075439453 -6.4342498779296875 0.2
9.881010055541992 19.475749969482422 -6.576148986816406 0.2
9.848779678344727 19.35964584350586 -6.67704963684082 0.2
9.931300163269043 19.22445297241211 -6.640449523925781 0.2
10.09259033203125 19.244647979736328 -6.614248275756836 0.2
10.154529571533203 19.366649627685547 -6.700748443603516 0.2
10.065160751342773 19.466747283935547 -6.781848907470703 0.2
9.939090728759766 19.523052215576172 -6.848249435424805 0.2
9.80388069152832 19.550251007080078 -6.912349700927734 0.2
9.66528034210205 19.550052642822266 -6.974048614501953 0.2
9.528079986572266 19.52084732055664 -7.032749176025391 0.2
9.407970428466797 19.446247100830078 -7.09214973449707 0.2
9.394200325012207 19.294849395751953 -7.142549514770508 0.2
9.495670318603516 19.201351165771484 -7.058050155639648 0.2
9.486129760742188 19.216548919677734 -6.896450042724609 0.2
9.357810020446777 19.30935287475586 -6.860149383544922 0.2
9.257160186767578 19.399951934814453 -6.94005012512207 0.2
9.168160438537598 19.46554946899414 -7.048149108886719 0.2
9.079669952392578 19.504047393798828 -7.166948318481445 0.2
8.990579605102539 19.51064682006836 -7.290349960327148 0.2
8.904220581054688 19.470348358154297 -7.410648345947266 0.2
8.850709915161133 19.337047576904297 -7.476949691772461 0.2
8.952970504760742 19.21335220336914 -7.436649322509766 0.2
9.115260124206543 19.242046356201172 -7.46514892578125 0.2
9.124530792236328 19.359546661376953 -7.577548980712891 0.2
9.008370399475098 19.449146270751953 -7.637548446655273 0.2
8.868390083312988 19.50014877319336 -7.675449371337891 0.2
8.720760345458984 19.524646759033203 -7.707149505615234 0.2
8.570880889892578 19.522846221923828 -7.735649108886719 0.2
8.424140930175781 19.490047454833984 -7.761848449707031 0.2
8.303960800170898 19.394649505615234 -7.795648574829102 0.2
8.330670356750488 19.234249114990234 -7.808349609375 0.2
8.435370445251465 19.18844985961914 -7.687448501586914 0.2
8.395940780639648 19.251445770263672 -7.540748596191406 0.2
8.273019790649414 19.355846405029297 -7.552148818969727 0.2
8.163490295410156 19.43124771118164 -7.634449005126953 0.2
8.055000305175781 19.479450225830078 -7.732749938964844 0.2
7.944100379943848 19.499950408935547 -7.836248397827148 0.2
7.832700252532959 19.488048553466797 -7.940448760986328 0.2
7.729620456695557 19.418148040771484 -8.03084945678711 0.2
7.713560104370117 19.259151458740234 -8.042348861694336 0.2
7.8626203536987305 19.19124984741211 -8.032548904418945 0.2
7.972230434417725 19.256046295166016 -8.134048461914062 0.2
7.902660369873047 19.368549346923828 -8.22614860534668 0.2
7.768920421600342 19.44174575805664 -8.25484848022461 0.2
7.621870040893555 19.484752655029297 -8.268348693847656 0.2
7.470130443572998 19.503047943115234 -8.276548385620117 0.2
7.317570209503174 19.495250701904297 -8.281049728393555 0.2
7.169760227203369 19.45205307006836 -8.284149169921875 0.2
7.070940017700195 19.329853057861328 -8.301149368286133 0.2
7.151500225067139 19.189350128173828 -8.276849746704102 0.2
7.244560241699219 19.18625259399414 -8.139348983764648 0.2
7.170289993286133 19.282146453857422 -8.030248641967773 0.2
7.04442024230957 19.37655258178711 -8.064849853515625 0.2
6.922490119934082 19.437549591064453 -8.139348983764648 0.2
6.797940254211426 19.473651885986328 -8.222648620605469 0.2
6.670909881591797 19.483951568603516 -8.30794906616211 0.2
6.544879913330078 19.45975112915039 -8.39124870300293 0.2
6.440080165863037 19.357746124267578 -8.449150085449219 0.2
6.489789962768555 19.203250885009766 -8.446449279785156 0.2
6.646780014038086 19.184749603271484 -8.498149871826172 0.2
6.681760311126709 19.274349212646484 -8.629650115966797 0.2
6.56920051574707 19.373348236083984 -8.681148529052734 0.2
6.4270501136779785 19.43435287475586 -8.685749053955078 0.2
6.277920246124268 19.469852447509766 -8.680648803710938 0.2
6.125920295715332 19.482852935791016 -8.671449661254883 0.2
5.974100112915039 19.470348358154297 -8.659149169921875 0.2
5.83351993560791 19.409351348876953 -8.648550033569336 0.2
5.793120384216309 19.255352020263672 -8.641849517822266 0.2
5.906189918518066 19.167652130126953 -8.563549041748047 0.2
5.945260047912598 19.206951141357422 -8.411048889160156 0.2
5.838350296020508 19.311450958251953 -8.350648880004883 0.2
5.709270477294922 19.390247344970703 -8.39004898071289 0.2
5.576710224151611 19.44205093383789 -8.449649810791016 0.2
5.4404802322387695 19.470348358154297 -8.51314926147461 0.2
5.303230285644531 19.469745635986328 -8.578248977661133 0.2
5.1767401695251465 19.411746978759766 -8.643348693847656 0.2
5.151490211486816 19.261646270751953 -8.691848754882812 0.2
5.278750419616699 19.173946380615234 -8.75204849243164 0.2
5.359479904174805 19.204448699951172 -8.890850067138672 0.2
5.279820442199707 19.305850982666016 -8.9850492477417 0.2
5.148270130157471 19.38705062866211 -8.992949485778809 0.2
5.006840229034424 19.440052032470703 -8.978249549865723 0.2
4.860440254211426 19.469348907470703 -8.95574951171875 0.2
4.712430000305176 19.473148345947266 -8.927648544311523 0.2
4.5701704025268555 19.43735122680664 -8.89284896850586 0.2
4.4835205078125 19.315250396728516 -8.849748611450195 0.2
4.550869941711426 19.182247161865234 -8.781848907470703 0.2
4.636410236358643 19.165752410888672 -8.645149230957031 0.2
4.5790205001831055 19.248050689697266 -8.51974868774414 0.2
4.454110145568848 19.342350006103516 -8.51865005493164 0.2
4.321880340576172 19.40945053100586 -8.558849334716797 0.2
4.184220314025879 19.45174789428711 -8.607549667358398 0.2
4.043190002441406 19.466747283935547 -8.659049987792969 0.2
3.905067205429077 19.439350128173828 -8.714048385620117 0.2
3.8172953128814697 19.326152801513672 -8.770448684692383 0.2
3.882249355316162 19.18844985961914 -8.830648422241211 0.2
3.99273419380188 19.162349700927734 -8.946949005126953 0.2
3.9702422618865967 19.23824691772461 -9.086749076843262 0.2
3.8516321182250977 19.33584976196289 -9.118049621582031 0.2
3.717750310897827 19.404247283935547 -9.098349571228027 0.2
3.577388286590576 19.446849822998047 -9.064848899841309 0.2
3.434105157852173 19.46554946899414 -9.024449348449707 0.2
3.291983127593994 19.455646514892578 -8.9781494140625 0.2
3.1659393310546875 19.390148162841797 -8.923948287963867 0.2
3.1402182579040527 19.242748260498047 -8.868249893188477 0.2
3.2467191219329834 19.151050567626953 -8.785049438476562 0.2
3.3035361766815186 19.16994857788086 -8.635049819946289 0.2
3.2139852046966553 19.266651153564453 -8.54494857788086 0.2
3.0841171741485596 19.35214614868164 -8.549949645996094 0.2
2.9464569091796875 19.411052703857422 -8.578948974609375 0.2
2.803340196609497 19.445148468017578 -8.613849639892578 0.2
2.6577181816101074 19.449352264404297 -8.651649475097656 0.2
2.523940324783325 19.397449493408203 -8.696649551391602 0.2
2.479499340057373 19.25735092163086 -8.752948760986328 0.2
2.5703821182250977 19.156551361083984 -8.84214973449707 0.2
2.630528211593628 19.169750213623047 -8.99074935913086 0.2
2.551053285598755 19.265445709228516 -9.089149475097656 0.2
2.4260761737823486 19.353351593017578 -9.080849647521973 0.2
2.2937862873077393 19.412548065185547 -9.03904914855957 0.2
2.1574931144714355 19.447246551513672 -8.98694896697998 0.2
2.0199062824249268 19.45675277709961 -8.929048538208008 0.2
1.8861702680587769 19.432247161865234 -8.865449905395508 0.2
1.7896702289581299 19.335346221923828 -8.797948837280273 0.2
1.828120231628418 19.188251495361328 -8.74074935913086 0.2
1.9455902576446533 19.133846282958984 -8.645349502563477 0.2
1.9592602252960205 19.18375015258789 -8.494049072265625 0.2
1.851790189743042 19.281551361083984 -8.431949615478516 0.2
1.7192802429199219 19.358150482177734 -8.433849334716797 0.2
1.5777902603149414 19.409847259521484 -8.451148986816406 0.2
1.431050181388855 19.435749053955078 -8.472549438476562 0.2
1.2839902639389038 19.425251007080078 -8.498849868774414 0.2
1.1646502017974854 19.339847564697266 -8.538749694824219 0.2
1.169560194015503 19.194049835205078 -8.60744857788086 0.2
1.2622302770614624 19.138545989990234 -8.728948593139648 0.2
1.2603702545166016 19.19064712524414 -8.881448745727539 0.2
1.1493302583694458 19.294147491455078 -8.92074966430664 0.2
1.024800181388855 19.372447967529297 -8.880748748779297 0.2
0.8968303203582764 19.422252655029297 -8.81974983215332 0.2
0.7662701606750488 19.447551727294922 -8.751049041748047 0.2
0.635770320892334 19.446453094482422 -8.677949905395508 0.2
0.5152502059936523 19.40164566040039 -8.601049423217773 0.2
0.4612703323364258 19.271549224853516 -8.53434944152832 0.2
0.5495901107788086 19.145153045654297 -8.482648849487305 0.2
0.6594502925872803 19.124446868896484 -8.367948532104492 0.2
0.6331901550292969 19.199451446533203 -8.230049133300781 0.2
0.5167901515960693 19.29244613647461 -8.18764877319336 0.2
0.3812401294708252 19.362346649169922 -8.18375015258789 0.2
0.23716020584106445 19.407352447509766 -8.189048767089844 0.2
0.08834028244018555 19.424251556396484 -8.198249816894531 0.2
-0.05850982666015625 19.396251678466797 -8.215049743652344 0.2
-0.15384984016418457 19.282451629638672 -8.254650115966797 0.2
-0.1084597110748291 19.152950286865234 -8.34214973449707 0.2
-0.037439823150634766 19.133953094482422 -8.485849380493164 0.2
-0.09420967102050781 19.217052459716797 -8.610349655151367 0.2
-0.21283984184265137 19.318347930908203 -8.602949142456055 0.2
-0.33215975761413574 19.386951446533203 -8.540449142456055 0.2
-0.4540598392486572 19.428050994873047 -8.463048934936523 0.2
-0.5776598453521729 19.44454574584961 -8.3802490234375 0.2
-0.6995396614074707 19.432048797607422 -8.294448852539062 0.2
-0.8056998252868652 19.36465072631836 -8.209548950195312 0.2
-0.8182597160339355 19.215251922607422 -8.154850006103516 0.2
-0.696509838104248 19.115947723388672 -8.110549926757812 0.2
-0.6001498699188232 19.120250701904297 -7.982049942016602 0.2
-0.6561498641967773 19.210346221923828 -7.863649368286133 0.2
-0.7780096530914307 19.29904556274414 -7.8269500732421875 0.2
-0.9154996871948242 19.363048553466797 -7.814449310302734 0.2
-1.061309814453125 19.401348114013672 -7.808248519897461 0.2
-1.2114195823669434 19.408946990966797 -7.805948257446289 0.2
-1.3533296585083008 19.360248565673828 -7.815349578857422 0.2
-1.4124999046325684 19.222347259521484 -7.861848831176758 0.2
-1.3447699546813965 19.124446868896484 -7.972648620605469 0.2
-1.3171796798706055 19.145549774169922 -8.12984848022461 0.2
-1.4106297492980957 19.25204849243164 -8.201349258422852 0.2
-1.522249698638916 19.344852447509766 -8.152349472045898 0.2
-1.6329898834228516 19.404552459716797 -8.068849563598633 0.2
-1.7462396621704102 19.43764877319336 -7.97614860534668 0.2
-1.860799789428711 19.444950103759766 -7.879949569702148 0.2
-1.973219871520996 19.419452667236328 -7.783548355102539 0.2
-2.06072998046875 19.324649810791016 -7.702249526977539 0.2
-2.0270495414733887 19.16775131225586 -7.677549362182617 0.2
-1.8882198333740234 19.095645904541016 -7.636449813842773 0.2
-1.819239616394043 19.124652862548828 -7.495349884033203 0.2
-1.8957695960998535 19.219547271728516 -7.394048690795898 0.2
-2.019629955291748 19.301349639892578 -7.354848861694336 0.2
-2.1581296920776367 19.35964584350586 -7.331449508666992 0.2
-2.304499626159668 19.392147064208984 -7.313348770141602 0.2
-2.4543299674987793 19.38955307006836 -7.301748275756836 0.2
-2.586819648742676 19.313350677490234 -7.308750152587891 0.2
-2.6016898155212402 19.166851043701172 -7.374448776245117 0.2
-2.528259754180908 19.11764907836914 -7.512350082397461 0.2
-2.550489902496338 19.187747955322266 -7.656848907470703 0.2
-2.6554999351501465 19.305950164794922 -7.654548645019531 0.2
-2.753589630126953 19.385547637939453 -7.567548751831055 0.2
-2.850879669189453 19.432048797607422 -7.461948394775391 0.2
-2.9502296447753906 19.453350067138672 -7.350849151611328 0.2
-3.0506296157836914 19.44925308227539 -7.238748550415039 0.2
-3.1504297256469727 19.409748077392578 -7.132848739624023 0.2
-3.2334399223327637 19.292346954345703 -7.072849273681641 0.2
-3.1880698204040527 19.139049530029297 -7.103448867797852 0.2
-3.0355796813964844 19.08755111694336 -7.083250045776367 0.2
-2.9613895416259766 19.127452850341797 -6.945749282836914 0.2
-3.036799907684326 19.220951080322266 -6.842649459838867 0.2
-3.1582398414611816 19.298450469970703 -6.786048889160156 0.2
-3.293569564819336 19.35354995727539 -6.741048812866211 0.2
-3.437009811401367 19.384151458740234 -6.701749801635742 0.2
-3.585549831390381 19.377849578857422 -6.670148849487305 0.2
-3.7097597122192383 19.28695297241211 -6.663549423217773 0.2
-3.702859878540039 19.147846221923828 -6.746448516845703 0.2
-3.6482996940612793 19.139949798583984 -6.900049209594727 0.2
-3.7055797576904297 19.248851776123047 -7.004148483276367 0.2
-3.8002495765686035 19.362346649169922 -6.947948455810547 0.2
-3.8788199424743652 19.425846099853516 -6.833648681640625 0.2
-3.9562997817993164 19.458545684814453 -6.707849502563477 0.2
-4.034559726715088 19.467350006103516 -6.579050064086914 0.2
-4.113239765167236 19.45035171508789 -6.451549530029297 0.2
-4.19543981552124 19.39224624633789 -6.336948394775391 0.2
-4.2666096687316895 19.25625228881836 -6.3038482666015625 0.2
-4.202659606933594 19.127552032470703 -6.379650115966797 0.2
-4.044399738311768 19.092647552490234 -6.377349853515625 0.2
-3.971409797668457 19.13924789428711 -6.241048812866211 0.2
-4.0377197265625 19.22714614868164 -6.125749588012695 0.2
-4.143929958343506 19.29904556274414 -6.040149688720703 0.2
-4.2636399269104 19.35024642944336 -5.96044921875 0.2
-4.392619609832764 19.375652313232422 -5.884748458862305 0.2
-4.528559684753418 19.349346160888672 -5.824150085449219 0.2
-4.624650001525879 19.226245880126953 -5.836948394775391 0.2
-4.622379779815674 19.142353057861328 -5.975849151611328 0.2
-4.650429725646973 19.194751739501953 -6.125848770141602 0.2
-4.746859550476074 19.320751190185547 -6.138648986816406 0.2
-4.811849594116211 19.408252716064453 -6.030448913574219 0.2
-4.861569881439209 19.455249786376953 -5.895648956298828 0.2
-4.909459590911865 19.476146697998047 -5.754848480224609 0.2
-4.956509590148926 19.472545623779297 -5.612649917602539 0.2
-5.003459930419922 19.437847137451172 -5.474248886108398 0.2
-5.0515899658203125 19.338848114013672 -5.369749069213867 0.2
-5.053269386291504 19.18014907836914 -5.389848709106445 0.2
-4.939949989318848 19.092647552490234 -5.46245002746582 0.2
-4.787499904632568 19.079349517822266 -5.4156494140625 0.2
-4.752999782562256 19.147449493408203 -5.275348663330078 0.2
-4.811899662017822 19.228351593017578 -5.157249450683594 0.2
-4.896199703216553 19.292552947998047 -5.047248840332031 0.2
-4.992849349975586 19.33444595336914 -4.938848495483398 0.2
-5.103639602661133 19.340251922607422 -4.838348388671875 0.2
-5.226019859313965 19.268047332763672 -4.785148620605469 0.2
-5.303919792175293 19.151348114013672 -4.864049911499023 0.2
-5.35791015625 19.139751434326172 -5.016149520874023 0.2
-5.4716596603393555 19.230846405029297 -5.083749771118164 0.2
-5.548029899597168 19.334949493408203 -4.996250152587891 0.2
-5.578559875488281 19.396549224853516 -4.861249923706055 0.2
-5.600449562072754 19.427745819091797 -4.716949462890625 0.2
-5.617179870605469 19.433948516845703 -4.569250106811523 0.2
-5.6285400390625 19.412548065185547 -4.422449111938477 0.2
-5.632909774780273 19.342548370361328 -4.290849685668945 0.2
-5.6220598220825195 19.194751739501953 -4.2431488037109375 0.2
-5.5486297607421875 19.071247100830078 -4.315248489379883 0.2
-5.397549629211426 19.036251068115234 -4.352748870849609 0.2
-5.283720016479492 19.082347869873047 -4.249948501586914 0.2
-5.295839309692383 19.161548614501953 -4.1163482666015625 0.2
-5.350859642028809 19.22604751586914 -3.988649368286133 0.2
-5.419369697570801 19.269451141357422 -3.8609485626220703 0.2
-5.4981794357299805 19.285045623779297 -3.734649658203125 0.2
-5.594249725341797 19.246952056884766 -3.6264495849609375 0.2
-5.695459365844727 19.13235092163086 -3.6079483032226562 0.2
-5.773359298706055 19.05074691772461 -3.722148895263672 0.2
-5.879280090332031 19.077648162841797 -3.839048385620117 0.2
-5.9996795654296875 19.177547454833984 -3.8126487731933594 0.2
-6.036479949951172 19.260448455810547 -3.688749313354492 0.2
-6.0382795333862305 19.307445526123047 -3.5473499298095703 0.2
-6.031219482421875 19.328449249267578 -3.400848388671875 0.2
-6.018980026245117 19.32674789428711 -3.253549575805664 0.2
-6.00137996673584 19.296550750732422 -3.110048294067383 0.2
-5.97598934173584 19.210651397705078 -2.9907493591308594 0.2
-5.938469886779785 19.061145782470703 -2.9690494537353516 0.2
-5.856189727783203 18.95675277709961 -3.05474853515625 0.2
-5.708009719848633 18.928646087646484 -3.1004486083984375 0.2
-5.590179443359375 18.96915054321289 -3.0026493072509766 0.2
-5.582940101623535 19.032245635986328 -2.860849380493164 0.2
-5.617400169372559 19.080448150634766 -2.720949172973633 0.2
-5.668549537658691 19.107746124267578 -2.582448959350586 0.2
-5.735809326171875 19.105945587158203 -2.4494495391845703 0.2
-5.838789939880371 19.05105209350586 -2.3574485778808594 0.2
-5.964519500732422 18.961849212646484 -2.3810501098632812 0.2
-6.0863494873046875 18.938053131103516 -2.4784488677978516 0.2
-6.231229782104492 18.99795150756836 -2.490049362182617 0.2
-6.29640007019043 19.082950592041016 -2.380748748779297 0.2
-6.288780212402344 19.137447357177734 -2.2431488037109375 0.2
-6.261919975280762 19.163150787353516 -2.1016483306884766 0.2
-6.228030204772949 19.163349151611328 -1.9596500396728516 0.2
-6.18865966796875 19.136150360107422 -1.8217487335205078 0.2
-6.141900062561035 19.064746856689453 -1.7019500732421875 0.2
-6.090720176696777 18.929645538330078 -1.6584491729736328 0.2
-6.030900001525879 18.807552337646484 -1.7362499237060547 0.2
-5.917949676513672 18.759845733642578 -1.8322486877441406 0.2
-5.764200210571289 18.770946502685547 -1.8037490844726562 0.2
-5.700479507446289 18.826648712158203 -1.6742496490478516 0.2
-5.700089454650879 18.876346588134766 -1.53125 0.2
-5.721059799194336 18.90774917602539 -1.3858489990234375 0.2
-5.752510070800781 18.917850494384766 -1.2404499053955078 0.2
-5.801329612731934 18.894550323486328 -1.1028499603271484 0.2
-5.890369415283203 18.81204605102539 -1.0159492492675781 0.2
-6.009429931640625 18.716251373291016 -1.048349380493164 0.2
-6.141209602355957 18.700748443603516 -1.1336498260498047 0.2
-6.2885894775390625 18.749652862548828 -1.113748550415039 0.2
-6.336319923400879 18.814952850341797 -0.9845485687255859 0.2
-6.31050968170166 18.854450225830078 -0.8427486419677734 0.2
-6.262419700622559 18.867252349853516 -0.703948974609375 0.2
-6.2034101486206055 18.856647491455078 -0.5698490142822266 0.2
-6.136569976806641 18.820446014404297 -0.44444847106933594 0.2
-6.056849479675293 18.740650177001953 -0.3511486053466797 0.2
-5.973259925842285 18.613651275634766 -0.3546485900878906 0.2
-5.893650054931641 18.524349212646484 -0.45654869079589844 0.2
-5.7540998458862305 18.49155044555664 -0.5187492370605469 0.2
-5.624690055847168 18.515148162841797 -0.4375495910644531 0.2
-5.579730033874512 18.56235122680664 -0.3013496398925781 0.2
-5.568860054016113 18.598445892333984 -0.15674972534179688 0.2
-5.573089599609375 18.611652374267578 -0.009349822998046875 0.2
-5.591320037841797 18.591449737548828 0.13515090942382812 0.2
-5.644680023193359 18.51314926147461 0.24814987182617188 0.2
-5.746259689331055 18.398548126220703 0.2566509246826172 0.2
-5.873370170593262 18.35464859008789 0.17615127563476562 0.2
-6.025389671325684 18.383350372314453 0.14965057373046875 0.2
-6.114739418029785 18.447147369384766 0.2584514617919922 0.2
-6.094389915466309 18.49155044555664 0.40125083923339844 0.2
-6.036709785461426 18.505046844482422 0.5368499755859375 0.2
-5.965700149536133 18.494449615478516 0.6655502319335938 0.2
-5.886849403381348 18.465648651123047 0.7860507965087891 0.2
-5.80048942565918 18.41495132446289 0.8928508758544922 0.2
-5.705269813537598 18.32394790649414 0.9580516815185547 0.2
-5.624349594116211 18.199352264404297 0.9213504791259766 0.2
-5.56033992767334 18.125553131103516 0.7979507446289062 0.2
-5.427889823913574 18.100749969482422 0.7202510833740234 0.2
-5.2924394607543945 18.120746612548828 0.7909507751464844 0.2
-5.228119850158691 18.158145904541016 0.9233512878417969 0.2
-5.19474983215332 18.182445526123047 1.0668506622314453 0.2
-5.178249359130859 18.179149627685547 1.2137508392333984 0.2
-5.184869766235352 18.13315200805664 1.3536510467529297 0.2
-5.250040054321289 18.030349731445312 1.4394512176513672 0.2
-5.3773393630981445 17.942550659179688 1.4171504974365234 0.2
-5.5295000076293945 17.939250946044922 1.3787498474121094 0.2
-5.65386962890625 17.987449645996094 1.4595508575439453 0.2
-5.649359703063965 18.042747497558594 1.6007499694824219 0.2
-5.5754499435424805 18.068851470947266 1.7260513305664062 0.2
-5.48307991027832 18.066051483154297 1.8399505615234375 0.2
-5.383170127868652 18.041648864746094 1.9443511962890625 0.2
-5.278860092163086 17.99844741821289 2.0380516052246094 0.2
-5.172809600830078 17.92824935913086 2.112649917602539 0.2
-5.085969924926758 17.807750701904297 2.1282501220703125 0.2
-5.061169624328613 17.685150146484375 2.0339508056640625 0.2
-5.0371198654174805 17.65114974975586 1.8833503723144531 0.2
-4.911649703979492 17.66054916381836 1.7904510498046875 0.2
-4.772249698638916 17.694747924804688 1.850351333618164 0.2
-4.69120979309082 17.72414779663086 1.9759502410888672 0.2
-4.634679794311523 17.733551025390625 2.115550994873047 0.2
-4.591169834136963 17.71685028076172 2.2575511932373047 0.2
-4.573249816894531 17.661048889160156 2.393451690673828 0.2
-4.629479885101318 17.553749084472656 2.4838504791259766 0.2
-4.765839576721191 17.474449157714844 2.4891510009765625 0.2
-4.921319961547852 17.47534942626953 2.5151500701904297 0.2
-4.987709999084473 17.51934814453125 2.648050308227539 0.2
-4.924919605255127 17.564647674560547 2.7764511108398438 0.2
-4.818959712982178 17.586349487304688 2.8764514923095703 0.2
-4.701319694519043 17.582748413085938 2.9626502990722656 0.2
-4.579039573669434 17.555747985839844 3.037750244140625 0.2
-4.456779956817627 17.501850128173828 3.098051071166992 0.2
-4.351979732513428 17.400550842285156 3.1201515197753906 0.2
-4.319819927215576 17.263748168945312 3.0575504302978516 0.2
-4.345119953155518 17.199748992919922 2.9176502227783203 0.2
-4.310219764709473 17.215450286865234 2.766651153564453 0.2
-4.172779560089111 17.270347595214844 2.716550827026367 0.2
-4.0552897453308105 17.320850372314453 2.8008499145507812 0.2
-3.9710097312927246 17.34524917602539 2.9243507385253906 0.2
-3.8981995582580566 17.34444808959961 3.055450439453125 0.2
-3.8304100036621094 17.31855010986328 3.1853504180908203 0.2
-3.780289649963379 17.252548217773438 3.3086509704589844 0.2
-3.7992796897888184 17.12874984741211 3.393350601196289 0.2
-3.917099952697754 17.025550842285156 3.4077510833740234 0.2
-4.066529750823975 17.000450134277344 3.445850372314453 0.2
-4.131419658660889 17.023048400878906 3.5845508575439453 0.2
-4.064379692077637 17.067550659179688 3.7124500274658203 0.2
-3.9474997520446777 17.098548889160156 3.7973499298095703 0.2
-3.816349983215332 17.108551025390625 3.862751007080078 0.2
-3.6800999641418457 17.09564971923828 3.915050506591797 0.2
-3.5448999404907227 17.048648834228516 3.9444503784179688 0.2
-3.4411396980285645 16.94744873046875 3.91455078125 0.2
-3.4226598739624023 16.840648651123047 3.804250717163086 0.2
-3.4393696784973145 16.815349578857422 3.6523513793945312 0.2
-3.3683695793151855 16.856449127197266 3.520650863647461 0.2
-3.2316999435424805 16.92654800415039 3.5220508575439453 0.2
-3.124119758605957 16.973949432373047 3.6170501708984375 0.2
-3.035409927368164 16.992748260498047 3.7350502014160156 0.2
-2.952739715576172 16.984249114990234 3.857351303100586 0.2
-2.8756299018859863 16.942951202392578 3.9762516021728516 0.2
-2.835129737854004 16.843650817871094 4.077550888061523 0.2
-2.8899898529052734 16.707050323486328 4.121850967407227 0.2
-3.024709701538086 16.631549835205078 4.136850357055664 0.2
-3.14924955368042 16.612548828125 4.226251602172852 0.2
-3.1542396545410156 16.641448974609375 4.375551223754883 0.2
-3.055999755859375 16.68914794921875 4.476551055908203 0.2
-2.9266200065612793 16.723247528076172 4.5386505126953125 0.2
-2.787299633026123 16.738849639892578 4.582250595092773 0.2
-2.644009590148926 16.733848571777344 4.612150192260742 0.2
-2.5027499198913574 16.694149017333984 4.61665153503418 0.2
-2.4036498069763184 16.598350524902344 4.561450958251953 0.2
-2.402749538421631 16.504051208496094 4.4396514892578125 0.2
-2.4298095703125 16.489349365234375 4.288450241088867 0.2
-2.3565797805786133 16.533950805664062 4.15985107421875 0.2
-2.2196097373962402 16.601749420166016 4.160650253295898 0.2
-2.104290008544922 16.6468505859375 4.245050430297852 0.2
-2.003349781036377 16.665847778320312 4.352651596069336 0.2
-1.911299705505371 16.6573486328125 4.467851638793945 0.2
-1.8385496139526367 16.60715103149414 4.584751129150391 0.2
-1.8342795372009277 16.493850708007812 4.68065071105957 0.2
-1.9295897483825684 16.382247924804688 4.726350784301758 0.2
-2.0579400062561035 16.32284927368164 4.790550231933594 0.2
-2.0993895530700684 16.312450408935547 4.937150955200195 0.2
-2.02278995513916 16.358047485351562 5.0572509765625 0.2
-1.9034996032714844 16.41054916381836 5.126649856567383 0.2
-1.7692999839782715 16.448749542236328 5.169651031494141 0.2
-1.6270999908447266 16.467647552490234 5.192951202392578 0.2
-1.482529640197754 16.455848693847656 5.192251205444336 0.2
-1.3657398223876953 16.387248992919922 5.142051696777344 0.2
-1.3436799049377441 16.28424835205078 5.036550521850586 0.2
-1.3965797424316406 16.232650756835938 4.902950286865234 0.2
-1.3929696083068848 16.230449676513672 4.750249862670898 0.2
-1.277329921722412 16.279949188232422 4.666049957275391 0.2
-1.1467199325561523 16.345348358154297 4.6972503662109375 0.2
-1.0309295654296875 16.394847869873047 4.775051116943359 0.2
-0.9240796566009521 16.418251037597656 4.873050689697266 0.2
-0.8254697322845459 16.41094970703125 4.980451583862305 0.2
-0.7536797523498535 16.35104751586914 5.092250823974609 0.2
-0.7639198303222656 16.231948852539062 5.180450439453125 0.2
-0.8663897514343262 16.12944793701172 5.231451034545898 0.2
-0.9651398658752441 16.063350677490234 5.326850891113281 0.2
-0.9556398391723633 16.060447692871094 5.476650238037109 0.2
-0.8599698543548584 16.115447998046875 5.576650619506836 0.2
-0.7375097274780273 16.176250457763672 5.629449844360352 0.2
-0.600949764251709 16.222148895263672 5.651651382446289 0.2
-0.4575998783111572 16.245250701904297 5.64885139465332 0.2
-0.31880974769592285 16.228748321533203 5.612951278686523 0.2
-0.23398971557617188 16.148849487304688 5.5256500244140625 0.2
-0.25583982467651367 16.058349609375 5.40675163269043 0.2
-0.30931973457336426 16.013648986816406 5.2698516845703125 0.2
-0.26004981994628906 16.019550323486328 5.127950668334961 0.2
-0.13313984870910645 16.08475112915039 5.083650588989258 0.2
-0.009229660034179688 16.157447814941406 5.12135124206543 0.2
0.10711026191711426 16.21044921875 5.193750381469727 0.2
0.21685028076171875 16.231449127197266 5.287851333618164 0.2
0.3159902095794678 16.211448669433594 5.392850875854492 0.2
0.36651015281677246 16.12274932861328 5.496650695800781 0.2
0.3153202533721924 15.998748779296875 5.564950942993164 0.2
0.2076401710510254 15.908348083496094 5.62755012512207 0.2
0.16354012489318848 15.857650756835938 5.762350082397461 0.2
0.2281501293182373 15.885448455810547 5.893951416015625 0.2
0.34051012992858887 15.951248168945312 5.9631500244140625 0.2
0.46920013427734375 16.01314926147461 5.9956512451171875 0.2
