-19.374399185180664 10.772850036621094 5.075550079345703 0.2
-19.40959930419922 10.972949981689453 4.957851409912109 0.2
-19.56130027770996 11.160148620605469 4.928150177001953 0.2
-19.724699020385742 11.330551147460938 4.978750228881836 0.2
-19.797500610351562 11.420948028564453 5.179750442504883 0.2
-19.66860008239746 11.34885025024414 5.355649948120117 0.2
-19.438098907470703 11.270347595214844 5.385650634765625 0.2
-19.260700225830078 11.134349822998047 5.314550399780273 0.2
-19.225399017333984 10.925048828125 5.203350067138672 0.2
-19.223800659179688 10.71445083618164 5.310251235961914 0.2
-19.228199005126953 10.61104965209961 5.529750823974609 0.2
-19.34980010986328 10.648548126220703 5.727350234985352 0.2
-19.512399673461914 10.81924819946289 5.770851135253906 0.2
-19.588199615478516 11.040050506591797 5.715250015258789 0.2
-19.450698852539062 11.199951171875 5.620050430297852 0.2
-19.221599578857422 11.141048431396484 5.6076507568359375 0.2
-19.036699295043945 11.04644775390625 5.731349945068359 0.2
-18.890199661254883 10.99224853515625 5.918550491333008 0.2
-18.819299697875977 10.87445068359375 6.115150451660156 0.2
-18.929698944091797 10.67464828491211 6.1542510986328125 0.2
-19.09670066833496 10.57455062866211 6.011251449584961 0.2
-19.1343994140625 10.531547546386719 5.7821502685546875 0.2
-18.952299118041992 10.526050567626953 5.632150650024414 0.2
-18.7091007232666 10.524948120117188 5.611551284790039 0.2
-18.570098876953125 10.70364761352539 5.641050338745117 0.2
-18.635000228881836 10.907249450683594 5.751750946044922 0.2
-18.630199432373047 10.983348846435547 5.971050262451172 0.2
-18.502899169921875 10.915847778320312 6.165151596069336 0.2
-18.304500579833984 10.823348999023438 6.263151168823242 0.2
-18.1614990234375 10.702850341796875 6.128351211547852 0.2
-18.210899353027344 10.62344741821289 5.907451629638672 0.2
-18.371999740600586 10.505451202392578 5.7810516357421875 0.2
-18.506999969482422 10.351448059082031 5.89015007019043 0.2
-18.546199798583984 10.258548736572266 6.113750457763672 0.2
-18.635299682617188 10.326850891113281 6.314750671386719 0.2
-18.67770004272461 10.559349060058594 6.339250564575195 0.2
-18.556400299072266 10.754749298095703 6.373050689697266 0.2
-18.374300003051758 10.76314926147461 6.527950286865234 0.2
-18.260099411010742 10.664848327636719 6.715950012207031 0.2
-18.282899856567383 10.471248626708984 6.840751647949219 0.2
-18.424999237060547 10.305450439453125 6.753049850463867 0.2
-18.445798873901367 10.174148559570312 6.559450149536133 0.2
-18.255699157714844 10.057449340820312 6.502450942993164 0.2
-18.0231990814209 10.031150817871094 6.575050354003906 0.2
-17.827098846435547 10.150447845458984 6.5572509765625 0.2
-17.838300704956055 10.375747680664062 6.485450744628906 0.2
-17.968900680541992 10.574050903320312 6.503150939941406 0.2
-18.040800094604492 10.646747589111328 6.707851409912109 0.2
-17.97439956665039 10.583747863769531 6.9331512451171875 0.2
-17.83180046081543 10.476749420166016 7.095552444458008 0.2
-17.683500289916992 10.307449340820312 7.05164909362793 0.2
-17.674999237060547 10.172550201416016 6.853351593017578 0.2
-17.810100555419922 10.003150939941406 6.772451400756836 0.2
-17.940399169921875 9.879249572753906 6.92864990234375 0.2
-18.079700469970703 9.853248596191406 7.122549057006836 0.2
-18.23309898376465 10.016651153564453 7.179849624633789 0.2
-18.24530029296875 10.245048522949219 7.106050491333008 0.2
-18.1072998046875 10.428848266601562 7.131452560424805 0.2
-17.955699920654297 10.426250457763672 7.313051223754883 0.2
-17.907400131225586 10.336250305175781 7.532350540161133 0.2
-17.975099563598633 10.178150177001953 7.69474983215332 0.2
-18.114700317382812 10.00634765625 7.620851516723633 0.2
-18.149200439453125 9.877349853515625 7.421751022338867 0.2
-17.990699768066406 9.730850219726562 7.341550827026367 0.2
-17.798500061035156 9.640251159667969 7.458150863647461 0.2
-17.592899322509766 9.683147430419922 7.561052322387695 0.2
-17.500200271606445 9.896148681640625 7.534650802612305 0.2
-17.574899673461914 10.121047973632812 7.499452590942383 0.2
-17.703800201416016 10.244850158691406 7.64484977722168 0.2
-17.75349998474121 10.187950134277344 7.873849868774414 0.2
-17.723899841308594 10.06155014038086 8.077352523803711 0.2
-17.604000091552734 9.86684799194336 8.107751846313477 0.2
-17.52359962463379 9.722648620605469 7.933950424194336 0.2
-17.60930061340332 9.58475112915039 7.765649795532227 0.2
-17.813899993896484 9.475448608398438 7.801851272583008 0.2
-18.013198852539062 9.447650909423828 7.935152053833008 0.2
-18.173099517822266 9.609649658203125 7.971551895141602 0.2
-18.138999938964844 9.840648651123047 7.915449142456055 0.2
-18.00189971923828 10.024749755859375 7.967050552368164 0.2
-17.93109893798828 10.043048858642578 8.190149307250977 0.2
-17.982799530029297 9.947750091552734 8.40715217590332 0.2
-18.129499435424805 9.81155014038086 8.537050247192383 0.2
-18.26609992980957 9.652851104736328 8.436349868774414 0.2
-18.257699966430664 9.524650573730469 8.231649398803711 0.2
-18.123699188232422 9.345550537109375 8.168550491333008 0.2
-18.0177001953125 9.2010498046875 8.330652236938477 0.2
-17.892499923706055 9.174949645996094 8.52964973449707 0.2
-17.745698928833008 9.345951080322266 8.589052200317383 0.2
-17.72010040283203 9.579547882080078 8.530950546264648 0.2
-17.840700149536133 9.773849487304688 8.574251174926758 0.2
-17.999300003051758 9.781150817871094 8.75214958190918 0.2
-18.098499298095703 9.669048309326172 8.944650650024414 0.2
-18.075899124145508 9.465450286865234 9.057649612426758 0.2
-17.9601993560791 9.278850555419922 8.962652206420898 0.2
-17.936899185180664 9.136051177978516 8.772150039672852 0.2
-18.118799209594727 9.030948638916016 8.670251846313477 0.2
-18.357999801635742 9.002250671386719 8.71135139465332 0.2
-18.532100677490234 9.1573486328125 8.703649520874023 0.2
-18.4862003326416 9.388648986816406 8.666051864624023 0.2
-18.34549903869629 9.57674789428711 8.718549728393555 0.2
-18.31209945678711 9.654350280761719 8.935552597045898 0.2
-18.432899475097656 9.593250274658203 9.136049270629883 0.2
-18.62339973449707 9.484447479248047 9.23845100402832 0.2
-18.772499084472656 9.334949493408203 9.137651443481445 0.2
-18.750499725341797 9.193748474121094 8.940851211547852 0.2
-18.639999389648438 8.99945068359375 8.862150192260742 0.2
-18.59040069580078 8.815250396728516 9.003450393676758 0.2
-18.573598861694336 8.740249633789062 9.230550765991211 0.2
-18.445199966430664 8.856250762939453 9.388349533081055 0.2
-18.34549903869629 9.077247619628906 9.369749069213867 0.2
-18.3789005279541 9.311847686767578 9.342950820922852 0.2
-18.571300506591797 9.413047790527344 9.435049057006836 0.2
-18.75819969177246 9.346149444580078 9.577749252319336 0.2
-18.84869956970215 9.169448852539062 9.711252212524414 0.2
-18.7716007232666 8.944950103759766 9.705652236938477 0.2
-18.672100067138672 8.773548126220703 9.56355094909668 0.2
-18.74690055847168 8.647350311279297 9.378549575805664 0.2
-18.978899002075195 8.600650787353516 9.31865119934082 0.2
-19.180200576782227 8.71474838256836 9.274049758911133 0.2
-19.164499282836914 8.948047637939453 9.235849380493164 0.2
-19.021099090576172 9.143051147460938 9.277750015258789 0.2
-18.966999053955078 9.280048370361328 9.461549758911133 0.2
-19.105499267578125 9.279449462890625 9.658151626586914 0.2
-19.31920051574707 9.200050354003906 9.746950149536133 0.2
-19.501699447631836 9.0677490234375 9.669252395629883 0.2
-19.49679946899414 8.911849975585938 9.483549118041992 0.2
-19.396400451660156 8.725547790527344 9.363351821899414 0.2
-19.344499588012695 8.508148193359375 9.443349838256836 0.2
-19.407299041748047 8.38425064086914 9.645151138305664 0.2
-19.354799270629883 8.434349060058594 9.869749069213867 0.2
-19.232398986816406 8.633647918701172 9.930349349975586 0.2
-19.172399520874023 8.869449615478516 9.899652481079102 0.2
-19.307300567626953 9.061649322509766 9.91145133972168 0.2
-19.535799026489258 9.066947937011719 9.997350692749023 0.2
-19.71380043029785 8.941551208496094 10.107950210571289 0.2
-19.72089958190918 8.71044921875 10.163251876831055 0.2
-19.60610008239746 8.505748748779297 10.089250564575195 0.2
-19.567699432373047 8.340648651123047 9.917551040649414 0.2
-19.728500366210938 8.260047912597656 9.759050369262695 0.2
-19.950300216674805 8.313949584960938 9.680150985717773 0.2
-19.99919891357422 8.535648345947266 9.610452651977539 0.2
-19.87150001525879 8.743350982666016 9.644948959350586 0.2
-19.76849937438965 8.919048309326172 9.777551651000977 0.2
-19.869400024414062 8.996849060058594 9.978750228881836 0.2
-20.093399047851562 8.963748931884766 10.075849533081055 0.2
-20.311199188232422 8.86764907836914 10.02815055847168 0.2
-20.35890007019043 8.705150604248047 9.857549667358398 0.2
-20.26799964904785 8.522750854492188 9.716352462768555 0.2
-20.1929988861084 8.29425048828125 9.72075080871582 0.2
-20.270599365234375 8.126850128173828 9.879751205444336 0.2
-20.335899353027344 8.10995101928711 10.110250473022461 0.2
-20.241100311279297 8.268348693847656 10.262250900268555 0.2
-20.124500274658203 8.487548828125 10.269350051879883 0.2
-20.13319969177246 8.72705078125 10.245649337768555 0.2
-20.3435001373291 8.84334945678711 10.260950088500977 0.2
-20.577199935913086 8.795547485351562 10.325952529907227 0.2
-20.704099655151367 8.606449127197266 10.405550003051758 0.2
-20.6382999420166 8.371047973632812 10.394750595092773 0.2
-20.53820037841797 8.167747497558594 10.295652389526367 0.2
-20.57900047302246 8.039447784423828 10.096250534057617 0.2
-20.778400421142578 8.04134750366211 9.952550888061523 0.2
-20.878398895263672 8.223247528076172 9.834451675415039 0.2
-20.78420066833496 8.448348999023438 9.848352432250977 0.2
-20.656599044799805 8.633148193359375 9.957052230834961 0.2
-20.68549919128418 8.780750274658203 10.142351150512695 0.2
-20.904800415039062 8.812049865722656 10.248250961303711 0.2
-21.145898818969727 8.769248962402344 10.214151382446289 0.2
-21.254499435424805 8.632850646972656 10.048849105834961 0.2
-21.18079948425293 8.443950653076172 9.90464973449707 0.2
-21.09469985961914 8.220149993896484 9.847749710083008 0.2
-21.14459991455078 8.00954818725586 9.954648971557617 0.2
-21.307199478149414 7.947948455810547 10.128850936889648 0.2
-21.307100296020508 8.049949645996094 10.34535026550293 0.2
-21.180700302124023 8.248950958251953 10.420450210571289 0.2
-21.083599090576172 8.476551055908203 10.424951553344727 0.2
-21.194700241088867 8.68484878540039 10.386251449584961 0.2
-21.43899917602539 8.725849151611328 10.37495231628418 0.2
-21.655399322509766 8.615947723388672 10.40934944152832 0.2
-21.69070053100586 8.377449035644531 10.431550979614258 0.2
-21.600799560546875 8.14794921875 10.390649795532227 0.2
-21.545499801635742 7.9642486572265625 10.240350723266602 0.2
-21.652099609375 7.9266510009765625 10.024450302124023 0.2
-21.775800704956055 8.055850982666016 9.858549118041992 0.2
-21.708499908447266 8.285449981689453 9.826452255249023 0.2
-21.581298828125 8.46944808959961 9.939550399780273 0.2
-21.538799285888672 8.643051147460938 10.10725212097168 0.2
-21.718000411987305 8.748550415039062 10.230550765991211 0.2
-21.964000701904297 8.763450622558594 10.197751998901367 0.2
-22.128398895263672 8.690048217773438 10.032949447631836 0.2
-22.09320068359375 8.507148742675781 9.872652053833008 0.2
-21.996200561523438 8.293949127197266 9.784452438354492 0.2
-22.00320053100586 8.053150177001953 9.820249557495117 0.2
-22.189899444580078 7.9378509521484375 9.928449630737305 0.2
-22.322399139404297 7.982448577880859 10.124849319458008 0.2
-22.247699737548828 8.149749755859375 10.286748886108398 0.2
-22.10930061340332 8.348751068115234 10.350751876831055 0.2
-22.074899673461914 8.588348388671875 10.337350845336914 0.2
-22.258899688720703 8.733448028564453 10.264951705932617 0.2
-22.504098892211914 8.72385025024414 10.221750259399414 0.2
-22.659399032592773 8.539348602294922 10.223749160766602 0.2
-22.62689971923828 8.292449951171875 10.214750289916992 0.2
-22.54949951171875 8.065849304199219 10.146051406860352 0.2
-22.53190040588379 7.955848693847656 9.931150436401367 0.2
-22.632699966430664 8.027450561523438 9.715349197387695 0.2
-22.5939998626709 8.238849639892578 9.608049392700195 0.2
-22.4739990234375 8.430850982666016 9.708951950073242 0.2
-22.384899139404297 8.594551086425781 9.875150680541992 0.2
-22.482099533081055 8.756248474121094 10.024351119995117 0.2
-22.71500015258789 8.83755111694336 10.006452560424805 0.2
-22.906099319458008 8.841049194335938 9.849752426147461 0.2
-22.933000564575195 8.70425033569336 9.651948928833008 0.2
-22.844900131225586 8.490947723388672 9.555551528930664 0.2
-22.80259895324707 8.248950958251953 9.528051376342773 0.2
-22.951398849487305 8.069747924804688 9.591951370239258 0.2
-23.183198928833008 8.073348999023438 9.682149887084961 0.2
-23.239200592041016 8.196949005126953 9.881452560424805 0.2
-23.120500564575195 8.373348236083984 10.012849807739258 0.2
-22.99639892578125 8.57965087890625 10.076749801635742 0.2
-23.03179931640625 8.805248260498047 10.003351211547852 0.2
-23.227800369262695 8.898849487304688 9.881750106811523 0.2
-23.451398849487305 8.834850311279297 9.801549911499023 0.2
-23.531099319458008 8.604747772216797 9.791650772094727 0.2
-23.488800048828125 8.357948303222656 9.785551071166992 0.2
-23.416200637817383 8.158748626708984 9.663850784301758 0.2
-23.414400100708008 8.14394760131836 9.421449661254883 0.2
-23.399799346923828 8.30154800415039 9.237649917602539 0.2
-23.271400451660156 8.506450653076172 9.266752243041992 0.2
-23.173799514770508 8.66094970703125 9.437952041625977 0.2
-23.17409896850586 8.832847595214844 9.613149642944336 0.2
-23.359498977661133 8.988349914550781 9.637849807739258 0.2
-23.549299240112305 9.062549591064453 9.495050430297852 0.2
-23.625598907470703 9.013450622558594 9.26984977722168 0.2
-23.568500518798828 8.81344985961914 9.138849258422852 0.2
-23.502099990844727 8.5760498046875 9.094152450561523 0.2
-23.582799911499023 8.34844970703125 9.113950729370117 0.2
-23.82379913330078 8.301448822021484 9.125650405883789 0.2
-24.0177001953125 8.400650024414062 9.231252670288086 0.2
-23.992799758911133 8.558547973632812 9.415250778198242 0.2
-23.858200073242188 8.72195053100586 9.548250198364258 0.2
-23.75899887084961 8.94205093383789 9.566549301147461 0.2
-23.828899383544922 9.126148223876953 9.422952651977539 0.2
-24.009300231933594 9.18185043334961 9.261350631713867 0.2
-24.1914005279541 9.052547454833984 9.170949935913086 0.2
-24.232099533081055 8.808349609375 9.174150466918945 0.2
-24.19849967956543 8.563549041748047 9.153749465942383 0.2
-24.105499267578125 8.429649353027344 8.97654914855957 0.2
-24.05940055847168 8.507049560546875 8.746549606323242 0.2
-23.91790008544922 8.688648223876953 8.676149368286133 0.2
-23.8085994720459 8.852951049804688 8.824350357055664 0.2
-23.770898818969727 9.00374984741211 9.020051956176758 0.2
-23.876699447631836 9.198249816894531 9.111150741577148 0.2
-24.03820037841797 9.338848114013672 8.988649368286133 0.2
-24.125200271606445 9.379447937011719 8.76154899597168 0.2
-24.090200424194336 9.237548828125 8.571149826049805 0.2
-24.0231990814209 9.002349853515625 8.520952224731445 0.2
-24.045299530029297 8.757949829101562 8.513051986694336 0.2
-24.254499435424805 8.640750885009766 8.497251510620117 0.2
-24.483400344848633 8.725849151611328 8.468549728393555 0.2
-24.593799591064453 8.880050659179688 8.616052627563477 0.2
-24.511600494384766 9.025947570800781 8.797952651977539 0.2
-24.379600524902344 9.196548461914062 8.91615104675293 0.2
-24.31329917907715 9.411251068115234 8.833951950073242 0.2
-24.386798858642578 9.540550231933594 8.63654899597168 0.2
-24.542699813842773 9.532447814941406 8.450448989868164 0.2
-24.672199249267578 9.337650299072266 8.392549514770508 0.2
-24.705799102783203 9.091751098632812 8.40785026550293 0.2
-24.631799697875977 8.874248504638672 8.335851669311523 0.2
-24.500699996948242 8.849449157714844 8.134649276733398 0.2
-24.349199295043945 8.981048583984375 7.997350692749023 0.2
-24.198999404907227 9.140750885009766 8.09575080871582 0.2
-24.165699005126953 9.280048370361328 8.298952102661133 0.2
-24.22319984436035 9.466850280761719 8.441549301147461 0.2
-24.33810043334961 9.662849426269531 8.361551284790039 0.2
-24.386798858642578 9.765750885009766 8.142850875854492 0.2
-24.34619903564453 9.712348937988281 7.911748886108398 0.2
-24.27910041809082 9.491649627685547 7.833150863647461 0.2
-24.269399642944336 9.244548797607422 7.833150863647461 0.2
-24.43079948425293 9.07094955444336 7.798849105834961 0.2
-24.64150047302246 9.115947723388672 7.689149856567383 0.2
-24.81529998779297 9.280948638916016 7.69944953918457 0.2
-24.842599868774414 9.438247680664062 7.88075065612793 0.2
-24.747600555419922 9.570449829101562 8.066850662231445 0.2
-24.608299255371094 9.75925064086914 8.105649948120117 0.2
-24.55229949951172 9.925148010253906 7.936151504516602 0.2
-24.592599868774414 9.998748779296875 7.705751419067383 0.2
-24.73080062866211 9.900249481201172 7.541051864624023 0.2
-24.839599609375 9.680248260498047 7.531351089477539 0.2
-24.847200393676758 9.437450408935547 7.52705192565918 0.2
-24.69070053100586 9.297550201416016 7.415952682495117 0.2
-24.505399703979492 9.359149932861328 7.268049240112305 0.2
-24.309200286865234 9.486351013183594 7.310750961303711 0.2
-24.26099967956543 9.622650146484375 7.506551742553711 0.2
-24.312000274658203 9.786048889160156 7.681051254272461 0.2
-24.39259910583496 10.007850646972656 7.659849166870117 0.2
-24.394498825073242 10.15414810180664 7.464750289916992 0.2
-24.322999954223633 10.178150177001953 7.234052658081055 0.2
-24.228899002075195 10.0052490234375 7.103151321411133 0.2
-24.215200424194336 9.759750366210938 7.112249374389648 0.2
-24.327699661254883 9.549747467041016 7.090951919555664 0.2
-24.520198822021484 9.532947540283203 6.955450057983398 0.2
-24.657499313354492 9.689849853515625 6.828151702880859 0.2
-24.77440071105957 9.878047943115234 6.912050247192383 0.2
-24.75950050354004 10.005550384521484 7.119749069213867 0.2
-24.63469886779785 10.151348114013672 7.262948989868164 0.2
-24.486499786376953 10.319950103759766 7.183950424194336 0.2
-24.418100357055664 10.4261474609375 6.974451065063477 0.2
-24.46299934387207 10.415348052978516 6.74114990234375 0.2
-24.60890007019043 10.24844741821289 6.652351379394531 0.2
-24.699600219726562 10.022350311279297 6.666250228881836 0.2
-24.59630012512207 9.812950134277344 6.633951187133789 0.2
-24.38089942932129 9.790451049804688 6.530450820922852 0.2
-24.15869903564453 9.873748779296875 6.543750762939453 0.2
-24.074399948120117 9.993648529052734 6.731349945068359 0.2
-24.14080047607422 10.143348693847656 6.912351608276367 0.2
-24.210500717163086 10.366950988769531 6.931051254272461 0.2
-24.170400619506836 10.53955078125 6.767351150512695 0.2
-24.05459976196289 10.605247497558594 6.564550399780273 0.2
-23.921100616455078 10.479549407958984 6.419651031494141 0.2
-23.900299072265625 10.239250183105469 6.422250747680664 0.2
-24.005300521850586 10.023948669433594 6.414850234985352 0.2
-24.178499221801758 9.971649169921875 6.266151428222656 0.2
-24.25979995727539 10.107547760009766 6.080951690673828 0.2
-24.36989974975586 10.312248229980469 6.047950744628906 0.2
-24.43109893798828 10.460147857666016 6.225650787353516 0.2
-24.364200592041016 10.575050354003906 6.425750732421875 0.2
-24.179100036621094 10.717048645019531 6.439550399780273 0.2
-24.027599334716797 10.828449249267578 6.284351348876953 0.2
-23.965299606323242 10.865348815917969 6.057350158691406 0.2
-24.07659912109375 10.756050109863281 5.884450912475586 0.2
-24.224199295043945 10.564449310302734 5.866250991821289 0.2
-24.204198837280273 10.33224868774414 5.879751205444336 0.2
-23.989500045776367 10.238849639892578 5.854450225830078 0.2
-23.750699996948242 10.27225112915039 5.874549865722656 0.2
-23.64550018310547 10.361949920654297 6.062551498413086 0.2
-23.723499298095703 10.504650115966797 6.241350173950195 0.2
-23.79279899597168 10.725547790527344 6.274051666259766 0.2
-23.715599060058594 10.904251098632812 6.137451171875 0.2
-23.548398971557617 10.988250732421875 5.983449935913086 0.2
-23.370899200439453 10.900150299072266 5.859750747680664 0.2
-23.34239959716797 10.6656494140625 5.857851028442383 0.2
-23.457199096679688 10.454750061035156 5.859251022338867 0.2
-23.60849952697754 10.386848449707031 5.69795036315918 0.2
-23.641199111938477 10.50564956665039 5.492950439453125 0.2
-23.69099998474121 10.704349517822266 5.376150131225586 0.2
-23.790300369262695 10.886150360107422 5.48484992980957 0.2
-23.79199981689453 10.992149353027344 5.699850082397461 0.2
-23.6156005859375 11.100448608398438 5.801950454711914 0.2
-23.407100677490234 11.184650421142578 5.711950302124023 0.2
-23.256500244140625 11.240249633789062 5.534650802612305 0.2
-23.290599822998047 11.175750732421875 5.316350936889648 0.2
-23.460500717163086 11.027149200439453 5.235750198364258 0.2
-23.5226993560791 10.802448272705078 5.253650665283203 0.2
-23.354799270629883 10.647850036621094 5.299150466918945 0.2
-23.120100021362305 10.62874984741211 5.360851287841797 0.2
-23.0039005279541 10.680850982666016 5.552350997924805 0.2
-23.091699600219727 10.82455062866211 5.722249984741211 0.2
-23.16230010986328 11.045848846435547 5.752050399780273 0.2
-23.043399810791016 11.215049743652344 5.638851165771484 0.2
-22.834199905395508 11.280548095703125 5.535951614379883 0.2
-22.624099731445312 11.19955062866211 5.4696502685546875 0.2
-22.59549903869629 10.969348907470703 5.471050262451172 0.2
-22.739900588989258 10.778450012207031 5.459451675415039 0.2
-22.86870002746582 10.711250305175781 5.280450820922852 0.2
-22.84239959716797 10.81155014038086 5.064050674438477 0.2
-22.820098876953125 10.9947509765625 4.913551330566406 0.2
-22.90839958190918 11.201351165771484 4.971050262451172 0.2
-22.950899124145508 11.315048217773438 5.177751541137695 0.2
-22.792699813842773 11.390449523925781 5.324750900268555 0.2
-22.554399490356445 11.427448272705078 5.296350479125977 0.2
-22.3523006439209 11.46044921875 5.168651580810547 0.2
-22.32379913330078 11.416450500488281 4.946250915527344 0.2
-22.49289894104004 11.312950134277344 4.81355094909668 0.2
-22.6289005279541 11.121650695800781 4.807550430297852 0.2
-22.540300369262695 10.92864990234375 4.897651672363281 0.2
-22.3302001953125 10.854351043701172 4.997350692749023 0.2
-22.215299606323242 10.88174819946289 5.195850372314453 0.2
-22.301799774169922 11.025848388671875 5.362850189208984 0.2
-22.33880043029785 11.253948211669922 5.38905143737793 0.2
-22.17020034790039 11.398948669433594 5.312749862670898 0.2
-21.935800552368164 11.430549621582031 5.262250900268555 0.2
-21.74169921875 11.302848815917969 5.232351303100586 0.2
-21.778400421142578 11.073047637939453 5.232851028442383 0.2
-21.95319938659668 10.924850463867188 5.16615104675293 0.2
-22.01449966430664 10.91164779663086 4.945350646972656 0.2
-21.90850067138672 11.011150360107422 4.750751495361328 0.2
-21.848100662231445 11.204448699951172 4.633951187133789 0.2
-21.93400001525879 11.409049987792969 4.707651138305664 0.2
-21.982200622558594 11.512348175048828 4.916351318359375 0.2
-21.817100524902344 11.531448364257812 5.074651718139648 0.2
-21.576900482177734 11.496849060058594 5.071250915527344 0.2
-21.341400146484375 11.50735092163086 5.017650604248047 0.2
-21.190898895263672 11.529350280761719 4.842451095581055 0.2
-21.281200408935547 11.47385025024414 4.634851455688477 0.2
-21.487899780273438 11.369548797607422 4.567750930786133 0.2
-21.624300003051758 11.185550689697266 4.6197509765625 0.2
-21.564699172973633 11.01715087890625 4.776350021362305 0.2
-21.420499801635742 10.943450927734375 4.95625114440918 0.2
-21.34160041809082 11.041748046875 5.152151107788086 0.2
-21.302799224853516 11.2740478515625 5.182651519775391 0.2
-21.127899169921875 11.425251007080078 5.141550064086914 0.2
-20.8887996673584 11.416248321533203 5.115350723266602 0.2
-20.6742000579834 11.341350555419922 5.190450668334961 0.2
-20.648700714111328 11.126548767089844 5.263551712036133 0.2
-20.81329917907715 10.95615005493164 5.24114990234375 0.2
-21.020198822021484 10.859848022460938 5.162151336669922 0.2
-21.19219970703125 10.844749450683594 5.000150680541992 0.2
-21.201799392700195 10.979549407958984 4.808351516723633 0.2
-21.03070068359375 11.105648040771484 4.700450897216797 0.2
-20.82309913635254 11.218948364257812 4.715150833129883 0.2
-20.747499465942383 11.391651153564453 4.866451263427734 0.2
-20.584800720214844 11.463848114013672 5.015850067138672 0.2
-20.354400634765625 11.441848754882812 5.085550308227539 0.2
-20.151500701904297 11.379749298095703 4.994251251220703 0.2
-20.164199829101562 11.26144790649414 4.791450500488281 0.2
-20.177400588989258 11.046051025390625 4.714450836181641 0.2
-20.031700134277344 10.896148681640625 4.815650939941406 0.2
-19.95199966430664 10.83115005493164 5.031850814819336 0.2
-20.042400360107422 10.793548583984375 5.246850967407227 0.2
-20.24839973449707 10.873649597167969 5.330251693725586 0.2
-20.409500122070312 11.045650482177734 5.29265022277832 0.2
-20.3612003326416 11.26894760131836 5.25935173034668 0.2
-20.137300491333008 11.344047546386719 5.299751281738281 0.2
-19.928600311279297 11.306449890136719 5.412750244140625 0.2
-19.821699142456055 11.10634994506836 5.453250885009766 0.2
-19.849699020385742 10.879150390625 5.372650146484375 0.2
-19.693599700927734 10.734447479248047 5.277351379394531 0.2
-19.468599319458008 10.708450317382812 5.189849853515625 0.2
