-19.954500198364258 8.507549285888672 3.2201499938964844 0.2
-19.763399124145508 8.559249877929688 3.261850357055664 0.2
-19.621299743652344 8.640350341796875 3.377950668334961 0.2
-19.636600494384766 8.774848937988281 3.5226516723632812 0.2
-19.739099502563477 8.84375 3.6848506927490234 0.2
-19.724199295043945 8.855449676513672 3.882650375366211 0.2
-19.576000213623047 8.830947875976562 4.017751693725586 0.2
-19.388898849487305 8.776748657226562 4.075750350952148 0.2
-19.218799591064453 8.683547973632812 4.024650573730469 0.2
-19.15920066833496 8.61294937133789 3.847850799560547 0.2
-19.208999633789062 8.554649353027344 3.659749984741211 0.2
-19.32469940185547 8.428749084472656 3.5587501525878906 0.2
-19.425199508666992 8.275447845458984 3.6355514526367188 0.2
-19.47279930114746 8.177249908447266 3.815450668334961 0.2
-19.573999404907227 8.201850891113281 4.016851425170898 0.2
-19.64780044555664 8.387451171875 4.117151260375977 0.2
-19.567399978637695 8.586349487304688 4.169950485229492 0.2
-19.3612003326416 8.604248046875 4.24005126953125 0.2
-19.224599838256836 8.457847595214844 4.345451354980469 0.2
-19.15290069580078 8.315547943115234 4.511051177978516 0.2
-19.184900283813477 8.107948303222656 4.559051513671875 0.2
-19.34239959716797 7.997650146484375 4.4508514404296875 0.2
-19.479799270629883 8.00564956665039 4.271650314331055 0.2
-19.461700439453125 8.03445053100586 4.054750442504883 0.2
-19.268199920654297 8.066047668457031 3.945850372314453 0.2
-19.03999900817871 8.059749603271484 3.9638500213623047 0.2
-18.877199172973633 8.178150177001953 4.043849945068359 0.2
-18.91469955444336 8.370250701904297 4.150951385498047 0.2
-18.989500045776367 8.446548461914062 4.341951370239258 0.2
-18.93669891357422 8.347450256347656 4.534049987792969 0.2
-18.80780029296875 8.203250885009766 4.6542510986328125 0.2
-18.656099319458008 8.045948028564453 4.636451721191406 0.2
-18.5939998626709 7.947349548339844 4.445650100708008 0.2
-18.66659927368164 7.777851104736328 4.3334503173828125 0.2
-18.725399017333984 7.606349945068359 4.460050582885742 0.2
-18.724199295043945 7.523651123046875 4.672651290893555 0.2
-18.818599700927734 7.543148040771484 4.873250961303711 0.2
-19.00510025024414 7.6535491943359375 4.918451309204102 0.2
-19.147300720214844 7.812248229980469 4.845251083374023 0.2
-19.121999740600586 8.020450592041016 4.780050277709961 0.2
-18.927400588989258 8.10744857788086 4.813650131225586 0.2
-18.761798858642578 8.03084945678711 4.945951461791992 0.2
-18.672399520874023 7.935749053955078 5.131750106811523 0.2
-18.625499725341797 7.729450225830078 5.181650161743164 0.2
-18.6304988861084 7.5827484130859375 5.01715087890625 0.2
-18.553800582885742 7.493949890136719 4.823951721191406 0.2
-18.375999450683594 7.365447998046875 4.777050018310547 0.2
-18.17329978942871 7.287147521972656 4.827150344848633 0.2
-18.01799964904785 7.40264892578125 4.898050308227539 0.2
-18.015499114990234 7.607448577880859 4.955751419067383 0.2
-18.093799591064453 7.800849914550781 5.008050918579102 0.2
-18.23379898071289 7.932849884033203 5.098751068115234 0.2
-18.39099884033203 7.883949279785156 5.223850250244141 0.2
-18.40869903564453 7.689949035644531 5.300350189208984 0.2
-18.287399291992188 7.515949249267578 5.345849990844727 0.2
-18.13909912109375 7.365348815917969 5.313850402832031 0.2
-18.043800354003906 7.19384765625 5.228250503540039 0.2
-18.01420021057129 6.989650726318359 5.281150817871094 0.2
-18.01490020751953 6.827449798583984 5.423551559448242 0.2
-18.135700225830078 6.74114990234375 5.574550628662109 0.2
-18.329299926757812 6.799747467041016 5.640750885009766 0.2
-18.49289894104004 6.938350677490234 5.619550704956055 0.2
-18.60300064086914 7.117149353027344 5.575050354003906 0.2
-18.5664005279541 7.3186492919921875 5.526750564575195 0.2
-18.372699737548828 7.391849517822266 5.521051406860352 0.2
-18.21139907836914 7.286949157714844 5.605350494384766 0.2
-18.16550064086914 7.160247802734375 5.773250579833984 0.2
-18.162700653076172 7.032947540283203 5.9472503662109375 0.2
-18.154499053955078 6.825450897216797 5.960750579833984 0.2
-18.10540008544922 6.694850921630859 5.798351287841797 0.2
-17.959199905395508 6.589450836181641 5.682350158691406 0.2
-17.76759910583496 6.488548278808594 5.697050094604492 0.2
-17.56599998474121 6.528049468994141 5.738151550292969 0.2
-17.500598907470703 6.723949432373047 5.768251419067383 0.2
-17.59269905090332 6.918548583984375 5.774051666259766 0.2
-17.74650001525879 7.068347930908203 5.798450469970703 0.2
-17.914600372314453 7.1098480224609375 5.915651321411133 0.2
-17.96809959411621 6.982448577880859 6.076650619506836 0.2
-17.923999786376953 6.832950592041016 6.228250503540039 0.2
-17.81290054321289 6.685749053955078 6.33595085144043 0.2
-17.64299964904785 6.5769500732421875 6.277250289916992 0.2
-17.528200149536133 6.5202484130859375 6.104150772094727 0.2
-17.56239891052246 6.407550811767578 5.9313507080078125 0.2
-17.708599090576172 6.251548767089844 5.921350479125977 0.2
-17.86829948425293 6.133548736572266 6.036651611328125 0.2
-18.071699142456055 6.197849273681641 6.099651336669922 0.2
-18.15850067138672 6.405147552490234 6.077451705932617 0.2
-18.126800537109375 6.6170501708984375 6.141851425170898 0.2
-18.07200050354004 6.656848907470703 6.350950241088867 0.2
-18.106800079345703 6.533050537109375 6.540050506591797 0.2
-18.19719886779785 6.3551483154296875 6.650051116943359 0.2
-18.26249885559082 6.162250518798828 6.566551208496094 0.2
-18.22170066833496 6.079250335693359 6.358551025390625 0.2
-18.063199996948242 5.999748229980469 6.219951629638672 0.2
-17.87299919128418 5.918548583984375 6.299551010131836 0.2
-17.758699417114258 5.8822479248046875 6.482351303100586 0.2
-17.678699493408203 6.009651184082031 6.625249862670898 0.2
-17.728300094604492 6.215850830078125 6.655250549316406 0.2
-17.884599685668945 6.3576507568359375 6.6831512451171875 0.2
-18.057199478149414 6.328250885009766 6.801351547241211 0.2
-18.16160011291504 6.202049255371094 6.945350646972656 0.2
-18.196300506591797 6.047248840332031 7.093450546264648 0.2
-18.091100692749023 5.873847961425781 7.143049240112305 0.2
-17.936899185180664 5.767250061035156 7.036149978637695 0.2
-17.8976993560791 5.657550811767578 6.859951019287109 0.2
-18.045499801635742 5.537448883056641 6.769651412963867 0.2
-18.246200561523438 5.450748443603516 6.7868499755859375 0.2
-18.452899932861328 5.528148651123047 6.764850616455078 0.2
-18.491300582885742 5.748748779296875 6.738750457763672 0.2
-18.42099952697754 5.9577484130859375 6.798250198364258 0.2
-18.398700714111328 6.035549163818359 7.003450393676758 0.2
-18.49020004272461 5.9353485107421875 7.185750961303711 0.2
-18.642398834228516 5.787750244140625 7.276552200317383 0.2
-18.790800094604492 5.635448455810547 7.20775032043457 0.2
-18.7726993560791 5.529548645019531 7.009151458740234 0.2
-18.62809944152832 5.425750732421875 6.866550445556641 0.2
-18.500598907470703 5.2485504150390625 6.913249969482422 0.2
-18.493499755859375 5.082950592041016 7.077749252319336 0.2
-18.430700302124023 5.088050842285156 7.298749923706055 0.2
-18.366600036621094 5.303550720214844 7.382452011108398 0.2
-18.411800384521484 5.543148040771484 7.375249862670898 0.2
-18.6210994720459 5.629848480224609 7.438852310180664 0.2
-18.80590057373047 5.5050506591796875 7.540651321411133 0.2
-18.88089942932129 5.304248809814453 7.657350540161133 0.2
-18.76099967956543 5.100650787353516 7.663152694702148 0.2
-18.602399826049805 4.997650146484375 7.504850387573242 0.2
-18.61520004272461 4.885047912597656 7.295450210571289 0.2
-18.807199478149414 4.742649078369141 7.235952377319336 0.2
-19.044898986816406 4.735847473144531 7.222150802612305 0.2
-19.141599655151367 4.952449798583984 7.206449508666992 0.2
-19.072799682617188 5.184150695800781 7.262250900268555 0.2
-19.042999267578125 5.3121490478515625 7.460248947143555 0.2
-19.15570068359375 5.230751037597656 7.657350540161133 0.2
-19.332300186157227 5.069450378417969 7.721651077270508 0.2
-19.482900619506836 4.915348052978516 7.613649368286133 0.2
-19.43120002746582 4.796550750732422 7.40715217590332 0.2
-19.267900466918945 4.665550231933594 7.275548934936523 0.2
-19.1697998046875 4.451148986816406 7.320550918579102 0.2
-19.233200073242188 4.259449005126953 7.467550277709961 0.2
-19.22249984741211 4.270149230957031 7.704351425170898 0.2
-19.166000366210938 4.486549377441406 7.806051254272461 0.2
-19.17799949645996 4.734249114990234 7.820352554321289 0.2
-19.37929916381836 4.857250213623047 7.852449417114258 0.2
-19.592100143432617 4.748348236083984 7.918550491333008 0.2
-19.692100524902344 4.5397491455078125 8.00575065612793 0.2
-19.593599319458008 4.318347930908203 8.01085090637207 0.2
-19.43470001220703 4.181148529052734 7.87394905090332 0.2
-19.40130043029785 4.054847717285156 7.666452407836914 0.2
-19.56410026550293 3.9081497192382812 7.556951522827148 0.2
-19.803699493408203 3.889850616455078 7.525350570678711 0.2
-19.909900665283203 4.1069488525390625 7.510549545288086 0.2
-19.845699310302734 4.342948913574219 7.572751998901367 0.2
-19.809099197387695 4.516948699951172 7.741552352905273 0.2
-19.930099487304688 4.48394775390625 7.949750900268555 0.2
-20.127899169921875 4.342449188232422 8.01445198059082 0.2
-20.28969955444336 4.1943511962890625 7.903249740600586 0.2
-20.248199462890625 4.0489501953125 7.708051681518555 0.2
-20.09619903564453 3.8978500366210938 7.57404899597168 0.2
-19.985599517822266 3.6785507202148438 7.58485221862793 0.2
-20.079198837280273 3.4726486206054688 7.696649551391602 0.2
-20.160400390625 3.4276504516601562 7.91975212097168 0.2
-20.120800018310547 3.6141510009765625 8.076349258422852 0.2
-20.074399948120117 3.859447479248047 8.122652053833008 0.2
-20.183700561523438 4.077751159667969 8.128149032592773 0.2
-20.430599212646484 4.076148986816406 8.140951156616211 0.2
-20.616100311279297 3.9178504943847656 8.203248977661133 0.2
-20.61680030822754 3.6770477294921875 8.25505256652832 0.2
-20.472900390625 3.4878501892089844 8.170450210571289 0.2
-20.351900100708008 3.3351478576660156 8.009649276733398 0.2
-20.428298950195312 3.2065505981445312 7.813852310180664 0.2
-20.661399841308594 3.1481475830078125 7.730249404907227 0.2
-20.803800582885742 3.3373489379882812 7.673952102661133 0.2
-20.75790023803711 3.578948974609375 7.742952346801758 0.2
-20.699100494384766 3.7907485961914062 7.873849868774414 0.2
-20.79640007019043 3.863250732421875 8.086252212524414 0.2
-21.024700164794922 3.778850555419922 8.15785026550293 0.2
-21.226200103759766 3.6678504943847656 8.056451797485352 0.2
-21.224899291992188 3.5172500610351562 7.858652114868164 0.2
-21.088499069213867 3.3427505493164062 7.728452682495117 0.2
-20.97410011291504 3.1217498779296875 7.683450698852539 0.2
-21.05389976501465 2.895648956298828 7.749250411987305 0.2
-21.235198974609375 2.8087501525878906 7.896650314331055 0.2
-21.25429916381836 2.9378509521484375 8.106851577758789 0.2
-21.186899185180664 3.164348602294922 8.204950332641602 0.2
-21.17009925842285 3.4135475158691406 8.251951217651367 0.2
-21.36050033569336 3.563549041748047 8.200849533081055 0.2
-21.608299255371094 3.5015487670898438 8.17595100402832 0.2
-21.743499755859375 3.2938499450683594 8.21204948425293 0.2
-21.665599822998047 3.055950164794922 8.175249099731445 0.2
-21.531099319458008 2.8598480224609375 8.076452255249023 0.2
-21.472999572753906 2.713848114013672 7.88005256652832 0.2
-21.639799118041992 2.6636505126953125 7.691350936889648 0.2
-21.798099517822266 2.81304931640625 7.572751998901367 0.2
-21.76689910888672 3.0592498779296875 7.633150100708008 0.2
-21.694900512695312 3.265850067138672 7.771852493286133 0.2
-21.73710060119629 3.427349090576172 7.960351943969727 0.2
-21.974599838256836 3.4397506713867188 8.043050765991211 0.2
-22.20050048828125 3.3998489379882812 7.92955207824707 0.2
-22.24359893798828 3.2896499633789062 7.707250595092773 0.2
-22.132699966430664 3.0891494750976562 7.587350845336914 0.2
-22.02120018005371 2.867847442626953 7.512151718139648 0.2
-22.06869888305664 2.620647430419922 7.52385139465332 0.2
-22.308399200439453 2.5231475830078125 7.54115104675293 0.2
-22.45949935913086 2.5921478271484375 7.726152420043945 0.2
-22.416399002075195 2.791149139404297 7.887651443481445 0.2
-22.345800399780273 3.012248992919922 8.006952285766602 0.2
-22.37150001525879 3.2618484497070312 7.993452072143555 0.2
-22.57830047607422 3.3541488647460938 7.870050430297852 0.2
-22.816699981689453 3.2709503173828125 7.815351486206055 0.2
-22.875999450683594 3.0254478454589844 7.804952621459961 0.2
-22.77910041809082 2.7910499572753906 7.741151809692383 0.2
-22.672800064086914 2.58074951171875 7.62965202331543 0.2
-22.681900024414062 2.4955482482910156 7.392148971557617 0.2
-22.863698959350586 2.5514488220214844 7.211252212524414 0.2
-22.89109992980957 2.789051055908203 7.138650894165039 0.2
-22.818199157714844 3.0026512145996094 7.269350051879883 0.2
-22.75269889831543 3.195850372314453 7.431352615356445 0.2
-22.857999801635742 3.3434486389160156 7.607049942016602 0.2
-23.107999801635742 3.3928489685058594 7.58275032043457 0.2
-23.27630043029785 3.402149200439453 7.388452529907227 0.2
-23.248600006103516 3.267047882080078 7.174650192260742 0.2
-23.15880012512207 3.0373497009277344 7.088350296020508 0.2
-23.097200393676758 2.7903480529785156 7.027750015258789 0.2
-23.242300033569336 2.5839500427246094 7.010051727294922 0.2
-23.505199432373047 2.587749481201172 6.976251602172852 0.2
-23.643299102783203 2.7118492126464844 7.14885139465332 0.2
-23.5851993560791 2.9051475524902344 7.319849014282227 0.2
-23.5049991607666 3.1147499084472656 7.459550857543945 0.2
-23.491498947143555 3.3657493591308594 7.424749374389648 0.2
-23.6697998046875 3.4811477661132812 7.270849227905273 0.2
-23.90839958190918 3.4182510375976562 7.19255256652832 0.2
-23.968399047851562 3.1701507568359375 7.160451889038086 0.2
-23.89900016784668 2.9243507385253906 7.095449447631836 0.2
-23.81879997253418 2.7076492309570312 6.971851348876953 0.2
-23.844799041748047 2.670848846435547 6.722051620483398 0.2
-24.027799606323242 2.7596511840820312 6.5489501953125 0.2
-24.04829978942871 2.985748291015625 6.437950134277344 0.2
-23.95240020751953 3.1973495483398438 6.560451507568359 0.2
-23.867198944091797 3.3728485107421875 6.7364501953125 0.2
-23.91900062561035 3.541748046875 6.922550201416016 0.2
-24.14739990234375 3.6561508178710938 6.910449981689453 0.2
-24.298099517822266 3.723949432373047 6.710350036621094 0.2
-24.274999618530273 3.6135482788085938 6.48175048828125 0.2
-24.222700119018555 3.372650146484375 6.390951156616211 0.2
-24.198299407958984 3.1197509765625 6.32295036315918 0.2
-24.37339973449707 2.9424476623535156 6.27385139465332 0.2
-24.602699279785156 3.0037498474121094 6.159250259399414 0.2
-24.803998947143555 3.1386489868164062 6.231050491333008 0.2
-24.784799575805664 3.2996482849121094 6.434450149536133 0.2
-24.688499450683594 3.461048126220703 6.617950439453125 0.2
-24.57859992980957 3.6794509887695312 6.699350357055664 0.2
-24.618099212646484 3.8893508911132812 6.556150436401367 0.2
-24.819799423217773 3.9691505432128906 6.407649993896484 0.2
-25.00269889831543 3.8129501342773438 6.327550888061523 0.2
-25.010799407958984 3.5595474243164062 6.256551742553711 0.2
-24.97879981994629 3.3151512145996094 6.163150787353516 0.2
-24.922399520874023 3.2123489379882812 5.938350677490234 0.2
-24.97949981689453 3.3474502563476562 5.7176513671875 0.2
-24.89080047607422 3.5769500732421875 5.665651321411133 0.2
-24.78529930114746 3.7413482666015625 5.8399505615234375 0.2
-24.708999633789062 3.884349822998047 6.0451507568359375 0.2
-24.7898006439209 4.061550140380859 6.208650588989258 0.2
-24.96339988708496 4.232948303222656 6.129850387573242 0.2
-25.01759910583496 4.334049224853516 5.900051116943359 0.2
-24.969499588012695 4.199951171875 5.690151214599609 0.2
-24.95639991760254 3.954547882080078 5.602451324462891 0.2
-24.989099502563477 3.7084503173828125 5.522050857543945 0.2
-25.196300506591797 3.619548797607422 5.414251327514648 0.2
-25.380599975585938 3.779449462890625 5.316150665283203 0.2
-25.48900032043457 3.953350067138672 5.463550567626953 0.2
-25.433700561523438 4.0845489501953125 5.682950973510742 0.2
-25.335100173950195 4.226650238037109 5.878150939941406 0.2
-25.203699111938477 4.440650939941406 5.883550643920898 0.2
-25.229598999023438 4.634250640869141 5.711950302124023 0.2
-25.401599884033203 4.695751190185547 5.534351348876953 0.2
-25.530799865722656 4.507549285888672 5.422651290893555 0.2
-25.55970001220703 4.260948181152344 5.3464508056640625 0.2
-25.527099609375 4.039348602294922 5.221050262451172 0.2
-25.423799514770508 4.040748596191406 4.994850158691406 0.2
-25.348100662231445 4.238548278808594 4.849851608276367 0.2
-25.190000534057617 4.412349700927734 4.942150115966797 0.2
-25.124500274658203 4.527748107910156 5.164751052856445 0.2
-25.112699508666992 4.662651062011719 5.3847503662109375 0.2
-25.23419952392578 4.874950408935547 5.440851211547852 0.2
-25.288599014282227 5.070648193359375 5.283050537109375 0.2
-25.214799880981445 5.1257476806640625 5.049251556396484 0.2
-25.16469955444336 4.934047698974609 4.891750335693359 0.2
-25.185199737548828 4.688850402832031 4.809751510620117 0.2
-25.30139923095703 4.493247985839844 4.69635009765625 0.2
-25.469200134277344 4.56195068359375 4.525150299072266 0.2
-25.578399658203125 4.7839508056640625 4.458250045776367 0.2
-25.652299880981445 4.9454498291015625 4.636150360107422 0.2
-25.618099212646484 5.040950775146484 4.8735504150390625 0.2
-25.509199142456055 5.167148590087891 5.064350128173828 0.2
-25.357900619506836 5.363147735595703 5.034351348876953 0.2
-25.34910011291504 5.552650451660156 4.861249923706055 0.2
-25.482799530029297 5.5910491943359375 4.655351638793945 0.2
-25.59000015258789 5.396247863769531 4.53285026550293 0.2
-25.636798858642578 5.159648895263672 4.445951461791992 0.2
-25.546600341796875 4.9895477294921875 4.289350509643555 0.2
-25.3971004486084 5.082450866699219 4.111751556396484 0.2
-25.214399337768555 5.250049591064453 4.105051040649414 0.2
-25.108999252319336 5.352848052978516 4.309850692749023 0.2
-25.103599548339844 5.442649841308594 4.550251007080078 0.2
-25.176898956298828 5.6181488037109375 4.710350036621094 0.2
-25.226600646972656 5.8533477783203125 4.641050338745117 0.2
-25.15089988708496 6.0191497802734375 4.463951110839844 0.2
-25.017200469970703 5.961650848388672 4.26715087890625 0.2
-25.010299682617188 5.732547760009766 4.157751083374023 0.2
-25.074298858642578 5.504051208496094 4.062049865722656 0.2
-25.237199783325195 5.442150115966797 3.890951156616211 0.2
-25.301599502563477 5.632648468017578 3.7368507385253906 0.2
-25.39229965209961 5.858150482177734 3.774351119995117 0.2
-25.44369888305664 5.967449188232422 3.9948501586914062 0.2
-25.417098999023438 6.0397491455078125 4.235950469970703 0.2
-25.253599166870117 6.177150726318359 4.356349945068359 0.2
-25.115400314331055 6.3641510009765625 4.263450622558594 0.2
-25.099699020385742 6.5097503662109375 4.062450408935547 0.2
-25.21179962158203 6.442348480224609 3.857351303100586 0.2
-25.308500289916992 6.232250213623047 3.754650115966797 0.2
-25.29800033569336 6.00994873046875 3.6455516815185547 0.2
-25.097700119018555 5.961151123046875 3.5209503173828125 0.2
-24.888099670410156 6.097648620605469 3.487649917602539 0.2
-24.743999481201172 6.179149627685547 3.6679515838623047 0.2
-24.766199111938477 6.248149871826172 3.9094505310058594 0.2
-24.846899032592773 6.392047882080078 4.09375 0.2
-24.878599166870117 6.634449005126953 4.0852508544921875 0.2
-24.766698837280273 6.8233489990234375 3.9639511108398438 0.2
-24.583599090576172 6.848850250244141 3.804851531982422 0.2
-24.516399383544922 6.647449493408203 3.6854515075683594 0.2
-24.577699661254883 6.417247772216797 3.603351593017578 0.2
-24.70789909362793 6.314449310302734 3.426351547241211 0.2
-24.74919891357422 6.461948394775391 3.2401504516601562 0.2
-24.76609992980957 6.702648162841797 3.199451446533203 0.2
-24.87540054321289 6.863147735595703 3.34735107421875 0.2
-24.92449951171875 6.919548034667969 3.586151123046875 0.2
-24.8164005279541 7.004249572753906 3.7846508026123047 0.2
-24.62339973449707 7.155948638916016 3.7857513427734375 0.2
-24.493000030517578 7.313648223876953 3.6454505920410156 0.2
-24.511798858642578 7.341648101806641 3.409749984741211 0.2
-24.632699966430664 7.186347961425781 3.260150909423828 0.2
-24.677499771118164 6.965049743652344 3.1635513305664062 0.2
-24.497499465942383 6.823150634765625 3.1010513305664062 0.2
-24.260398864746094 6.898048400878906 3.104249954223633 0.2
-24.108200073242188 6.9566497802734375 3.280050277709961 0.2
-24.15850067138672 7.010047912597656 3.515451431274414 0.2
-24.270898818969727 7.153148651123047 3.678050994873047 0.2
-24.263700485229492 7.39324951171875 3.6713504791259766 0.2
-24.105899810791016 7.565349578857422 3.5910511016845703 0.2
-23.888999938964844 7.585548400878906 3.487051010131836 0.2
-23.795400619506836 7.388950347900391 3.39215087890625 0.2
-23.88089942932129 7.17144775390625 3.3098506927490234 0.2
-23.996999740600586 7.099048614501953 3.115751266479492 0.2
-23.970800399780273 7.2469482421875 2.929851531982422 0.2
-23.92919921875 7.479747772216797 2.8666515350341797 0.2
-24.047399520874023 7.657749176025391 2.9720516204833984 0.2
-24.142099380493164 7.708248138427734 3.1935501098632812 0.2
-24.037599563598633 7.7662506103515625 3.3966503143310547 0.2
-23.819700241088867 7.875247955322266 3.4164505004882812 0.2
-23.638898849487305 8.001148223876953 3.310150146484375 0.2
-23.610198974609375 8.025249481201172 3.078550338745117 0.2
-23.74090003967285 7.899448394775391 2.91455078125 0.2
-23.78380012512207 7.680747985839844 2.8287506103515625 0.2
-23.597000122070312 7.539447784423828 2.822650909423828 0.2
-23.362600326538086 7.566249847412109 2.895151138305664 0.2
-23.279800415039062 7.576648712158203 3.1164512634277344 0.2
-23.400100708007812 7.632549285888672 3.320951461791992 0.2
-23.492300033569336 7.825748443603516 3.4202499389648438 0.2
-23.38170051574707 8.035648345947266 3.3871517181396484 0.2
-23.16429901123047 8.144248962402344 3.354450225830078 0.2
-22.942699432373047 8.078449249267578 3.3015499114990234 0.2
-22.928600311279297 7.856849670410156 3.221050262451172 0.2
-23.0664005279541 7.704048156738281 3.0916500091552734 0.2
-23.123199462890625 7.750850677490234 2.870450973510742 0.2
-23.012100219726562 7.919849395751953 2.7325515747070312 0.2
-22.97760009765625 8.150749206542969 2.705150604248047 0.2
-23.104799270629883 8.28854751586914 2.8493499755859375 0.2
-23.15489959716797 8.302349090576172 3.082151412963867 0.2
-22.97369956970215 8.325847625732422 3.228851318359375 0.2
-22.74020004272461 8.399547576904297 3.2274513244628906 0.2
-22.55579948425293 8.472949981689453 3.0945510864257812 0.2
-22.5841007232666 8.4615478515625 2.860950469970703 0.2
-22.711599349975586 8.336048126220703 2.6980514526367188 0.2
-22.68269920349121 8.108749389648438 2.6690502166748047 0.2
-22.492000579833984 7.998447418212891 2.768850326538086 0.2
-22.377899169921875 7.958950042724609 2.9449501037597656 0.2
-22.44700050354004 7.969348907470703 3.1447505950927734 0.2
-22.579898834228516 8.083747863769531 3.2687511444091797 0.2
-22.563098907470703 8.283550262451172 3.3253517150878906 0.2
-22.386199951171875 8.408748626708984 3.3253517150878906 0.2
-22.173398971557617 8.444549560546875 3.3305511474609375 0.2
-21.99989891052246 8.332649230957031 3.2897510528564453 0.2
-22.009899139404297 8.143550872802734 3.197050094604492 0.2
-22.13469886779785 8.02874755859375 3.0645503997802734 0.2
-22.199399948120117 8.06264877319336 2.866750717163086 0.2
-22.130800247192383 8.216548919677734 2.732450485229492 0.2
-22.059999465942383 8.4156494140625 2.6865501403808594 0.2
-22.125200271606445 8.594947814941406 2.7978515625 0.2
-22.199499130249023 8.628849029541016 3.0114517211914062 0.2
-22.08530044555664 8.60675048828125 3.1997509002685547 0.2
-21.865798950195312 8.554649353027344 3.2528514862060547 0.2
-21.641399383544922 8.567848205566406 3.290250778198242 0.2
-21.476200103759766 8.705150604248047 3.367450714111328 0.2
-21.4064998626709 8.914749145507812 3.3374500274658203 0.2
-21.47100067138672 9.01614761352539 3.1517505645751953 0.2
-21.598100662231445 8.949447631835938 2.9744510650634766 0.2
-21.713199615478516 8.81515121459961 2.828950881958008 0.2
-21.72570037841797 8.60894775390625 2.744150161743164 0.2
-21.58049964904785 8.45364761352539 2.806051254272461 0.2
-21.402799606323242 8.431350708007812 2.9477500915527344 0.2
-21.32149887084961 8.477951049804688 3.1543502807617188 0.2
-21.301300048828125 8.595550537109375 3.3481502532958984 0.2
-21.133100509643555 8.70145034790039 3.4497509002685547 0.2
-20.906299591064453 8.723751068115234 3.4769515991210938 0.2
-20.73080062866211 8.591148376464844 3.4677505493164062 0.2
-20.752500534057617 8.419448852539062 3.3333511352539062 0.2
-20.913700103759766 8.38064956665039 3.178050994873047 0.2
-21.09000015258789 8.413448333740234 3.034351348876953 0.2
-21.2096004486084 8.507450103759766 2.8641510009765625 0.2
-21.157699584960938 8.705848693847656 2.7951507568359375 0.2
-20.98150062561035 8.81414794921875 2.8528499603271484 0.2
-20.840200424194336 8.864547729492188 3.002349853515625 0.2
-20.822500228881836 8.884651184082031 3.218851089477539 0.2
-20.70330047607422 8.847850799560547 3.3919506072998047 0.2
-20.518098831176758 8.802047729492188 3.497650146484375 0.2
-20.348800659179688 8.85205078125 3.622150421142578 0.2
-20.188899993896484 8.988548278808594 3.6467514038085938 0.2
-20.114099502563477 9.097248077392578 3.485750198364258 0.2
-20.156700134277344 9.090950012207031 3.27545166015625 0.2
-20.237600326538086 9.020648956298828 3.0880508422851562 0.2
-20.31329917907715 8.87485122680664 2.953550338745117 0.2
-20.33009910583496 8.672050476074219 2.991250991821289 0.2
-20.285499572753906 8.545650482177734 3.162351608276367 0.2
-20.24690055847168 8.51824951171875 3.371551513671875 0.2
-20.24519920349121 8.622047424316406 3.5585498809814453 0.2
-20.138599395751953 8.727447509765625 3.707550048828125 0.2
-19.969200134277344 8.753547668457031 3.8410511016845703 0.2
-19.864200592041016 8.652149200439453 3.990650177001953 0.2
-19.875 8.446048736572266 3.998350143432617 0.2
-19.97010040283203 8.325248718261719 3.854450225830078 0.2
-20.07219886779785 8.310550689697266 3.6659507751464844 0.2
-20.12459945678711 8.345951080322266 3.460651397705078 0.2
-20.063899993896484 8.431549072265625 3.2763500213623047 0.2
