15.981800079345703 1.16455078125 -4.6712493896484375 0.2
15.999100685119629 1.1858482360839844 -4.481849670410156 0.2
16.010101318359375 1.1214485168457031 -4.305549621582031 0.2
16.000900268554688 0.9427490234375 -4.251649856567383 0.2
15.977499961853027 0.7886505126953125 -4.358949661254883 0.2
15.97230052947998 0.6890487670898438 -4.522548675537109 0.2
16.060298919677734 0.5887489318847656 -4.65464973449707 0.2
16.236000061035156 0.52874755859375 -4.639949798583984 0.2
16.34939956665039 0.5427474975585938 -4.488849639892578 0.2
16.375200271606445 0.5827484130859375 -4.303548812866211 0.2
16.304500579833984 0.6426506042480469 -4.138648986816406 0.2
16.179698944091797 0.7658500671386719 -4.063449859619141 0.2
16.087100982666016 0.930450439453125 -4.034248352050781 0.2
16.068199157714844 1.1169509887695312 -4.0061492919921875 0.2
16.149200439453125 1.279449462890625 -3.9507484436035156 0.2
16.282899856567383 1.3962478637695312 -3.837648391723633 0.2
16.370601654052734 1.3529510498046875 -3.660249710083008 0.2
16.34640121459961 1.1540489196777344 -3.5976486206054688 0.2
16.307600021362305 0.9692497253417969 -3.6913490295410156 0.2
16.286100387573242 0.8240509033203125 -3.8439483642578125 0.2
16.410099029541016 0.7042503356933594 -3.957550048828125 0.2
16.59910011291504 0.6824493408203125 -3.8852500915527344 0.2
16.67889976501465 0.7360496520996094 -3.6976490020751953 0.2
16.635299682617188 0.8164482116699219 -3.511049270629883 0.2
16.512500762939453 0.9645500183105469 -3.4242496490478516 0.2
16.430200576782227 1.1584510803222656 -3.412149429321289 0.2
16.428199768066406 1.3659477233886719 -3.443849563598633 0.2
16.559799194335938 1.520050048828125 -3.4075489044189453 0.2
16.70159912109375 1.5596504211425781 -3.2590484619140625 0.2
16.768600463867188 1.4750480651855469 -3.0844497680664062 0.2
16.71139907836914 1.2808494567871094 -3.026948928833008 0.2
16.643299102783203 1.1098480224609375 -3.1282501220703125 0.2
16.64630126953125 0.957550048828125 -3.2715492248535156 0.2
16.803199768066406 0.8399505615234375 -3.341449737548828 0.2
16.965301513671875 0.8177490234375 -3.2196483612060547 0.2
17.005901336669922 0.8584480285644531 -3.0183486938476562 0.2
16.913101196289062 0.9552497863769531 -2.8592491149902344 0.2
16.80160140991211 1.1294479370117188 -2.8208484649658203 0.2
16.75830078125 1.3339500427246094 -2.8432483673095703 0.2
16.84870147705078 1.5215492248535156 -2.84375 0.2
16.991300582885742 1.6010475158691406 -2.7172489166259766 0.2
17.068401336669922 1.5698509216308594 -2.5274486541748047 0.2
17.027099609375 1.40155029296875 -2.4148483276367188 0.2
16.96070098876953 1.213348388671875 -2.4773483276367188 0.2
16.941699981689453 1.0577507019042969 -2.6170482635498047 0.2
17.053600311279297 0.9263496398925781 -2.736848831176758 0.2
17.244998931884766 0.8774490356445312 -2.691549301147461 0.2
17.335498809814453 0.9029502868652344 -2.505350112915039 0.2
17.289400100708008 0.9672508239746094 -2.3133487701416016 0.2
17.16200065612793 1.108551025390625 -2.225749969482422 0.2
17.06439971923828 1.29425048828125 -2.2248497009277344 0.2
17.07859992980957 1.50054931640625 -2.2526493072509766 0.2
17.226600646972656 1.6387481689453125 -2.2132492065429688 0.2
17.382801055908203 1.6687507629394531 -2.0788497924804688 0.2
17.441600799560547 1.5412483215332031 -1.932748794555664 0.2
17.39389991760254 1.3367500305175781 -1.9293498992919922 0.2
17.351600646972656 1.1659507751464844 -2.043149948120117 0.2
17.40399932861328 1.02655029296875 -2.190948486328125 0.2
17.590999603271484 0.9648475646972656 -2.246349334716797 0.2
17.74340057373047 0.9826507568359375 -2.109548568725586 0.2
17.771900177001953 1.0301475524902344 -1.9089488983154297 0.2
17.664899826049805 1.1334495544433594 -1.7621498107910156 0.2
17.5398006439209 1.2972488403320312 -1.7260494232177734 0.2
17.47920036315918 1.4957504272460938 -1.7455501556396484 0.2
17.571399688720703 1.6795501708984375 -1.7697486877441406 0.2
17.746700286865234 1.7742500305175781 -1.7077484130859375 0.2
17.88840103149414 1.7258491516113281 -1.5716495513916016 0.2
17.89229965209961 1.5308494567871094 -1.4945487976074219 0.2
17.83880043029785 1.3393478393554688 -1.5585498809814453 0.2
17.834400177001953 1.1764488220214844 -1.6888484954833984 0.2
17.977399826049805 1.0862503051757812 -1.8105487823486328 0.2
18.1742000579834 1.1030502319335938 -1.7591495513916016 0.2
18.28459930419922 1.1693496704101562 -1.594949722290039 0.2
18.249500274658203 1.2827491760253906 -1.425149917602539 0.2
18.123199462890625 1.4339485168457031 -1.3551483154296875 0.2
18.01449966430664 1.6119499206542969 -1.3565483093261719 0.2
18.029499053955078 1.8048477172851562 -1.4328498840332031 0.2
18.173200607299805 1.9444503784179688 -1.4920482635498047 0.2
18.37220001220703 1.9631500244140625 -1.46044921875 0.2
18.46310043334961 1.7962493896484375 -1.3757495880126953 0.2
18.431800842285156 1.5895500183105469 -1.3874492645263672 0.2
18.389699935913086 1.409149169921875 -1.4844493865966797 0.2
18.446800231933594 1.2950477600097656 -1.6513500213623047 0.2
18.641399383544922 1.2931480407714844 -1.6977500915527344 0.2
18.788700103759766 1.356048583984375 -1.5663490295410156 0.2
18.82080078125 1.4446487426757812 -1.3811492919921875 0.2
18.733699798583984 1.5864486694335938 -1.256448745727539 0.2
18.61680030822754 1.7567481994628906 -1.2214488983154297 0.2
18.54629898071289 1.9467506408691406 -1.2686500549316406 0.2
18.610198974609375 2.116649627685547 -1.3711490631103516 0.2
18.77630043029785 2.2314491271972656 -1.4184494018554688 0.2
18.957799911499023 2.2014503479003906 -1.3397483825683594 0.2
18.986801147460938 2.017650604248047 -1.2436485290527344 0.2
18.935800552368164 1.8155479431152344 -1.2650489807128906 0.2
18.913700103759766 1.6341476440429688 -1.3668498992919922 0.2
19.025300979614258 1.51934814453125 -1.5012493133544922 0.2
19.22369956970215 1.5219497680664062 -1.4712486267089844 0.2
19.318500518798828 1.6001510620117188 -1.3045482635498047 0.2
19.28339958190918 1.7176475524902344 -1.1325492858886719 0.2
19.17060089111328 1.8803482055664062 -1.0639495849609375 0.2
19.078100204467773 2.0663490295410156 -1.0910491943359375 0.2
19.121999740600586 2.25885009765625 -1.1573486328125 0.2
19.28580093383789 2.385448455810547 -1.1456489562988281 0.2
19.454599380493164 2.4023475646972656 -1.0314483642578125 0.2
19.51020050048828 2.2578506469726562 -0.8935489654541016 0.2
19.471500396728516 2.05364990234375 -0.8760490417480469 0.2
19.415300369262695 1.8558502197265625 -0.9169483184814453 0.2
19.41189956665039 1.6746482849121094 -1.019948959350586 0.2
19.542499542236328 1.6072502136230469 -1.1634483337402344 0.2
19.73270034790039 1.6843490600585938 -1.1747493743896484 0.2
19.849000930786133 1.8252487182617188 -1.0731487274169922 0.2
19.829599380493164 2.0001487731933594 -0.9572486877441406 0.2
19.724199295043945 2.1788482666015625 -0.9261493682861328 0.2
19.671300888061523 2.3669509887695312 -1.0067501068115234 0.2
19.74690055847168 2.521350860595703 -1.1250495910644531 0.2
19.929800033569336 2.6029510498046875 -1.1712493896484375 0.2
20.099899291992188 2.526348114013672 -1.0875492095947266 0.2
20.12700080871582 2.3346481323242188 -1.0110492706298828 0.2
20.085599899291992 2.130451202392578 -0.9829483032226562 0.2
20.039100646972656 1.927947998046875 -1.0119495391845703 0.2
20.038700103759766 1.7966499328613281 -1.1728496551513672 0.2
20.160499572753906 1.8211479187011719 -1.3369483947753906 0.2
20.317899703979492 1.9453506469726562 -1.3929500579833984 0.2
20.38840103149414 2.1227493286132812 -1.3058490753173828 0.2
20.319299697875977 2.3014488220214844 -1.2184486389160156 0.2
20.20479965209961 2.477649688720703 -1.2258491516113281 0.2
20.159400939941406 2.6412506103515625 -1.3517494201660156 0.2
20.255599975585938 2.769847869873047 -1.4859485626220703 0.2
20.452600479125977 2.8109474182128906 -1.5154495239257812 0.2
20.587900161743164 2.693450927734375 -1.4131488800048828 0.2
20.596799850463867 2.494548797607422 -1.3450489044189453 0.2
20.57110023498535 2.2866477966308594 -1.3231487274169922 0.2
20.543100357055664 2.0944480895996094 -1.4025497436523438 0.2
20.574899673461914 2.0031509399414062 -1.5876483917236328 0.2
20.698101043701172 2.0249481201171875 -1.7537498474121094 0.2
20.85219955444336 2.1548500061035156 -1.7593498229980469 0.2
20.863300323486328 2.3233489990234375 -1.632049560546875 0.2
20.764999389648438 2.495147705078125 -1.5597496032714844 0.2
20.657400131225586 2.675048828125 -1.5834484100341797 0.2
20.63129997253418 2.8375511169433594 -1.7166500091552734 0.2
20.740800857543945 2.962047576904297 -1.8428497314453125 0.2
20.94230079650879 2.977550506591797 -1.8367500305175781 0.2
21.04840087890625 2.8310508728027344 -1.731149673461914 0.2
21.041000366210938 2.6247482299804688 -1.6912498474121094 0.2
21.01569938659668 2.416950225830078 -1.7112483978271484 0.2
21.02320098876953 2.2540512084960938 -1.8477497100830078 0.2
21.115699768066406 2.195049285888672 -2.0250492095947266 0.2
21.292499542236328 2.2468490600585938 -2.113849639892578 0.2
21.400800704956055 2.392749786376953 -2.018749237060547 0.2
21.340900421142578 2.5638504028320312 -1.912649154663086 0.2
21.231201171875 2.7385482788085938 -1.8686485290527344 0.2
21.121700286865234 2.914051055908203 -1.9180488586425781 0.2
21.09149932861328 3.0575485229492188 -2.0699501037597656 0.2
21.205299377441406 3.1571502685546875 -2.212148666381836 0.2
21.405500411987305 3.1264495849609375 -2.2012500762939453 0.2
21.486600875854492 2.9525489807128906 -2.1123485565185547 0.2
21.473400115966797 2.7444496154785156 -2.076749801635742 0.2
21.455299377441406 2.5378494262695312 -2.1199493408203125 0.2
21.497699737548828 2.4045486450195312 -2.2795486450195312 0.2
21.642099380493164 2.396148681640625 -2.4311485290527344 0.2
21.815099716186523 2.5040512084960938 -2.4500484466552734 0.2
21.847000122070312 2.6800498962402344 -2.341848373413086 0.2
21.759300231933594 2.85894775390625 -2.2690486907958984 0.2
21.64750099182129 3.0360488891601562 -2.2360496520996094 0.2
21.529399871826172 3.195648193359375 -2.31304931640625 0.2
21.518400192260742 3.3102493286132812 -2.4895496368408203 0.2
21.656200408935547 3.3640480041503906 -2.6347484588623047 0.2
21.844100952148438 3.275249481201172 -2.6116485595703125 0.2
21.90290069580078 3.0828475952148438 -2.5410499572753906 0.2
21.893400192260742 2.8747482299804688 -2.501649856567383 0.2
21.868499755859375 2.6689491271972656 -2.552448272705078 0.2
21.913400650024414 2.566650390625 -2.7281494140625 0.2
22.064199447631836 2.6170501708984375 -2.8651485443115234 0.2
22.20669937133789 2.768749237060547 -2.8652496337890625 0.2
22.206600189208984 2.9626502990722656 -2.778749465942383 0.2
22.113500595092773 3.1429481506347656 -2.717649459838867 0.2
21.990400314331055 3.3149490356445312 -2.6982498168945312 0.2
21.871601104736328 3.447650909423828 -2.8140487670898438 0.2
21.902000427246094 3.5285491943359375 -3.004749298095703 0.2
22.071001052856445 3.5351486206054688 -3.1229496002197266 0.2
22.237300872802734 3.4083480834960938 -3.0803489685058594 0.2
22.27880096435547 3.209949493408203 -3.0163497924804688 0.2
22.27630043029785 3.0013504028320312 -2.9773483276367188 0.2
22.23710060119629 2.802349090576172 -3.051248550415039 0.2
22.27720069885254 2.7338485717773438 -3.2421493530273438 0.2
22.412900924682617 2.807750701904297 -3.384550094604492 0.2
22.527799606323242 2.9836502075195312 -3.3754501342773438 0.2
22.498199462890625 3.180248260498047 -3.298849105834961 0.2
22.403200149536133 3.3613510131835938 -3.240449905395508 0.2
22.265300750732422 3.5255508422851562 -3.2484493255615234 0.2
22.175100326538086 3.636150360107422 -3.4028491973876953 0.2
22.250900268554688 3.6910476684570312 -3.592548370361328 0.2
22.441699981689453 3.652050018310547 -3.665149688720703 0.2
22.566499710083008 3.4889488220214844 -3.6046485900878906 0.2
22.594499588012695 3.2861480712890625 -3.5437488555908203 0.2
22.5846004486084 3.0735511779785156 -3.5195484161376953 0.2
22.540000915527344 2.8980484008789062 -3.633150100708008 0.2
22.59709930419922 2.8740501403808594 -3.834348678588867 0.2
22.72879981994629 2.9807510375976562 -3.9585494995117188 0.2
22.800701141357422 3.1777496337890625 -3.9189491271972656 0.2
22.743200302124023 3.371448516845703 -3.847848892211914 0.2
22.643400192260742 3.553447723388672 -3.7952499389648438 0.2
22.49370002746582 3.7019500732421875 -3.8374500274658203 0.2
22.440200805664062 3.7862510681152344 -4.022850036621094 0.2
22.54720115661621 3.8105506896972656 -4.20374870300293 0.2
22.738800048828125 3.7248497009277344 -4.230049133300781 0.2
22.828899383544922 3.5407485961914062 -4.165349960327148 0.2
22.85540008544922 3.3373489379882812 -4.105449676513672 0.2
22.83099937438965 3.123748779296875 -4.105449676513672 0.2
22.795499801635742 2.9847488403320312 -4.260049819946289 0.2
22.86370086669922 2.996448516845703 -4.460149765014648 0.2
22.986801147460938 3.1431503295898438 -4.543849945068359 0.2
23.007600784301758 3.3506507873535156 -4.488849639892578 0.2
22.934900283813477 3.5404510498046875 -4.423248291015625 0.2
22.822099685668945 3.718547821044922 -4.383749008178711 0.2
22.670101165771484 3.8404502868652344 -4.473249435424805 0.2
22.655900955200195 3.8930511474609375 -4.676849365234375 0.2
22.797700881958008 3.8781509399414062 -4.829648971557617 0.2
22.96929931640625 3.748748779296875 -4.818048477172852 0.2
23.033700942993164 3.5546493530273438 -4.754549026489258 0.2
23.060100555419922 3.3496475219726562 -4.699348449707031 0.2
23.01259994506836 3.1406478881835938 -4.730949401855469 0.2
22.98390007019043 3.041950225830078 -4.913448333740234 0.2
23.056499481201172 3.0900497436523438 -5.10584831237793 0.2
23.15679931640625 3.2719497680664062 -5.151350021362305 0.2
23.136199951171875 3.477649688720703 -5.092248916625977 0.2
23.060300827026367 3.6675491333007812 -5.028348922729492 0.2
22.926401138305664 3.8362503051757812 -5.005849838256836 0.2
22.78529930114746 3.9278488159179688 -5.135049819946289 0.2
22.802900314331055 3.950347900390625 -5.346248626708984 0.2
22.966400146484375 3.894847869873047 -5.46714973449707 0.2
23.105199813842773 3.7331504821777344 -5.433349609375 0.2
23.162200927734375 3.535747528076172 -5.369548797607422 0.2
23.180200576782227 3.3264503479003906 -5.320049285888672 0.2
23.10970115661621 3.1318511962890625 -5.379848480224609 0.2
23.08370018005371 3.0698509216308594 -5.5816497802734375 0.2
23.155000686645508 3.1541481018066406 -5.762248992919922 0.2
23.22279930114746 3.358348846435547 -5.776350021362305 0.2
23.183500289916992 3.5616493225097656 -5.715049743652344 0.2
23.108699798583984 3.7540512084960938 -5.652448654174805 0.2
22.954700469970703 3.9065475463867188 -5.64634895324707 0.2
22.826799392700195 3.9647483825683594 -5.805049896240234 0.2
22.85900115966797 3.956249237060547 -6.016048431396484 0.2
23.02869987487793 3.8621482849121094 -6.104349136352539 0.2
23.14310073852539 3.6832504272460938 -6.060649871826172 0.2
23.203399658203125 3.4867477416992188 -5.997549057006836 0.2
23.205699920654297 3.2746505737304688 -5.9548492431640625 0.2
23.116300582885742 3.1029510498046875 -6.044649124145508 0.2
23.087800979614258 3.0703506469726562 -6.2532501220703125 0.2
23.157400131225586 3.1920509338378906 -6.410249710083008 0.2
23.192899703979492 3.4063491821289062 -6.403450012207031 0.2
23.14699935913086 3.607250213623047 -6.34214973449707 0.2
23.066600799560547 3.798450469970703 -6.2832489013671875 0.2
22.892200469970703 3.9259490966796875 -6.302148818969727 0.2
22.783000946044922 3.9525489807128906 -6.481149673461914 0.2
22.840700149536133 3.9153480529785156 -6.681148529052734 0.2
23.007801055908203 3.789447784423828 -6.735748291015625 0.2
23.102399826049805 3.60205078125 -6.685449600219727 0.2
23.162500381469727 3.4047508239746094 -6.624050140380859 0.2
23.137001037597656 3.190948486328125 -6.590250015258789 0.2
23.036399841308594 3.046550750732422 -6.707649230957031 0.2
23.012800216674805 3.0436477661132812 -6.919849395751953 0.2
23.078899383544922 3.1993484497070312 -7.049249649047852 0.2
23.08570098876953 3.41455078125 -7.024250030517578 0.2
23.038999557495117 3.615947723388672 -6.962648391723633 0.2
22.943300247192383 3.8026504516601562 -6.905649185180664 0.2
22.756999969482422 3.901050567626953 -6.948848724365234 0.2
22.666500091552734 3.898651123046875 -7.143348693847656 0.2
22.746601104736328 3.8322486877441406 -7.329050064086914 0.2
22.900699615478516 3.6807479858398438 -7.352548599243164 0.2
22.98870086669922 3.4902496337890625 -7.298149108886719 0.2
23.046600341796875 3.2904510498046875 -7.236148834228516 0.2
22.991600036621094 3.0814476013183594 -7.21245002746582 0.2
22.882200241088867 2.965850830078125 -7.354648590087891 0.2
22.857999801635742 2.9925498962402344 -7.565549850463867 0.2
22.91200065612793 3.1778488159179688 -7.662149429321289 0.2
22.901599884033203 3.391948699951172 -7.625450134277344 0.2
22.859399795532227 3.595348358154297 -7.565649032592773 0.2
22.74340057373047 3.7710494995117188 -7.511148452758789 0.2
22.551700592041016 3.8324508666992188 -7.581850051879883 0.2
22.47439956665039 3.8010482788085938 -7.779949188232422 0.2
22.57590103149414 3.7038497924804688 -7.939949035644531 0.2
22.713199615478516 3.5344505310058594 -7.941450119018555 0.2
22.801401138305664 3.3449478149414062 -7.887948989868164 0.2
22.850299835205078 3.1433486938476562 -7.825048446655273 0.2
22.76110076904297 2.9467506408691406 -7.815849304199219 0.2
22.641599655151367 2.858448028564453 -7.968549728393555 0.2
22.61829948425293 2.920848846435547 -8.169048309326172 0.2
22.653400421142578 3.1248512268066406 -8.236848831176758 0.2
22.635099411010742 3.3358497619628906 -8.194849014282227 0.2
22.593700408935547 3.5397491455078125 -8.137350082397461 0.2
22.450000762939453 3.6953506469726562 -8.084548950195312 0.2
22.2593994140625 3.7183494567871094 -8.173749923706055 0.2
22.19770050048828 3.658550262451172 -8.369649887084961 0.2
22.311100006103516 3.5322494506835938 -8.50214958190918 0.2
22.4320011138916 3.352550506591797 -8.486549377441406 0.2
22.52239990234375 3.1635475158691406 -8.433948516845703 0.2
22.552200317382812 2.9596481323242188 -8.362848281860352 0.2
22.43239974975586 2.782550811767578 -8.364648818969727 0.2
22.301700592041016 2.7197494506835938 -8.52334976196289 0.2
22.275400161743164 2.8167495727539062 -8.710948944091797 0.2
22.29319953918457 3.0298500061035156 -8.750848770141602 0.2
22.277700424194336 3.2418479919433594 -8.70895004272461 0.2
22.232601165771484 3.4465484619140625 -8.64995002746582 0.2
22.066200256347656 3.575550079345703 -8.596748352050781 0.2
21.87820053100586 3.5620498657226562 -8.698848724365234 0.2
21.827301025390625 3.4742507934570312 -8.887948989868164 0.2
21.94610023498535 3.3240509033203125 -8.989849090576172 0.2
22.060400009155273 3.1405487060546875 -8.964949607849121 0.2
22.154199600219727 2.9518508911132812 -8.913848876953125 0.2
22.161300659179688 2.7504501342773438 -8.831548690795898 0.2
22.01460075378418 2.596050262451172 -8.843948364257812 0.2
21.872600555419922 2.5550498962402344 -8.99994945526123 0.2
21.84670066833496 2.6837501525878906 -9.169249534606934 0.2
21.85569953918457 2.9004478454589844 -9.191749572753906 0.2
21.846200942993164 3.1134490966796875 -9.155949592590332 0.2
21.792301177978516 3.3144493103027344 -9.093849182128906 0.2
21.60580062866211 3.410449981689453 -9.045848846435547 0.2
21.424699783325195 3.3683509826660156 -9.151948928833008 0.2
21.395099639892578 3.2569503784179688 -9.330248832702637 0.2
21.51420021057129 3.090648651123047 -9.405348777770996 0.2
21.623701095581055 2.906749725341797 -9.375349044799805 0.2
21.71430015563965 2.7179489135742188 -9.321449279785156 0.2
21.689701080322266 2.5226478576660156 -9.228949546813965 0.2
21.524799346923828 2.3915481567382812 -9.252449035644531 0.2
21.38290023803711 2.376850128173828 -9.410449028015137 0.2
21.360401153564453 2.5322494506835938 -9.55894947052002 0.2
21.364601135253906 2.748950958251953 -9.566649436950684 0.2
21.358200073242188 2.9623489379882812 -9.534249305725098 0.2
21.286100387573242 3.1548500061035156 -9.460349082946777 0.2
21.0851993560791 3.2143478393554688 -9.423048973083496 0.2
20.915599822998047 3.1459503173828125 -9.536349296569824 0.2
20.909900665283203 3.0113487243652344 -9.702149391174316 0.2
21.027799606323242 2.8344497680664062 -9.747149467468262 0.2
21.13759994506836 2.650848388671875 -9.713849067687988 0.2
21.220800399780273 2.461048126220703 -9.647748947143555 0.2
21.161699295043945 2.2785491943359375 -9.54944896697998 0.2
20.979700088500977 2.170848846435547 -9.587449073791504 0.2
20.839200973510742 2.1866493225097656 -9.747049331665039 0.2
20.822599411010742 2.366649627685547 -9.867548942565918 0.2
20.829099655151367 2.5839500427246094 -9.868349075317383 0.2
20.824501037597656 2.7990493774414062 -9.839049339294434 0.2
20.73110008239746 2.9742507934570312 -9.750349044799805 0.2
20.52050018310547 2.9914474487304688 -9.726449012756348 0.2
20.36240005493164 2.8972511291503906 -9.838249206542969 0.2
20.383899688720703 2.7401504516601562 -9.983049392700195 0.2
20.500200271606445 2.557647705078125 -10.004849433898926 0.2
20.611801147460938 2.3753509521484375 -9.973349571228027 0.2
20.68000030517578 2.187450408935547 -9.889248847961426 0.2
20.579999923706055 2.0250511169433594 -9.79374885559082 0.2
20.387399673461914 1.9426498413085938 -9.840048789978027 0.2
20.259201049804688 1.9988479614257812 -9.998649597167969 0.2
20.24679946899414 2.195751190185547 -10.090848922729492 0.2
20.25659942626953 2.4110488891601562 -10.090649604797363 0.2
20.247100830078125 2.624347686767578 -10.057249069213867 0.2
20.12510108947754 2.7684478759765625 -9.951848983764648 0.2
19.9148006439209 2.7467498779296875 -9.93804931640625 0.2
19.777799606323242 2.629150390625 -10.050048828125 0.2
19.82360076904297 2.4559478759765625 -10.17094898223877 0.2
19.938499450683594 2.2730484008789062 -10.176149368286133 0.2
20.049800872802734 2.0915489196777344 -10.143149375915527 0.2
20.093599319458008 1.9090499877929688 -10.034149169921875 0.2
19.959699630737305 1.7695503234863281 -9.948649406433105 0.2
19.761301040649414 1.7135505676269531 -10.00564956665039 0.2
19.648000717163086 1.8086509704589844 -10.15894889831543 0.2
19.642499923706055 2.014850616455078 -10.223849296569824 0.2
19.655799865722656 2.2300491333007812 -10.224749565124512 0.2
19.636499404907227 2.439849853515625 -10.172849655151367 0.2
19.49139976501465 2.5451507568359375 -10.057048797607422 0.2
19.28459930419922 2.4890480041503906 -10.054248809814453 0.2
19.171199798583984 2.3485488891601562 -10.166949272155762 0.2
19.23859977722168 2.1657485961914062 -10.260748863220215 0.2
19.35580062866211 1.98394775390625 -10.25934886932373 0.2
19.466100692749023 1.8026504516601562 -10.217449188232422 0.2
19.480199813842773 1.6326484680175781 -10.086249351501465 0.2
19.316499710083008 1.5169486999511719 -10.013648986816406 0.2
19.114700317382812 1.4901504516601562 -10.077448844909668 0.2
19.021299362182617 1.6222496032714844 -10.218648910522461 0.2
19.024700164794922 1.8328475952148438 -10.268049240112305 0.2
19.040599822998047 2.0479507446289062 -10.273149490356445 0.2
19.007200241088867 2.2462501525878906 -10.19494915008545 0.2
18.840900421142578 2.3038482666015625 -10.078449249267578 0.2
18.643600463867188 2.220050811767578 -10.08014965057373 0.2
18.56439971923828 2.058349609375 -10.191848754882812 0.2
18.646800994873047 1.8702507019042969 -10.259749412536621 0.2
18.764801025390625 1.6907501220703125 -10.25684928894043 0.2
18.868900299072266 1.5126495361328125 -10.19494915008545 0.2
18.841800689697266 1.3627510070800781 -10.046648979187012 0.2
18.659400939941406 1.2735481262207031 -9.98284912109375 0.2
18.46380043029785 1.28485107421875 -10.058349609375 0.2
18.390499114990234 1.4459495544433594 -10.181549072265625 0.2
18.402700424194336 1.6559486389160156 -10.223548889160156 0.2
18.417499542236328 1.8700485229492188 -10.225149154663086 0.2
18.36410140991211 2.044750213623047 -10.111449241638184 0.2
18.18709945678711 2.0555496215820312 -9.999249458312988 0.2
18.005300521850586 1.9461479187011719 -10.006949424743652 0.2
17.961898803710938 1.7655487060546875 -10.111449241638184 0.2
18.056499481201172 1.5776481628417969 -10.15524959564209 0.2
18.175800323486328 1.399749755859375 -10.14954948425293 0.2
18.26919937133789 1.2315483093261719 -10.05264949798584 0.2
18.201499938964844 1.1079483032226562 -9.896849632263184 0.2
18.005401611328125 1.046051025390625 -9.840249061584473 0.2
17.820999145507812 1.0991477966308594 -9.926349639892578 0.2
17.772201538085938 1.2806510925292969 -10.02924919128418 0.2
17.790800094604492 1.4895477294921875 -10.0746488571167 0.2
17.803298950195312 1.7034492492675781 -10.058149337768555 0.2
17.732200622558594 1.8421478271484375 -9.91404914855957 0.2
17.552101135253906 1.8110504150390625 -9.805648803710938 0.2
17.38990020751953 1.6753501892089844 -9.815849304199219 0.2
17.38360023498535 1.4811477661132812 -9.90524959564209 0.2
17.48740005493164 1.296051025390625 -9.93744945526123 0.2
17.609500885009766 1.120147705078125 -9.923048973083496 0.2
17.686100006103516 0.9724502563476562 -9.78964900970459 0.2
17.582901000976562 0.8788490295410156 -9.630949020385742 0.2
17.380199432373047 0.8494491577148438 -9.575849533081055 0.2
17.21619987487793 0.9468498229980469 -9.668549537658691 0.2
17.18830108642578 1.1383476257324219 -9.760048866271973 0.2
17.207799911499023 1.3447494506835938 -9.813348770141602 0.2
17.2189998626709 1.5517501831054688 -9.763349533081055 0.2
17.132801055908203 1.6407508850097656 -9.595048904418945 0.2
16.964401245117188 1.5775489807128906 -9.481449127197266 0.2
16.832901000976562 1.4148483276367188 -9.495849609375 0.2
16.85689926147461 1.21405029296875 -9.565749168395996 0.2
16.964900970458984 1.0327491760253906 -9.596649169921875 0.2
17.09149932861328 0.8652496337890625 -9.559749603271484 0.2
17.140899658203125 0.7498512268066406 -9.391149520874023 0.2
17.02090072631836 0.6903495788574219 -9.22754955291748 0.2
16.818099975585938 0.7038497924804688 -9.181448936462402 0.2
16.680999755859375 0.8389511108398438 -9.272748947143555 0.2
16.668899536132812 1.030548095703125 -9.364349365234375 0.2
16.688199996948242 1.2364501953125 -9.413848876953125 0.2
16.70349884033203 1.4228477478027344 -9.313249588012695 0.2
16.61590003967285 1.4596481323242188 -9.1277494430542 0.2
16.46820068359375 1.3683509826660156 -9.00844955444336 0.2
16.373199462890625 1.1812477111816406 -9.025749206542969 0.2
16.424699783325195 0.9831504821777344 -9.083048820495605 0.2
16.535400390625 0.8041496276855469 -9.113749504089355 0.2
16.671199798583984 0.659149169921875 -9.037549018859863 0.2
16.690200805664062 0.5815505981445312 -8.845348358154297 0.2
16.562700271606445 0.5563507080078125 -8.678449630737305 0.2
16.365299224853516 0.61614990234375 -8.650749206542969 0.2
16.263900756835938 0.775848388671875 -8.745048522949219 0.2
16.256999969482422 0.9637489318847656 -8.844749450683594 0.2
16.28849983215332 1.1726493835449219 -8.86564826965332 0.2
16.30780029296875 1.318450927734375 -8.717449188232422 0.2
16.2273006439209 1.3105506896972656 -8.522449493408203 0.2
16.100799560546875 1.1900482177734375 -8.4073486328125 0.2
16.046001434326172 0.9879493713378906 -8.434148788452148 0.2
16.11370086669922 0.79534912109375 -8.493049621582031 0.2
16.23710060119629 0.6236495971679688 -8.510749816894531 0.2
16.370601654052734 0.5134506225585938 -8.391849517822266 0.2
16.360700607299805 0.46955108642578125 -8.186248779296875 0.2
16.227399826049805 0.4801483154296875 -8.024848937988281 0.2
16.04520034790039 0.583648681640625 -8.028749465942383 0.2
15.974300384521484 0.7518501281738281 -8.135648727416992 0.2
15.974599838256836 0.9399490356445312 -8.233549118041992 0.2
16.03350067138672 1.1393508911132812 -8.201749801635742 0.2
16.04880142211914 1.2229499816894531 -8.012748718261719 0.2
15.982999801635742 1.1787490844726562 -7.8168487548828125 0.2
15.874500274658203 1.0238494873046875 -7.731048583984375 0.2
15.858400344848633 0.8177490234375 -7.774349212646484 0.2
15.939900398254395 0.632049560546875 -7.836050033569336 0.2
16.08970069885254 0.4859504699707031 -7.812749862670898 0.2
16.186100006103516 0.418548583984375 -7.641448974609375 0.2
16.150001525878906 0.40625 -7.433750152587891 0.2
15.992700576782227 0.4656486511230469 -7.314048767089844 0.2
15.848100662231445 0.6080474853515625 -7.368648529052734 0.2
15.809700012207031 0.7751502990722656 -7.493349075317383 0.2
15.849200248718262 0.9728507995605469 -7.549848556518555 0.2
15.928000450134277 1.1198501586914062 -7.428049087524414 0.2
15.930999755859375 1.1296501159667969 -7.2178497314453125 0.2
15.855199813842773 1.0364494323730469 -7.047849655151367 0.2
15.779600143432617 0.8424491882324219 -7.025848388671875 0.2
15.81290054321289 0.6455497741699219 -7.095548629760742 0.2
15.93690013885498 0.47824859619140625 -7.125349044799805 0.2
16.08169937133789 0.3896484375 -7.005849838256836 0.2
16.109600067138672 0.3712501525878906 -6.797649383544922 0.2
16.014301300048828 0.4161491394042969 -6.61884880065918 0.2
15.850800514221191 0.5447502136230469 -6.606649398803711 0.2
15.782299995422363 0.7025489807128906 -6.729148864746094 0.2
15.806500434875488 0.8866500854492188 -6.8271484375 0.2
15.899800300598145 1.0589485168457031 -6.757648468017578 0.2
15.935100555419922 1.1138496398925781 -6.558248519897461 0.2
15.898699760437012 1.0691490173339844 -6.359949111938477 0.2
15.811200141906738 0.9139480590820312 -6.275749206542969 0.2
15.793399810791016 0.7203483581542969 -6.322248458862305 0.2
15.861599922180176 0.5434494018554688 -6.388448715209961 0.2
16.010601043701172 0.4151496887207031 -6.354949951171875 0.2
16.10900115966797 0.36804962158203125 -6.188749313354492 0.2
16.107999801635742 0.3712501525878906 -5.987848281860352 0.2
15.989299774169922 0.4433479309082031 -5.848749160766602 0.2
15.851799964904785 0.5804481506347656 -5.885049819946289 0.2
15.811800003051758 0.7273483276367188 -6.01664924621582 0.2
15.869600296020508 0.9058494567871094 -6.084848403930664 0.2
15.955900192260742 1.04644775390625 -5.976949691772461 0.2
15.943300247192383 1.0661506652832031 -5.77924919128418 0.2
15.881800651550293 0.9999504089355469 -5.599948883056641 0.2
15.817700386047363 0.8080482482910156 -5.518848419189453 0.2
15.850200653076172 0.6011505126953125 -5.594049453735352 0.2
16.0 0.44355010986328125 -5.629650115966797 0.2
16.155500411987305 0.38665008544921875 -5.487249374389648 0.2
16.19179916381836 0.3957481384277344 -5.26664924621582 0.2
16.081100463867188 0.4620475769042969 -5.091449737548828 0.2
15.907600402832031 0.5822486877441406 -5.135749816894531 0.2
15.848100662231445 0.7332496643066406 -5.289548873901367 0.2
15.889300346374512 0.9466476440429688 -5.284749984741211 0.2
15.938799858093262 1.0634498596191406 -5.102649688720703 0.2
15.961199760437012 1.1192474365234375 -4.888248443603516 0.2
15.981800079345703 1.16455078125 -4.6712493896484375 0.2
