24.774099349975586 -14.998750686645508 0.4248504638671875 0.2
24.609600067138672 -15.131750106811523 0.3160514831542969 0.2
24.479101181030273 -15.289350509643555 0.438751220703125 0.2
24.47800064086914 -15.420650482177734 0.6469516754150391 0.2
24.57710075378418 -15.605751037597656 0.7583503723144531 0.2
24.693700790405273 -15.77655029296875 0.6354503631591797 0.2
24.738100051879883 -15.85634994506836 0.4084510803222656 0.2
24.6742000579834 -15.78485107421875 0.1914501190185547 0.2
24.582300186157227 -15.56865119934082 0.13175010681152344 0.2
24.576601028442383 -15.325349807739258 0.13775062561035156 0.2
24.748899459838867 -15.16965103149414 0.09045028686523438 0.2
24.957901000976562 -15.214250564575195 -0.027948379516601562 0.2
25.14240074157715 -15.357250213623047 0.009550094604492188 0.2
25.15920066833496 -15.494451522827148 0.2062511444091797 0.2
25.058401107788086 -15.629650115966797 0.3840503692626953 0.2
24.946300506591797 -15.836549758911133 0.3778514862060547 0.2
24.93239974975586 -15.989049911499023 0.18815040588378906 0.2
25.0039005279541 -16.03365135192871 -0.0397491455078125 0.2
25.139299392700195 -15.896051406860352 -0.17644882202148438 0.2
25.208900451660156 -15.660650253295898 -0.1730499267578125 0.2
25.152599334716797 -15.429349899291992 -0.2003498077392578 0.2
24.984500885009766 -15.351751327514648 -0.3502483367919922 0.2
24.80350112915039 -15.439950942993164 -0.4861488342285156 0.2
24.636499404907227 -15.580850601196289 -0.3959484100341797 0.2
24.627201080322266 -15.708650588989258 -0.18754959106445312 0.2
24.70800018310547 -15.875551223754883 -0.03254890441894531 0.2
24.804500579833984 -16.08115005493164 -0.09894943237304688 0.2
24.82349967956543 -16.200450897216797 -0.31184959411621094 0.2
24.754199981689453 -16.190549850463867 -0.5420494079589844 0.2
24.65290069580078 -15.997051239013672 -0.6391487121582031 0.2
24.628299713134766 -15.752450942993164 -0.6360492706298828 0.2
24.760900497436523 -15.561651229858398 -0.6883487701416016 0.2
24.94860076904297 -15.568349838256836 -0.8374500274658203 0.2
25.129199981689453 -15.71135139465332 -0.9001483917236328 0.2
25.22599983215332 -15.862550735473633 -0.7437496185302734 0.2
25.175500869750977 -15.974451065063477 -0.5304489135742188 0.2
25.050399780273438 -16.149749755859375 -0.43034934997558594 0.2
24.964399337768555 -16.332151412963867 -0.5622501373291016 0.2
24.9601993560791 -16.42755126953125 -0.7877483367919922 0.2
25.057701110839844 -16.3653507232666 -0.9944496154785156 0.2
25.165300369262695 -16.15475082397461 -1.0497493743896484 0.2
25.179901123046875 -15.912250518798828 -1.0597496032714844 0.2
25.022199630737305 -15.755849838256836 -1.1437492370605469 0.2
24.818099975585938 -15.790950775146484 -1.273550033569336 0.2
24.619800567626953 -15.90665054321289 -1.2184486389160156 0.2
24.59239959716797 -16.034151077270508 -1.0151500701904297 0.2
24.671899795532227 -16.1783504486084 -0.833648681640625 0.2
24.761499404907227 -16.396650314331055 -0.8335494995117188 0.2
24.75860023498535 -16.553850173950195 -1.0196495056152344 0.2
24.667301177978516 -16.595550537109375 -1.2408485412597656 0.2
24.5408992767334 -16.444551467895508 -1.372549057006836 0.2
24.509000778198242 -16.2010498046875 -1.3806495666503906 0.2
24.596099853515625 -15.981851577758789 -1.4257488250732422 0.2
24.760499954223633 -15.937950134277344 -1.5909500122070312 0.2
24.888700485229492 -16.068950653076172 -1.752248764038086 0.2
25.035499572753906 -16.24515151977539 -1.6954498291015625 0.2
25.06559944152832 -16.362550735473633 -1.4835491180419922 0.2
24.989500045776367 -16.495750427246094 -1.2966499328613281 0.2
24.84130096435547 -16.67875099182129 -1.3171501159667969 0.2
24.74049949645996 -16.798250198364258 -1.505849838256836 0.2
24.73780059814453 -16.811450958251953 -1.7459487915039062 0.2
24.850000381469727 -16.6551513671875 -1.8874492645263672 0.2
24.937700271606445 -16.427350997924805 -1.9153499603271484 0.2
24.85300064086914 -16.206951141357422 -1.9466495513916016 0.2
24.632699966430664 -16.153949737548828 -2.028148651123047 0.2
24.40679931640625 -16.22115135192871 -1.995748519897461 0.2
24.341800689697266 -16.335451126098633 -1.7964496612548828 0.2
24.43400001525879 -16.470251083374023 -1.6123485565185547 0.2
24.52429962158203 -16.68265151977539 -1.5531482696533203 0.2
24.48419952392578 -16.876750946044922 -1.689849853515625 0.2
24.35070037841797 -16.95454978942871 -1.8795490264892578 0.2
24.190401077270508 -16.849651336669922 -2.018848419189453 0.2
24.151500701904297 -16.610851287841797 -2.044048309326172 0.2
24.222299575805664 -16.38105010986328 -2.08074951171875 0.2
24.360599517822266 -16.29425048828125 -2.253049850463867 0.2
24.422399520874023 -16.403850555419922 -2.462648391723633 0.2
24.541200637817383 -16.60165023803711 -2.5136489868164062 0.2
24.635400772094727 -16.744150161743164 -2.343648910522461 0.2
24.633699417114258 -16.849050521850586 -2.1223487854003906 0.2
24.48780059814453 -17.0080509185791 -2.0274486541748047 0.2
24.315401077270508 -17.138851165771484 -2.140348434448242 0.2
24.210800170898438 -17.192350387573242 -2.3528499603271484 0.2
24.26140022277832 -17.094850540161133 -2.562448501586914 0.2
24.37849998474121 -16.894550323486328 -2.643148422241211 0.2
24.385700225830078 -16.65635108947754 -2.6689491271972656 0.2
24.190900802612305 -16.520050048828125 -2.685850143432617 0.2
23.95090103149414 -16.53645133972168 -2.652149200439453 0.2
23.85740089416504 -16.622751235961914 -2.452249526977539 0.2
23.950300216674805 -16.758649826049805 -2.2708492279052734 0.2
24.055500030517578 -16.957050323486328 -2.1806488037109375 0.2
24.014299392700195 -17.17715072631836 -2.258749008178711 0.2
23.848400115966797 -17.278949737548828 -2.4073486328125 0.2
23.649200439453125 -17.221050262451172 -2.528249740600586 0.2
23.582399368286133 -16.993249893188477 -2.5634498596191406 0.2
23.645299911499023 -16.757051467895508 -2.5903491973876953 0.2
23.755599975585938 -16.6236515045166 -2.7544498443603516 0.2
23.771400451660156 -16.68735122680664 -2.985149383544922 0.2
23.802400588989258 -16.881650924682617 -3.1205501556396484 0.2
23.923999786376953 -17.070850372314453 -3.0415496826171875 0.2
24.001399993896484 -17.179950714111328 -2.834848403930664 0.2
23.930700302124023 -17.30994987487793 -2.649049758911133 0.2
23.72410011291504 -17.435251235961914 -2.6513500213623047 0.2
23.5310001373291 -17.49905014038086 -2.7878494262695312 0.2
23.470699310302734 -17.452951431274414 -3.0118484497070312 0.2
23.569900512695312 -17.289649963378906 -3.1623497009277344 0.2
23.651500701904297 -17.069049835205078 -3.22454833984375 0.2
23.545000076293945 -16.85835075378418 -3.2008495330810547 0.2
23.31450080871582 -16.805049896240234 -3.1387500762939453 0.2
23.194900512695312 -16.847450256347656 -2.939350128173828 0.2
23.27989959716797 -16.9814510345459 -2.757049560546875 0.2
23.407400131225586 -17.168750762939453 -2.663249969482422 0.2
23.383399963378906 -17.40315055847168 -2.683349609375 0.2
23.18869972229004 -17.523651123046875 -2.7667484283447266 0.2
22.95669937133789 -17.496749877929688 -2.8338489532470703 0.2
22.846399307250977 -17.28925132751465 -2.863748550415039 0.2
22.912200927734375 -17.05445098876953 -2.8975486755371094 0.2
23.00659942626953 -16.885250091552734 -3.0391483306884766 0.2
22.99180030822754 -16.895750045776367 -3.2756500244140625 0.2
22.906299591064453 -17.054349899291992 -3.440248489379883 0.2
22.97760009765625 -17.279451370239258 -3.4584484100341797 0.2
23.10650062561035 -17.424150466918945 -3.3086490631103516 0.2
23.141799926757812 -17.54305076599121 -3.1015491485595703 0.2
22.969100952148438 -17.648950576782227 -2.977048873901367 0.2
22.72920036315918 -17.695350646972656 -3.0013484954833984 0.2
22.552400588989258 -17.67234992980957 -3.1612491607666016 0.2
22.579500198364258 -17.548351287841797 -3.3646488189697266 0.2
22.690000534057617 -17.36815071105957 -3.490449905395508 0.2
22.690900802612305 -17.130050659179688 -3.489948272705078 0.2
22.519001007080078 -16.99505043029785 -3.3882484436035156 0.2
22.39349937438965 -16.983850479125977 -3.185850143432617 0.2
22.465200424194336 -17.096450805664062 -2.986949920654297 0.2
22.602100372314453 -17.284151077270508 -2.9041500091552734 0.2
22.61370086669922 -17.521650314331055 -2.8869495391845703 0.2
22.41710090637207 -17.66105079650879 -2.901548385620117 0.2
22.172100067138672 -17.65155029296875 -2.9017486572265625 0.2
22.02079963684082 -17.469350814819336 -2.899148941040039 0.2
22.072799682617188 -17.2353515625 -2.9446487426757812 0.2
22.169700622558594 -17.051151275634766 -3.0716495513916016 0.2
22.14929962158203 -17.006250381469727 -3.3039493560791016 0.2
21.98740005493164 -17.108051300048828 -3.456850051879883 0.2
21.946500778198242 -17.331050872802734 -3.525949478149414 0.2
22.072799682617188 -17.52145004272461 -3.446748733520508 0.2
22.194499969482422 -17.648550033569336 -3.275949478149414 0.2
22.121299743652344 -17.747150421142578 -3.073648452758789 0.2
21.893301010131836 -17.782550811767578 -2.991048812866211 0.2
21.657499313354492 -17.761350631713867 -3.043649673461914 0.2
21.57229995727539 -17.661149978637695 -3.2409496307373047 0.2
21.65329933166504 -17.513750076293945 -3.420848846435547 0.2
21.72410011291504 -17.296451568603516 -3.4942493438720703 0.2
21.650400161743164 -17.09535026550293 -3.3893489837646484 0.2
21.536100387573242 -17.025951385498047 -3.185850143432617 0.2
21.60219955444336 -17.10055160522461 -2.9701499938964844 0.2
21.735700607299805 -17.290151596069336 -2.8888492584228516 0.2
21.78339958190918 -17.525850296020508 -2.860149383544922 0.2
21.618600845336914 -17.695350646972656 -2.8309497833251953 0.2
21.379899978637695 -17.699050903320312 -2.774148941040039 0.2
21.202600479125977 -17.54815101623535 -2.713449478149414 0.2
21.224899291992188 -17.310951232910156 -2.741649627685547 0.2
21.33060073852539 -17.121850967407227 -2.859649658203125 0.2
21.323999404907227 -17.01835060119629 -3.0750484466552734 0.2
21.136699676513672 -17.04615020751953 -3.221649169921875 0.2
20.971399307250977 -17.210050582885742 -3.2792491912841797 0.2
21.01650047302246 -17.444551467895508 -3.2728500366210938 0.2
21.170000076293945 -17.610050201416016 -3.173349380493164 0.2
21.226499557495117 -17.72865104675293 -2.9744491577148438 0.2
21.070600509643555 -17.757150650024414 -2.791349411010742 0.2
20.840099334716797 -17.716251373291016 -2.718050003051758 0.2
20.655399322509766 -17.613950729370117 -2.8252487182617188 0.2
20.657800674438477 -17.48295021057129 -3.0307483673095703 0.2
20.739099502563477 -17.310951232910156 -3.1837501525878906 0.2
20.78510093688965 -17.081850051879883 -3.1417484283447266 0.2
20.729801177978516 -16.949251174926758 -2.943248748779297 0.2
20.794099807739258 -16.97045135498047 -2.7161483764648438 0.2
20.921899795532227 -17.155851364135742 -2.6271495819091797 0.2
20.989200592041016 -17.3918514251709 -2.6152496337890625 0.2
20.872100830078125 -17.59065055847168 -2.560548782348633 0.2
20.657800674438477 -17.608951568603516 -2.4453487396240234 0.2
20.4906005859375 -17.48365020751953 -2.3204498291015625 0.2
20.484800338745117 -17.24785041809082 -2.297849655151367 0.2
20.58810043334961 -17.059450149536133 -2.417949676513672 0.2
20.61240005493164 -16.919950485229492 -2.613048553466797 0.2
20.432600021362305 -16.87594985961914 -2.761049270629883 0.2
20.196701049804688 -16.941450119018555 -2.7651500701904297 0.2
20.112600326538086 -17.162851333618164 -2.7761497497558594 0.2
20.225000381469727 -17.37795066833496 -2.745349884033203 0.2
20.35610008239746 -17.54115104675293 -2.6227493286132812 0.2
20.330801010131836 -17.592750549316406 -2.3924484252929688 0.2
20.170801162719727 -17.533349990844727 -2.215848922729492 0.2
19.966699600219727 -17.412151336669922 -2.1778488159179688 0.2
19.867599487304688 -17.274250030517578 -2.3463497161865234 0.2
19.898900985717773 -17.14134979248047 -2.551349639892578 0.2
19.99650001525879 -16.9361515045166 -2.6241493225097656 0.2
20.047700881958008 -16.75444984436035 -2.4755496978759766 0.2
20.128799438476562 -16.715150833129883 -2.254049301147461 0.2
20.26959991455078 -16.872051239013672 -2.140850067138672 0.2
20.33049964904785 -17.11115074157715 -2.142049789428711 0.2
20.26289939880371 -17.335750579833984 -2.0946483612060547 0.2
20.089000701904297 -17.384450912475586 -1.9355487823486328 0.2
19.958499908447266 -17.278350830078125 -1.757049560546875 0.2
19.94740104675293 -17.05885124206543 -1.6659488677978516 0.2
20.03849983215332 -16.86065101623535 -1.7713489532470703 0.2
20.088300704956055 -16.716251373291016 -1.9627494812011719 0.2
19.946001052856445 -16.61345100402832 -2.1224498748779297 0.2
19.70599937438965 -16.58405113220215 -2.089448928833008 0.2
19.518699645996094 -16.72115135192871 -2.038949966430664 0.2
19.53190040588379 -16.961050033569336 -2.035348892211914 0.2
19.659799575805664 -17.168149948120117 -2.00054931640625 0.2
19.749799728393555 -17.278850555419922 -1.8121490478515625 0.2
19.70039939880371 -17.22905158996582 -1.5787487030029297 0.2
19.566801071166992 -17.09545135498047 -1.4249496459960938 0.2
19.40850067138672 -16.928451538085938 -1.4802494049072266 0.2
19.36240005493164 -16.80215072631836 -1.6855487823486328 0.2
19.422700881958008 -16.6418514251709 -1.8551483154296875 0.2
19.555200576782227 -16.449251174926758 -1.8141498565673828 0.2
19.67220115661621 -16.353450775146484 -1.622049331665039 0.2
19.841899871826172 -16.462751388549805 -1.4978485107421875 0.2
19.90399932861328 -16.698850631713867 -1.4933490753173828 0.2
19.86090087890625 -16.936851501464844 -1.4688491821289062 0.2
19.726299285888672 -17.036251068115234 -1.3016490936279297 0.2
19.636699676513672 -16.948650360107422 -1.0914497375488281 0.2
19.640501022338867 -16.758750915527344 -0.9416484832763672 0.2
19.733400344848633 -16.54815101623535 -0.9996490478515625 0.2
19.792400360107422 -16.409151077270508 -1.1942501068115234 0.2
19.69569969177246 -16.275850296020508 -1.367349624633789 0.2
19.481201171875 -16.174850463867188 -1.343149185180664 0.2
19.280799865722656 -16.196950912475586 -1.2118492126464844 0.2
19.17650032043457 -16.40595054626465 -1.1700496673583984 0.2
19.242900848388672 -16.641950607299805 -1.1843490600585938 0.2
19.371999740600586 -16.821250915527344 -1.0935497283935547 0.2
19.43670082092285 -16.82215118408203 -0.8627490997314453 0.2
19.40959930419922 -16.696651458740234 -0.6539497375488281 0.2
19.28660011291504 -16.507150650024414 -0.5806484222412109 0.2
19.17150115966797 -16.353151321411133 -0.7258491516113281 0.2
19.157400131225586 -16.221651077270508 -0.9306488037109375 0.2
19.297399520874023 -16.050750732421875 -1.0154495239257812 0.2
19.46820068359375 -15.927249908447266 -0.8922500610351562 0.2
19.665599822998047 -15.982351303100586 -0.774749755859375 0.2
19.74650001525879 -16.20775032043457 -0.7645492553710938 0.2
19.699100494384766 -16.448450088500977 -0.7625484466552734 0.2
19.5935001373291 -16.59105110168457 -0.6072483062744141 0.2
19.5492000579834 -16.535051345825195 -0.37554931640625 0.2
19.590200424194336 -16.37594985961914 -0.19554901123046875 0.2
19.704099655151367 -16.1689510345459 -0.19915008544921875 0.2
19.761699676513672 -16.027950286865234 -0.3899497985839844 0.2
19.695100784301758 -15.892250061035156 -0.5770492553710938 0.2
19.510099411010742 -15.746150970458984 -0.5705490112304688 0.2
19.356599807739258 -15.679851531982422 -0.39264869689941406 0.2
19.201000213623047 -15.813650131225586 -0.2760486602783203 0.2
19.18079948425293 -16.054550170898438 -0.28854942321777344 0.2
19.27549934387207 -16.27655029296875 -0.275848388671875 0.2
19.411699295043945 -16.35365104675293 -0.09964942932128906 0.2
19.4778995513916 -16.26074981689453 0.11665153503417969 0.2
19.446399688720703 -16.077449798583984 0.268951416015625 0.2
19.318300247192383 -15.886251449584961 0.21305084228515625 0.2
19.23780059814453 -15.754751205444336 0.022451400756835938 0.2
19.32710075378418 -15.603851318359375 -0.13724899291992188 0.2
19.529600143432617 -15.480751037597656 -0.10284996032714844 0.2
19.747600555419922 -15.50145149230957 -0.00885009765625 0.2
19.860200881958008 -15.710250854492188 -0.0031490325927734375 0.2
19.80190086364746 -15.94835090637207 -0.013349533081054688 0.2
19.701799392700195 -16.124650955200195 0.10935020446777344 0.2
19.688899993896484 -16.11665153503418 0.34855079650878906 0.2
19.766599655151367 -15.992950439453125 0.5443515777587891 0.2
19.9060001373291 -15.805850982666016 0.5859508514404297 0.2
19.975099563598633 -15.650449752807617 0.4165515899658203 0.2
19.922399520874023 -15.515750885009766 0.22175025939941406 0.2
19.759700775146484 -15.346450805664062 0.19985008239746094 0.2
19.648500442504883 -15.234251022338867 0.3849506378173828 0.2
19.511600494384766 -15.293149948120117 0.5681514739990234 0.2
19.425500869750977 -15.514249801635742 0.5933513641357422 0.2
19.4591007232666 -15.753850936889648 0.5609512329101562 0.2
19.609600067138672 -15.902250289916992 0.6629505157470703 0.2
19.747699737548828 -15.863349914550781 0.8593502044677734 0.2
19.808500289916992 -15.712249755859375 1.0388507843017578 0.2
19.72410011291504 -15.495750427246094 1.074350357055664 0.2
19.602800369262695 -15.34065055847168 0.9297504425048828 0.2
19.611000061035156 -15.198150634765625 0.7389507293701172 0.2
19.808500289916992 -15.083749771118164 0.6759510040283203 0.2
20.0447998046875 -15.078849792480469 0.7316513061523438 0.2
20.186599731445312 -15.266851425170898 0.7211513519287109 0.2
20.131200790405273 -15.503250122070312 0.7089500427246094 0.2
20.026199340820312 -15.696651458740234 0.8040504455566406 0.2
20.02589988708496 -15.742851257324219 1.036050796508789 0.2
20.142499923706055 -15.656949996948242 1.2326507568359375 0.2
20.311901092529297 -15.503250122070312 1.3051509857177734 0.2
20.40399932861328 -15.341251373291016 1.1589508056640625 0.2
20.357099533081055 -15.208351135253906 0.9586505889892578 0.2
20.218700408935547 -15.02334976196289 0.9064502716064453 0.2
20.140399932861328 -14.872350692749023 1.0739517211914062 0.2
20.067100524902344 -14.86465072631836 1.3009510040283203 0.2
19.945301055908203 -15.042350769042969 1.3992500305175781 0.2
19.909099578857422 -15.28165054321289 1.3618507385253906 0.2
20.018199920654297 -15.48965072631836 1.385751724243164 0.2
20.204200744628906 -15.520650863647461 1.5355510711669922 0.2
20.345800399780273 -15.417350769042969 1.7051506042480469 0.2
20.346900939941406 -15.20465087890625 1.8065509796142578 0.2
20.222700119018555 -15.012350082397461 1.7301502227783203 0.2
20.155000686645508 -14.861351013183594 1.5541515350341797 0.2
20.29599952697754 -14.746551513671875 1.4036502838134766 0.2
20.538700103759766 -14.72195053100586 1.403350830078125 0.2
20.714900970458984 -14.875751495361328 1.3782501220703125 0.2
20.679500579833984 -15.112550735473633 1.3595504760742188 0.2
20.55980110168457 -15.314750671386719 1.4243507385253906 0.2
20.54360008239746 -15.41495132446289 1.6366500854492188 0.2
20.679100036621094 -15.37244987487793 1.8337516784667969 0.2
20.873600006103516 -15.260150909423828 1.9254512786865234 0.2
21.01099967956543 -15.102849960327148 1.8168506622314453 0.2
20.975200653076172 -14.964550018310547 1.6184501647949219 0.2
20.85700035095215 -14.782150268554688 1.520050048828125 0.2
20.790599822998047 -14.594449996948242 1.646951675415039 0.2
20.798099517822266 -14.524551391601562 1.8799514770507812 0.2
20.694299697875977 -14.63545036315918 2.059751510620117 0.2
20.595800399780273 -14.857250213623047 2.066150665283203 0.2
20.616199493408203 -15.095149993896484 2.0422515869140625 0.2
20.803199768066406 -15.2176513671875 2.119050979614258 0.2
21.005300521850586 -15.172151565551758 2.2485504150390625 0.2
21.120399475097656 -15.000850677490234 2.3695507049560547 0.2
21.04650115966797 -14.77495002746582 2.3710498809814453 0.2
20.925399780273438 -14.601150512695312 2.2485504150390625 0.2
20.96540069580078 -14.473051071166992 2.05364990234375 0.2
21.18130111694336 -14.438150405883789 1.9541511535644531 0.2
21.376300811767578 -14.558151245117188 1.8913516998291016 0.2
21.3700008392334 -14.793251037597656 1.8562507629394531 0.2
21.239299774169922 -14.991750717163086 1.9168510437011719 0.2
21.195301055908203 -15.132650375366211 2.1012516021728516 0.2
21.342599868774414 -15.141950607299805 2.2909507751464844 0.2
21.560400009155273 -15.071550369262695 2.375551223754883 0.2
21.73859977722168 -14.94525146484375 2.285951614379883 0.2
21.724599838256836 -14.800750732421875 2.093151092529297 0.2
21.614200592041016 -14.62485122680664 1.9691505432128906 0.2
21.555099487304688 -14.409650802612305 2.046649932861328 0.2
21.634599685668945 -14.297550201416016 2.2478504180908203 0.2
21.62070083618164 -14.338550567626953 2.479450225830078 0.2
21.497699737548828 -14.523651123046875 2.5681514739990234 0.2
21.422399520874023 -14.754751205444336 2.549051284790039 0.2
21.54640007019043 -14.954050064086914 2.5534515380859375 0.2
21.779600143432617 -14.983449935913086 2.615751266479492 0.2
21.98390007019043 -14.87955093383789 2.6944503784179688 0.2
22.018800735473633 -14.651250839233398 2.7403507232666016 0.2
21.900100708007812 -14.44485092163086 2.685150146484375 0.2
21.838600158691406 -14.289850234985352 2.5151500701904297 0.2
21.97209930419922 -14.247150421142578 2.3230514526367188 0.2
22.157100677490234 -14.34105110168457 2.198850631713867 0.2
22.161500930786133 -14.56705093383789 2.1312503814697266 0.2
22.033700942993164 -14.761051177978516 2.2049503326416016 0.2
21.968400955200195 -14.914751052856445 2.377349853515625 0.2
22.114500045776367 -14.983850479125977 2.550251007080078 0.2
22.353599548339844 -14.964550018310547 2.5953502655029297 0.2
22.556800842285156 -14.891050338745117 2.4925498962402344 0.2
22.557199478149414 -14.754350662231445 2.297151565551758 0.2
22.440099716186523 -14.580949783325195 2.1701507568359375 0.2
22.397300720214844 -14.349851608276367 2.2036514282226562 0.2
22.532800674438477 -14.210750579833984 2.3429508209228516 0.2
22.656099319458008 -14.212949752807617 2.5468502044677734 0.2
22.590099334716797 -14.345651626586914 2.73175048828125 0.2
22.453899383544922 -14.542551040649414 2.7829513549804688 0.2
22.45359992980957 -14.777650833129883 2.761251449584961 0.2
22.65530014038086 -14.902750015258789 2.7225513458251953 0.2
22.897300720214844 -14.891050338745117 2.6932506561279297 0.2
23.054800033569336 -14.715950012207031 2.703350067138672 0.2
23.00790023803711 -14.478950500488281 2.709850311279297 0.2
22.8976993560791 -14.281551361083984 2.6248512268066406 0.2
22.890300750732422 -14.203651428222656 2.4017505645751953 0.2
23.006099700927734 -14.276350021362305 2.2000503540039062 0.2
22.994400024414062 -14.479249954223633 2.0816516876220703 0.2
22.874000549316406 -14.671451568603516 2.161550521850586 0.2
22.799100875854492 -14.817251205444336 2.3424510955810547 0.2
22.92140007019043 -14.948150634765625 2.4951515197753906 0.2
23.154699325561523 -15.010351181030273 2.4738502502441406 0.2
23.346799850463867 -15.00885009765625 2.325450897216797 0.2
23.366500854492188 -14.896751403808594 2.118650436401367 0.2
23.247100830078125 -14.71084976196289 2.013050079345703 0.2
23.197799682617188 -14.476951599121094 2.0115509033203125 0.2
23.352500915527344 -14.312950134277344 2.0827503204345703 0.2
23.57740020751953 -14.309551239013672 2.1758499145507812 0.2
23.642900466918945 -14.412151336669922 2.3776512145996094 0.2
23.525699615478516 -14.571849822998047 2.5191516876220703 0.2
23.419599533081055 -14.784551620483398 2.555450439453125 0.2
23.498001098632812 -14.987850189208984 2.463451385498047 0.2
23.688400268554688 -15.063150405883789 2.3295516967773438 0.2
23.895700454711914 -14.988349914550781 2.2364501953125 0.2
23.96380043029785 -14.760049819946289 2.2419509887695312 0.2
23.89459991455078 -14.52495002746582 2.247751235961914 0.2
23.794700622558594 -14.37125015258789 2.0971508026123047 0.2
23.791000366210938 -14.395050048828125 1.8578510284423828 0.2
23.746200561523438 -14.558549880981445 1.6913509368896484 0.2
23.616701126098633 -14.752151489257812 1.7415504455566406 0.2
23.546600341796875 -14.892049789428711 1.9309501647949219 0.2
23.623899459838867 -15.051351547241211 2.0893516540527344 0.2
23.822799682617188 -15.178750991821289 2.047750473022461 0.2
23.984399795532227 -15.23134994506836 1.8718509674072266 0.2
24.014801025390625 -15.164251327514648 1.6465511322021484 0.2
23.912099838256836 -14.973350524902344 1.538949966430664 0.2
23.84760093688965 -14.739250183105469 1.5310516357421875 0.2
23.98200035095215 -14.546649932861328 1.5617504119873047 0.2
24.22570037841797 -14.534351348876953 1.5573501586914062 0.2
24.399099349975586 -14.632450103759766 1.683950424194336 0.2
24.355300903320312 -14.775251388549805 1.8721504211425781 0.2
24.21969985961914 -14.943349838256836 1.9867515563964844 0.2
24.175800323486328 -15.168251037597656 1.934051513671875 0.2
24.28260040283203 -15.305150985717773 1.7628517150878906 0.2
24.454599380493164 -15.317251205444336 1.5922508239746094 0.2
24.6023006439209 -15.144350051879883 1.5282516479492188 0.2
24.608301162719727 -14.900850296020508 1.5564498901367188 0.2
24.517799377441406 -14.686750411987305 1.4997501373291016 0.2
24.41860008239746 -14.638250350952148 1.288949966430664 0.2
24.340299606323242 -14.753650665283203 1.0901508331298828 0.2
24.187000274658203 -14.933351516723633 1.1006507873535156 0.2
24.117900848388672 -15.075750350952148 1.2867507934570312 0.2
24.162700653076172 -15.234050750732422 1.4633502960205078 0.2
24.3218994140625 -15.40825080871582 1.4456501007080078 0.2
24.447999954223633 -15.504951477050781 1.2598514556884766 0.2
24.474899291992188 -15.494550704956055 1.0207500457763672 0.2
24.382999420166016 -15.319551467895508 0.8872509002685547 0.2
24.30820083618164 -15.085451126098633 0.8806514739990234 0.2
24.406600952148438 -14.868650436401367 0.8859500885009766 0.2
24.63409996032715 -14.826749801635742 0.8238506317138672 0.2
24.850000381469727 -14.928451538085938 0.8332500457763672 0.2
24.911300659179688 -15.072151184082031 1.0125503540039062 0.2
24.8085994720459 -15.20895004272461 1.1892509460449219 0.2
24.691699981689453 -15.411149978637695 1.2309513092041016 0.2
24.696001052856445 -15.593549728393555 1.0733509063720703 0.2
24.78969955444336 -15.669851303100586 0.8605499267578125 0.2
24.944299697875977 -15.57655143737793 0.7076511383056641 0.2
25.024499893188477 -15.34775161743164 0.7021503448486328 0.2
24.994300842285156 -15.10675048828125 0.7030506134033203 0.2
24.853099822998047 -14.974451065063477 0.5659503936767578 0.2
