23.7903995513916 0.23384857177734375 -4.67704963684082 0.2
23.969200134277344 0.15855026245117188 -4.720849990844727 0.2
24.07590103149414 0.002948760986328125 -4.645149230957031 0.2
24.103599548339844 -0.1784515380859375 -4.561550140380859 0.2
24.086999893188477 -0.3747520446777344 -4.515249252319336 0.2
24.02720069885254 -0.5498504638671875 -4.5975494384765625 0.2
24.045400619506836 -0.6188507080078125 -4.783548355102539 0.2
24.148399353027344 -0.5650520324707031 -4.943550109863281 0.2
24.242599487304688 -0.38755035400390625 -4.964048385620117 0.2
24.215099334716797 -0.1927490234375 -4.917348861694336 0.2
24.136499404907227 -0.012248992919921875 -4.872650146484375 0.2
24.00160026550293 0.14085006713867188 -4.886749267578125 0.2
23.888099670410156 0.21545028686523438 -5.033849716186523 0.2
23.9158992767334 0.22394943237304688 -5.232549667358398 0.2
24.07710075378418 0.1658477783203125 -5.346048355102539 0.2
24.221200942993164 0.016750335693359375 -5.295049667358398 0.2
24.270299911499023 -0.171051025390625 -5.205949783325195 0.2
24.27199935913086 -0.3738517761230469 -5.138448715209961 0.2
24.199600219726562 -0.567352294921875 -5.193449020385742 0.2
24.188899993896484 -0.6466522216796875 -5.388849258422852 0.2
24.273399353027344 -0.5869522094726562 -5.570949554443359 0.2
24.355300903320312 -0.39225006103515625 -5.600248336791992 0.2
24.321500778198242 -0.18635177612304688 -5.55314826965332 0.2
24.2406005859375 0.0061492919921875 -5.506448745727539 0.2
24.08370018005371 0.15114974975585938 -5.530248641967773 0.2
23.975099563598633 0.19594955444335938 -5.704448699951172 0.2
24.021299362182617 0.172149658203125 -5.909448623657227 0.2
24.19460105895996 0.073150634765625 -5.978649139404297 0.2
24.30620002746582 -0.09765243530273438 -5.91254997253418 0.2
24.356201171875 -0.28594970703125 -5.825248718261719 0.2
24.337100982666016 -0.4926490783691406 -5.771749496459961 0.2
24.249099731445312 -0.6593513488769531 -5.866449356079102 0.2
24.23579978942871 -0.7026519775390625 -6.073249816894531 0.2
24.317501068115234 -0.5935516357421875 -6.231048583984375 0.2
24.360000610351562 -0.3825492858886719 -6.236349105834961 0.2
24.315200805664062 -0.17985153198242188 -6.187549591064453 0.2
24.223899841308594 0.009250640869140625 -6.146148681640625 0.2
24.0487003326416 0.12224960327148438 -6.19635009765625 0.2
23.959300994873047 0.13214874267578125 -6.386148452758789 0.2
24.0310001373291 0.07794952392578125 -6.574748992919922 0.2
24.198400497436523 -0.052150726318359375 -6.606748580932617 0.2
24.28890037536621 -0.23175048828125 -6.534149169921875 0.2
24.338199615478516 -0.4219512939453125 -6.450448989868164 0.2
24.28890037536621 -0.6285514831542969 -6.411649703979492 0.2
24.192100524902344 -0.766448974609375 -6.536048889160156 0.2
24.179800033569336 -0.7768516540527344 -6.746950149536133 0.2
24.254199981689453 -0.6286506652832031 -6.877748489379883 0.2
24.26490020751953 -0.4147491455078125 -6.865549087524414 0.2
24.219200134277344 -0.21165084838867188 -6.815948486328125 0.2
24.10930061340332 -0.0303497314453125 -6.777050018310547 0.2
23.926401138305664 0.050548553466796875 -6.84844970703125 0.2
23.851699829101562 0.031047821044921875 -7.046649932861328 0.2
23.942699432373047 -0.05245208740234375 -7.216650009155273 0.2
24.093599319458008 -0.20585250854492188 -7.219148635864258 0.2
24.177900314331055 -0.38845062255859375 -7.143749237060547 0.2
24.221599578857422 -0.5822525024414062 -7.060949325561523 0.2
24.14389991760254 -0.7810516357421875 -7.034648895263672 0.2
24.037799835205078 -0.8918495178222656 -7.180849075317383 0.2
24.021100997924805 -0.871551513671875 -7.390949249267578 0.2
24.08139991760254 -0.6937522888183594 -7.493949890136719 0.2
24.07670021057129 -0.47965240478515625 -7.470949172973633 0.2
24.03510093688965 -0.2745513916015625 -7.422948837280273 0.2
23.906200408935547 -0.10594940185546875 -7.384649276733398 0.2
23.720699310302734 -0.05934906005859375 -7.473649978637695 0.2
23.651399612426758 -0.10575103759765625 -7.669649124145508 0.2
23.756799697875977 -0.2176513671875 -7.814748764038086 0.2
23.890899658203125 -0.3863525390625 -7.798749923706055 0.2
23.976699829101562 -0.568450927734375 -7.725248336791992 0.2
24.00819969177246 -0.7643508911132812 -7.6423492431640625 0.2
23.900800704956055 -0.9485511779785156 -7.632450103759766 0.2
23.783599853515625 -1.0331497192382812 -7.787349700927734 0.2
23.766399383544922 -0.9775505065917969 -7.988548278808594 0.2
23.808500289916992 -0.7808494567871094 -8.067249298095703 0.2
23.797100067138672 -0.5687522888183594 -8.03864860534668 0.2
23.755001068115234 -0.3638496398925781 -7.991849899291992 0.2
23.6018009185791 -0.21595001220703125 -7.952848434448242 0.2
23.416799545288086 -0.20254898071289062 -8.051248550415039 0.2
23.357200622558594 -0.2742500305175781 -8.241249084472656 0.2
23.470699310302734 -0.4107513427734375 -8.360549926757812 0.2
23.590499877929688 -0.5869522094726562 -8.329750061035156 0.2
23.678699493408203 -0.7690505981445312 -8.258548736572266 0.2
23.68790054321289 -0.9666519165039062 -8.170448303222656 0.2
23.55459976196289 -1.1304512023925781 -8.178848266601562 0.2
23.42959976196289 -1.18804931640625 -8.341949462890625 0.2
23.413000106811523 -1.0946502685546875 -8.530448913574219 0.2
23.436901092529297 -0.8860511779785156 -8.579750061035156 0.2
23.425500869750977 -0.6735496520996094 -8.548149108886719 0.2
23.373600006103516 -0.470550537109375 -8.495550155639648 0.2
23.198299407958984 -0.3523521423339844 -8.457448959350586 0.2
23.01729965209961 -0.3722496032714844 -8.56814956665039 0.2
22.973600387573242 -0.4692497253417969 -8.751749038696289 0.2
23.094100952148438 -0.6256523132324219 -8.838449478149414 0.2
23.208799362182617 -0.804351806640625 -8.798849105834961 0.2
23.298900604248047 -0.9876518249511719 -8.72974967956543 0.2
23.2814998626709 -1.1810493469238281 -8.635250091552734 0.2
23.12420082092285 -1.3201522827148438 -8.66094970703125 0.2
22.98900032043457 -1.3512496948242188 -8.823249816894531 0.2
22.973400115966797 -1.2218513488769531 -8.991848945617676 0.2
22.986400604248047 -1.0080490112304688 -9.020849227905273 0.2
22.979400634765625 -0.7951507568359375 -8.992548942565918 0.2
22.9143009185791 -0.5988502502441406 -8.931148529052734 0.2
22.721599578857422 -0.5157508850097656 -8.896949768066406 0.2
22.545000076293945 -0.5622520446777344 -9.00684928894043 0.2
22.5221004486084 -0.6829490661621094 -9.177948951721191 0.2
22.64150047302246 -0.8534507751464844 -9.238348960876465 0.2
22.753700256347656 -1.0315513610839844 -9.196449279785156 0.2
22.839000701904297 -1.2157516479492188 -9.125349044799805 0.2
22.78860092163086 -1.3996505737304688 -9.024848937988281 0.2
22.614200592041016 -1.5131492614746094 -9.059248924255371 0.2
22.478099822998047 -1.515350341796875 -9.220549583435059 0.2
22.464000701904297 -1.3595504760742188 -9.368148803710938 0.2
22.472000122070312 -1.1449508666992188 -9.382948875427246 0.2
22.46649932861328 -0.9320487976074219 -9.356749534606934 0.2
22.381900787353516 -0.7473487854003906 -9.28084945678711 0.2
22.17840003967285 -0.6982498168945312 -9.256448745727539 0.2
22.011699676513672 -0.7675514221191406 -9.37044906616211 0.2
22.012800216674805 -0.9099502563476562 -9.52764892578125 0.2
22.130199432373047 -1.0880508422851562 -9.559349060058594 0.2
22.243000030517578 -1.2659492492675781 -9.515849113464355 0.2
22.316999435424805 -1.4507522583007812 -9.43174934387207 0.2
22.23310089111328 -1.61865234375 -9.329949378967285 0.2
22.044200897216797 -1.7070503234863281 -9.37614917755127 0.2
21.910900115966797 -1.6782493591308594 -9.537949562072754 0.2
21.901599884033203 -1.4998512268066406 -9.659249305725098 0.2
21.911100387573242 -1.2844505310058594 -9.667949676513672 0.2
21.904800415039062 -1.07025146484375 -9.6410493850708 0.2
21.80150032043457 -0.9040489196777344 -9.549949645996094 0.2
21.590600967407227 -0.8899497985839844 -9.535248756408691 0.2
21.43280029296875 -0.9819488525390625 -9.645949363708496 0.2
21.45800018310547 -1.1446495056152344 -9.782448768615723 0.2
21.57509994506836 -1.3258514404296875 -9.794548988342285 0.2
21.689701080322266 -1.5031509399414062 -9.753849029541016 0.2
21.746999740600586 -1.6847496032714844 -9.652949333190918 0.2
21.62809944152832 -1.8304519653320312 -9.55634880065918 0.2
21.430400848388672 -1.8936500549316406 -9.606449127197266 0.2
21.308700561523438 -1.8293495178222656 -9.7660493850708 0.2
21.30150032043457 -1.6362495422363281 -9.863449096679688 0.2
21.313499450683594 -1.4222488403320312 -9.871849060058594 0.2
21.301401138305664 -1.2102508544921875 -9.837549209594727 0.2
21.17449951171875 -1.0728492736816406 -9.733149528503418 0.2
20.964000701904297 -1.0896492004394531 -9.723949432373047 0.2
20.8257999420166 -1.2049522399902344 -9.833449363708496 0.2
20.871000289916992 -1.3832511901855469 -9.945549011230469 0.2
20.988000869750977 -1.5631523132324219 -9.943449020385742 0.2
21.101600646972656 -1.7399520874023438 -9.900849342346191 0.2
21.133399963378906 -1.9132499694824219 -9.776248931884766 0.2
20.98509979248047 -2.0329513549804688 -9.688249588012695 0.2
20.78339958190918 -2.0693511962890625 -9.744648933410645 0.2
20.675399780273438 -1.9703521728515625 -9.898348808288574 0.2
20.672700881958008 -1.7684516906738281 -9.972148895263672 0.2
20.687299728393555 -1.5547523498535156 -9.982949256896973 0.2
20.665800094604492 -1.3471488952636719 -9.92824935913086 0.2
20.51889991760254 -1.2450523376464844 -9.815349578857422 0.2
20.31060028076172 -1.2912521362304688 -9.809649467468262 0.2
20.194799423217773 -1.4323501586914062 -9.915449142456055 0.2
20.260400772094727 -1.6199493408203125 -9.997949600219727 0.2
20.381000518798828 -1.7978515625 -9.990549087524414 0.2
20.492401123046875 -1.9740524291992188 -9.936849594116211 0.2
20.494800567626953 -2.1301498413085938 -9.790549278259277 0.2
20.31999969482422 -2.222148895263672 -9.713449478149414 0.2
20.116899490356445 -2.2296524047851562 -9.775049209594727 0.2
20.027999877929688 -2.0975494384765625 -9.9181489944458 0.2
20.032100677490234 -1.8911514282226562 -9.978549003601074 0.2
20.04720115661621 -1.6771507263183594 -9.992049217224121 0.2
20.01289939880371 -1.4816513061523438 -9.910348892211914 0.2
19.846200942993164 -1.4215507507324219 -9.797248840332031 0.2
19.645599365234375 -1.49365234375 -9.792149543762207 0.2
19.564599990844727 -1.6596488952636719 -9.894549369812012 0.2
19.6471004486084 -1.8501510620117188 -9.951249122619629 0.2
19.770000457763672 -2.0253524780273438 -9.943248748779297 0.2
19.87420082092285 -2.196552276611328 -9.867548942565918 0.2
19.836999893188477 -2.3282508850097656 -9.706849098205566 0.2
19.646800994873047 -2.3925514221191406 -9.638749122619629 0.2
19.452800750732422 -2.366851806640625 -9.713149070739746 0.2
19.381999969482422 -2.209949493408203 -9.841849327087402 0.2
19.391799926757812 -2.0033493041992188 -9.895849227905273 0.2
19.404399871826172 -1.7900505065917969 -9.902949333190918 0.2
19.35260009765625 -1.6163520812988281 -9.78964900970459 0.2
19.176700592041016 -1.59375 -9.677848815917969 0.2
18.990100860595703 -1.6917495727539062 -9.675949096679688 0.2
18.94369888305664 -1.8769493103027344 -9.769649505615234 0.2
19.04010009765625 -2.064250946044922 -9.80614948272705 0.2
19.164600372314453 -2.2374496459960938 -9.796648979187012 0.2
19.257999420166016 -2.3971519470214844 -9.687849044799805 0.2
19.18429946899414 -2.5002517700195312 -9.521749496459961 0.2
18.98419952392578 -2.5374488830566406 -9.460948944091797 0.2
18.80229949951172 -2.476551055908203 -9.54634952545166 0.2
18.751800537109375 -2.3008499145507812 -9.656848907470703 0.2
18.765201568603516 -2.094951629638672 -9.712749481201172 0.2
18.77680015563965 -1.8816490173339844 -9.698749542236328 0.2
18.708499908447266 -1.7398490905761719 -9.558249473571777 0.2
18.528900146484375 -1.752349853515625 -9.446148872375488 0.2
18.361900329589844 -1.879852294921875 -9.446148872375488 0.2
18.354400634765625 -2.0781517028808594 -9.52454948425293 0.2
18.461898803710938 -2.2609519958496094 -9.552948951721191 0.2
18.5885009765625 -2.4323501586914062 -9.534648895263672 0.2
18.667301177978516 -2.5686492919921875 -9.391549110412598 0.2
18.561100006103516 -2.6385498046875 -9.224349021911621 0.2
18.357500076293945 -2.6461524963378906 -9.166849136352539 0.2
18.194801330566406 -2.5493507385253906 -9.261649131774902 0.2
18.160600662231445 -2.3636512756347656 -9.361449241638184 0.2
18.173099517822266 -2.159252166748047 -9.421548843383789 0.2
18.185699462890625 -1.9516525268554688 -9.376049041748047 0.2
18.10179901123047 -1.8509521484375 -9.213748931884766 0.2
17.93130111694336 -1.8917503356933594 -9.094649314880371 0.2
17.795499801635742 -2.0506515502929688 -9.099848747253418 0.2
17.82080078125 -2.253650665283203 -9.161149024963379 0.2
17.933399200439453 -2.4318504333496094 -9.1902494430542 0.2
18.063899993896484 -2.5947494506835938 -9.1504487991333 0.2
18.117599487304688 -2.6964492797851562 -8.975049018859863 0.2
17.99449920654297 -2.7313499450683594 -8.808050155639648 0.2
17.792699813842773 -2.7043495178222656 -8.764148712158203 0.2
17.653400421142578 -2.575450897216797 -8.86104965209961 0.2
17.63140106201172 -2.387248992919922 -8.956949234008789 0.2
17.64389991760254 -2.1822509765625 -9.010549545288086 0.2
17.660999298095703 -1.9910507202148438 -8.920648574829102 0.2
17.57360076904297 -1.9314498901367188 -8.741348266601562 0.2
17.4197998046875 -2.0013504028320312 -8.617048263549805 0.2
17.32120132446289 -2.1871490478515625 -8.627349853515625 0.2
17.375301361083984 -2.3854522705078125 -8.679149627685547 0.2
17.489500045776367 -2.5617523193359375 -8.709650039672852 0.2
17.62900161743164 -2.7044525146484375 -8.635648727416992 0.2
17.654499053955078 -2.7675514221191406 -8.439849853515625 0.2
17.521800994873047 -2.770751953125 -8.275650024414062 0.2
17.324399948120117 -2.7085494995117188 -8.252449035644531 0.2
17.21470069885254 -2.555950164794922 -8.350248336791992 0.2
17.196701049804688 -2.3680496215820312 -8.447649002075195 0.2
17.22130012512207 -2.1594505310058594 -8.47854995727539 0.2
17.24209976196289 -1.9967498779296875 -8.348949432373047 0.2
17.156700134277344 -1.9722518920898438 -8.157949447631836 0.2
17.019800186157227 -2.073650360107422 -8.037849426269531 0.2
16.96030044555664 -2.2756500244140625 -8.058149337768555 0.2
17.029600143432617 -2.4684524536132812 -8.113248825073242 0.2
17.149600982666016 -2.6417503356933594 -8.136848449707031 0.2
17.29180145263672 -2.7552490234375 -8.030248641967773 0.2
17.287700653076172 -2.7838516235351562 -7.823949813842773 0.2
17.150001525878906 -2.758350372314453 -7.666948318481445 0.2
16.963199615478516 -2.6624488830566406 -7.671148300170898 0.2
16.878101348876953 -2.4959487915039062 -7.770549774169922 0.2
16.86359977722168 -2.306751251220703 -7.865348815917969 0.2
16.910600662231445 -2.1010513305664062 -7.863048553466797 0.2
16.92889976501465 -1.9773521423339844 -7.698249816894531 0.2
16.853199005126953 -1.98175048828125 -7.501749038696289 0.2
16.73310089111328 -2.1177520751953125 -7.401849746704102 0.2
16.706600189208984 -2.3256492614746094 -7.432849884033203 0.2
16.78110122680664 -2.5138511657714844 -7.494348526000977 0.2
16.914600372314453 -2.6766510009765625 -7.501249313354492 0.2
17.045900344848633 -2.7551498413085938 -7.36094856262207 0.2
17.022201538085938 -2.7539520263671875 -7.153249740600586 0.2
16.875999450683594 -2.7009506225585938 -7.01664924621582 0.2
16.707199096679688 -2.5768508911132812 -7.044349670410156 0.2
16.641700744628906 -2.4042510986328125 -7.146549224853516 0.2
16.639699935913086 -2.210651397705078 -7.229648590087891 0.2
16.711299896240234 -2.0186500549316406 -7.184349060058594 0.2
16.726299285888672 -1.9344520568847656 -6.996049880981445 0.2
16.655799865722656 -1.9702491760253906 -6.803049087524414 0.2
16.553298950195312 -2.1366500854492188 -6.731048583984375 0.2
16.554901123046875 -2.3418502807617188 -6.776449203491211 0.2
16.632400512695312 -2.527252197265625 -6.840448379516602 0.2
16.78689956665039 -2.6701507568359375 -6.823049545288086 0.2
16.898601531982422 -2.7143516540527344 -6.6564483642578125 0.2
16.86050033569336 -2.687549591064453 -6.451848983764648 0.2
16.704999923706055 -2.607250213623047 -6.341949462890625 0.2
16.56100082397461 -2.4618492126464844 -6.391149520874023 0.2
16.50629997253418 -2.2870521545410156 -6.495649337768555 0.2
16.530500411987305 -2.0880508422851562 -6.55994987487793 0.2
16.61750030517578 -1.9215507507324219 -6.472949981689453 0.2
16.629600524902344 -1.8743515014648438 -6.269649505615234 0.2
16.561901092529297 -1.9459495544433594 -6.08745002746582 0.2
16.481599807739258 -2.1359519958496094 -6.047548294067383 0.2
16.499500274658203 -2.336750030517578 -6.107248306274414 0.2
16.58769989013672 -2.5178489685058594 -6.167348861694336 0.2
16.758399963378906 -2.6319503784179688 -6.12714958190918 0.2
16.84830093383789 -2.64215087890625 -5.942049026489258 0.2
16.80120086669922 -2.5912513732910156 -5.744749069213867 0.2
16.63920021057129 -2.4865493774414062 -5.665748596191406 0.2
16.51490020751953 -2.3294525146484375 -5.729249954223633 0.2
16.467500686645508 -2.152050018310547 -5.831850051879883 0.2
16.52199935913086 -1.9548492431640625 -5.874750137329102 0.2
16.615100860595703 -1.8218498229980469 -5.750249862670898 0.2
16.630401611328125 -1.8071517944335938 -5.54224967956543 0.2
16.56420135498047 -1.9171524047851562 -5.381649017333984 0.2
16.50749969482422 -2.1193504333496094 -5.366249084472656 0.2
16.53190040588379 -2.3155517578125 -5.436849594116211 0.2
16.638700485229492 -2.4864501953125 -5.491048812866211 0.2
16.81800079345703 -2.5640525817871094 -5.425649642944336 0.2
16.893600463867188 -2.5406494140625 -5.23484992980957 0.2
16.83449935913086 -2.46405029296875 -5.052848815917969 0.2
16.675600051879883 -2.337249755859375 -4.999149322509766 0.2
16.565500259399414 -2.1755523681640625 -5.073249816894531 0.2
16.529399871826172 -1.994049072265625 -5.17034912109375 0.2
16.61910057067871 -1.8070487976074219 -5.187049865722656 0.2
16.720199584960938 -1.712249755859375 -5.0368499755859375 0.2
16.743999481201172 -1.7330513000488281 -4.831548690795898 0.2
16.686901092529297 -1.8800506591796875 -4.697349548339844 0.2
16.653301239013672 -2.0857505798339844 -4.708148956298828 0.2
16.680500030517578 -2.2791519165039062 -4.783849716186523 0.2
16.81760025024414 -2.42864990234375 -4.834848403930664 0.2
16.998699188232422 -2.4618492126464844 -4.74854850769043 0.2
17.062801361083984 -2.4031524658203125 -4.559648513793945 0.2
16.989398956298828 -2.300151824951172 -4.396450042724609 0.2
16.83810043334961 -2.157451629638672 -4.36884880065918 0.2
16.730998992919922 -1.9960517883300781 -4.447849273681641 0.2
16.719600677490234 -1.8086509704589844 -4.53904914855957 0.2
16.83919906616211 -1.6431503295898438 -4.52454948425293 0.2
16.945499420166016 -1.5911521911621094 -4.355348587036133 0.2
16.974700927734375 -1.6534500122070312 -4.160148620605469 0.2
16.92889976501465 -1.8330497741699219 -4.062049865722656 0.2
16.907699584960938 -2.0376510620117188 -4.097749710083008 0.2
16.9468994140625 -2.226348876953125 -4.178249359130859 0.2
17.111900329589844 -2.3411521911621094 -4.2272491455078125 0.2
17.28260040283203 -2.325450897216797 -4.118949890136719 0.2
17.32900047302246 -2.2354507446289062 -3.9371490478515625 0.2
17.23659896850586 -2.1115493774414062 -3.7972488403320312 0.2
17.093299865722656 -1.9592514038085938 -3.7903499603271484 0.2
16.992000579833984 -1.7941513061523438 -3.8689498901367188 0.2
17.015899658203125 -1.6077499389648438 -3.9559497833251953 0.2
17.16160011291504 -1.47705078125 -3.9060497283935547 0.2
17.273799896240234 -1.469451904296875 -3.7319488525390625 0.2
17.29949951171875 -1.5752525329589844 -3.557048797607422 0.2
17.26300048828125 -1.772552490234375 -3.494649887084961 0.2
17.243200302124023 -1.97344970703125 -3.548948287963867 0.2
17.30609893798828 -2.1488494873046875 -3.639749526977539 0.2
17.495399475097656 -2.217151641845703 -3.6699485778808594 0.2
17.6427001953125 -2.160350799560547 -3.5410499572753906 0.2
17.65850067138672 -2.0510520935058594 -3.3662490844726562 0.2
17.548599243164062 -1.9133491516113281 -3.251249313354492 0.2
17.410999298095703 -1.7574501037597656 -3.265850067138672 0.2
17.327899932861328 -1.58544921875 -3.3480491638183594 0.2
17.40169906616211 -1.4077491760253906 -3.4202499389648438 0.2
17.562599182128906 -1.323150634765625 -3.332448959350586 0.2
17.662899017333984 -1.3648490905761719 -3.156148910522461 0.2
17.670700073242188 -1.510650634765625 -3.0078487396240234 0.2
17.633499145507812 -1.7143516540527344 -2.985849380493164 0.2
17.618301391601562 -1.9105491638183594 -3.0551490783691406 0.2
17.718299865722656 -2.061351776123047 -3.156148910522461 0.2
17.917600631713867 -2.0852508544921875 -3.1476497650146484 0.2
18.027801513671875 -2.0024490356445312 -2.9955501556396484 0.2
18.00749969482422 -1.8837509155273438 -2.8262500762939453 0.2
17.88360023498535 -1.7361488342285156 -2.7432498931884766 0.2
17.753101348876953 -1.5772514343261719 -2.776449203491211 0.2
17.706298828125 -1.3976516723632812 -2.869150161743164 0.2
17.82859992980957 -1.2419509887695312 -2.911348342895508 0.2
17.990400314331055 -1.2078514099121094 -2.7921485900878906 0.2
18.07670021057129 -1.2870521545410156 -2.6210498809814453 0.2
18.06679916381836 -1.4618492126464844 -2.5050487518310547 0.2
18.022300720214844 -1.6643524169921875 -2.5173492431640625 0.2
18.023700714111328 -1.8539505004882812 -2.602548599243164 0.2
18.166200637817383 -1.9660491943359375 -2.696748733520508 0.2
18.356700897216797 -1.9381523132324219 -2.6393489837646484 0.2
18.435501098632812 -1.8320503234863281 -2.479949951171875 0.2
18.385799407958984 -1.6959495544433594 -2.3287487030029297 0.2
18.256099700927734 -1.5389518737792969 -2.286649703979492 0.2
18.138099670410156 -1.3758506774902344 -2.3400497436523438 0.2
18.15180015563965 -1.1995506286621094 -2.443449020385742 0.2
18.322999954223633 -1.0951499938964844 -2.437549591064453 0.2
18.47209930419922 -1.1240501403808594 -2.298849105834961 0.2
18.52899932861328 -1.2514495849609375 -2.1446495056152344 0.2
18.507699966430664 -1.4486503601074219 -2.0781497955322266 0.2
18.466999053955078 -1.648651123046875 -2.1210498809814453 0.2
18.514598846435547 -1.8133506774902344 -2.2343482971191406 0.2
18.70090103149414 -1.8514518737792969 -2.2999496459960938 0.2
18.863100051879883 -1.7690505981445312 -2.206449508666992 0.2
18.907699584960938 -1.647552490234375 -2.0457496643066406 0.2
18.820600509643555 -1.4988517761230469 -1.9252490997314453 0.2
18.680099487304688 -1.3452491760253906 -1.9213485717773438 0.2
18.60610008239746 -1.1722488403320312 -2.0055484771728516 0.2
18.712100982666016 -1.0237503051757812 -2.095449447631836 0.2
18.906600952148438 -0.9637489318847656 -2.0615501403808594 0.2
19.059200286865234 -1.0069503784179688 -1.9340496063232422 0.2
19.081300735473633 -1.1698493957519531 -1.8037490844726562 0.2
19.02950096130371 -1.3698501586914062 -1.7805500030517578 0.2
19.003799438476562 -1.566650390625 -1.8390483856201172 0.2
19.10849952697754 -1.6911506652832031 -1.9643497467041016 0.2
19.306499481201172 -1.6649513244628906 -1.9784488677978516 0.2
19.430999755859375 -1.5495491027832031 -1.8611488342285156 0.2
19.431800842285156 -1.4053497314453125 -1.7101497650146484 0.2
19.322200775146484 -1.2438507080078125 -1.6389484405517578 0.2
19.193099975585938 -1.0827522277832031 -1.6649494171142578 0.2
19.169200897216797 -0.9120521545410156 -1.7783489227294922 0.2
19.32590103149414 -0.7983512878417969 -1.829549789428711 0.2
19.504199981689453 -0.8114509582519531 -1.7296485900878906 0.2
19.599899291992188 -0.924652099609375 -1.5833492279052734 0.2
19.601600646972656 -1.1145515441894531 -1.4960498809814453 0.2
19.554201126098633 -1.3167495727539062 -1.5096492767333984 0.2
19.558300018310547 -1.4959487915039062 -1.6130485534667969 0.2
19.704599380493164 -1.5622520446777344 -1.735748291015625 0.2
19.89109992980957 -1.4898490905761719 -1.702749252319336 0.2
19.984500885009766 -1.3648490905761719 -1.565948486328125 0.2
19.944000244140625 -1.215850830078125 -1.4229488372802734 0.2
19.82069969177246 -1.0551490783691406 -1.3748493194580078 0.2
19.703899383544922 -0.8883514404296875 -1.416849136352539 0.2
19.721200942993164 -0.7243499755859375 -1.5373497009277344 0.2
19.90410041809082 -0.6427497863769531 -1.5533485412597656 0.2
20.071701049804688 -0.6849517822265625 -1.4402484893798828 0.2
20.1471004486084 -0.8191490173339844 -1.2978496551513672 0.2
20.12689971923828 -1.0162506103515625 -1.234649658203125 0.2
20.0752010345459 -1.215850830078125 -1.2662487030029297 0.2
20.113201141357422 -1.3763504028320312 -1.3881492614746094 0.2
20.293800354003906 -1.3994522094726562 -1.4725494384765625 0.2
20.460500717163086 -1.3012504577636719 -1.4035491943359375 0.2
20.52050018310547 -1.1589508056640625 -1.2631492614746094 0.2
20.454999923706055 -0.9905509948730469 -1.1581497192382812 0.2
20.32159996032715 -0.8305511474609375 -1.143148422241211 0.2
20.238300323486328 -0.6640510559082031 -1.231149673461914 0.2
20.333799362182617 -0.5422515869140625 -1.3618488311767578 0.2
20.537900924682617 -0.5213508605957031 -1.3792495727539062 0.2
20.711200714111328 -0.5975494384765625 -1.2950496673583984 0.2
20.768600463867188 -0.7684516906738281 -1.1881484985351562 0.2
20.722000122070312 -0.9672508239746094 -1.1445484161376953 0.2
20.686599731445312 -1.162750244140625 -1.2013492584228516 0.2
20.765199661254883 -1.2574501037597656 -1.3630485534667969 0.2
20.941200256347656 -1.1893501281738281 -1.4391498565673828 0.2
21.079099655151367 -1.0415496826171875 -1.3939495086669922 0.2
21.10379981994629 -0.8572502136230469 -1.2948493957519531 0.2
21.007400512695312 -0.6848487854003906 -1.2277488708496094 0.2
20.87820053100586 -0.5234489440917969 -1.244049072265625 0.2
20.83500099182129 -0.4037513732910156 -1.4041500091552734 0.2
20.97249984741211 -0.3682518005371094 -1.5504493713378906 0.2
21.170900344848633 -0.4132499694824219 -1.5840492248535156 0.2
21.316699981689453 -0.544952392578125 -1.507049560546875 0.2
21.33340072631836 -0.7296524047851562 -1.4125499725341797 0.2
21.291500091552734 -0.9298515319824219 -1.3746490478515625 0.2
21.25950050354004 -1.0954513549804688 -1.4938488006591797 0.2
21.353900909423828 -1.1043510437011719 -1.6711483001708984 0.2
21.502599716186523 -0.9812507629394531 -1.7448501586914062 0.2
21.60099983215332 -0.7988510131835938 -1.7077484130859375 0.2
21.57349967956543 -0.6066513061523438 -1.6304492950439453 0.2
21.46470069885254 -0.4354515075683594 -1.5803489685058594 0.2
21.327199935913086 -0.2995491027832031 -1.6566486358642578 0.2
21.34149932861328 -0.23334884643554688 -1.8456497192382812 0.2
21.51740074157715 -0.2526512145996094 -1.9513492584228516 0.2
21.706600189208984 -0.3394508361816406 -1.932748794555664 0.2
21.8070011138916 -0.5004501342773438 -1.8398494720458984 0.2
21.807600021362305 -0.6927490234375 -1.757049560546875 0.2
21.7544002532959 -0.8945503234863281 -1.7550487518310547 0.2
21.742700576782227 -1.0245513916015625 -1.9110488891601562 0.2
21.869699478149414 -0.9861488342285156 -2.065549850463867 0.2
22.01810073852539 -0.8448524475097656 -2.1041488647460938 0.2
22.086299896240234 -0.6560516357421875 -2.0355491638183594 0.2
22.03030014038086 -0.46845245361328125 -1.9605484008789062 0.2
21.910400390625 -0.2987518310546875 -1.9313488006591797 0.2
21.7947998046875 -0.16754913330078125 -2.0416488647460938 0.2
21.872600555419922 -0.10454940795898438 -2.2165489196777344 0.2
22.07110023498535 -0.12845230102539062 -2.272348403930664 0.2
22.2460994720459 -0.23054885864257812 -2.213348388671875 0.2
22.310100555419922 -0.4083518981933594 -2.121549606323242 0.2
22.289899826049805 -0.6069488525390625 -2.055448532104492 0.2
22.23870086669922 -0.8048515319824219 -2.0927486419677734 0.2
22.270299911499023 -0.9000511169433594 -2.2692489624023438 0.2
22.41550064086914 -0.8363494873046875 -2.401948928833008 0.2
22.554000854492188 -0.6825523376464844 -2.417348861694336 0.2
22.58099937438965 -0.4832496643066406 -2.3475494384765625 0.2
22.492000579833984 -0.3009490966796875 -2.293548583984375 0.2
22.356399536132812 -0.14165115356445312 -2.3103485107421875 0.2
22.289499282836914 -0.03205108642578125 -2.470548629760742 0.2
22.43130111694336 0.007549285888671875 -2.611448287963867 0.2
22.636699676513672 -0.027950286865234375 -2.6182498931884766 0.2
22.78230094909668 -0.1542510986328125 -2.532949447631836 0.2
22.807600021362305 -0.345550537109375 -2.4500484466552734 0.2
22.781700134277344 -0.5478515625 -2.3994483947753906 0.2
22.728099822998047 -0.7367515563964844 -2.471149444580078 0.2
22.766000747680664 -0.8118515014648438 -2.658449172973633 0.2
22.900100708007812 -0.7597503662109375 -2.8098487854003906 0.2
23.02790069580078 -0.5989494323730469 -2.824850082397461 0.2
23.01799964904785 -0.4024505615234375 -2.745849609375 0.2
22.908100128173828 -0.22925186157226562 -2.6993484497070312 0.2
22.770700454711914 -0.07685089111328125 -2.759349822998047 0.2
22.767601013183594 0.03334808349609375 -2.9311485290527344 0.2
22.935800552368164 0.07704925537109375 -3.046449661254883 0.2
23.13960075378418 0.0368499755859375 -3.036649703979492 0.2
23.244300842285156 -0.11624908447265625 -2.9400501251220703 0.2
23.24530029296875 -0.3122520446777344 -2.8615493774414062 0.2
23.21500015258789 -0.5190505981445312 -2.8386497497558594 0.2
23.184200286865234 -0.6904525756835938 -2.9558486938476562 0.2
23.238201141357422 -0.7603492736816406 -3.1459484100341797 0.2
23.37860107421875 -0.6984519958496094 -3.2810497283935547 0.2
23.471599578857422 -0.515350341796875 -3.250049591064453 0.2
23.42150115966797 -0.32215118408203125 -3.1813488006591797 0.2
23.31879997253418 -0.14165115356445312 -3.1442489624023438 0.2
23.18090057373047 0.004947662353515625 -3.213348388671875 0.2
23.11880111694336 0.09014892578125 -3.395050048828125 0.2
23.202899932861328 0.11914825439453125 -3.5816497802734375 0.2
23.391799926757812 0.042148590087890625 -3.604848861694336 0.2
23.48040008544922 -0.12955093383789062 -3.5136489868164062 0.2
23.477800369262695 -0.32685089111328125 -3.438549041748047 0.2
23.433500289916992 -0.5349502563476562 -3.43804931640625 0.2
23.43320083618164 -0.6748504638671875 -3.5893497467041016 0.2
23.568599700927734 -0.6534500122070312 -3.745349884033203 0.2
23.724700927734375 -0.5237503051757812 -3.791849136352539 0.2
23.773799896240234 -0.32575225830078125 -3.7348499298095703 0.2
23.7002010345459 -0.1347503662109375 -3.6831493377685547 0.2
23.585100173950195 0.041851043701171875 -3.667449951171875 0.2
23.45669937133789 0.16875076293945312 -3.7772483825683594 0.2
23.45949935913086 0.231048583984375 -3.9759483337402344 0.2
23.606800079345703 0.23394775390625 -4.125249862670898 0.2
23.796199798583984 0.12704849243164062 -4.090648651123047 0.2
23.850299835205078 -0.0657501220703125 -3.9919490814208984 0.2
23.84429931640625 -0.2774505615234375 -3.921049118041992 0.2
23.795499801635742 -0.4898490905761719 -3.978849411010742 0.2
23.82040023803711 -0.5950508117675781 -4.169549942016602 0.2
23.950300216674805 -0.5502510070800781 -4.337848663330078 0.2
24.05299949645996 -0.353851318359375 -4.340648651123047 0.2
24.00189971923828 -0.14374923706054688 -4.283349990844727 0.2
23.894001007080078 0.04904937744140625 -4.247549057006836 0.2
23.74139976501465 0.18994903564453125 -4.336050033569336 0.2
23.715099334716797 0.23925018310546875 -4.547849655151367 0.2
