-20.166399002075195 10.48215103149414 5.083650588989258 0.2
-20.038599014282227 10.4886474609375 4.920551300048828 0.2
-19.826398849487305 10.526847839355469 4.900051116943359 0.2
-19.636098861694336 10.62234878540039 4.931550979614258 0.2
-19.578100204467773 10.802249908447266 5.024250030517578 0.2
-19.503599166870117 10.904449462890625 5.19005012512207 0.2
-19.362600326538086 10.90264892578125 5.356050491333008 0.2
-19.16029930114746 10.903648376464844 5.411050796508789 0.2
-19.02120018005371 10.84695053100586 5.270551681518555 0.2
-19.072898864746094 10.760650634765625 5.08595085144043 0.2
-19.20199966430664 10.625247955322266 4.9853515625 0.2
-19.22119903564453 10.421749114990234 5.016651153564453 0.2
-19.13469886779785 10.298648834228516 5.16765022277832 0.2
-19.135099411010742 10.224849700927734 5.381950378417969 0.2
-19.268199920654297 10.262348175048828 5.553350448608398 0.2
-19.414199829101562 10.43185043334961 5.568450927734375 0.2
-19.450300216674805 10.649547576904297 5.528251647949219 0.2
-19.308399200439453 10.806549072265625 5.58795166015625 0.2
-19.114700317382812 10.789249420166016 5.703451156616211 0.2
-18.967300415039062 10.654251098632812 5.812351226806641 0.2
-18.958799362182617 10.436847686767578 5.846950531005859 0.2
-19.047300338745117 10.259651184082031 5.7364501953125 0.2
-18.94529914855957 10.115348815917969 5.610950469970703 0.2
-18.72480010986328 10.06264877319336 5.570451736450195 0.2
-18.534900665283203 10.140251159667969 5.4667510986328125 0.2
-18.529199600219727 10.360549926757812 5.385950088500977 0.2
-18.65369987487793 10.568050384521484 5.387350082397461 0.2
-18.775999069213867 10.712047576904297 5.528350830078125 0.2
-18.7544002532959 10.672348022460938 5.754350662231445 0.2
-18.593299865722656 10.577049255371094 5.907751083374023 0.2
-18.390199661254883 10.488948822021484 5.998651504516602 0.2
-18.26219940185547 10.334148406982422 5.8818511962890625 0.2
-18.298799514770508 10.201248168945312 5.684051513671875 0.2
-18.45170021057129 10.029251098632812 5.655550003051758 0.2
-18.544198989868164 9.918449401855469 5.84575080871582 0.2
-18.625999450683594 9.899250030517578 6.067050933837891 0.2
-18.751699447631836 10.076351165771484 6.153251647949219 0.2
-18.761199951171875 10.31344985961914 6.114450454711914 0.2
-18.58530044555664 10.458450317382812 6.147251129150391 0.2
-18.39419937133789 10.395851135253906 6.280651092529297 0.2
-18.27440071105957 10.310050964355469 6.472949981689453 0.2
-18.258100509643555 10.178947448730469 6.672050476074219 0.2
-18.396499633789062 9.996448516845703 6.692050933837891 0.2
-18.5408992767334 9.905948638916016 6.521650314331055 0.2
-18.551898956298828 9.843547821044922 6.2933502197265625 0.2
-18.35650062561035 9.799747467041016 6.172151565551758 0.2
-18.12310028076172 9.753948211669922 6.2232513427734375 0.2
-17.940500259399414 9.862751007080078 6.313251495361328 0.2
-17.95549964904785 10.094249725341797 6.363550186157227 0.2
-18.025999069213867 10.234550476074219 6.533750534057617 0.2
-17.98710060119629 10.199748992919922 6.768251419067383 0.2
-17.864599227905273 10.100250244140625 6.953451156616211 0.2
-17.69540023803711 9.946048736572266 6.954851150512695 0.2
-17.651100158691406 9.830551147460938 6.752651214599609 0.2
-17.76259994506836 9.72134780883789 6.574350357055664 0.2
-17.939800262451172 9.583248138427734 6.627651214599609 0.2
-18.057199478149414 9.496448516845703 6.825250625610352 0.2
-18.205799102783203 9.574951171875 6.983850479125977 0.2
-18.251399993896484 9.806648254394531 6.975851058959961 0.2
-18.1343994140625 10.00994873046875 6.985151290893555 0.2
-17.982200622558594 10.041450500488281 7.161149978637695 0.2
-17.923500061035156 9.946449279785156 7.376150131225586 0.2
-17.987899780273438 9.792549133300781 7.545549392700195 0.2
-18.136499404907227 9.626251220703125 7.47974967956543 0.2
-18.185199737548828 9.511650085449219 7.273752212524414 0.2
-18.043100357055664 9.361148834228516 7.174951553344727 0.2
-17.8528995513916 9.25925064086914 7.284952163696289 0.2
-17.64419937133789 9.277450561523438 7.392549514770508 0.2
-17.532100677490234 9.481048583984375 7.376852035522461 0.2
-17.595199584960938 9.709949493408203 7.34174919128418 0.2
-17.717599868774414 9.843250274658203 7.484651565551758 0.2
-17.769100189208984 9.787849426269531 7.713350296020508 0.2
-17.743799209594727 9.658149719238281 7.915849685668945 0.2
-17.627500534057617 9.461349487304688 7.94725227355957 0.2
-17.551198959350586 9.318950653076172 7.770551681518555 0.2
-17.639299392700195 9.188751220703125 7.59684944152832 0.2
-17.84549903869629 9.081348419189453 7.628950119018555 0.2
-18.044599533081055 9.051948547363281 7.762849807739258 0.2
-18.202199935913086 9.214550018310547 7.805551528930664 0.2
-18.162700653076172 9.445850372314453 7.754751205444336 0.2
-18.020198822021484 9.62485122680664 7.810049057006836 0.2
-17.94969940185547 9.635749816894531 8.033849716186523 0.2
-18.003999710083008 9.533149719238281 8.246850967407227 0.2
-18.15530014038086 9.398147583007812 8.372751235961914 0.2
-18.29520034790039 9.245548248291016 8.267251968383789 0.2
-18.287799835205078 9.121650695800781 8.059751510620117 0.2
-18.155500411987305 8.942249298095703 7.993852615356445 0.2
-18.05139923095703 8.792449951171875 8.153051376342773 0.2
-17.924699783325195 8.760547637939453 8.349950790405273 0.2
-17.777000427246094 8.930248260498047 8.411149978637695 0.2
-17.751800537109375 9.165451049804688 8.359052658081055 0.2
-17.87310028076172 9.356147766113281 8.413351058959961 0.2
-18.030500411987305 9.35384750366211 8.593050003051758 0.2
-18.128000259399414 9.233551025390625 8.781549453735352 0.2
-18.100799560546875 9.025947570800781 8.885049819946289 0.2
-17.9872989654541 8.843948364257812 8.77855110168457 0.2
-17.972700119018555 8.708049774169922 8.582651138305664 0.2
-18.160400390625 8.607349395751953 8.486051559448242 0.2
-18.399599075317383 8.579948425292969 8.529050827026367 0.2
-18.567699432373047 8.741447448730469 8.52385139465332 0.2
-18.513500213623047 8.97235107421875 8.49315071105957 0.2
-18.370899200439453 9.155548095703125 8.555749893188477 0.2
-18.34280014038086 9.220748901367188 8.777650833129883 0.2
-18.46660041809082 9.148651123046875 8.972951889038086 0.2
-18.659700393676758 9.036750793457031 9.066751480102539 0.2
-18.80539894104004 8.891448974609375 8.95515251159668 0.2
-18.779199600219727 8.754150390625 8.75575065612793 0.2
-18.668800354003906 8.558849334716797 8.679849624633789 0.2
-18.62540054321289 8.3719482421875 8.820749282836914 0.2
-18.603899002075195 8.294048309326172 9.045949935913086 0.2
-18.472700119018555 8.412548065185547 9.200052261352539 0.2
-18.376699447631836 8.635749816894531 9.183050155639648 0.2
-18.417699813842773 8.869647979736328 9.16655158996582 0.2
-18.613100051879883 8.958248138427734 9.265951156616211 0.2
-18.79759979248047 8.880348205566406 9.406351089477539 0.2
-18.879098892211914 8.695449829101562 9.53394889831543 0.2
-18.795799255371094 8.473350524902344 9.515050888061523 0.2
-18.700599670410156 8.30794906616211 9.36345100402832 0.2
-18.785099029541016 8.18804931640625 9.178152084350586 0.2
-19.019399642944336 8.141651153564453 9.124551773071289 0.2
-19.21649932861328 8.262248992919922 9.082250595092773 0.2
-19.192399978637695 8.49654769897461 9.05204963684082 0.2
-19.04800033569336 8.689350128173828 9.101049423217773 0.2
-19.00160026550293 8.818248748779297 9.29224967956543 0.2
-19.14550018310547 8.804649353027344 9.485052108764648 0.2
-19.359100341796875 8.717048645019531 9.566251754760742 0.2
-19.53459930419922 8.582649230957031 9.477052688598633 0.2
-19.521299362182617 8.42905044555664 9.288850784301758 0.2
-19.41950035095215 8.240947723388672 9.173151016235352 0.2
-19.37489891052246 8.02334976196289 9.257551193237305 0.2
-19.43739891052246 7.899349212646484 9.459951400756836 0.2
-19.375699996948242 7.955650329589844 9.680551528930664 0.2
-19.2549991607666 8.15884780883789 9.734949111938477 0.2
-19.202999114990234 8.396949768066406 9.708650588989258 0.2
-19.34939956665039 8.580047607421875 9.728452682495117 0.2
-19.577899932861328 8.570549011230469 9.81505012512207 0.2
-19.747699737548828 8.432548522949219 9.923551559448242 0.2
-19.742300033569336 8.198749542236328 9.968950271606445 0.2
-19.626399993896484 7.998249053955078 9.88435173034668 0.2
-19.597700119018555 7.839347839355469 9.704950332641602 0.2
-19.767099380493164 7.762248992919922 9.552850723266602 0.2
-19.986900329589844 7.823848724365234 9.475851058959961 0.2
-20.02519989013672 8.051349639892578 9.417051315307617 0.2
-19.894800186157227 8.25674819946289 9.460851669311523 0.2
-19.802099227905273 8.428348541259766 9.604951858520508 0.2
-19.91819953918457 8.489448547363281 9.804750442504883 0.2
-20.144100189208984 8.444149017333984 9.893350601196289 0.2
-20.35409927368164 8.340950012207031 9.829351425170898 0.2
-20.384199142456055 8.17864990234375 9.65315055847168 0.2
-20.288700103759766 7.996250152587891 9.514749526977539 0.2
-20.220199584960938 7.765850067138672 9.52855110168457 0.2
-20.309900283813477 7.6011505126953125 9.68644905090332 0.2
-20.364398956298828 7.589847564697266 9.918951034545898 0.2
-20.26580047607422 7.755847930908203 10.061849594116211 0.2
-20.15410041809082 7.977848052978516 10.070951461791992 0.2
-20.178998947143555 8.21624755859375 10.053552627563477 0.2
-20.398300170898438 8.316349029541016 10.072549819946289 0.2
-20.6289005279541 8.254249572753906 10.137250900268555 0.2
-20.740400314331055 8.05324935913086 10.210248947143555 0.2
-20.66550064086914 7.820549011230469 10.185949325561523 0.2
-20.5674991607666 7.6219482421875 10.075750350952148 0.2
-20.616899490356445 7.502948760986328 9.872049331665039 0.2
-20.820098876953125 7.5115509033203125 9.732549667358398 0.2
-20.912099838256836 7.703350067138672 9.623449325561523 0.2
-20.814300537109375 7.926750183105469 9.65245246887207 0.2
-20.691699981689453 8.110649108886719 9.76915168762207 0.2
-20.735300064086914 8.249549865722656 9.958349227905273 0.2
-20.960899353027344 8.269550323486328 10.055349349975586 0.2
-21.19849967956543 8.220348358154297 10.007650375366211 0.2
-21.29129981994629 8.08074951171875 9.834650039672852 0.2
-21.210399627685547 7.89215087890625 9.692350387573242 0.2
-21.127199172973633 7.666149139404297 9.639348983764648 0.2
-21.190000534057617 7.456951141357422 9.743551254272461 0.2
-21.35449981689453 7.3977508544921875 9.916250228881836 0.2
-21.34869956970215 7.504848480224609 10.13115119934082 0.2
-21.223899841308594 7.705650329589844 10.206949234008789 0.2
-21.133499145507812 7.935947418212891 10.217950820922852 0.2
-21.2544002532959 8.139450073242188 10.178850173950195 0.2
-21.500598907470703 8.171348571777344 10.162752151489258 0.2
-21.71179962158203 8.050750732421875 10.194250106811523 0.2
-21.736099243164062 7.8092498779296875 10.209150314331055 0.2
-21.643699645996094 7.581447601318359 10.161748886108398 0.2
-21.58930015563965 7.40264892578125 10.004549026489258 0.2
-21.70050048828125 7.370147705078125 9.78904914855957 0.2
-21.820899963378906 7.50634765625 9.626550674438477 0.2
-21.750999450683594 7.737850189208984 9.607950210571289 0.2
-21.62689971923828 7.920948028564453 9.727651596069336 0.2
-21.5935001373291 8.093948364257812 9.898351669311523 0.2
-21.7814998626709 8.1927490234375 10.01555061340332 0.2
-22.026500701904297 8.203250885009766 9.970849990844727 0.2
-22.178998947143555 8.125049591064453 9.79625129699707 0.2
-22.134199142456055 7.938549041748047 9.640451431274414 0.2
-22.03809928894043 7.722747802734375 9.555952072143555 0.2
-22.05430030822754 7.4819488525390625 9.593252182006836 0.2
-22.25 7.372150421142578 9.694051742553711 0.2
-22.379499435424805 7.422550201416016 9.891450881958008 0.2
-22.302400588989258 7.594448089599609 10.04945182800293 0.2
-22.168100357055664 7.795749664306641 10.117650985717773 0.2
-22.141599655151367 8.03664779663086 10.10365104675293 0.2
-22.329700469970703 8.175548553466797 10.025651931762695 0.2
-22.574800491333008 8.158348083496094 9.981050491333008 0.2
-22.720600128173828 7.965450286865234 9.982851028442383 0.2
-22.681400299072266 7.718547821044922 9.969049453735352 0.2
-22.603199005126953 7.492847442626953 9.895849227905273 0.2
-22.589399337768555 7.3865509033203125 9.677949905395508 0.2
-22.69529914855957 7.461849212646484 9.465051651000977 0.2
-22.65570068359375 7.677650451660156 9.365350723266602 0.2
-22.538000106811523 7.869647979736328 9.471750259399414 0.2
-22.450599670410156 8.035747528076172 9.637350082397461 0.2
-22.552000045776367 8.19704818725586 9.785551071166992 0.2
-22.78619956970215 8.275749206542969 9.763650894165039 0.2
-22.973100662231445 8.277149200439453 9.601049423217773 0.2
-22.99359893798828 8.135250091552734 9.404851913452148 0.2
-22.906400680541992 7.919048309326172 9.311952590942383 0.2
-22.866899490356445 7.675548553466797 9.28394889831543 0.2
-23.02079963684082 7.497947692871094 9.342550277709961 0.2
-23.255599975585938 7.505950927734375 9.426851272583008 0.2
-23.31060028076172 7.632747650146484 9.625452041625977 0.2
-23.192399978637695 7.810050964355469 9.758150100708008 0.2
-23.068599700927734 8.016048431396484 9.827451705932617 0.2
-23.099899291992188 8.243549346923828 9.755350112915039 0.2
-23.29520034790039 8.33905029296875 9.632650375366211 0.2
-23.521099090576172 8.275947570800781 9.555349349975586 0.2
-23.60099983215332 8.045150756835938 9.543050765991211 0.2
-23.559200286865234 7.797550201416016 9.531652450561523 0.2
-23.489398956298828 7.595149993896484 9.410951614379883 0.2
-23.490999221801758 7.577247619628906 9.168149948120117 0.2
-23.486499786376953 7.736549377441406 8.983949661254883 0.2
-23.360599517822266 7.944248199462891 9.011152267456055 0.2
-23.260700225830078 8.100448608398438 9.180952072143555 0.2
-23.25429916381836 8.272850036621094 9.357450485229492 0.2
-23.438798904418945 8.429550170898438 9.389249801635742 0.2
-23.6299991607666 8.507049560546875 9.248750686645508 0.2
-23.70669937133789 8.4615478515625 9.021852493286133 0.2
-23.652099609375 8.260250091552734 8.890050888061523 0.2
-23.586999893188477 8.0218505859375 8.842851638793945 0.2
-23.666399002075195 7.792049407958984 8.855951309204102 0.2
-23.908599853515625 7.745048522949219 8.85944938659668 0.2
-24.104400634765625 7.846549987792969 8.961050033569336 0.2
-24.080299377441406 8.004348754882812 9.146650314331055 0.2
-23.947799682617188 8.166450500488281 9.284952163696289 0.2
-23.84510040283203 8.385250091552734 9.313051223754883 0.2
-23.90799903869629 8.574848175048828 9.172250747680664 0.2
-24.087799072265625 8.636550903320312 9.010950088500977 0.2
-24.27199935913086 8.510250091552734 8.917951583862305 0.2
-24.312700271606445 8.265148162841797 8.912752151489258 0.2
-24.282899856567383 8.019248962402344 8.887849807739258 0.2
-24.192399978637695 7.881248474121094 8.71095085144043 0.2
-24.151100158691406 7.9595489501953125 8.479650497436523 0.2
-24.013898849487305 8.144451141357422 8.406549453735352 0.2
-23.90329933166504 8.309349060058594 8.554952621459961 0.2
-23.85930061340332 8.457748413085938 8.752649307250977 0.2
-23.956899642944336 8.651248931884766 8.856851577758789 0.2
-24.120399475097656 8.799049377441406 8.744451522827148 0.2
-24.2096004486084 8.851249694824219 8.519250869750977 0.2
-24.178600311279297 8.71875 8.320749282836914 0.2
-24.114398956298828 8.483348846435547 8.263551712036133 0.2
-24.12779998779297 8.236949920654297 8.246549606323242 0.2
-24.33099937438965 8.108848571777344 8.225549697875977 0.2
-24.561199188232422 8.19124984741211 8.18895149230957 0.2
-24.67919921875 8.344047546386719 8.333349227905273 0.2
-24.602800369262695 8.488948822021484 8.519449234008789 0.2
-24.474300384521484 8.654048919677734 8.651552200317383 0.2
-24.397600173950195 8.872550964355469 8.588449478149414 0.2
-24.46299934387207 9.013347625732422 8.395349502563477 0.2
-24.617198944091797 9.019248962402344 8.206048965454102 0.2
-24.74989891052246 8.830047607421875 8.135950088500977 0.2
-24.786800384521484 8.583450317382812 8.142549514770508 0.2
-24.72369956970215 8.360450744628906 8.071451187133789 0.2
-24.593299865722656 8.327850341796875 7.871049880981445 0.2
-24.448999404907227 8.462249755859375 7.725751876831055 0.2
-24.294099807739258 8.622249603271484 7.81825065612793 0.2
-24.25429916381836 8.757949829101562 8.023649215698242 0.2
-24.30030059814453 8.937049865722656 8.182352066040039 0.2
-24.417098999023438 9.139850616455078 8.124650955200195 0.2
-24.470699310302734 9.25735092163086 7.913652420043945 0.2
-24.435100555419922 9.225448608398438 7.676149368286133 0.2
-24.370100021362305 9.011051177978516 7.580350875854492 0.2
-24.35540008544922 8.763050079345703 7.571451187133789 0.2
-24.50349998474121 8.57674789428711 7.535051345825195 0.2
-24.71660041809082 8.611549377441406 7.42664909362793 0.2
-24.891799926757812 8.77695083618164 7.42664909362793 0.2
-24.928199768066406 8.935447692871094 7.606149673461914 0.2
-24.838600158691406 9.064350128173828 7.798452377319336 0.2
-24.69849967956543 9.248950958251953 7.858152389526367 0.2
-24.63290023803711 9.424247741699219 7.701650619506836 0.2
-24.668899536132812 9.512149810791016 7.474550247192383 0.2
-24.80620002746582 9.426651000976562 7.301050186157227 0.2
-24.917999267578125 9.208148956298828 7.280851364135742 0.2
-24.936899185180664 8.96445083618164 7.272050857543945 0.2
-24.788000106811523 8.815547943115234 7.161249160766602 0.2
-24.604598999023438 8.877349853515625 7.009550094604492 0.2
-24.406200408935547 9.00455093383789 7.046049118041992 0.2
-24.350399017333984 9.137348175048828 7.242952346801758 0.2
-24.393299102783203 9.294349670410156 7.426851272583008 0.2
-24.472400665283203 9.51865005493164 7.423349380493164 0.2
-24.476999282836914 9.67715072631836 7.237451553344727 0.2
-24.406999588012695 9.715850830078125 7.007350921630859 0.2
-24.315399169921875 9.550750732421875 6.864450454711914 0.2
-24.30389976501465 9.304450988769531 6.863750457763672 0.2
-24.409700393676758 9.089649200439453 6.840150833129883 0.2
-24.604000091552734 9.0677490234375 6.70775032043457 0.2
-24.735700607299805 9.229148864746094 6.578250885009766 0.2
-24.851999282836914 9.42074966430664 6.657751083374023 0.2
-24.840900421142578 9.54745101928711 6.866750717163086 0.2
-24.722200393676758 9.685848236083984 7.024351119995117 0.2
-24.566999435424805 9.856548309326172 6.965150833129883 0.2
-24.49289894104004 9.97385025024414 6.762950897216797 0.2
-24.531700134277344 9.980049133300781 6.527151107788086 0.2
-24.677499771118164 9.82094955444336 6.424650192260742 0.2
-24.777599334716797 9.597049713134766 6.428850173950195 0.2
-24.690799713134766 9.380050659179688 6.392351150512695 0.2
-24.4778995513916 9.350349426269531 6.28645133972168 0.2
-24.254899978637695 9.435550689697266 6.288249969482422 0.2
-24.15679931640625 9.54964828491211 6.473550796508789 0.2
-24.213300704956055 9.691947937011719 6.664951324462891 0.2
-24.283100128173828 9.91354751586914 6.705850601196289 0.2
-24.249099731445312 10.09914779663086 6.55525016784668 0.2
-24.135499954223633 10.180347442626953 6.3558502197265625 0.2
-24.000598907470703 10.070449829101562 6.198650360107422 0.2
-23.977100372314453 9.830848693847656 6.186750411987305 0.2
-24.076000213623047 9.610847473144531 6.18025016784668 0.2
-24.250999450683594 9.548049926757812 6.037250518798828 0.2
-24.330699920654297 9.683349609375 5.851051330566406 0.2
-24.43280029296875 9.892250061035156 5.810850143432617 0.2
-24.497798919677734 10.043148040771484 5.984750747680664 0.2
-24.439599990844727 10.151847839355469 6.192451477050781 0.2
-24.255599975585938 10.292747497558594 6.225151062011719 0.2
-24.10140037536621 10.411750793457031 6.07805061340332 0.2
-24.03420066833496 10.461349487304688 5.853750228881836 0.2
-24.139799118041992 10.361248016357422 5.671649932861328 0.2
-24.29010009765625 10.172050476074219 5.644350051879883 0.2
-24.28059959411621 9.937950134277344 5.650150299072266 0.2
-24.069700241088867 9.838550567626953 5.6206512451171875 0.2
-23.829700469970703 9.874649047851562 5.633251190185547 0.2
-23.71579933166504 9.958747863769531 5.8193511962890625 0.2
-23.787899017333984 10.0948486328125 6.00615119934082 0.2
-23.859600067138672 10.31304931640625 6.053350448608398 0.2
-23.788799285888672 10.50054931640625 5.924951553344727 0.2
-23.624099731445312 10.595649719238281 5.773950576782227 0.2
-23.44379997253418 10.520149230957031 5.644950866699219 0.2
-23.40850067138672 10.28704833984375 5.633251190185547 0.2
-23.51849937438965 10.072547912597656 5.634851455688477 0.2
-23.671600341796875 9.9969482421875 5.477750778198242 0.2
-23.706199645996094 10.115249633789062 5.273550033569336 0.2
-23.74720001220703 10.316349029541016 5.155351638793945 0.2
-23.84819984436035 10.50014877319336 5.25885009765625 0.2
-23.859498977661133 10.603050231933594 5.475749969482422 0.2
-23.690099716186523 10.710750579833984 5.590150833129883 0.2
-23.481199264526367 10.800849914550781 5.5068511962890625 0.2
-23.328100204467773 10.864547729492188 5.333751678466797 0.2
-23.35260009765625 10.805049896240234 5.112751007080078 0.2
-23.51919937133789 10.656349182128906 5.025850296020508 0.2
-23.582698822021484 10.431148529052734 5.03795051574707 0.2
-23.415199279785156 10.275348663330078 5.079851150512695 0.2
-23.179100036621094 10.259449005126953 5.139251708984375 0.2
-23.059598922729492 10.306648254394531 5.330150604248047 0.2
-23.14739990234375 10.44424819946289 5.504850387573242 0.2
-23.228500366210938 10.66135025024414 5.543750762939453 0.2
-23.12220001220703 10.84054946899414 5.4342498779296875 0.2
-22.919198989868164 10.920547485351562 5.328851699829102 0.2
-22.704700469970703 10.854351043701172 5.25775146484375 0.2
-22.655899047851562 10.627948760986328 5.261951446533203 0.2
-22.78459930419922 10.425949096679688 5.2615509033203125 0.2
-22.910799026489258 10.343448638916016 5.087551116943359 0.2
-22.875699996948242 10.442249298095703 4.874250411987305 0.2
-22.83329963684082 10.61724853515625 4.713850021362305 0.2
-22.93910026550293 10.82135009765625 4.736249923706055 0.2
-23.03339958190918 10.935447692871094 4.9248504638671875 0.2
-22.91939926147461 11.023147583007812 5.102849960327148 0.2
-22.684799194335938 11.072750091552734 5.090051651000977 0.2
-22.478899002075195 11.117549896240234 4.971651077270508 0.2
-22.417299270629883 11.059650421142578 4.757650375366211 0.2
-22.550800323486328 10.913249969482422 4.624151229858398 0.2
-22.581499099731445 10.684650421142578 4.618949890136719 0.2
-22.3927001953125 10.558948516845703 4.685750961303711 0.2
-22.202899932861328 10.506549835205078 4.824951171875 0.2
-22.19770050048828 10.542247772216797 5.053350448608398 0.2
-22.34950065612793 10.674247741699219 5.183351516723633 0.2
-22.43389892578125 10.892448425292969 5.185951232910156 0.2
-22.30109977722168 11.05364990234375 5.083850860595703 0.2
-22.07469940185547 11.107948303222656 5.019550323486328 0.2
-21.850099563598633 11.035148620605469 5.002050399780273 0.2
-21.813098907470703 10.807449340820312 5.019350051879883 0.2
-21.936399459838867 10.612350463867188 4.964550018310547 0.2
-21.95949935913086 10.56155014038086 4.742151260375977 0.2
-21.845199584960938 10.653148651123047 4.548749923706055 0.2
-21.809099197387695 10.83945083618164 4.413051605224609 0.2
-21.943099975585938 11.029449462890625 4.442251205444336 0.2
-22.06239891052246 11.142547607421875 4.615350723266602 0.2
-21.968299865722656 11.209850311279297 4.813650131225586 0.2
-21.730100631713867 11.224647521972656 4.856950759887695 0.2
-21.499399185180664 11.230949401855469 4.796350479125977 0.2
-21.409900665283203 11.150848388671875 4.599250793457031 0.2
-21.5231990814209 11.034347534179688 4.424350738525391 0.2
-21.580699920654297 10.81235122680664 4.4230499267578125 0.2
-21.449100494384766 10.667949676513672 4.557651519775391 0.2
-21.287899017333984 10.618247985839844 4.730051040649414 0.2
-21.317298889160156 10.658149719238281 4.955150604248047 0.2
-21.49090003967285 10.770248413085938 5.079050064086914 0.2
-21.58650016784668 10.983348846435547 5.093151092529297 0.2
-21.456199645996094 11.149650573730469 5.005950927734375 0.2
-21.2239990234375 11.104351043701172 4.972450256347656 0.2
-21.039100646972656 10.961349487304688 4.943349838256836 0.2
-20.991498947143555 10.761051177978516 4.814750671386719 0.2
-20.841800689697266 10.729850769042969 4.634651184082031 0.2
-20.678998947143555 10.844947814941406 4.494550704956055 0.2
-20.671100616455078 11.062850952148438 4.408651351928711 0.2
-20.809099197387695 11.252750396728516 4.46245002746582 0.2
-20.959999084472656 11.354248046875 4.619850158691406 0.2
-20.986299514770508 11.281547546386719 4.8381500244140625 0.2
-20.84149932861328 11.106548309326172 4.908451080322266 0.2
-20.61400032043457 11.023651123046875 4.910449981689453 0.2
-20.370698928833008 11.0323486328125 4.924650192260742 0.2
-20.131099700927734 11.076648712158203 4.9230499267578125 0.2
-19.9778995513916 11.127849578857422 4.756750106811523 0.2
-20.06369972229004 11.103347778320312 4.539150238037109 0.2
-20.273300170898438 11.023147583007812 4.447650909423828 0.2
-20.451499938964844 10.875247955322266 4.495050430297852 0.2
-20.451000213623047 10.72134780883789 4.676250457763672 0.2
-20.345699310302734 10.619049072265625 4.872051239013672 0.2
-20.27630043029785 10.7115478515625 5.073251724243164 0.2
-20.15719985961914 10.917449951171875 5.111051559448242 0.2
-19.935400009155273 10.99985122680664 5.136751174926758 0.2
-19.71769905090332 10.979850769042969 5.240150451660156 0.2
-19.64550018310547 10.87044906616211 5.435951232910156 0.2
-19.780399322509766 10.695049285888672 5.505250930786133 0.2
-19.971500396728516 10.588748931884766 5.403751373291016 0.2
-20.131099700927734 10.516849517822266 5.236949920654297 0.2
