-19.592300415039062 12.080150604248047 5.97545051574707 0.2
-19.43269920349121 12.231048583984375 5.893951416015625 0.2
-19.495698928833008 12.453250885009766 5.8659515380859375 0.2
-19.673999786376953 12.595050811767578 5.941450119018555 0.2
-19.751998901367188 12.654048919677734 6.151050567626953 0.2
-19.613399505615234 12.588348388671875 6.329551696777344 0.2
-19.388599395751953 12.55044937133789 6.407350540161133 0.2
-19.17300033569336 12.486648559570312 6.34575080871582 0.2
-19.13290023803711 12.385448455810547 6.138151168823242 0.2
-19.223899841308594 12.217449188232422 6.003351211547852 0.2
-19.251998901367188 12.009750366210938 6.10004997253418 0.2
-19.22089958190918 11.897850036621094 6.31395149230957 0.2
-19.32029914855957 11.896350860595703 6.521751403808594 0.2
-19.482900619506836 12.058048248291016 6.581951141357422 0.2
-19.53660011291504 12.288349151611328 6.566450119018555 0.2
-19.37459945678711 12.446949005126953 6.598850250244141 0.2
-19.165199279785156 12.425849914550781 6.716251373291016 0.2
-19.01249885559082 12.328449249267578 6.87244987487793 0.2
-19.001699447631836 12.102848052978516 6.915050506591797 0.2
-19.111499786376953 11.932849884033203 6.7868499755859375 0.2
-19.0851993560791 11.841751098632812 6.575151443481445 0.2
-18.86829948425293 11.843151092529297 6.480649948120117 0.2
-18.64080047607422 11.921649932861328 6.465850830078125 0.2
-18.5856990814209 12.141448974609375 6.426950454711914 0.2
-18.735599517822266 12.327247619628906 6.432050704956055 0.2
-18.874799728393555 12.427249908447266 6.5899505615234375 0.2
-18.811800003051758 12.391548156738281 6.80994987487793 0.2
-18.620399475097656 12.347049713134766 6.951051712036133 0.2
-18.398700714111328 12.27655029296875 6.985250473022461 0.2
-18.295799255371094 12.157649993896484 6.814250946044922 0.2
-18.365798950195312 12.028648376464844 6.625949859619141 0.2
-18.479700088500977 11.831951141357422 6.64995002746582 0.2
-18.512399673461914 11.7010498046875 6.851051330566406 0.2
-18.602800369262695 11.680747985839844 7.065851211547852 0.2
-18.752199172973633 11.844650268554688 7.136850357055664 0.2
-18.79010009765625 12.0771484375 7.096952438354492 0.2
-18.642499923706055 12.245948791503906 7.147451400756836 0.2
-18.457399368286133 12.230148315429688 7.300149917602539 0.2
-18.34619903564453 12.136749267578125 7.491250991821289 0.2
-18.367700576782227 11.927947998046875 7.584249496459961 0.2
-18.484399795532227 11.754348754882812 7.471750259399414 0.2
-18.484600067138672 11.639049530029297 7.267251968383789 0.2
-18.27989959716797 11.582748413085938 7.17555046081543 0.2
-18.041099548339844 11.58864974975586 7.221750259399414 0.2
-17.877099990844727 11.748950958251953 7.219152450561523 0.2
-17.9429988861084 11.970951080322266 7.175851821899414 0.2
-18.102699279785156 12.130348205566406 7.24424934387207 0.2
-18.13010025024414 12.163448333740234 7.470552444458008 0.2
-18.014799118041992 12.102550506591797 7.675149917602539 0.2
-17.84000015258789 11.995147705078125 7.795751571655273 0.2
-17.696199417114258 11.848247528076172 7.692750930786133 0.2
-17.706998825073242 11.728450775146484 7.485849380493164 0.2
-17.844099044799805 11.555347442626953 7.420652389526367 0.2
-17.965999603271484 11.428749084472656 7.582651138305664 0.2
-18.104700088500977 11.399749755859375 7.774049758911133 0.2
-18.258899688720703 11.562950134277344 7.827951431274414 0.2
-18.270198822021484 11.795547485351562 7.77025032043457 0.2
-18.141698837280273 11.977348327636719 7.829252243041992 0.2
-18.008699417114258 11.977649688720703 8.027250289916992 0.2
-17.965999603271484 11.89215087890625 8.24894905090332 0.2
-18.040800094604492 11.711448669433594 8.373449325561523 0.2
-18.15679931640625 11.540050506591797 8.260549545288086 0.2
-18.156200408935547 11.411251068115234 8.060152053833008 0.2
-17.972299575805664 11.289249420166016 7.996149063110352 0.2
-17.771699905395508 11.230148315429688 8.11815071105957 0.2
-17.57309913635254 11.310050964355469 8.209451675415039 0.2
-17.51849937438965 11.533550262451172 8.170450210571289 0.2
-17.628999710083008 11.742950439453125 8.139951705932617 0.2
-17.752199172973633 11.851749420166016 8.30095100402832 0.2
-17.767499923706055 11.803947448730469 8.536649703979492 0.2
-17.70789909362793 11.688549041748047 8.739049911499023 0.2
-17.574199676513672 11.501148223876953 8.753049850463867 0.2
-17.499000549316406 11.358551025390625 8.575651168823242 0.2
-17.586299896240234 11.21044921875 8.417451858520508 0.2
-17.785099029541016 11.094551086425781 8.463151931762695 0.2
-17.984800338745117 11.073848724365234 8.595651626586914 0.2
-18.148700714111328 11.234050750732422 8.62244987487793 0.2
-18.118999481201172 11.465648651123047 8.568552017211914 0.2
-17.990798950195312 11.657447814941406 8.618349075317383 0.2
-17.927000045776367 11.69704818725586 8.840951919555664 0.2
-17.981199264526367 11.62514877319336 9.065649032592773 0.2
-18.124799728393555 11.48714828491211 9.192949295043945 0.2
-18.248498916625977 11.318347930908203 9.088949203491211 0.2
-18.236000061035156 11.180347442626953 8.891252517700195 0.2
-18.093299865722656 11.00735092163086 8.829050064086914 0.2
-17.967199325561523 10.883251190185547 8.990751266479492 0.2
-17.833499908447266 10.88134765625 9.186750411987305 0.2
-17.695199966430664 11.06264877319336 9.232450485229492 0.2
-17.68739891052246 11.293251037597656 9.160551071166992 0.2
-17.812000274658203 11.48495101928711 9.202150344848633 0.2
-17.954999923706055 11.506248474121094 9.392251968383789 0.2
-18.043100357055664 11.412548065185547 9.598451614379883 0.2
-18.012399673461914 11.21405029296875 9.716352462768555 0.2
-17.894699096679688 11.026348114013672 9.62645149230957 0.2
-17.86680030822754 10.875450134277344 9.443052291870117 0.2
-18.043498992919922 10.762348175048828 9.341249465942383 0.2
-18.282499313354492 10.740848541259766 9.380552291870117 0.2
-18.460599899291992 10.89114761352539 9.362749099731445 0.2
-18.423200607299805 11.121749877929688 9.318349838256836 0.2
-18.285499572753906 11.314750671386719 9.362550735473633 0.2
-18.250900268554688 11.416648864746094 9.569250106811523 0.2
-18.37419891357422 11.3896484375 9.775251388549805 0.2
-18.564800262451172 11.294147491455078 9.888051986694336 0.2
-18.711200714111328 11.134849548339844 9.800050735473633 0.2
-18.693300247192383 10.983551025390625 9.611051559448242 0.2
-18.580900192260742 10.791851043701172 9.52815055847168 0.2
-18.506500244140625 10.617347717285156 9.668649673461914 0.2
-18.48189926147461 10.560050964355469 9.901052474975586 0.2
-18.35420036315918 10.679847717285156 10.056249618530273 0.2
-18.256099700927734 10.898548126220703 10.024148941040039 0.2
-18.28420066833496 11.131149291992188 9.977052688598633 0.2
-18.462600708007812 11.255550384521484 10.068750381469727 0.2
-18.645700454711914 11.221248626708984 10.226251602172852 0.2
-18.743900299072266 11.062248229980469 10.374452590942383 0.2
-18.673999786376953 10.8365478515625 10.390050888061523 0.2
-18.569799423217773 10.653450012207031 10.267450332641602 0.2
-18.628299713134766 10.511749267578125 10.088449478149414 0.2
-18.854299545288086 10.465950012207031 10.015451431274414 0.2
-19.0585994720459 10.573150634765625 9.962549209594727 0.2
-19.05459976196289 10.80154800415039 9.903749465942383 0.2
-18.91160011291504 10.998847961425781 9.929849624633789 0.2
-18.844999313354492 11.156150817871094 10.092649459838867 0.2
-18.973499298095703 11.195247650146484 10.291250228881836 0.2
-19.187000274658203 11.144248962402344 10.398050308227539 0.2
-19.378599166870117 11.013347625732422 10.346952438354492 0.2
-19.388999938964844 10.846450805664062 10.173051834106445 0.2
-19.295400619506836 10.657947540283203 10.050752639770508 0.2
-19.229799270629883 10.44485092163086 10.130350112915039 0.2
-19.279800415039062 10.334949493408203 10.341352462768555 0.2
-19.230199813842773 10.38814926147461 10.566049575805664 0.2
-19.101299285888672 10.582149505615234 10.622751235961914 0.2
-19.02910041809082 10.810649871826172 10.570852279663086 0.2
-19.138700485229492 11.01865005493164 10.566751480102539 0.2
-19.35879898071289 11.06235122680664 10.661050796508789 0.2
-19.547500610351562 10.972248077392578 10.78645133972168 0.2
-19.580299377441406 10.752250671386719 10.866552352905273 0.2
-19.47719955444336 10.535850524902344 10.816152572631836 0.2
-19.429100036621094 10.35384750366211 10.665552139282227 0.2
-19.574100494384766 10.268749237060547 10.496652603149414 0.2
-19.79520034790039 10.320247650146484 10.410749435424805 0.2
-19.857398986816406 10.530147552490234 10.321149826049805 0.2
-19.73349952697754 10.740150451660156 10.335550308227539 0.2
-19.61400032043457 10.920047760009766 10.448049545288086 0.2
-19.68669891357422 11.028648376464844 10.646051406860352 0.2
-19.901899337768555 11.027050018310547 10.763849258422852 0.2
-20.131099700927734 10.949249267578125 10.750349044799805 0.2
-20.21139907836914 10.788349151611328 10.593851089477539 0.2
-20.13559913635254 10.606647491455078 10.444650650024414 0.2
-20.05579948425293 10.381050109863281 10.430849075317383 0.2
-20.105100631713867 10.21364974975586 10.596250534057617 0.2
-20.170400619506836 10.194747924804688 10.828248977661133 0.2
-20.072999954223633 10.33974838256836 10.989049911499023 0.2
-19.9468994140625 10.552047729492188 10.988752365112305 0.2
-19.931400299072266 10.790149688720703 10.954450607299805 0.2
-20.121299743652344 10.933849334716797 10.975149154663086 0.2
-20.354598999023438 10.916450500488281 11.052152633666992 0.2
-20.504899978637695 10.752250671386719 11.143251419067383 0.2
-20.461200714111328 10.513851165771484 11.149850845336914 0.2
-20.364299774169922 10.303447723388672 11.065149307250977 0.2
-20.394399642944336 10.164348602294922 10.872549057006836 0.2
-20.5851993560791 10.165451049804688 10.72144889831543 0.2
-20.699399948120117 10.333351135253906 10.596750259399414 0.2
-20.613300323486328 10.558849334716797 10.584749221801758 0.2
-20.473800659179688 10.740550994873047 10.680051803588867 0.2
-20.46780014038086 10.89725112915039 10.859651565551758 0.2
-20.66659927368164 10.950950622558594 10.989950180053711 0.2
-20.91119956970215 10.924549102783203 10.994150161743164 0.2
-21.05739974975586 10.801849365234375 10.851049423217773 0.2
-21.009300231933594 10.619247436523438 10.692949295043945 0.2
-20.922300338745117 10.403549194335938 10.614751815795898 0.2
-20.93739891052246 10.18764877319336 10.717248916625977 0.2
-21.079099655151367 10.114547729492188 10.90464973449707 0.2
-21.082300186157227 10.19675064086914 11.127851486206055 0.2
-20.95319938659668 10.388347625732422 11.207849502563477 0.2
-20.845699310302734 10.610248565673828 11.20155143737793 0.2
-20.93549919128418 10.828147888183594 11.170949935913086 0.2
-21.173099517822266 10.890449523925781 11.178750991821289 0.2
-21.398500442504883 10.806049346923828 11.222848892211914 0.2
-21.459400177001953 10.577449798583984 11.25935173034668 0.2
-21.37339973449707 10.346847534179688 11.229349136352539 0.2
-21.314699172973633 10.156047821044922 11.091951370239258 0.2
-21.41230010986328 10.107948303222656 10.87714958190918 0.2
-21.549299240112305 10.22235107421875 10.710752487182617 0.2
-21.49650001525879 10.447151184082031 10.648649215698242 0.2
-21.361299514770508 10.632148742675781 10.743852615356445 0.2
-21.296199798583984 10.80324935913086 10.905550003051758 0.2
-21.451099395751953 10.919849395751953 11.045949935913086 0.2
-21.69700050354004 10.94314956665039 11.045751571655273 0.2
-21.886899948120117 10.879249572753906 10.90934944152832 0.2
-21.877099990844727 10.70615005493164 10.739351272583008 0.2
-21.782800674438477 10.498649597167969 10.64055061340332 0.2
-21.771400451660156 10.25994873046875 10.675649642944336 0.2
-21.932600021362305 10.135948181152344 10.80674934387207 0.2
-22.06369972229004 10.168449401855469 11.005552291870117 0.2
-21.993799209594727 10.325847625732422 11.17445182800293 0.2
-21.850099563598633 10.522148132324219 11.224950790405273 0.2
-21.805599212646484 10.758251190185547 11.204252243041992 0.2
-21.982900619506836 10.911849975585938 11.143350601196289 0.2
-22.228099822998047 10.916248321533203 11.110952377319336 0.2
-22.40220069885254 10.75204849243164 11.121450424194336 0.2
-22.383298873901367 10.507247924804688 11.130552291870117 0.2
-22.30229949951172 10.280048370361328 11.077550888061523 0.2
-22.278499603271484 10.156349182128906 10.873651504516602 0.2
-22.37529945373535 10.210948944091797 10.653451919555664 0.2
-22.34980010986328 10.407550811767578 10.521249771118164 0.2
-22.22599983215332 10.604351043701172 10.596250534057617 0.2
-22.131500244140625 10.766849517822266 10.758050918579102 0.2
-22.21780014038086 10.931449890136719 10.907751083374023 0.2
-22.447799682617188 11.016250610351562 10.901151657104492 0.2
-22.6476993560791 11.017749786376953 10.75935173034668 0.2
-22.683500289916992 10.88425064086914 10.563852310180664 0.2
-22.592899322509766 10.67544937133789 10.465551376342773 0.2
-22.5492000579834 10.435550689697266 10.451051712036133 0.2
-22.693300247192383 10.262248992919922 10.531549453735352 0.2
-22.918800354003906 10.264450073242188 10.63075065612793 0.2
-22.9773006439209 10.385250091552734 10.82805061340332 0.2
-22.856800079345703 10.560050964355469 10.953851699829102 0.2
-22.73040008544922 10.766349792480469 10.999551773071289 0.2
-22.771900177001953 10.985149383544922 10.916349411010742 0.2
-22.968900680541992 11.073047637939453 10.796850204467773 0.2
-23.190898895263672 11.013450622558594 10.714750289916992 0.2
-23.28070068359375 10.79024887084961 10.716249465942383 0.2
-23.237600326538086 10.546150207519531 10.728452682495117 0.2
-23.156299591064453 10.348548889160156 10.616052627563477 0.2
-23.14029884338379 10.327049255371094 10.376550674438477 0.2
-23.113500595092773 10.471050262451172 10.185552597045898 0.2
-22.98309898376465 10.672950744628906 10.200952529907227 0.2
-22.893199920654297 10.829849243164062 10.370649337768555 0.2
-22.912899017333984 11.003547668457031 10.539152145385742 0.2
-23.10070037841797 11.154949188232422 10.542150497436523 0.2
-23.284299850463867 11.21725082397461 10.390050888061523 0.2
-23.347200393676758 11.15114974975586 10.168951034545898 0.2
-23.27400016784668 10.950248718261719 10.050649642944336 0.2
-23.206499099731445 10.713951110839844 10.024351119995117 0.2
-23.303800582885742 10.498649597167969 10.064249038696289 0.2
-23.544898986816406 10.461151123046875 10.079450607299805 0.2
-23.73200035095215 10.559349060058594 10.191350936889648 0.2
-23.703399658203125 10.71944808959961 10.369352340698242 0.2
-23.566999435424805 10.88814926147461 10.48845100402832 0.2
-23.482799530029297 11.110748291015625 10.473249435424805 0.2
-23.570199966430664 11.272048950195312 10.31505012512207 0.2
-23.747798919677734 11.306549072265625 10.148149490356445 0.2
-23.921600341796875 11.165847778320312 10.065752029418945 0.2
-23.959400177001953 10.925048828125 10.092752456665039 0.2
-23.909900665283203 10.685848236083984 10.084451675415039 0.2
-23.805999755859375 10.562950134277344 9.908750534057617 0.2
-23.742300033569336 10.633049011230469 9.682649612426758 0.2
-23.589099884033203 10.805747985839844 9.621850967407227 0.2
-23.49090003967285 10.971248626708984 9.771650314331055 0.2
-23.482398986816406 11.130950927734375 9.959249496459961 0.2
-23.608200073242188 11.325950622558594 10.00684928894043 0.2
-23.756000518798828 11.444950103759766 9.852350234985352 0.2
-23.824298858642578 11.450050354003906 9.619050979614258 0.2
-23.767398834228516 11.282051086425781 9.459051132202148 0.2
-23.693899154663086 11.047550201416016 9.435552597045898 0.2
-23.7460994720459 10.812950134277344 9.453851699829102 0.2
-23.967500686645508 10.725250244140625 9.438650131225586 0.2
-24.192298889160156 10.813949584960938 9.423952102661133 0.2
-24.285400390625 10.972949981689453 9.574350357055664 0.2
-24.192699432373047 11.124347686767578 9.743650436401367 0.2
-24.058399200439453 11.309349060058594 9.822549819946289 0.2
-24.018098831176758 11.50634765625 9.695550918579102 0.2
-24.10070037841797 11.601448059082031 9.484949111938477 0.2
-24.254499435424805 11.55904769897461 9.305952072143555 0.2
-24.37929916381836 11.356548309326172 9.279150009155273 0.2
-24.40329933166504 11.115348815917969 9.320051193237305 0.2
-24.30660057067871 10.90945053100586 9.252752304077148 0.2
-24.1742000579834 10.887248992919922 9.052251815795898 0.2
-24.008499145507812 11.004749298095703 8.926351547241211 0.2
-23.86590003967285 11.165748596191406 9.028249740600586 0.2
-23.848600387573242 11.315250396728516 9.222848892211914 0.2
-23.927000045776367 11.514949798583984 9.327550888061523 0.2
-24.03459930419922 11.689250946044922 9.204450607299805 0.2
-24.07830047607422 11.751548767089844 8.972452163696289 0.2
-24.029600143432617 11.652851104736328 8.762449264526367 0.2
-23.954599380493164 11.425750732421875 8.719850540161133 0.2
-23.96150016784668 11.183849334716797 8.742650985717773 0.2
-24.145898818969727 11.037250518798828 8.71674919128418 0.2
-24.355499267578125 11.088848114013672 8.608049392700195 0.2
-24.528200149536133 11.249149322509766 8.633249282836914 0.2
-24.53929901123047 11.409248352050781 8.811052322387695 0.2
-24.42930030822754 11.553947448730469 8.974149703979492 0.2
-24.294300079345703 11.74544906616211 8.960649490356445 0.2
-24.261899948120117 11.880847930908203 8.762849807739258 0.2
-24.314300537109375 11.915950775146484 8.528249740600586 0.2
-24.4552001953125 11.79425048828125 8.385149002075195 0.2
-24.562000274658203 11.576549530029297 8.404352188110352 0.2
-24.548200607299805 11.338249206542969 8.421152114868164 0.2
-24.383699417114258 11.20574951171875 8.315752029418945 0.2
-24.195798873901367 11.251850128173828 8.170049667358398 0.2
-24.001298904418945 11.37874984741211 8.210851669311523 0.2
-23.962099075317383 11.525348663330078 8.398252487182617 0.2
-24.028600692749023 11.702247619628906 8.548749923706055 0.2
-24.109600067138672 11.913948059082031 8.489252090454102 0.2
-24.11400032043457 12.022148132324219 8.272451400756836 0.2
-24.04640007019043 11.999950408935547 8.043649673461914 0.2
-23.951200485229492 11.805850982666016 7.949350357055664 0.2
-23.93709945678711 11.564949035644531 7.983549118041992 0.2
-24.071699142456055 11.372249603271484 7.966451644897461 0.2
-24.25909996032715 11.364849090576172 7.822549819946289 0.2
-24.41069984436035 11.506950378417969 7.700750350952148 0.2
-24.52519989013672 11.689647674560547 7.792749404907227 0.2
-24.499799728393555 11.824447631835938 7.992849349975586 0.2
-24.364700317382812 11.983047485351562 8.104349136352539 0.2
-24.226600646972656 12.136051177978516 7.988752365112305 0.2
-24.16699981689453 12.209449768066406 7.764951705932617 0.2
-24.21500015258789 12.170848846435547 7.536951065063477 0.2
-24.362600326538086 11.99945068359375 7.465951919555664 0.2
-24.447399139404297 11.77614974975586 7.501951217651367 0.2
-24.3351993560791 11.571647644042969 7.491052627563477 0.2
-24.117700576782227 11.536148071289062 7.396951675415039 0.2
-23.893400192260742 11.60894775390625 7.407651901245117 0.2
-23.811199188232422 11.74074935913086 7.585050582885742 0.2
-23.886098861694336 11.901748657226562 7.749551773071289 0.2
-23.961599349975586 12.122947692871094 7.745351791381836 0.2
-23.922300338745117 12.265750885009766 7.558050155639648 0.2
-23.81209945678711 12.289749145507812 7.344350814819336 0.2
-23.689498901367188 12.137748718261719 7.218751907348633 0.2
-23.66429901123047 11.900550842285156 7.25465202331543 0.2
-23.781599044799805 11.696548461914062 7.247049331665039 0.2
-23.947799682617188 11.667350769042969 7.085752487182617 0.2
-24.026899337768555 11.800251007080078 6.898651123046875 0.2
-24.143699645996094 11.99945068359375 6.8753509521484375 0.2
-24.203800201416016 12.147048950195312 7.053750991821289 0.2
-24.127199172973633 12.275947570800781 7.23735237121582 0.2
-23.93199920654297 12.404048919677734 7.226652145385742 0.2
-23.75149917602539 12.473548889160156 7.079351425170898 0.2
-23.671499252319336 12.472450256347656 6.858150482177734 0.2
-23.79010009765625 12.357349395751953 6.6943511962890625 0.2
-23.94569969177246 12.174549102783203 6.680450439453125 0.2
-23.919599533081055 11.946548461914062 6.709751129150391 0.2
-23.702299118041992 11.85384750366211 6.702951431274414 0.2
-23.466400146484375 11.869148254394531 6.742549896240234 0.2
-23.372699737548828 11.956249237060547 6.936651229858398 0.2
-23.45279884338379 12.101551055908203 7.110849380493164 0.2
-23.521499633789062 12.323749542236328 7.133352279663086 0.2
-23.44029998779297 12.485847473144531 6.985050201416016 0.2
-23.2716007232666 12.528450012207031 6.817251205444336 0.2
-23.105899810791016 12.413749694824219 6.7008514404296875 0.2
-23.093599319458008 12.17715072631836 6.7120513916015625 0.2
-23.220399856567383 11.978950500488281 6.691450119018555 0.2
-23.351600646972656 11.947650909423828 6.505149841308594 0.2
-23.364700317382812 12.071449279785156 6.297950744628906 0.2
-23.431798934936523 12.270549774169922 6.199451446533203 0.2
-23.533300399780273 12.437248229980469 6.329851150512695 0.2
-23.523099899291992 12.537651062011719 6.545051574707031 0.2
-23.33209991455078 12.630550384521484 6.632551193237305 0.2
-23.111499786376953 12.68014907836914 6.546649932861328 0.2
-22.94809913635254 12.70574951171875 6.375249862670898 0.2
-22.990999221801758 12.64284896850586 6.158750534057617 0.2
-23.16860008239746 12.507747650146484 6.073051452636719 0.2
-23.220199584960938 12.28274917602539 6.086750030517578 0.2
-23.043899536132812 12.136848449707031 6.131551742553711 0.2
-22.816699981689453 12.099349975585938 6.205650329589844 0.2
-22.723899841308594 12.132450103759766 6.412050247192383 0.2
-22.824600219726562 12.261348724365234 6.58595085144043 0.2
-22.89550018310547 12.480850219726562 6.625051498413086 0.2
-22.7716007232666 12.648849487304688 6.522651672363281 0.2
-22.55459976196289 12.686748504638672 6.423351287841797 0.2
-22.36009979248047 12.579547882080078 6.35004997253418 0.2
-22.35809898376465 12.34695053100586 6.333551406860352 0.2
-22.500699996948242 12.171947479248047 6.263450622558594 0.2
-22.56559944152832 12.157947540283203 6.043651580810547 0.2
-22.499500274658203 12.281749725341797 5.8446502685546875 0.2
-22.51650047302246 12.47964859008789 5.725551605224609 0.2
-22.641300201416016 12.651348114013672 5.821950912475586 0.2
-22.703800201416016 12.729351043701172 6.03795051574707 0.2
-22.55780029296875 12.780948638916016 6.204450607299805 0.2
-22.316699981689453 12.790451049804688 6.194450378417969 0.2
-22.09869956970215 12.804248809814453 6.092151641845703 0.2
-22.027000427246094 12.775749206542969 5.876350402832031 0.2
-22.171899795532227 12.696250915527344 5.706850051879883 0.2
-22.285900115966797 12.499248504638672 5.667449951171875 0.2
-22.171600341796875 12.312747955322266 5.7364501953125 0.2
-21.973800659179688 12.232749938964844 5.853750228881836 0.2
-21.90369987487793 12.208248138427734 6.071451187133789 0.2
-22.019800186157227 12.309749603271484 6.25105094909668 0.2
-22.11210060119629 12.517650604248047 6.3128509521484375 0.2
-21.996000289916992 12.708450317382812 6.262151718139648 0.2
-21.763099670410156 12.74435043334961 6.209150314331055 0.2
-21.542499542236328 12.663448333740234 6.180351257324219 0.2
-21.504098892211914 12.437950134277344 6.152950286865234 0.2
-21.633100509643555 12.254447937011719 6.071451187133789 0.2
-21.654399871826172 12.203948974609375 5.850650787353516 0.2
-21.52050018310547 12.295547485351562 5.672151565551758 0.2
-21.458900451660156 12.465747833251953 5.522850036621094 0.2
-21.571699142456055 12.667949676513672 5.530651092529297 0.2
-21.724699020385742 12.76894760131836 5.684551239013672 0.2
-21.72410011291504 12.818748474121094 5.910951614379883 0.2
-21.51599884033203 12.801048278808594 6.015850067138672 0.2
-21.275100708007812 12.80474853515625 5.99785041809082 0.2
-21.089799880981445 12.782550811767578 5.854949951171875 0.2
-21.1117000579834 12.705150604248047 5.636951446533203 0.2
-21.226900100708008 12.533451080322266 5.5301513671875 0.2
-21.180599212646484 12.320148468017578 5.60405158996582 0.2
-21.037799835205078 12.20895004272461 5.766351699829102 0.2
-21.01529884338379 12.179450988769531 5.994050979614258 0.2
-21.156299591064453 12.291248321533203 6.1477508544921875 0.2
-21.26140022277832 12.498950958251953 6.189550399780273 0.2
-21.149900436401367 12.694450378417969 6.154050827026367 0.2
-20.910900115966797 12.715850830078125 6.145351409912109 0.2
-20.68400001525879 12.656349182128906 6.188449859619141 0.2
-20.60650062561035 12.439849853515625 6.18385124206543 0.2
-20.72279930114746 12.248847961425781 6.098649978637695 0.2
-20.77199935913086 12.167949676513672 5.887950897216797 0.2
-20.628599166870117 12.22454833984375 5.707651138305664 0.2
-20.47599983215332 12.36404800415039 5.585750579833984 0.2
-20.512399673461914 12.589248657226562 5.552850723266602 0.2
-20.673999786376953 12.733047485351562 5.6551513671875 0.2
-20.73579978942871 12.797248840332031 5.871049880981445 0.2
-20.58009910583496 12.756149291992188 6.0368499755859375 0.2
-20.34779930114746 12.716548919677734 6.080751419067383 0.2
-20.113698959350586 12.708549499511719 6.035951614379883 0.2
-20.018600463867188 12.63895034790039 5.8381500244140625 0.2
-20.131399154663086 12.557849884033203 5.645151138305664 0.2
-20.25269889831543 12.365047454833984 5.616750717163086 0.2
-20.208200454711914 12.188148498535156 5.765451431274414 0.2
-20.123600006103516 12.093448638916016 5.970951080322266 0.2
-20.19879913330078 12.141651153564453 6.180850982666016 0.2
-20.33489990234375 12.329151153564453 6.241451263427734 0.2
-20.2992000579834 12.557647705078125 6.249851226806641 0.2
-20.079198837280273 12.626148223876953 6.292951583862305 0.2
-19.863500595092773 12.576648712158203 6.393650054931641 0.2
-19.743099212646484 12.386749267578125 6.450651168823242 0.2
-19.823200225830078 12.175849914550781 6.38435173034668 0.2
-19.891399383544922 12.055950164794922 6.193750381469727 0.2
-19.74250030517578 12.039348602294922 6.018150329589844 0.2
