24.937000274658203 -13.580852508544922 -0.2660484313964844 0.2
24.781999588012695 -13.717948913574219 -0.3842487335205078 0.2
24.64699935913086 -13.87554931640625 -0.2646484375 0.2
24.63640022277832 -14.006351470947266 -0.055248260498046875 0.2
24.730600357055664 -14.19635009765625 0.052150726318359375 0.2
24.841800689697266 -14.367650985717773 -0.0769500732421875 0.2
24.878299713134766 -14.44635009765625 -0.3067493438720703 0.2
24.815799713134766 -14.365550994873047 -0.5219497680664062 0.2
24.74220085144043 -14.139850616455078 -0.5753498077392578 0.2
24.756999969482422 -13.896049499511719 -0.5652484893798828 0.2
24.94029998779297 -13.753650665283203 -0.6178493499755859 0.2
25.141399383544922 -13.812751770019531 -0.7456493377685547 0.2
25.314800262451172 -13.969650268554688 -0.7082500457763672 0.2
25.318099975585938 -14.114850997924805 -0.5149497985839844 0.2
25.208600997924805 -14.252250671386719 -0.3430500030517578 0.2
25.081100463867188 -14.450651168823242 -0.360748291015625 0.2
25.064199447631836 -14.596050262451172 -0.5567493438720703 0.2
25.14590072631836 -14.64055061340332 -0.7823486328125 0.2
25.293899536132812 -14.504350662231445 -0.9084491729736328 0.2
25.370201110839844 -14.270151138305664 -0.8974494934082031 0.2
25.323999404907227 -14.03525161743164 -0.9229488372802734 0.2
25.16550064086914 -13.9510498046875 -1.0800495147705078 0.2
24.993101119995117 -14.038249969482422 -1.2295494079589844 0.2
24.819299697875977 -14.178951263427734 -1.149648666381836 0.2
24.797399520874023 -14.310951232910156 -0.9433498382568359 0.2
24.865699768066406 -14.486949920654297 -0.7917499542236328 0.2
24.95330047607422 -14.695650100708008 -0.8663482666015625 0.2
24.958499908447266 -14.813850402832031 -1.0818500518798828 0.2
24.880599975585938 -14.796649932861328 -1.3098487854003906 0.2
24.795499801635742 -14.591951370239258 -1.4005489349365234 0.2
24.795299530029297 -14.344951629638672 -1.387948989868164 0.2
24.93950080871582 -14.161050796508789 -1.4404487609863281 0.2
25.11479949951172 -14.17755126953125 -1.6042499542236328 0.2
25.276100158691406 -14.335651397705078 -1.6840496063232422 0.2
25.364200592041016 -14.503551483154297 -1.5380496978759766 0.2
25.31220054626465 -14.62244987487793 -1.3276500701904297 0.2
25.17500114440918 -14.790550231933594 -1.2281494140625 0.2
25.069900512695312 -14.960750579833984 -1.3641490936279297 0.2
25.06209945678711 -15.05255126953125 -1.5923500061035156 0.2
25.167301177978516 -14.993949890136719 -1.7975482940673828 0.2
25.284700393676758 -14.786149978637695 -1.8468494415283203 0.2
25.31260108947754 -14.542951583862305 -1.8490486145019531 0.2
25.16510009765625 -14.374351501464844 -1.9296493530273438 0.2
24.96630096435547 -14.403450012207031 -2.071249008178711 0.2
24.763099670410156 -14.519149780273438 -2.0327491760253906 0.2
24.72330093383789 -14.652151107788086 -1.8338489532470703 0.2
24.792499542236328 -14.804651260375977 -1.653249740600586 0.2
24.87150001525879 -15.028350830078125 -1.6610488891601562 0.2
24.852800369262695 -15.18494987487793 -1.848348617553711 0.2
24.749799728393555 -15.223751068115234 -2.0661487579345703 0.2
24.63050079345703 -15.063650131225586 -2.195249557495117 0.2
24.620399475097656 -14.81705093383789 -2.194049835205078 0.2
24.719900131225586 -14.599651336669922 -2.230649948120117 0.2
24.8794002532959 -14.55875015258789 -2.4022483825683594 0.2
24.987300872802734 -14.695951461791992 -2.574748992919922 0.2
25.121299743652344 -14.886449813842773 -2.528249740600586 0.2
25.145599365234375 -15.017250061035156 -2.322050094604492 0.2
25.063800811767578 -15.153850555419922 -2.138448715209961 0.2
24.902099609375 -15.32655143737793 -2.16204833984375 0.2
24.80109977722168 -15.442550659179688 -2.354249954223633 0.2
24.80620002746582 -15.452251434326172 -2.595449447631836 0.2
24.924699783325195 -15.290851593017578 -2.727649688720703 0.2
25.0177001953125 -15.062650680541992 -2.746549606323242 0.2
24.94110107421875 -14.837350845336914 -2.771648406982422 0.2
24.72249984741211 -14.781551361083984 -2.8570499420166016 0.2
24.496000289916992 -14.855751037597656 -2.8368492126464844 0.2
24.424699783325195 -14.979249954223633 -2.643749237060547 0.2
24.50860023498535 -15.123550415039062 -2.4607486724853516 0.2
24.589900970458984 -15.341850280761719 -2.408548355102539 0.2
24.542400360107422 -15.532350540161133 -2.550748825073242 0.2
24.39940071105957 -15.606151580810547 -2.7366485595703125 0.2
24.237600326538086 -15.4947509765625 -2.871549606323242 0.2
24.214099884033203 -15.253150939941406 -2.8929500579833984 0.2
24.295801162719727 -15.023050308227539 -2.919248580932617 0.2
24.433900833129883 -14.928050994873047 -3.088449478149414 0.2
24.477500915527344 -15.03125 -3.307149887084961 0.2
24.57539939880371 -15.236650466918945 -3.376049041748047 0.2
24.66320037841797 -15.398651123046875 -3.2189483642578125 0.2
24.663400650024414 -15.516050338745117 -3.002349853515625 0.2
24.511499404907227 -15.668350219726562 -2.9022483825683594 0.2
24.330699920654297 -15.790250778198242 -3.0135498046875 0.2
24.22480010986328 -15.840049743652344 -3.2278499603271484 0.2
24.280399322509766 -15.739950180053711 -3.4359493255615234 0.2
24.40570068359375 -15.539751052856445 -3.507648468017578 0.2
24.42840003967285 -15.300149917602539 -3.5268497467041016 0.2
24.24020004272461 -15.154850006103516 -3.5451488494873047 0.2
23.996601104736328 -15.174951553344727 -3.528949737548828 0.2
23.88960075378418 -15.26715087890625 -3.337249755859375 0.2
23.973100662231445 -15.40985107421875 -3.1547489166259766 0.2
24.070899963378906 -15.612251281738281 -3.0629501342773438 0.2
24.023300170898438 -15.832151412963867 -3.1433486938476562 0.2
23.847000122070312 -15.930749893188477 -3.2839488983154297 0.2
23.642900466918945 -15.871551513671875 -3.399148941040039 0.2
23.583499908447266 -15.64255142211914 -3.4382495880126953 0.2
23.662200927734375 -15.408750534057617 -3.4619483947753906 0.2
23.77899932861328 -15.267250061035156 -3.616748809814453 0.2
23.788000106811523 -15.320051193237305 -3.850648880004883 0.2
23.78849983215332 -15.512451171875 -3.9949493408203125 0.2
23.89299964904785 -15.718351364135742 -3.9306488037109375 0.2
23.967500686645508 -15.842350006103516 -3.729848861694336 0.2
23.900100708007812 -15.970050811767578 -3.538949966430664 0.2
23.686599731445312 -16.084251403808594 -3.530550003051758 0.2
23.490400314331055 -16.144550323486328 -3.6665496826171875 0.2
23.43000030517578 -16.09735107421875 -3.891550064086914 0.2
23.537200927734375 -15.93494987487793 -4.039148330688477 0.2
23.63360023498535 -15.717849731445312 -4.099948883056641 0.2
23.54010009765625 -15.499950408935547 -4.0780487060546875 0.2
23.30579948425293 -15.445051193237305 -4.0267486572265625 0.2
23.17169952392578 -15.490751266479492 -3.836050033569336 0.2
23.24570083618164 -15.628551483154297 -3.6500492095947266 0.2
23.36680030822754 -15.81825065612793 -3.5492496490478516 0.2
23.33799934387207 -16.05364990234375 -3.5693492889404297 0.2
23.13990020751953 -16.17275047302246 -3.6499500274658203 0.2
22.904600143432617 -16.147451400756836 -3.7112483978271484 0.2
22.791601181030273 -15.940549850463867 -3.741849899291992 0.2
22.868600845336914 -15.708749771118164 -3.778949737548828 0.2
22.973899841308594 -15.534551620483398 -3.9106483459472656 0.2
22.961599349975586 -15.52975082397461 -4.147850036621094 0.2
22.849300384521484 -15.674449920654297 -4.312049865722656 0.2
22.8927001953125 -15.906450271606445 -4.3439483642578125 0.2
23.01300048828125 -16.06785011291504 -4.203248977661133 0.2
23.058300018310547 -16.192150115966797 -3.9986495971679688 0.2
22.893400192260742 -16.29145050048828 -3.8579483032226562 0.2
22.652700424194336 -16.33915138244629 -3.880949020385742 0.2
22.46980094909668 -16.319650650024414 -4.037649154663086 0.2
22.493499755859375 -16.196149826049805 -4.24224853515625 0.2
22.611900329589844 -16.018951416015625 -4.368249893188477 0.2
22.630300521850586 -15.780250549316406 -4.3764495849609375 0.2
22.461400985717773 -15.636550903320312 -4.282049179077148 0.2
22.315401077270508 -15.628049850463867 -4.091949462890625 0.2
22.3700008392334 -15.740850448608398 -3.8866500854492188 0.2
22.5039005279541 -15.92864990234375 -3.79534912109375 0.2
22.5221004486084 -16.16655158996582 -3.774648666381836 0.2
22.3302001953125 -16.313251495361328 -3.7962493896484375 0.2
22.083999633789062 -16.312150955200195 -3.7974491119384766 0.2
21.922100067138672 -16.137149810791016 -3.788349151611328 0.2
21.970600128173828 -15.902351379394531 -3.8315486907958984 0.2
22.078001022338867 -15.713750839233398 -3.948049545288086 0.2
22.072599411010742 -15.647649765014648 -4.176849365234375 0.2
21.901899337768555 -15.728450775146484 -4.333549499511719 0.2
21.82590103149414 -15.941551208496094 -4.409248352050781 0.2
21.930200576782227 -16.15005111694336 -4.344249725341797 0.2
22.052600860595703 -16.292850494384766 -4.184349060058594 0.2
21.999900817871094 -16.392351150512695 -3.9749488830566406 0.2
21.776500701904297 -16.423351287841797 -3.879749298095703 0.2
21.536300659179688 -16.401451110839844 -3.9205493927001953 0.2
21.437299728393555 -16.30215072631836 -4.112148284912109 0.2
21.52050018310547 -16.158050537109375 -4.2944488525390625 0.2
21.60810089111328 -15.949750900268555 -4.381549835205078 0.2
21.553699493408203 -15.738250732421875 -4.286548614501953 0.2
21.423500061035156 -15.663949966430664 -4.092048645019531 0.2
21.468299865722656 -15.732049942016602 -3.867948532104492 0.2
21.59709930419922 -15.921751022338867 -3.778348922729492 0.2
21.65220069885254 -16.157150268554688 -3.748350143432617 0.2
21.49370002746582 -16.333850860595703 -3.720449447631836 0.2
21.256000518798828 -16.341449737548828 -3.656648635864258 0.2
21.074100494384766 -16.198150634765625 -3.5857486724853516 0.2
21.088899612426758 -15.960350036621094 -3.6081485748291016 0.2
21.201099395751953 -15.773151397705078 -3.7259483337402344 0.2
21.209300994873047 -15.658050537109375 -3.936849594116211 0.2
21.023399353027344 -15.668050765991211 -4.087249755859375 0.2
20.83570098876953 -15.812049865722656 -4.135049819946289 0.2
20.850900650024414 -16.051250457763672 -4.133049011230469 0.2
20.993200302124023 -16.231550216674805 -4.041149139404297 0.2
21.06369972229004 -16.357250213623047 -3.849149703979492 0.2
20.925899505615234 -16.380250930786133 -3.651548385620117 0.2
20.699600219726562 -16.335451126098633 -3.5649490356445312 0.2
20.506500244140625 -16.232351303100586 -3.657848358154297 0.2
20.502300262451172 -16.104949951171875 -3.865449905395508 0.2
20.587400436401367 -15.943950653076172 -4.0303497314453125 0.2
20.646699905395508 -15.714750289916992 -4.007049560546875 0.2
20.588899612426758 -15.574150085449219 -3.8140487670898438 0.2
20.636301040649414 -15.585451126098633 -3.5811500549316406 0.2
20.7637996673584 -15.765350341796875 -3.480548858642578 0.2
20.83690071105957 -16.000751495361328 -3.465648651123047 0.2
20.7268009185791 -16.204450607299805 -3.4101486206054688 0.2
20.51569938659668 -16.226951599121094 -3.2890491485595703 0.2
20.34980010986328 -16.107450485229492 -3.1545486450195312 0.2
20.33570098876953 -15.87244987487793 -3.1221485137939453 0.2
20.436500549316406 -15.685550689697266 -3.2472496032714844 0.2
20.470699310302734 -15.547050476074219 -3.443849563598633 0.2
20.297399520874023 -15.494050979614258 -3.5968494415283203 0.2
20.056499481201172 -15.541950225830078 -3.587148666381836 0.2
19.948699951171875 -15.754251480102539 -3.584949493408203 0.2
20.045900344848633 -15.976551055908203 -3.553049087524414 0.2
20.179901123046875 -16.145151138305664 -3.4383487701416016 0.2
20.175500869750977 -16.1960506439209 -3.2061500549316406 0.2
20.022600173950195 -16.136350631713867 -3.0225486755371094 0.2
19.81879997253418 -16.015850067138672 -2.9731483459472656 0.2
19.711400985717773 -15.880651473999023 -3.138448715209961 0.2
19.739700317382812 -15.755950927734375 -3.3500499725341797 0.2
19.836299896240234 -15.555150985717773 -3.437349319458008 0.2
19.88719940185547 -15.367851257324219 -3.295848846435547 0.2
19.960100173950195 -15.321250915527344 -3.071949005126953 0.2
20.104000091552734 -15.470951080322266 -2.9520492553710938 0.2
20.170000076293945 -15.709449768066406 -2.949850082397461 0.2
20.107099533081055 -15.935150146484375 -2.8993492126464844 0.2
19.936599731445312 -15.987251281738281 -2.736349105834961 0.2
19.810199737548828 -15.886051177978516 -2.551248550415039 0.2
19.800100326538086 -15.668651580810547 -2.4530487060546875 0.2
19.88599967956543 -15.469850540161133 -2.560850143432617 0.2
19.933500289916992 -15.330249786376953 -2.7579498291015625 0.2
19.793500900268555 -15.22555160522461 -2.9189491271972656 0.2
19.557199478149414 -15.185649871826172 -2.874248504638672 0.2
19.365800857543945 -15.307950973510742 -2.801149368286133 0.2
19.364200592041016 -15.548151016235352 -2.791248321533203 0.2
19.488201141357422 -15.759450912475586 -2.762849807739258 0.2
19.591699600219727 -15.873750686645508 -2.5826492309570312 0.2
19.5531005859375 -15.82765007019043 -2.3465499877929688 0.2
19.421600341796875 -15.698650360107422 -2.1853485107421875 0.2
19.260499954223633 -15.530950546264648 -2.2302494049072266 0.2
19.209800720214844 -15.405750274658203 -2.4353485107421875 0.2
19.266300201416016 -15.249351501464844 -2.6109485626220703 0.2
19.399600982666016 -15.056251525878906 -2.575349807739258 0.2
19.513099670410156 -14.960149765014648 -2.3804492950439453 0.2
19.68400001525879 -15.066150665283203 -2.2539501190185547 0.2
19.748300552368164 -15.302051544189453 -2.2507495880126953 0.2
19.70549964904785 -15.540451049804688 -2.2277488708496094 0.2
19.574800491333008 -15.641851425170898 -2.057249069213867 0.2
19.494300842285156 -15.561750411987305 -1.8396492004394531 0.2
19.50659942626953 -15.377250671386719 -1.6835498809814453 0.2
19.598899841308594 -15.16655158996582 -1.7426490783691406 0.2
19.649799346923828 -15.027950286865234 -1.9405498504638672 0.2
19.549400329589844 -14.892749786376953 -2.1109485626220703 0.2
19.33810043334961 -14.788150787353516 -2.075948715209961 0.2
19.1471004486084 -14.806051254272461 -1.9295482635498047 0.2
19.04010009765625 -15.012451171875 -1.8792495727539062 0.2
19.101200103759766 -15.250450134277344 -1.8940486907958984 0.2
19.232799530029297 -15.431550979614258 -1.8092498779296875 0.2
19.306900024414062 -15.43545150756836 -1.5808486938476562 0.2
19.27869987487793 -15.316850662231445 -1.3676490783691406 0.2
19.15559959411621 -15.12955093383789 -1.287649154663086 0.2
19.039400100708008 -14.974550247192383 -1.4311485290527344 0.2
19.02320098876953 -14.84375 -1.6371498107910156 0.2
19.161500930786133 -14.671951293945312 -1.7235488891601562 0.2
19.329700469970703 -14.549551010131836 -1.5950489044189453 0.2
19.524900436401367 -14.604450225830078 -1.4725494384765625 0.2
19.60810089111328 -14.829450607299805 -1.4637489318847656 0.2
19.561599731445312 -15.070951461791992 -1.465250015258789 0.2
19.457700729370117 -15.216449737548828 -1.3105487823486328 0.2
19.421199798583984 -15.168951034545898 -1.074850082397461 0.2
19.471500396728516 -15.018350601196289 -0.8894500732421875 0.2
19.585899353027344 -14.811151504516602 -0.8922500610351562 0.2
19.633501052856445 -14.66604995727539 -1.0832500457763672 0.2
19.56130027770996 -14.528249740600586 -1.2680492401123047 0.2
19.376501083374023 -14.381851196289062 -1.2555484771728516 0.2
19.232099533081055 -14.316949844360352 -1.068948745727539 0.2
19.082599639892578 -14.450651168823242 -0.9432487487792969 0.2
19.063400268554688 -14.692451477050781 -0.9499492645263672 0.2
19.159900665283203 -14.91455078125 -0.9397487640380859 0.2
19.306100845336914 -14.992250442504883 -0.7710494995117188 0.2
19.371999740600586 -14.903850555419922 -0.5523490905761719 0.2
19.337900161743164 -14.725749969482422 -0.3930492401123047 0.2
19.204700469970703 -14.536251068115234 -0.44264984130859375 0.2
19.117300033569336 -14.407751083374023 -0.6330490112304688 0.2
19.194499969482422 -14.255451202392578 -0.7986488342285156 0.2
19.39229965209961 -14.124950408935547 -0.7673492431640625 0.2
19.607200622558594 -14.133350372314453 -0.6623497009277344 0.2
19.733301162719727 -14.334650039672852 -0.6514492034912109 0.2
19.68560028076172 -14.575550079345703 -0.6632499694824219 0.2
19.59000015258789 -14.758150100708008 -0.5447483062744141 0.2
19.578500747680664 -14.758251190185547 -0.30484962463378906 0.2
19.661500930786133 -14.64175033569336 -0.106048583984375 0.2
19.801599502563477 -14.454851150512695 -0.06144905090332031 0.2
19.862199783325195 -14.294050216674805 -0.2290496826171875 0.2
19.801000595092773 -14.160951614379883 -0.42404937744140625 0.2
19.636199951171875 -13.993249893188477 -0.4478492736816406 0.2
19.53420066833496 -13.877750396728516 -0.2594490051269531 0.2
19.41309928894043 -13.93014907836914 -0.06244850158691406 0.2
19.329500198364258 -14.150350570678711 -0.023149490356445312 0.2
19.36250114440918 -14.390750885009766 -0.05594825744628906 0.2
19.520599365234375 -14.541351318359375 0.032550811767578125 0.2
19.66360092163086 -14.504150390625 0.22565078735351562 0.2
19.724000930786133 -14.356950759887695 0.4100513458251953 0.2
19.638200759887695 -14.142749786376953 0.45675086975097656 0.2
19.508501052856445 -13.990751266479492 0.3160514831542969 0.2
19.499900817871094 -13.84994888305664 0.122650146484375 0.2
19.687999725341797 -13.726150512695312 0.05065155029296875 0.2
19.922901153564453 -13.705249786376953 0.11334991455078125 0.2
20.081100463867188 -13.88064956665039 0.10885047912597656 0.2
20.040800094604492 -14.120050430297852 0.09625053405761719 0.2
19.94099998474121 -14.319551467895508 0.18634986877441406 0.2
19.940000534057617 -14.37295150756836 0.417449951171875 0.2
20.06060028076172 -14.29384994506836 0.6149501800537109 0.2
20.23310089111328 -14.143951416015625 0.689849853515625 0.2
20.323299407958984 -13.978151321411133 0.5469512939453125 0.2
20.267601013183594 -13.84695053100586 0.3469505310058594 0.2
20.125900268554688 -13.665550231933594 0.28785133361816406 0.2
20.051300048828125 -13.50885009765625 0.4513511657714844 0.2
20.00029945373535 -13.490951538085938 0.6847515106201172 0.2
19.88680076599121 -13.661949157714844 0.8033504486083984 0.2
19.84779930114746 -13.902351379394531 0.7741508483886719 0.2
19.95479965209961 -14.113550186157227 0.7865505218505859 0.2
20.1476993560791 -14.148250579833984 0.9256515502929688 0.2
20.291200637817383 -14.046051025390625 1.0953502655029297 0.2
20.300100326538086 -13.836250305175781 1.204050064086914 0.2
20.172300338745117 -13.643951416015625 1.1355514526367188 0.2
20.0885009765625 -13.49795150756836 0.9607505798339844 0.2
20.212900161743164 -13.379852294921875 0.7985515594482422 0.2
20.454500198364258 -13.344348907470703 0.7931499481201172 0.2
20.642499923706055 -13.485252380371094 0.7733516693115234 0.2
20.621400833129883 -13.723651885986328 0.7566509246826172 0.2
20.506000518798828 -13.92864990234375 0.8228511810302734 0.2
20.491199493408203 -14.030950546264648 1.03485107421875 0.2
20.631999969482422 -13.992351531982422 1.2293510437011719 0.2
20.831501007080078 -13.884952545166016 1.3176498413085938 0.2
20.969900131225586 -13.729148864746094 1.207550048828125 0.2
20.92620086669922 -13.592849731445312 1.0093517303466797 0.2
20.80150032043457 -13.416149139404297 0.9058513641357422 0.2
20.73430061340332 -13.224750518798828 1.0261516571044922 0.2
20.76099967956543 -13.147048950195312 1.2561511993408203 0.2
20.676000595092773 -13.248550415039062 1.4513511657714844 0.2
20.579999923706055 -13.47024917602539 1.4745502471923828 0.2
20.598899841308594 -13.70895004272461 1.4519500732421875 0.2
20.79050064086914 -13.831748962402344 1.516550064086914 0.2
20.994600296020508 -13.784149169921875 1.642751693725586 0.2
21.113201141357422 -13.61355209350586 1.7630500793457031 0.2
21.037200927734375 -13.388851165771484 1.7676506042480469 0.2
20.905099868774414 -13.222652435302734 1.645050048828125 0.2
20.931100845336914 -13.09585189819336 1.446451187133789 0.2
21.144100189208984 -13.05295181274414 1.3448505401611328 0.2
21.348800659179688 -13.161048889160156 1.2892513275146484 0.2
21.35770034790039 -13.395950317382812 1.254150390625 0.2
21.231800079345703 -13.597251892089844 1.3170509338378906 0.2
21.189701080322266 -13.737350463867188 1.5030498504638672 0.2
21.34160041809082 -13.749752044677734 1.6892509460449219 0.2
21.564800262451172 -13.687252044677734 1.7669506072998047 0.2
21.745399475097656 -13.563949584960938 1.6756515502929688 0.2
21.726600646972656 -13.41855239868164 1.484750747680664 0.2
21.606599807739258 -13.248249053955078 1.3594512939453125 0.2
21.539600372314453 -13.032852172851562 1.4295501708984375 0.2
21.625600814819336 -12.914852142333984 1.6246509552001953 0.2
21.6343994140625 -12.94955062866211 1.8582515716552734 0.2
21.52280044555664 -13.134052276611328 1.9616508483886719 0.2
21.44969940185547 -13.366851806640625 1.9479503631591797 0.2
21.575000762939453 -13.565750122070312 1.9442501068115234 0.2
21.810400009155273 -13.592849731445312 1.9996509552001953 0.2
22.015501022338867 -13.486549377441406 2.074951171875 0.2
22.046600341796875 -13.257949829101562 2.122150421142578 0.2
21.916900634765625 -13.057048797607422 2.0699501037597656 0.2
21.845500946044922 -12.905052185058594 1.9006500244140625 0.2
21.979000091552734 -12.856151580810547 1.7102508544921875 0.2
22.17140007019043 -12.941749572753906 1.5901508331298828 0.2
22.1830997467041 -13.166351318359375 1.518850326538086 0.2
22.05630111694336 -13.362350463867188 1.5899505615234375 0.2
21.99410057067871 -13.517349243164062 1.7619514465332031 0.2
22.146499633789062 -13.589851379394531 1.9291515350341797 0.2
22.38840103149414 -13.579750061035156 1.9636516571044922 0.2
22.59200096130371 -13.509349822998047 1.857950210571289 0.2
22.593299865722656 -13.365249633789062 1.6686515808105469 0.2
22.47010040283203 -13.187850952148438 1.5518512725830078 0.2
22.4197998046875 -12.958450317382812 1.5889511108398438 0.2
22.554000854492188 -12.817249298095703 1.7277507781982422 0.2
22.68869972229004 -12.821052551269531 1.9250507354736328 0.2
22.63599967956543 -12.960552215576172 2.1094512939453125 0.2
22.505001068115234 -13.162551879882812 2.156351089477539 0.2
22.506200790405273 -13.396949768066406 2.123750686645508 0.2
22.71030044555664 -13.516151428222656 2.0786514282226562 0.2
22.952899932861328 -13.495750427246094 2.054250717163086 0.2
23.10540008544922 -13.316150665283203 2.0704517364501953 0.2
23.049400329589844 -13.08115005493164 2.0842514038085938 0.2
22.9320011138916 -12.88595199584961 2.0027503967285156 0.2
22.925800323486328 -12.804851531982422 1.7804508209228516 0.2
23.046100616455078 -12.871849060058594 1.5787506103515625 0.2
23.037700653076172 -13.073951721191406 1.4583511352539062 0.2
22.919200897216797 -13.268051147460938 1.5384502410888672 0.2
22.851299285888672 -13.418251037597656 1.7186508178710938 0.2
22.988800048828125 -13.548648834228516 1.8596515655517578 0.2
23.22249984741211 -13.609352111816406 1.8277511596679688 0.2
23.41029930114746 -13.60675048828125 1.6737499237060547 0.2
23.422399520874023 -13.48855209350586 1.4692516326904297 0.2
23.297399520874023 -13.298149108886719 1.3776512145996094 0.2
23.24690055847168 -13.06405258178711 1.3871517181396484 0.2
23.40719985961914 -12.902050018310547 1.4522514343261719 0.2
23.636499404907227 -12.899848937988281 1.5350513458251953 0.2
23.705900192260742 -13.006752014160156 1.7337512969970703 0.2
23.590600967407227 -13.171649932861328 1.8717498779296875 0.2
23.487199783325195 -13.38705062866211 1.9018516540527344 0.2
23.57159996032715 -13.585651397705078 1.8039512634277344 0.2
23.7721004486084 -13.650150299072266 1.6785507202148438 0.2
23.979999542236328 -13.564350128173828 1.5945510864257812 0.2
24.03619956970215 -13.332252502441406 1.6030502319335938 0.2
23.95599937438965 -13.100250244140625 1.6047515869140625 0.2
23.854999542236328 -12.954151153564453 1.4468517303466797 0.2
23.863201141357422 -12.982452392578125 1.2073516845703125 0.2
23.82509994506836 -13.15195083618164 1.0451507568359375 0.2
23.699899673461914 -13.346752166748047 1.103851318359375 0.2
23.632400512695312 -13.484550476074219 1.2967510223388672 0.2
23.722200393676758 -13.642749786376953 1.4483509063720703 0.2
23.9242000579834 -13.764450073242188 1.3966503143310547 0.2
24.082700729370117 -13.815650939941406 1.217050552368164 0.2
24.10449981689453 -13.74435043334961 0.9915504455566406 0.2
24.00010108947754 -13.5489501953125 0.8924503326416016 0.2
23.94059944152832 -13.312850952148438 0.890350341796875 0.2
24.08329963684082 -13.12445068359375 0.9139499664306641 0.2
24.327499389648438 -13.116649627685547 0.8971500396728516 0.2
24.499500274658203 -13.216751098632812 1.0243511199951172 0.2
24.454099655151367 -13.362751007080078 1.2108516693115234 0.2
24.321199417114258 -13.53485107421875 1.3236503601074219 0.2
24.27950096130371 -13.759052276611328 1.2634506225585938 0.2
24.39419937133789 -13.889850616455078 1.0919513702392578 0.2
24.574199676513672 -13.894851684570312 0.9282512664794922 0.2
24.718000411987305 -13.71554946899414 0.8708515167236328 0.2
24.714200973510742 -13.471351623535156 0.8987503051757812 0.2
24.61840057373047 -13.260749816894531 0.8360500335693359 0.2
24.528900146484375 -13.218452453613281 0.6189498901367188 0.2
24.46299934387207 -13.340351104736328 0.41915130615234375 0.2
24.314300537109375 -13.524051666259766 0.43325042724609375 0.2
24.24410057067871 -13.662651062011719 0.6231498718261719 0.2
24.2903995513916 -13.820449829101562 0.7993507385253906 0.2
24.451799392700195 -13.993551254272461 0.7746505737304688 0.2
24.57390022277832 -14.090351104736328 0.5852508544921875 0.2
24.595500946044922 -14.077150344848633 0.3453502655029297 0.2
24.508501052856445 -13.89535140991211 0.2165508270263672 0.2
24.44420051574707 -13.657150268554688 0.21285057067871094 0.2
24.552499771118164 -13.444149017333984 0.2156505584716797 0.2
24.779699325561523 -13.409950256347656 0.1441516876220703 0.2
24.993200302124023 -13.516349792480469 0.15665054321289062 0.2
25.044700622558594 -13.665149688720703 0.33625030517578125 0.2
24.938199996948242 -13.806949615478516 0.50775146484375 0.2
24.817699432373047 -14.009450912475586 0.5401515960693359 0.2
24.822799682617188 -14.185649871826172 0.3746509552001953 0.2
24.927200317382812 -14.256851196289062 0.16415023803710938 0.2
25.090299606323242 -14.15985107421875 0.021650314331054688 0.2
25.169300079345703 -13.929550170898438 0.02465057373046875 0.2
25.1382999420166 -13.687850952148438 0.02645111083984375 0.2
25.0044002532959 -13.555252075195312 -0.11854934692382812 0.2
