25.169599533081055 -7.580852508544922 -2.9249496459960938 0.2
25.043500900268555 -7.7651519775390625 -3.016448974609375 0.2
24.958999633789062 -7.953350067138672 -2.877948760986328 0.2
24.96540069580078 -8.128250122070312 -2.6976490020751953 0.2
25.115400314331055 -8.314750671386719 -2.6658496856689453 0.2
25.242401123046875 -8.425552368164062 -2.8494491577148438 0.2
25.250999450683594 -8.446651458740234 -3.0968494415283203 0.2
25.145000457763672 -8.290550231933594 -3.2485485076904297 0.2
25.083200454711914 -8.046550750732422 -3.2354488372802734 0.2
25.130599975585938 -7.803749084472656 -3.2183494567871094 0.2
25.31960105895996 -7.696651458740234 -3.3268489837646484 0.2
25.497699737548828 -7.7801513671875 -3.478748321533203 0.2
25.645999908447266 -7.958549499511719 -3.4090499877929688 0.2
25.625999450683594 -8.130950927734375 -3.2273483276367188 0.2
25.53030014038086 -8.32455062866211 -3.104349136352539 0.2
25.43280029296875 -8.516551971435547 -3.2179489135742188 0.2
25.4635009765625 -8.611148834228516 -3.448749542236328 0.2
25.605899810791016 -8.57175064086914 -3.6447486877441406 0.2
25.712100982666016 -8.354251861572266 -3.6836490631103516 0.2
25.708600997924805 -8.103950500488281 -3.6482486724853516 0.2
25.596599578857422 -7.896549224853516 -3.7130489349365234 0.2
25.48509979248047 -7.884952545166016 -3.934049606323242 0.2
25.35219955444336 -8.029048919677734 -4.081348419189453 0.2
25.235599517822266 -8.217449188232422 -3.975648880004883 0.2
25.232799530029297 -8.383552551269531 -3.7837486267089844 0.2
25.33370018005371 -8.586551666259766 -3.690549850463867 0.2
25.44219970703125 -8.750049591064453 -3.8391494750976562 0.2
25.42799949645996 -8.820850372314453 -4.079948425292969 0.2
25.30350112915039 -8.726852416992188 -4.268148422241211 0.2
25.243600845336914 -8.484851837158203 -4.28594970703125 0.2
25.27050018310547 -8.234550476074219 -4.264549255371094 0.2
25.425199508666992 -8.074649810791016 -4.365049362182617 0.2
25.542800903320312 -8.120250701904297 -4.581048965454102 0.2
25.695100784301758 -8.298149108886719 -4.645648956298828 0.2
25.752901077270508 -8.483951568603516 -4.4902496337890625 0.2
25.714900970458984 -8.65195083618164 -4.304349899291992 0.2
25.573400497436523 -8.846450805664062 -4.268449783325195 0.2
25.48110008239746 -8.980949401855469 -4.458049774169922 0.2
25.515100479125977 -9.02655029296875 -4.702548980712891 0.2
25.646800994873047 -8.885650634765625 -4.850849151611328 0.2
25.710399627685547 -8.64065170288086 -4.848049163818359 0.2
25.680500030517578 -8.39215087890625 -4.8493499755859375 0.2
25.51289939880371 -8.273551940917969 -4.980548858642578 0.2
25.353300094604492 -8.358150482177734 -5.154949188232422 0.2
25.185400009155273 -8.526351928710938 -5.101049423217773 0.2
25.17799949645996 -8.692951202392578 -4.911149978637695 0.2
25.244400024414062 -8.881149291992188 -4.758150100708008 0.2
25.33930015563965 -9.093952178955078 -4.8327484130859375 0.2
25.305400848388672 -9.211151123046875 -5.052848815917969 0.2
25.159799575805664 -9.192649841308594 -5.252248764038086 0.2
25.059600830078125 -8.977352142333984 -5.31614875793457 0.2
25.087800979614258 -8.724651336669922 -5.302249908447266 0.2
25.200599670410156 -8.514949798583984 -5.371950149536133 0.2
25.29360008239746 -8.499649047851562 -5.5993499755859375 0.2
25.35650062561035 -8.654949188232422 -5.784149169921875 0.2
25.468599319458008 -8.86355209350586 -5.720649719238281 0.2
25.497699737548828 -9.02614974975586 -5.527448654174805 0.2
25.419700622558594 -9.201251983642578 -5.370449066162109 0.2
25.238500595092773 -9.355850219726562 -5.431049346923828 0.2
25.146100997924805 -9.445152282714844 -5.649049758911133 0.2
25.197999954223633 -9.40475082397461 -5.8858489990234375 0.2
25.30030059814453 -9.19095230102539 -5.964748382568359 0.2
25.352399826049805 -8.942852020263672 -5.96714973449707 0.2
25.233699798583984 -8.732349395751953 -6.009248733520508 0.2
25.025400161743164 -8.729949951171875 -6.146749496459961 0.2
24.81570053100586 -8.853950500488281 -6.132749557495117 0.2
24.778200149536133 -9.01755142211914 -5.947849273681641 0.2
24.84980010986328 -9.188751220703125 -5.77294921875 0.2
24.935199737548828 -9.41775131225586 -5.752849578857422 0.2
24.887500762939453 -9.585750579833984 -5.9306488037109375 0.2
24.717199325561523 -9.630851745605469 -6.111749649047852 0.2
24.550899505615234 -9.47195053100586 -6.195249557495117 0.2
24.566699981689453 -9.219249725341797 -6.207448959350586 0.2
24.653499603271484 -8.985252380371094 -6.252849578857422 0.2
24.744300842285156 -8.891349792480469 -6.459848403930664 0.2
24.70170021057129 -8.991352081298828 -6.689249038696289 0.2
24.768400192260742 -9.213050842285156 -6.764148712158203 0.2
24.856300354003906 -9.398052215576172 -6.617849349975586 0.2
24.885900497436523 -9.556549072265625 -6.423149108886719 0.2
24.729900360107422 -9.711151123046875 -6.315849304199219 0.2
24.52899932861328 -9.812549591064453 -6.427249908447266 0.2
24.430601119995117 -9.847949981689453 -6.653749465942383 0.2
24.495201110839844 -9.71044921875 -6.84644889831543 0.2
24.589500427246094 -9.480449676513672 -6.898550033569336 0.2
24.592300415039062 -9.230949401855469 -6.915748596191406 0.2
24.386899948120117 -9.10354995727539 -6.954349517822266 0.2
24.1427001953125 -9.1656494140625 -6.97504997253418 0.2
24.040800094604492 -9.30215072631836 -6.79844856262207 0.2
24.119800567626953 -9.471549987792969 -6.624948501586914 0.2
24.217199325561523 -9.682350158691406 -6.52964973449707 0.2
24.19499969482422 -9.90304946899414 -6.634550094604492 0.2
24.008899688720703 -9.996349334716797 -6.779449462890625 0.2
23.782699584960938 -9.928852081298828 -6.854848861694336 0.2
23.7268009185791 -9.688652038574219 -6.872650146484375 0.2
23.806800842285156 -9.4488525390625 -6.907548904418945 0.2
23.894399642944336 -9.2718505859375 -7.058248519897461 0.2
23.840700149536133 -9.283050537109375 -7.297248840332031 0.2
23.756999969482422 -9.456649780273438 -7.452949523925781 0.2
23.839200973510742 -9.688350677490234 -7.432748794555664 0.2
23.940200805664062 -9.859050750732422 -7.273248672485352 0.2
23.92460060119629 -10.01755142211914 -7.082849502563477 0.2
23.707799911499023 -10.122852325439453 -7.027050018310547 0.2
23.49250030517578 -10.181949615478516 -7.147748947143555 0.2
23.418899536132812 -10.137550354003906 -7.377349853515625 0.2
23.49920082092285 -9.94375228881836 -7.5146484375 0.2
23.57940101623535 -9.708549499511719 -7.569049835205078 0.2
23.484899520874023 -9.483348846435547 -7.5556488037109375 0.2
23.233600616455078 -9.450550079345703 -7.548349380493164 0.2
23.0625 -9.536449432373047 -7.396648406982422 0.2
23.119400024414062 -9.69845199584961 -7.21354866027832 0.2
23.24139976501465 -9.888252258300781 -7.095548629760742 0.2
23.265199661254883 -10.131752014160156 -7.118249893188477 0.2
23.085500717163086 -10.271350860595703 -7.2198486328125 0.2
22.83799934387207 -10.267051696777344 -7.262350082397461 0.2
22.696300506591797 -10.06705093383789 -7.252649307250977 0.2
22.75749969482422 -9.82564926147461 -7.297948837280273 0.2
22.845800399780273 -9.616352081298828 -7.40894889831543 0.2
22.810800552368164 -9.54534912109375 -7.6396484375 0.2
22.626100540161133 -9.635551452636719 -7.787849426269531 0.2
22.59869956970215 -9.867149353027344 -7.86094856262207 0.2
22.714900970458984 -10.072551727294922 -7.770448684692383 0.2
22.81260108947754 -10.241950988769531 -7.608949661254883 0.2
22.71269989013672 -10.358348846435547 -7.418949127197266 0.2
22.466899871826172 -10.409751892089844 -7.391048431396484 0.2
22.254100799560547 -10.415550231933594 -7.521949768066406 0.2
22.231599807739258 -10.28744888305664 -7.729448318481445 0.2
22.326499938964844 -10.083751678466797 -7.848949432373047 0.2
22.364500045776367 -9.84014892578125 -7.885250091552734 0.2
22.198801040649414 -9.676651000976562 -7.811948776245117 0.2
21.986400604248047 -9.69375228881836 -7.682350158691406 0.2
21.98240089416504 -9.81195068359375 -7.466650009155273 0.2
22.113000869750977 -9.99734878540039 -7.351749420166016 0.2
22.196500778198242 -10.229450225830078 -7.309349060058594 0.2
22.060100555419922 -10.42795181274414 -7.359048843383789 0.2
21.810501098632812 -10.467750549316406 -7.360649108886719 0.2
21.612199783325195 -10.332450866699219 -7.304649353027344 0.2
21.618000030517578 -10.086151123046875 -7.326749801635742 0.2
21.711400985717773 -9.873851776123047 -7.432350158691406 0.2
21.716699600219727 -9.735549926757812 -7.635950088500977 0.2
21.51889991760254 -9.750652313232422 -7.784049987792969 0.2
21.34630012512207 -9.917251586914062 -7.845048904418945 0.2
21.402700424194336 -10.157150268554688 -7.834049224853516 0.2
21.543001174926758 -10.342948913574219 -7.73284912109375 0.2
21.585599899291992 -10.485050201416016 -7.53704833984375 0.2
21.408700942993164 -10.530952453613281 -7.370449066162109 0.2
21.157400131225586 -10.532451629638672 -7.35584831237793 0.2
20.993900299072266 -10.451850891113281 -7.518049240112305 0.2
21.035999298095703 -10.279651641845703 -7.695650100708008 0.2
21.11600112915039 -10.069549560546875 -7.808849334716797 0.2
21.077699661254883 -9.837650299072266 -7.7478485107421875 0.2
20.898099899291992 -9.768451690673828 -7.586149215698242 0.2
20.874799728393555 -9.826549530029297 -7.3504486083984375 0.2
21.003999710083008 -10.005752563476562 -7.231449127197266 0.2
21.117300033569336 -10.228752136230469 -7.191349029541016 0.2
21.035200119018555 -10.458049774169922 -7.191749572753906 0.2
20.800199508666992 -10.52334976196289 -7.13494873046875 0.2
20.597200393676758 -10.434349060058594 -7.019649505615234 0.2
20.563800811767578 -10.19675064086914 -6.980249404907227 0.2
20.643699645996094 -9.985050201416016 -7.094449996948242 0.2
20.668399810791016 -9.81595230102539 -7.276649475097656 0.2
20.487600326538086 -9.761852264404297 -7.429449081420898 0.2
20.247100830078125 -9.831352233886719 -7.415948867797852 0.2
20.173799514770508 -10.062850952148438 -7.426948547363281 0.2
20.297800064086914 -10.279449462890625 -7.394248962402344 0.2
20.430601119995117 -10.45615005493164 -7.278848648071289 0.2
20.396299362182617 -10.522651672363281 -7.04694938659668 0.2
20.195600509643555 -10.505352020263672 -6.896749496459961 0.2
19.959800720214844 -10.437850952148438 -6.91254997253418 0.2
19.88360023498535 -10.289649963378906 -7.09214973449707 0.2
19.939300537109375 -10.110851287841797 -7.262149810791016 0.2
19.991199493408203 -9.873950958251953 -7.2915496826171875 0.2
19.911500930786133 -9.719051361083984 -7.117149353027344 0.2
19.873300552368164 -9.716251373291016 -6.874050140380859 0.2
20.005199432373047 -9.865951538085938 -6.731449127197266 0.2
20.128799438476562 -10.086250305175781 -6.715648651123047 0.2
20.109899520874023 -10.33005142211914 -6.704448699951172 0.2
19.909000396728516 -10.43804931640625 -6.613649368286133 0.2
19.726900100708008 -10.382049560546875 -6.450448989868164 0.2
19.672901153564453 -10.178150177001953 -6.3280487060546875 0.2
19.734899520874023 -9.953651428222656 -6.413848876953125 0.2
19.776100158691406 -9.776752471923828 -6.588249206542969 0.2
19.63050079345703 -9.66415023803711 -6.746849060058594 0.2
19.38800048828125 -9.649349212646484 -6.701148986816406 0.2
19.213600158691406 -9.809551239013672 -6.649148941040039 0.2
19.25349998474121 -10.053150177001953 -6.654949188232422 0.2
19.394399642944336 -10.259449005126953 -6.624948501586914 0.2
19.487899780273438 -10.376152038574219 -6.4353485107421875 0.2
19.395999908447266 -10.357349395751953 -6.205249786376953 0.2
19.196399688720703 -10.281452178955078 -6.0769500732421875 0.2
19.0221004486084 -10.141551971435547 -6.1676483154296875 0.2
19.011600494384766 -9.981849670410156 -6.361349105834961 0.2
19.07040023803711 -9.774951934814453 -6.482549667358398 0.2
19.11210060119629 -9.568050384521484 -6.365449905395508 0.2
19.113399505615234 -9.509151458740234 -6.1246490478515625 0.2
19.25909996032715 -9.618549346923828 -5.964748382568359 0.2
19.372800827026367 -9.842052459716797 -5.966148376464844 0.2
19.382801055908203 -10.089149475097656 -5.968849182128906 0.2
19.223899841308594 -10.22745132446289 -5.847949981689453 0.2
19.087299346923828 -10.18585205078125 -5.643148422241211 0.2
19.06089973449707 -10.014152526855469 -5.470548629760742 0.2
19.124000549316406 -9.783451080322266 -5.512748718261719 0.2
19.154800415039062 -9.611351013183594 -5.693948745727539 0.2
19.039100646972656 -9.467552185058594 -5.852449417114258 0.2
18.814498901367188 -9.394248962402344 -5.794549942016602 0.2
18.62820053100586 -9.46255111694336 -5.649049758911133 0.2
18.572601318359375 -9.697750091552734 -5.631248474121094 0.2
18.670900344848633 -9.927349090576172 -5.655948638916016 0.2
18.815799713134766 -10.092750549316406 -5.5538482666015625 0.2
18.85430145263672 -10.095550537109375 -5.312549591064453 0.2
18.752700805664062 -10.009750366210938 -5.101648330688477 0.2
18.566200256347656 -9.862152099609375 -5.059848785400391 0.2
18.475399017333984 -9.706050872802734 -5.228448867797852 0.2
18.486499786376953 -9.534351348876953 -5.407949447631836 0.2
18.590999603271484 -9.31875228881836 -5.396848678588867 0.2
18.66349983215332 -9.209548950195312 -5.18604850769043 0.2
18.831600189208984 -9.274551391601562 -5.026248931884766 0.2
18.947799682617188 -9.492149353027344 -5.027149200439453 0.2
18.960201263427734 -9.739849090576172 -5.049648284912109 0.2
18.84600067138672 -9.91094970703125 -4.925649642944336 0.2
18.758399963378906 -9.8885498046875 -4.695148468017578 0.2
18.767000198364258 -9.747150421142578 -4.493049621582031 0.2
18.850200653076172 -9.52225112915039 -4.490049362182617 0.2
18.87179946899414 -9.347652435302734 -4.667148590087891 0.2
18.77589988708496 -9.191852569580078 -4.830450057983398 0.2
18.569599151611328 -9.076351165771484 -4.788148880004883 0.2
18.42300033569336 -9.068351745605469 -4.589448928833008 0.2
18.307100296020508 -9.258251190185547 -4.499448776245117 0.2
18.344600677490234 -9.501152038574219 -4.537349700927734 0.2
18.476600646972656 -9.707149505615234 -4.523248672485352 0.2
18.610000610351562 -9.759052276611328 -4.329050064086914 0.2
18.612300872802734 -9.682552337646484 -4.092548370361328 0.2
18.487701416015625 -9.535350799560547 -3.9449501037597656 0.2
18.340499877929688 -9.36505126953125 -4.033048629760742 0.2
18.289199829101562 -9.212150573730469 -4.22344970703125 0.2
18.377899169921875 -9.010551452636719 -4.3186492919921875 0.2
18.51490020751953 -8.86545181274414 -4.176849365234375 0.2
18.69390106201172 -8.880451202392578 -4.014949798583984 0.2
18.83489990234375 -9.076950073242188 -4.009849548339844 0.2
18.845300674438477 -9.32284927368164 -4.052549362182617 0.2
18.76300048828125 -9.526752471923828 -3.955648422241211 0.2
18.705900192260742 -9.54384994506836 -3.719148635864258 0.2
18.745201110839844 -9.433952331542969 -3.5008487701416016 0.2
18.85409927368164 -9.227649688720703 -3.4431495666503906 0.2
18.882999420166016 -9.041950225830078 -3.6010494232177734 0.2
18.804500579833984 -8.885749816894531 -3.775848388671875 0.2
18.61600112915039 -8.739349365234375 -3.7638492584228516 0.2
18.50670051574707 -8.672550201416016 -3.553548812866211 0.2
18.38759994506836 -8.79465103149414 -3.385549545288086 0.2
18.35689926147461 -9.036849975585938 -3.3936500549316406 0.2
18.43939971923828 -9.26605224609375 -3.435850143432617 0.2
18.615100860595703 -9.383750915527344 -3.325948715209961 0.2
18.710399627685547 -9.33475112915039 -3.103748321533203 0.2
18.68470001220703 -9.200950622558594 -2.8998489379882812 0.2
18.5364990234375 -9.015151977539062 -2.881948471069336 0.2
18.425100326538086 -8.862751007080078 -3.0433483123779297 0.2
18.451200485229492 -8.68014907836914 -3.199850082397461 0.2
18.622798919677734 -8.516952514648438 -3.1653499603271484 0.2
18.82040023803711 -8.491451263427734 -3.024749755859375 0.2
18.99410057067871 -8.656452178955078 -3.0150489807128906 0.2
18.999500274658203 -8.899650573730469 -3.0639495849609375 0.2
18.929500579833984 -9.123649597167969 -3.0049495697021484 0.2
18.895401000976562 -9.184650421142578 -2.7743492126464844 0.2
18.965200424194336 -9.102851867675781 -2.5515499114990234 0.2
19.10219955444336 -8.92755126953125 -2.4577484130859375 0.2
19.159000396728516 -8.731552124023438 -2.584848403930664 0.2
19.085500717163086 -8.57754898071289 -2.764749526977539 0.2
18.914899826049805 -8.412250518798828 -2.7903499603271484 0.2
18.82699966430664 -8.301448822021484 -2.592449188232422 0.2
18.758399963378906 -8.34804916381836 -2.36614990234375 0.2
18.679100036621094 -8.567451477050781 -2.3099498748779297 0.2
18.697500228881836 -8.807350158691406 -2.3706493377685547 0.2
18.858200073242188 -8.98134994506836 -2.3432483673095703 0.2
19.02899932861328 -8.976249694824219 -2.169748306274414 0.2
19.100900650024414 -8.863948822021484 -1.9624500274658203 0.2
19.013200759887695 -8.671550750732422 -1.8527488708496094 0.2
18.86520004272461 -8.505451202392578 -1.9560489654541016 0.2
18.81599998474121 -8.340652465820312 -2.1287498474121094 0.2
18.972000122070312 -8.174449920654297 -2.193948745727539 0.2
19.193500518798828 -8.117950439453125 -2.1012496948242188 0.2
19.391399383544922 -8.250751495361328 -2.105449676513672 0.2
19.402799606323242 -8.489551544189453 -2.1563491821289062 0.2
19.328899383544922 -8.718952178955078 -2.118448257446289 0.2
19.31290054321289 -8.821849822998047 -1.9041500091552734 0.2
19.423799514770508 -8.766952514648438 -1.6912498474121094 0.2
19.593000411987305 -8.626850128173828 -1.5869483947753906 0.2
19.6830997467041 -8.43484878540039 -1.6938495635986328 0.2
19.60700035095215 -8.279251098632812 -1.8705501556396484 0.2
19.44930076599121 -8.10354995727539 -1.9165496826171875 0.2
19.377700805664062 -7.9573516845703125 -1.7418498992919922 0.2
19.387800216674805 -7.943550109863281 -1.4997501373291016 0.2
19.308700561523438 -8.119152069091797 -1.3594493865966797 0.2
19.266799926757812 -8.359249114990234 -1.4006500244140625 0.2
19.36709976196289 -8.573749542236328 -1.4390487670898438 0.2
19.581501007080078 -8.625049591064453 -1.3422489166259766 0.2
19.739601135253906 -8.541751861572266 -1.172048568725586 0.2
19.751501083374023 -8.357952117919922 -1.019449234008789 0.2
19.60740089416504 -8.165851593017578 -1.0408496856689453 0.2
19.493200302124023 -8.00564956665039 -1.1875495910644531 0.2
19.58690071105957 -7.843250274658203 -1.3329486846923828 0.2
19.82069969177246 -7.768352508544922 -1.3196487426757812 0.2
20.033700942993164 -7.869449615478516 -1.3480491638183594 0.2
20.0531005859375 -8.10274887084961 -1.4066486358642578 0.2
19.965900421142578 -8.331748962402344 -1.380350112915039 0.2
19.9591007232666 -8.470451354980469 -1.1876487731933594 0.2
20.103300094604492 -8.447650909423828 -0.9921493530273438 0.2
20.30430030822754 -8.3426513671875 -0.9001483917236328 0.2
20.434200286865234 -8.168048858642578 -0.9959487915039062 0.2
20.359399795532227 -8.006050109863281 -1.1643486022949219 0.2
20.207799911499023 -7.828350067138672 -1.2286491394042969 0.2
20.1510009765625 -7.652351379394531 -1.080648422241211 0.2
20.236101150512695 -7.588951110839844 -0.8584499359130859 0.2
20.207399368286133 -7.710151672363281 -0.6566486358642578 0.2
20.122900009155273 -7.938350677490234 -0.6389484405517578 0.2
20.13960075378418 -8.173049926757812 -0.6971492767333984 0.2
20.34480094909668 -8.292652130126953 -0.6876487731933594 0.2
20.56290054321289 -8.246749877929688 -0.5826492309570312 0.2
20.68429946899414 -8.089752197265625 -0.4443492889404297 0.2
20.595399856567383 -7.873748779296875 -0.3964500427246094 0.2
20.44230079650879 -7.702152252197266 -0.48674964904785156 0.2
20.44860076904297 -7.542449951171875 -0.6636486053466797 0.2
20.657899856567383 -7.462249755859375 -0.7520484924316406 0.2
20.87339973449707 -7.541450500488281 -0.8194484710693359 0.2
20.90220069885254 -7.76824951171875 -0.8910484313964844 0.2
20.800399780273438 -7.990650177001953 -0.8552494049072266 0.2
20.786100387573242 -8.155448913574219 -0.6845493316650391 0.2
20.955101013183594 -8.171749114990234 -0.5124492645263672 0.2
21.1835994720459 -8.101852416992188 -0.45314979553222656 0.2
21.344600677490234 -7.9602508544921875 -0.5578498840332031 0.2
21.285400390625 -7.791950225830078 -0.7214488983154297 0.2
21.135799407958984 -7.611949920654297 -0.792449951171875 0.2
21.085100173950195 -7.4107513427734375 -0.6762485504150391 0.2
21.222700119018555 -7.313751220703125 -0.49684906005859375 0.2
21.283899307250977 -7.38275146484375 -0.2787494659423828 0.2
21.196300506591797 -7.588451385498047 -0.1873493194580078 0.2
21.13409996032715 -7.823749542236328 -0.22014999389648438 0.2
21.279800415039062 -8.0030517578125 -0.2722492218017578 0.2
21.524200439453125 -8.007949829101562 -0.25174903869628906 0.2
21.723100662231445 -7.889949798583984 -0.1741485595703125 0.2
21.725200653076172 -7.665351867675781 -0.0975494384765625 0.2
21.573200225830078 -7.473152160644531 -0.12874984741210938 0.2
21.49970054626465 -7.308052062988281 -0.28594970703125 0.2
21.651399612426758 -7.227352142333984 -0.4532489776611328 0.2
21.853200912475586 -7.291648864746094 -0.5727500915527344 0.2
21.869800567626953 -7.510150909423828 -0.6652488708496094 0.2
21.761199951171875 -7.725349426269531 -0.6126499176025391 0.2
21.739700317382812 -7.901649475097656 -0.45134925842285156 0.2
21.923099517822266 -7.961250305175781 -0.30805015563964844 0.2
22.16790008544922 -7.93115234375 -0.30554962158203125 0.2
22.342700958251953 -7.834850311279297 -0.4404487609863281 0.2
22.293399810791016 -7.667652130126953 -0.6055488586425781 0.2
22.144500732421875 -7.478950500488281 -0.6646499633789062 0.2
22.113201141357422 -7.25885009765625 -0.5763492584228516 0.2
22.289400100708008 -7.139251708984375 -0.46124839782714844 0.2
22.454099655151367 -7.175849914550781 -0.2919483184814453 0.2
22.41830062866211 -7.351051330566406 -0.13214874267578125 0.2
22.304100036621094 -7.568450927734375 -0.10154914855957031 0.2
22.34440040588379 -7.7904510498046875 -0.1743488311767578 0.2
22.563600540161133 -7.862751007080078 -0.2543487548828125 0.2
22.800199508666992 -7.799949645996094 -0.27974891662597656 0.2
22.903600692749023 -7.591251373291016 -0.2326488494873047 0.2
22.800701141357422 -7.369251251220703 -0.20615005493164062 0.2
22.678600311279297 -7.182949066162109 -0.3022499084472656 0.2
22.720600128173828 -7.099449157714844 -0.5223484039306641 0.2
22.860200881958008 -7.164249420166016 -0.7119483947753906 0.2
22.83839988708496 -7.376251220703125 -0.8185501098632812 0.2
22.73200035095215 -7.5798492431640625 -0.7281494140625 0.2
22.71470069885254 -7.756549835205078 -0.5613498687744141 0.2
22.91029930114746 -7.861652374267578 -0.4703483581542969 0.2
23.144800186157227 -7.881549835205078 -0.5456485748291016 0.2
23.287099838256836 -7.831050872802734 -0.7356491088867188 0.2
23.228300094604492 -7.667449951171875 -0.9009494781494141 0.2
23.093000411987305 -7.460052490234375 -0.9253482818603516 0.2
23.085899353027344 -7.227851867675781 -0.8618488311767578 0.2
23.2903995513916 -7.103252410888672 -0.8246498107910156 0.2
23.52090072631836 -7.134952545166016 -0.7555484771728516 0.2
23.563899993896484 -7.292449951171875 -0.58074951171875 0.2
23.45400047302246 -7.489849090576172 -0.47664833068847656 0.2
23.399799346923828 -7.722049713134766 -0.5064487457275391 0.2
23.531099319458008 -7.862651824951172 -0.6542491912841797 0.2
23.747600555419922 -7.8659515380859375 -0.7745494842529297 0.2
23.928800582885742 -7.709949493408203 -0.7987499237060547 0.2
23.906299591064453 -7.470451354980469 -0.7538490295410156 0.2
23.787799835205078 -7.253551483154297 -0.7638492584228516 0.2
23.717899322509766 -7.1282501220703125 -0.9554500579833984 0.2
23.793500900268555 -7.162349700927734 -1.1879501342773438 0.2
23.763599395751953 -7.349849700927734 -1.333648681640625 0.2
23.66320037841797 -7.559452056884766 -1.256448745727539 0.2
23.626699447631836 -7.737449645996094 -1.0870494842529297 0.2
23.78190040588379 -7.891448974609375 -0.9905490875244141 0.2
23.997400283813477 -7.959850311279297 -1.0898494720458984 0.2
24.1294002532959 -7.957149505615234 -1.2974491119384766 0.2
24.08209991455078 -7.819751739501953 -1.4877490997314453 0.2
23.960899353027344 -7.603649139404297 -1.5112495422363281 0.2
23.935699462890625 -7.363849639892578 -1.4679489135742188 0.2
24.12030029296875 -7.2095489501953125 -1.4640483856201172 0.2
24.36280059814453 -7.230350494384766 -1.5010490417480469 0.2
24.50040054321289 -7.3706512451171875 -1.3640499114990234 0.2
24.433000564575195 -7.5545501708984375 -1.2112483978271484 0.2
24.3302001953125 -7.770351409912109 -1.1542491912841797 0.2
24.35059928894043 -7.964450836181641 -1.295949935913086 0.2
24.506999969482422 -8.02804946899414 -1.4788494110107422 0.2
24.708999633789062 -7.94635009765625 -1.5879497528076172 0.2
24.77790069580078 -7.714649200439453 -1.5726490020751953 0.2
24.703100204467773 -7.478351593017578 -1.5378494262695312 0.2
24.586000442504883 -7.297950744628906 -1.6480484008789062 0.2
24.579200744628906 -7.288150787353516 -1.89324951171875 0.2
24.553300857543945 -7.4378509521484375 -2.0822486877441406 0.2
24.441999435424805 -7.649650573730469 -2.0422496795654297 0.2
24.390600204467773 -7.8238525390625 -1.8686485290527344 0.2
24.489999771118164 -8.0052490234375 -1.7432498931884766 0.2
24.68670082092285 -8.123451232910156 -1.8283500671386719 0.2
24.805299758911133 -8.165550231933594 -2.042949676513672 0.2
24.771100997924805 -8.077651977539062 -2.2660484313964844 0.2
24.665800094604492 -7.8587493896484375 -2.311948776245117 0.2
24.6210994720459 -7.615650177001953 -2.2763500213623047 0.2
24.770700454711914 -7.426250457763672 -2.283649444580078 0.2
24.99139976501465 -7.424949645996094 -2.3978500366210938 0.2
25.188800811767578 -7.555751800537109 -2.354949951171875 0.2
25.193099975585938 -7.734951019287109 -2.1853485107421875 0.2
25.097299575805664 -7.924652099609375 -2.0527496337890625 0.2
25.019500732421875 -8.14324951171875 -2.1163482666015625 0.2
25.083499908447266 -8.260848999023438 -2.3261489868164062 0.2
25.245201110839844 -8.256950378417969 -2.514049530029297 0.2
25.384700775146484 -8.067249298095703 -2.5663490295410156 0.2
25.374300003051758 -7.819950103759766 -2.5239486694335938 0.2
25.277999877929688 -7.595649719238281 -2.5564498901367188 0.2
25.18320083618164 -7.524349212646484 -2.767549514770508 0.2
