-2.20682954788208 14.501251220703125 -9.315349578857422 0.2
-2.368529796600342 14.485347747802734 -9.440448760986328 0.2
-2.3807296752929688 14.378047943115234 -9.618148803710938 0.2
-2.326599597930908 14.21875 -9.73954963684082 0.2
-2.2784199714660645 14.038448333740234 -9.831048965454102 0.2
-2.3192996978759766 13.835948944091797 -9.817249298095703 0.2
-2.49899959564209 13.750049591064453 -9.765349388122559 0.2
-2.701359748840332 13.794750213623047 -9.762349128723145 0.2
-2.7950496673583984 13.976348876953125 -9.786748886108398 0.2
-2.739609718322754 14.168548583984375 -9.729848861694336 0.2
-2.6505799293518066 14.328449249267578 -9.631049156188965 0.2
-2.5843095779418945 14.461448669433594 -9.484349250793457 0.2
-2.6516098976135254 14.505847930908203 -9.29474925994873 0.2
-2.8468399047851562 14.510547637939453 -9.223949432373047 0.2
-3.047369956970215 14.50844955444336 -9.299949645996094 0.2
-3.102109909057617 14.426250457763672 -9.493549346923828 0.2
-3.0530896186828613 14.263450622558594 -9.633749008178711 0.2
-2.9987897872924805 14.079448699951172 -9.742049217224121 0.2
-3.0211997032165527 13.86294937133789 -9.747149467468262 0.2
-3.2031898498535156 13.75844955444336 -9.689949035644531 0.2
-3.418299674987793 13.800548553466797 -9.682449340820312 0.2
-3.509889602661133 13.99544906616211 -9.702349662780762 0.2
-3.4439496994018555 14.19424819946289 -9.63434886932373 0.2
-3.349609851837158 14.362350463867188 -9.528749465942383 0.2
-3.2951998710632324 14.487648010253906 -9.357648849487305 0.2
-3.4130096435546875 14.510547637939453 -9.178049087524414 0.2
-3.6302099227905273 14.508548736572266 -9.14574909210205 0.2
-3.798189640045166 14.48965072631836 -9.279748916625977 0.2
-3.8049097061157227 14.371849060058594 -9.464348793029785 0.2
-3.750359535217285 14.20254898071289 -9.592549324035645 0.2
-3.7089099884033203 14.005748748779297 -9.680648803710938 0.2
-3.7850699424743652 13.805648803710938 -9.645548820495605 0.2
-3.9906697273254395 13.748050689697266 -9.598548889160156 0.2
-4.187039852142334 13.839550018310547 -9.609249114990234 0.2
-4.216139793395996 14.055450439453125 -9.604249000549316 0.2
-4.129589557647705 14.237449645996094 -9.517148971557617 0.2
-4.037399768829346 14.399349212646484 -9.400949478149414 0.2
-4.0300798416137695 14.483749389648438 -9.199949264526367 0.2
-4.202169895172119 14.476150512695312 -9.068849563598633 0.2
-4.419299602508545 14.462650299072266 -9.093648910522461 0.2
-4.533379554748535 14.412651062011719 -9.271149635314941 0.2
-4.503979682922363 14.266651153564453 -9.432848930358887 0.2
-4.448539733886719 14.090648651123047 -9.55224895477295 0.2
-4.440569877624512 13.874149322509766 -9.587248802185059 0.2
-4.58774995803833 13.726848602294922 -9.525649070739746 0.2
-4.807079792022705 13.726947784423828 -9.50214958190918 0.2
-4.943499565124512 13.89474868774414 -9.520249366760254 0.2
-4.891559600830078 14.101848602294922 -9.467848777770996 0.2
-4.7891998291015625 14.271549224853516 -9.371249198913574 0.2
-4.729229927062988 14.392650604248047 -9.197749137878418 0.2
-4.849689960479736 14.38705062866211 -9.018448829650879 0.2
-5.066399574279785 14.348548889160156 -9.001749038696289 0.2
-5.229869842529297 14.302947998046875 -9.139348983764648 0.2
-5.2293901443481445 14.17934799194336 -9.321048736572266 0.2
-5.170049667358398 14.007949829101562 -9.448549270629883 0.2
-5.164309501647949 13.789749145507812 -9.477349281311035 0.2
-5.319109916687012 13.64725112915039 -9.41624927520752 0.2
-5.539519309997559 13.6573486328125 -9.398149490356445 0.2
-5.6456098556518555 13.847747802734375 -9.404048919677734 0.2
-5.563249588012695 14.042949676513672 -9.33704948425293 0.2
-5.4628095626831055 14.193347930908203 -9.207749366760254 0.2
-5.50430965423584 14.216148376464844 -8.99484920501709 0.2
-5.697739601135254 14.148250579833984 -8.90894889831543 0.2
-5.895939826965332 14.107650756835938 -8.995549201965332 0.2
-5.9351301193237305 14.027450561523438 -9.19844913482666 0.2
-5.880029678344727 13.865150451660156 -9.342948913574219 0.2
-5.898329734802246 13.646648406982422 -9.374249458312988 0.2
-6.082799911499023 13.522449493408203 -9.348349571228027 0.2
-6.298179626464844 13.56414794921875 -9.391448974609375 0.2
-6.333390235900879 13.781047821044922 -9.406249046325684 0.2
-6.238399505615234 13.938949584960938 -9.275249481201172 0.2
-6.151089668273926 14.044349670410156 -9.09584903717041 0.2
-6.218070030212402 14.046550750732422 -8.88385009765625 0.2
-6.436100006103516 14.054450988769531 -8.825748443603516 0.2
-6.644049644470215 14.032249450683594 -8.907548904418945 0.2
-6.701020240783691 13.870349884033203 -9.051249504089355 0.2
-6.668889999389648 13.666950225830078 -9.144749641418457 0.2
-6.6414899826049805 13.506149291992188 -9.273448944091797 0.2
-6.675559997558594 13.439048767089844 -9.419448852539062 0.2
-6.789259910583496 13.3885498046875 -9.528849601745605 0.2
-6.929880142211914 13.31515121459961 -9.575448989868164 0.2
-7.076999664306641 13.239948272705078 -9.611549377441406 0.2
-7.227099418640137 13.128547668457031 -9.640249252319336 0.2
-7.337699890136719 13.087150573730469 -9.50564956665039 0.2
-7.439599990844727 13.157051086425781 -9.389849662780762 0.2
-7.536399841308594 13.254051208496094 -9.293549537658691 0.2
-7.591599464416504 13.404350280761719 -9.23974895477295 0.2
-7.540399551391602 13.560848236083984 -9.204449653625488 0.2
-7.433899879455566 13.67715072631836 -9.150548934936523 0.2
-7.320300102233887 13.782249450683594 -9.091349601745605 0.2
-7.205999374389648 13.885547637939453 -9.03084945678711 0.2
-7.092599868774414 13.987850189208984 -8.966849327087402 0.2
-6.996600151062012 14.0843505859375 -8.870748519897461 0.2
-6.991299629211426 14.155750274658203 -8.718448638916016 0.2
-7.0951995849609375 14.208648681640625 -8.599248886108398 0.2
-7.246999740600586 14.252750396728516 -8.546749114990234 0.2
-7.4079999923706055 14.246749877929688 -8.594648361206055 0.2
-7.510799407958984 14.157649993896484 -8.690649032592773 0.2
-7.581699371337891 14.041950225830078 -8.785049438476562 0.2
-7.649399757385254 13.923347473144531 -8.878049850463867 0.2
-7.7170000076293945 13.803348541259766 -8.969348907470703 0.2
-7.788299560546875 13.677249908447266 -9.05044937133789 0.2
-7.881899833679199 13.540050506591797 -9.070849418640137 0.2
-8.018599510192871 13.461650848388672 -9.01254940032959 0.2
-8.17449951171875 13.474048614501953 -8.955049514770508 0.2
-8.310400009155273 13.563949584960938 -8.89944839477539 0.2
-8.40779972076416 13.698650360107422 -8.809549331665039 0.2
-8.462499618530273 13.837650299072266 -8.717449188232422 0.2
-8.445099830627441 13.96364974975586 -8.611448287963867 0.2
-8.398099899291992 14.05474853515625 -8.481149673461914 0.2
-8.294899940490723 14.082050323486328 -8.353748321533203 0.2
-8.14009952545166 14.094650268554688 -8.300348281860352 0.2
-7.949199676513672 14.1739501953125 -8.322349548339844 0.2
-7.756400108337402 14.286849975585938 -8.359048843383789 0.2
-7.5746002197265625 14.385848999023438 -8.27495002746582 0.2
-7.565899848937988 14.463050842285156 -8.063749313354492 0.2
-7.694999694824219 14.581050872802734 -7.922548294067383 0.2
-7.894899368286133 14.654449462890625 -7.990549087524414 0.2
-8.070099830627441 14.587348937988281 -8.11574935913086 0.2
-8.23759937286377 14.468151092529297 -8.208648681640625 0.2
-8.340299606323242 14.307750701904297 -8.099748611450195 0.2
-8.368499755859375 14.359550476074219 -7.883949279785156 0.2
-8.355199813842773 14.548347473144531 -7.765449523925781 0.2
-8.208799362182617 14.713050842285156 -7.78594970703125 0.2
-7.992400169372559 14.763050079345703 -7.8121490478515625 0.2
-7.790399551391602 14.75925064086914 -7.721048355102539 0.2
-7.73699951171875 14.826549530029297 -7.5191497802734375 0.2
-7.81559944152832 14.986248016357422 -7.387350082397461 0.2
-8.013899803161621 15.070449829101562 -7.419649124145508 0.2
-8.177899360656738 14.968948364257812 -7.528949737548828 0.2
-8.319000244140625 14.811450958251953 -7.595048904418945 0.2
-8.438599586486816 14.684150695800781 -7.465950012207031 0.2
-8.5 14.75374984741211 -7.265949249267578 0.2
-8.50220012664795 14.946449279785156 -7.1629486083984375 0.2
-8.365499496459961 15.115348815917969 -7.193849563598633 0.2
-8.160099983215332 15.182647705078125 -7.239049911499023 0.2
-7.94379997253418 15.203147888183594 -7.209749221801758 0.2
-7.827300071716309 15.222850799560547 -7.027349472045898 0.2
-7.854000091552734 15.318649291992188 -6.831348419189453 0.2
-8.019599914550781 15.437747955322266 -6.762350082397461 0.2
-8.218199729919434 15.407550811767578 -6.849048614501953 0.2
-8.36929988861084 15.286750793457031 -6.952949523925781 0.2
-8.512700080871582 15.12554931640625 -6.988649368286133 0.2
-8.60830020904541 15.013648986816406 -6.831150054931641 0.2
-8.65779972076416 15.082050323486328 -6.62864875793457 0.2
-8.647500038146973 15.269451141357422 -6.521648406982422 0.2
-8.502699851989746 15.431148529052734 -6.546049118041992 0.2
-8.302499771118164 15.506549835205078 -6.591449737548828 0.2
-8.08650016784668 15.538650512695312 -6.595849990844727 0.2
-7.929800033569336 15.51614761352539 -6.449949264526367 0.2
-7.929399490356445 15.557647705078125 -6.236349105834961 0.2
-8.058699607849121 15.658451080322266 -6.097448348999023 0.2
-8.269899368286133 15.68695068359375 -6.137748718261719 0.2
-8.439099311828613 15.597648620605469 -6.242149353027344 0.2
-8.594999313354492 15.473949432373047 -6.330848693847656 0.2
-8.714300155639648 15.300849914550781 -6.281349182128906 0.2
-8.771900177001953 15.254051208496094 -6.079448699951172 0.2
-8.793899536132812 15.35744857788086 -5.890048980712891 0.2
-8.72130012512207 15.551250457763672 -5.830949783325195 0.2
-8.541500091552734 15.667648315429688 -5.869348526000977 0.2
-8.339699745178223 15.735347747802734 -5.913949966430664 0.2
-8.124199867248535 15.734050750732422 -5.888248443603516 0.2
-8.012899398803711 15.692649841308594 -5.71044921875 0.2
-8.049799919128418 15.722648620605469 -5.498149871826172 0.2
-8.217100143432617 15.802947998046875 -5.391849517822266 0.2
-8.423500061035156 15.793647766113281 -5.457849502563477 0.2
-8.593299865722656 15.70895004272461 -5.565149307250977 0.2
-8.749799728393555 15.575347900390625 -5.636650085449219 0.2
-8.842499732971191 15.40665054321289 -5.542749404907227 0.2
-8.877999305725098 15.384849548339844 -5.3298492431640625 0.2
-8.87279987335205 15.503047943115234 -5.14954948425293 0.2
-8.758699417114258 15.683147430419922 -5.118549346923828 0.2
-8.569799423217773 15.781047821044922 -5.166248321533203 0.2
-8.363399505615234 15.837249755859375 -5.208349227905273 0.2
-8.160499572753906 15.799148559570312 -5.148649215698242 0.2
-8.097799301147461 15.757247924804688 -4.947649002075195 0.2
-8.167799949645996 15.787948608398438 -4.745349884033203 0.2
-8.362199783325195 15.854351043701172 -4.685949325561523 0.2
-8.559499740600586 15.82244873046875 -4.771648406982422 0.2
-8.729599952697754 15.73794937133789 -4.878049850463867 0.2
-8.871699333190918 15.579948425292969 -4.915048599243164 0.2
-8.936399459838867 15.440448760986328 -4.767848968505859 0.2
-8.957499504089355 15.45064926147461 -4.552349090576172 0.2
-8.922999382019043 15.600849151611328 -4.405649185180664 0.2
-8.776100158691406 15.759349822998047 -4.4100494384765625 0.2
-8.584199905395508 15.841350555419922 -4.467748641967773 0.2
-8.371299743652344 15.86764907836914 -4.492948532104492 0.2
-8.207300186157227 15.802947998046875 -4.374549865722656 0.2
-8.19909954071045 15.7823486328125 -4.16094970703125 0.2
-8.316699981689453 15.833747863769531 -3.9913482666015625 0.2
-8.526999473571777 15.87594985961914 -3.992849349975586 0.2
-8.709599494934082 15.821147918701172 -4.094148635864258 0.2
-8.873499870300293 15.717449188232422 -4.188749313354492 0.2
-8.982600212097168 15.536251068115234 -4.160348892211914 0.2
-9.022099494934082 15.448551177978516 -3.9706497192382812 0.2
-9.026999473571777 15.50204849243164 -3.763050079345703 0.2
-8.95580005645752 15.677947998046875 -3.668149948120117 0.2
-8.787699699401855 15.80624771118164 -3.7067489624023438 0.2
-8.593199729919434 15.87514877319336 -3.7691497802734375 0.2
-8.380000114440918 15.85675048828125 -3.756948471069336 0.2
-8.269700050354004 15.791748046875 -3.589550018310547 0.2
-8.302199363708496 15.792247772216797 -3.3771495819091797 0.2
-8.462900161743164 15.852447509765625 -3.2542495727539062 0.2
-8.67080020904541 15.856250762939453 -3.304349899291992 0.2
-8.844499588012695 15.787948608398438 -3.4119491577148438 0.2
-8.991600036621094 15.646350860595703 -3.4772491455078125 0.2
-9.058799743652344 15.473148345947266 -3.3781490325927734 0.2
-9.07129955291748 15.433547973632812 -3.167949676513672 0.2
-9.047699928283691 15.529251098632812 -2.9802494049072266 0.2
-8.938199996948242 15.707347869873047 -2.9426498413085938 0.2
-8.762899398803711 15.815048217773438 -3.0050487518310547 0.2
-8.561399459838867 15.863250732421875 -3.061248779296875 0.2
-8.366600036621094 15.805248260498047 -3.0026493072509766 0.2
-8.3056001663208 15.752349853515625 -2.806049346923828 0.2
-8.371399879455566 15.763347625732422 -2.603849411010742 0.2
-8.565899848937988 15.812248229980469 -2.5368499755859375 0.2
-8.76259994506836 15.78594970703125 -2.6174488067626953 0.2
-8.930299758911133 15.700748443603516 -2.720949172973633 0.2
-9.041799545288086 15.521350860595703 -2.7347488403320312 0.2
-9.06470012664795 15.388648986816406 -2.5733489990234375 0.2
-9.047699928283691 15.388648986816406 -2.360248565673828 0.2
-8.987299919128418 15.531349182128906 -2.218648910522461 0.2
-8.8464994430542 15.690547943115234 -2.234649658203125 0.2
-8.66759967803955 15.780651092529297 -2.310850143432617 0.2
-8.457499504089355 15.781448364257812 -2.3405494689941406 0.2
-8.308599472045898 15.702350616455078 -2.216449737548828 0.2
-8.28909969329834 15.665050506591797 -2.0074501037597656 0.2
-8.408699989318848 15.693050384521484 -1.838348388671875 0.2
-8.620100021362305 15.713550567626953 -1.838949203491211 0.2
-8.801599502563477 15.666450500488281 -1.9419498443603516 0.2
-8.951499938964844 15.539447784423828 -2.021249771118164 0.2
-9.007299423217773 15.350250244140625 -1.9529495239257812 0.2
-8.99109935760498 15.273448944091797 -1.7559490203857422 0.2
-8.94540023803711 15.328548431396484 -1.5579490661621094 0.2
-8.844900131225586 15.50054931640625 -1.4886493682861328 0.2
-8.685599327087402 15.628150939941406 -1.5498485565185547 0.2
-8.494500160217285 15.686847686767578 -1.6229496002197266 0.2
-8.294499397277832 15.628250122070312 -1.5947494506835938 0.2
-8.200599670410156 15.55624771118164 -1.42034912109375 0.2
-8.228499412536621 15.53915023803711 -1.2120494842529297 0.2
-8.406700134277344 15.575450897216797 -1.1079483032226562 0.2
-8.609199523925781 15.562950134277344 -1.1701488494873047 0.2
-8.781399726867676 15.491348266601562 -1.2732486724853516 0.2
-8.888299942016602 15.31094741821289 -1.2960491180419922 0.2
-8.889999389648438 15.160049438476562 -1.1520500183105469 0.2
-8.845099449157715 15.135650634765625 -0.9457492828369141 0.2
-8.768799781799316 15.255950927734375 -0.7932491302490234 0.2
-8.633999824523926 15.418750762939453 -0.8020496368408203 0.2
-8.464900016784668 15.519149780273438 -0.88494873046875 0.2
-8.258399963378906 15.517650604248047 -0.9327487945556641 0.2
-8.098099708557129 15.430248260498047 -0.8318500518798828 0.2
-8.051499366760254 15.37485122680664 -0.6318492889404297 0.2
-8.14900016784668 15.38344955444336 -0.4481487274169922 0.2
-8.357799530029297 15.403648376464844 -0.42854881286621094 0.2
-8.546599388122559 15.369049072265625 -0.5223484039306641 0.2
-8.699399948120117 15.245548248291016 -0.6017494201660156 0.2
-8.744699478149414 15.049949645996094 -0.5455493927001953 0.2
-8.70580005645752 14.95644760131836 -0.3593482971191406 0.2
-8.636899948120117 14.99184799194336 -0.16354942321777344 0.2
-8.529199600219727 15.156749725341797 -0.08974838256835938 0.2
-8.376299858093262 15.291248321533203 -0.1517486572265625 0.2
-8.190799713134766 15.3531494140625 -0.23514938354492188 0.2
-7.990499496459961 15.29134750366211 -0.22684860229492188 0.2
-7.8802995681762695 15.209148406982422 -0.06624984741210938 0.2
-7.88700008392334 15.17464828491211 0.14155006408691406 0.2
-8.05739974975586 15.199649810791016 0.260650634765625 0.2
-8.263999938964844 15.191749572753906 0.21265029907226562 0.2
-8.442899703979492 15.128150939941406 0.1159515380859375 0.2
-8.549699783325195 14.950550079345703 0.08175086975097656 0.2
-8.535599708557129 14.786449432373047 0.20975112915039062 0.2
-8.469499588012695 14.740047454833984 0.40635108947753906 0.2
-8.37969970703125 14.844749450683594 0.5627498626708984 0.2
-8.247499465942383 15.010448455810547 0.5635509490966797 0.2
-8.085999488830566 15.121150970458984 0.4793510437011719 0.2
-7.885499954223633 15.130550384521484 0.4131507873535156 0.2
-7.714300155639648 15.039051055908203 0.4896507263183594 0.2
-7.643099784851074 14.966548919677734 0.6760501861572266 0.2
-7.719399452209473 14.955047607421875 0.8688507080078125 0.2
-7.9250993728637695 14.968448638916016 0.9147510528564453 0.2
-8.120299339294434 14.941150665283203 0.8339500427246094 0.2
-8.281899452209473 14.834148406982422 0.7502498626708984 0.2
-8.328499794006348 14.632648468017578 0.7739505767822266 0.2
-8.274700164794922 14.508548736572266 0.9358501434326172 0.2
-8.190899848937988 14.50994873046875 1.1286506652832031 0.2
-8.082499504089355 14.65985107421875 1.2278499603271484 0.2
-7.938499450683594 14.80875015258789 1.1806507110595703 0.2
-7.766300201416016 14.897048950195312 1.0927505493164062 0.2
-7.5630998611450195 14.853347778320312 1.0606498718261719 0.2
-7.425600051879883 14.752349853515625 1.1832504272460938 0.2
-7.395299911499023 14.686248779296875 1.3813514709472656 0.2
-7.535299301147461 14.687549591064453 1.5355510711669922 0.2
-7.745999336242676 14.682147979736328 1.5213508605957031 0.2
-7.935199737548828 14.637451171875 1.4341506958007812 0.2
-8.062699317932129 14.481250762939453 1.3708515167236328 0.2
-8.055699348449707 14.286750793457031 1.4441509246826172 0.2
-7.978799819946289 14.193450927734375 1.6189498901367188 0.2
-7.879899978637695 14.2469482421875 1.7949504852294922 0.2
-7.754300117492676 14.412548065185547 1.8323516845703125 0.2
-7.6072998046875 14.549850463867188 1.7609500885009766 0.2
-7.419599533081055 14.597850799560547 1.6738510131835938 0.2
-7.232799530029297 14.505149841308594 1.6880512237548828 0.2
-7.135099411010742 14.392650604248047 1.8399505615234375 0.2
-7.167699813842773 14.333148956298828 2.037851333618164 0.2
-7.358099937438965 14.337749481201172 2.1278514862060547 0.2
-7.564099311828613 14.321647644042969 2.0740509033203125 0.2
-7.739699363708496 14.23685073852539 1.9889507293701172 0.2
-7.801699638366699 14.037250518798828 1.969350814819336 0.2
-7.747300148010254 13.875450134277344 2.0952510833740234 0.2
-7.651899337768555 13.830047607421875 2.2786502838134766 0.2
-7.532400131225586 13.957149505615234 2.396150588989258 0.2
-7.397699356079102 14.118648529052734 2.359750747680664 0.2
-7.234799385070801 14.220649719238281 2.2669506072998047 0.2
-7.03909969329834 14.162548065185547 2.2144508361816406 0.2
-6.921799659729004 14.020648956298828 2.319751739501953 0.2
-6.917559623718262 13.912651062011719 2.5027503967285156 0.2
-7.075399398803711 13.892547607421875 2.640451431274414 0.2
-7.288000106811523 13.889549255371094 2.6182498931884766 0.2
-7.47029972076416 13.817649841308594 2.533050537109375 0.2
-7.540299415588379 13.620948791503906 2.501951217651367 0.2
-7.496099472045898 13.444549560546875 2.6146507263183594 0.2
-7.398900032043457 13.38644790649414 2.7940502166748047 0.2
-7.267899513244629 13.514549255371094 2.897951126098633 0.2
-7.139100074768066 13.678348541259766 2.8439502716064453 0.2
-6.964659690856934 13.74155044555664 2.738750457763672 0.2
-6.793379783630371 13.620849609375 2.7139511108398438 0.2
-6.720219612121582 13.449249267578125 2.820951461791992 0.2
-6.780829429626465 13.365947723388672 3.005250930786133 0.2
-6.981329917907715 13.384750366210938 3.0827503204345703 0.2
-7.189499855041504 13.351947784423828 3.0350513458251953 0.2
-7.306499481201172 13.177349090576172 3.002349853515625 0.2
-7.289599418640137 12.991950988769531 3.107450485229492 0.2
-7.229800224304199 12.917247772216797 3.299449920654297 0.2
-7.152799606323242 13.039348602294922 3.4538516998291016 0.2
-7.0167999267578125 13.196548461914062 3.406850814819336 0.2
-6.866469383239746 13.27254867553711 3.269550323486328 0.2
-6.698880195617676 13.228450775146484 3.1389503479003906 0.2
-6.568140029907227 13.067951202392578 3.1812515258789062 0.2
-6.523499488830566 12.955448150634766 3.362150192260742 0.2
-6.605420112609863 12.85824966430664 3.5349502563476562 0.2
-6.8033294677734375 12.770347595214844 3.544351577758789 0.2
-6.994699478149414 12.738750457763672 3.5091514587402344 0.2
-7.166199684143066 12.743450164794922 3.585451126098633 0.2
-7.270199775695801 12.667049407958984 3.721050262451172 0.2
-7.314199447631836 12.512748718261719 3.819150924682617 0.2
-7.270299911499023 12.345748901367188 3.9054508209228516 0.2
-7.166699409484863 12.184749603271484 3.9772510528564453 0.2
-7.007399559020996 12.08475112915039 4.012651443481445 0.2
-6.827949523925781 12.09524917602539 4.067251205444336 0.2
-6.696279525756836 12.224647521972656 4.103450775146484 0.2
-6.625180244445801 12.387748718261719 4.04155158996582 0.2
-6.574399948120117 12.53854751586914 3.9407501220703125 0.2
-6.5164594650268555 12.683547973632812 3.8347511291503906 0.2
-6.397329330444336 12.783248901367188 3.7302513122558594 0.2
-6.212610244750977 12.77505111694336 3.704050064086914 0.2
-6.054579734802246 12.709850311279297 3.7827510833740234 0.2
-5.972929954528809 12.628047943115234 3.9202499389648438 0.2
-6.0264997482299805 12.530048370361328 4.060649871826172 0.2
-6.162059783935547 12.430850982666016 4.125551223754883 0.2
-6.309379577636719 12.334247589111328 4.162651062011719 0.2
-6.452099800109863 12.22854995727539 4.195051193237305 0.2
-6.547769546508789 12.076950073242188 4.213451385498047 0.2
-6.527979850769043 11.90264892578125 4.254150390625 0.2
-6.439109802246094 11.789848327636719 4.362550735473633 0.2
-6.309049606323242 11.770149230957031 4.493350982666016 0.2
-6.13776969909668 11.797748565673828 4.586050033569336 0.2
-5.972419738769531 11.8636474609375 4.633750915527344 0.2
-5.826739311218262 11.966350555419922 4.606550216674805 0.2
-5.7131500244140625 12.039947509765625 4.488151550292969 0.2
-5.704139709472656 12.117847442626953 4.325950622558594 0.2
-5.765130043029785 12.248649597167969 4.222450256347656 0.2
-5.796719551086426 12.439250946044922 4.1076507568359375 0.2
-5.630529403686523 12.533748626708984 3.9674510955810547 0.2
-5.387929916381836 12.536949157714844 3.9371509552001953 0.2
-5.178989410400391 12.584949493408203 4.042350769042969 0.2
-5.17764949798584 12.587947845458984 4.278650283813477 0.2
-5.303959846496582 12.469348907470703 4.449550628662109 0.2
-5.411990165710449 12.2740478515625 4.539051055908203 0.2
-5.333930015563965 12.06304931640625 4.472249984741211 0.2
-5.097529411315918 12.026248931884766 4.455650329589844 0.2
-4.908829689025879 12.168251037597656 4.493249893188477 0.2
-4.92242956161499 12.402950286865234 4.459251403808594 0.2
-4.976329803466797 12.555549621582031 4.290851593017578 0.2
-4.863119602203369 12.542949676513672 4.094350814819336 0.2
-4.767759799957275 12.37125015258789 3.9914512634277344 0.2
-4.8525896072387695 12.168048858642578 4.0310516357421875 0.2
-4.939229965209961 12.032447814941406 4.189451217651367 0.2
-4.843009948730469 11.971748352050781 4.380550384521484 0.2
-4.6267499923706055 11.974849700927734 4.4508514404296875 0.2
-4.427409648895264 12.014549255371094 4.360151290893555 0.2
-4.406909942626953 12.132648468017578 4.172151565551758 0.2
-4.499039649963379 12.301048278808594 4.050149917602539 0.2
-4.546759605407715 12.516548156738281 4.071250915527344 0.2
-4.420469760894775 12.653247833251953 4.190650939941406 0.2
-4.20635986328125 12.66135025024414 4.251649856567383 0.2
-4.033029556274414 12.543750762939453 4.236351013183594 0.2
-4.030029773712158 12.333648681640625 4.213750839233398 0.2
-4.132689952850342 12.151649475097656 4.263650894165039 0.2
-4.20458984375 12.021148681640625 4.414751052856445 0.2
-4.118839740753174 11.978347778320312 4.601951599121094 0.2
-3.9215798377990723 11.970848083496094 4.686151504516602 0.2
-3.7169699668884277 11.991249084472656 4.6383514404296875 0.2
-3.651249885559082 12.0865478515625 4.462251663208008 0.2
-3.7238998413085938 12.239448547363281 4.330450057983398 0.2
-3.8038597106933594 12.428348541259766 4.2718505859375 0.2
-3.771639823913574 12.619647979736328 4.350749969482422 0.2
-3.594149589538574 12.67905044555664 4.449850082397461 0.2
-3.3908395767211914 12.628849029541016 4.491550445556641 0.2
-3.2743096351623535 12.457347869873047 4.458250045776367 0.2
-3.3237099647521973 12.25054931640625 4.460451126098633 0.2
-3.428419589996338 12.080150604248047 4.537351608276367 0.2
-3.464369773864746 11.975948333740234 4.717350006103516 0.2
-3.3292698860168457 11.943450927734375 4.87645149230957 0.2
-3.123149871826172 11.927448272705078 4.9331512451171875 0.2
-2.934889793395996 11.946147918701172 4.843050003051758 0.2
-2.9079599380493164 12.053050994873047 4.66254997253418 0.2
-2.9974799156188965 12.21044921875 4.5478515625 0.2
-3.0682597160339355 12.407051086425781 4.5133514404296875 0.2
-2.999359607696533 12.580047607421875 4.607551574707031 0.2
-2.8088698387145996 12.612449645996094 4.69635009765625 0.2
-2.5909199714660645 12.52444839477539 4.7214508056640625 0.2
-2.524439811706543 12.30474853515625 4.682950973510742 0.2
-2.6302099227905273 12.092350006103516 4.716550827026367 0.2
-2.7171597480773926 11.941650390625 4.875150680541992 0.2
-2.6039199829101562 11.897449493408203 5.073751449584961 0.2
-2.3792099952697754 11.872749328613281 5.156150817871094 0.2
-2.142859935760498 11.869049072265625 5.135351181030273 0.2
-2.0426998138427734 11.969348907470703 4.95465087890625 0.2
-2.1414198875427246 12.138050079345703 4.817649841308594 0.2
-2.2599997520446777 12.338348388671875 4.7709503173828125 0.2
-2.241499900817871 12.527050018310547 4.901950836181641 0.2
-2.108339786529541 12.561748504638672 5.086450576782227 0.2
-2.060619831085205 12.458648681640625 5.27815055847168 0.2
-2.0363898277282715 12.257549285888672 5.377651214599609 0.2
-1.9618797302246094 12.046649932861328 5.403251647949219 0.2
-1.7813196182250977 11.922348022460938 5.365751266479492 0.2
-1.560159683227539 11.930450439453125 5.404550552368164 0.2
-1.3907499313354492 11.945350646972656 5.556251525878906 0.2
-1.4133095741271973 12.077049255371094 5.731250762939453 0.2
-1.58204984664917 12.223949432373047 5.707851409912109 0.2
-1.7439098358154297 12.326648712158203 5.588550567626953 0.2
-1.8710198402404785 12.438648223876953 5.44005012512207 0.2
-1.8149299621582031 12.56515121459961 5.268350601196289 0.2
-1.603869915008545 12.628547668457031 5.263551712036133 0.2
-1.4325799942016602 12.630451202392578 5.40675163269043 0.2
-1.3786396980285645 12.539848327636719 5.605951309204102 0.2
-1.3378396034240723 12.363948822021484 5.742351531982422 0.2
-1.2812199592590332 12.16244888305664 5.826650619506836 0.2
-1.1828699111938477 11.964950561523438 5.783050537109375 0.2
-0.9793796539306641 11.898548126220703 5.724151611328125 0.2
-0.7835197448730469 11.997047424316406 5.763650894165039 0.2
-0.7949597835540771 12.217750549316406 5.82335090637207 0.2
-0.9572498798370361 12.369247436523438 5.786750793457031 0.2
-1.1273999214172363 12.500450134277344 5.719449996948242 0.2
-1.2082796096801758 12.625850677490234 5.552051544189453 0.2
-1.0623297691345215 12.6927490234375 5.404951095581055 0.2
-0.8385796546936035 12.680950164794922 5.430749893188477 0.2
-0.6893298625946045 12.566947937011719 5.553150177001953 0.2
-0.6232597827911377 12.401348114013672 5.690851211547852 0.2
-0.5790798664093018 12.202247619628906 5.784450531005859 0.2
-0.6127297878265381 11.988849639892578 5.735151290893555 0.2
-0.6633896827697754 11.966949462890625 5.52545166015625 0.2
-0.6600298881530762 12.139049530029297 5.379751205444336 0.2
-0.6661398410797119 12.359748840332031 5.342350006103516 0.2
-0.7850298881530762 12.547847747802734 5.324550628662109 0.2
-0.9683797359466553 12.588150024414062 5.194450378417969 0.2
-1.038099765777588 12.477848052978516 5.017250061035156 0.2
-0.953359842300415 12.280250549316406 4.99785041809082 0.2
-0.9071297645568848 12.14284896850586 5.174650192260742 0.2
-0.9745397567749023 12.026248931884766 5.353950500488281 0.2
-1.1741600036621094 12.033451080322266 5.442251205444336 0.2
-1.3570399284362793 12.045547485351562 5.319551467895508 0.2
-1.388589859008789 11.906349182128906 5.152050018310547 0.2
-1.2812199592590332 11.722949981689453 5.08635139465332 0.2
-1.0741796493530273 11.712249755859375 5.136251449584961 0.2
-0.949089765548706 11.905048370361328 5.133050918579102 0.2
-0.8663897514343262 12.067649841308594 4.993751525878906 0.2
-0.6847498416900635 12.136550903320312 4.889350891113281 0.2
-0.4727497100830078 12.134750366210938 4.958250045776367 0.2
-0.41064977645874023 12.072250366210938 5.1551513671875 0.2
-0.5662798881530762 11.959548950195312 5.272850036621094 0.2
-0.7641198635101318 11.854351043701172 5.296751022338867 0.2
-0.929729700088501 11.705848693847656 5.271251678466797 0.2
-0.8938398361206055 11.50374984741211 5.199750900268555 0.2
-0.6860897541046143 11.440048217773438 5.23805046081543 0.2
-0.5212798118591309 11.511051177978516 5.368650436401367 0.2
-0.46327972412109375 11.708049774169922 5.456550598144531 0.2
-0.4053797721862793 11.921947479248047 5.424650192260742 0.2
-0.31804966926574707 12.099849700927734 5.321550369262695 0.2
-0.13878965377807617 12.17824935913086 5.2185516357421875 0.2
0.08243012428283691 12.176651000976562 5.234350204467773 0.2
0.18205022811889648 12.073150634765625 5.382150650024414 0.2
0.07295012474060059 11.926849365234375 5.484350204467773 0.2
-0.10091972351074219 11.80514907836914 5.480751037597656 0.2
-0.2642998695373535 11.6761474609375 5.439149856567383 0.2
-0.3414797782897949 11.516948699951172 5.316350936889648 0.2
-0.2030797004699707 11.389850616455078 5.242549896240234 0.2
-0.010409832000732422 11.387748718261719 5.326250076293945 0.2
0.13785028457641602 11.463848114013672 5.454450607299805 0.2
0.22407031059265137 11.629249572753906 5.552249908447266 0.2
0.28440022468566895 11.83115005493164 5.55885124206543 0.2
0.3438701629638672 12.023548126220703 5.4947509765625 0.2
0.468670129776001 12.148849487304688 5.383750915527344 0.2
0.6734201908111572 12.183448791503906 5.364351272583008 0.2
0.8677003383636475 12.179248809814453 5.445650100708008 0.2
0.9528203010559082 12.110649108886719 5.619050979614258 0.2
0.8524401187896729 11.983150482177734 5.746250152587891 0.2
0.6993601322174072 11.837848663330078 5.753850936889648 0.2
0.6713302135467529 11.644550323486328 5.692951202392578 0.2
0.8346703052520752 11.52334976196289 5.649250030517578 0.2
1.0404102802276611 11.504051208496094 5.690450668334961 0.2
1.2151002883911133 11.564449310302734 5.78795051574707 0.2
1.2517101764678955 11.746749877929688 5.879550933837891 0.2
1.1814602613449097 11.940948486328125 5.842750549316406 0.2
1.153400182723999 12.100250244140625 5.71095085144043 0.2
1.284090280532837 12.178150177001953 5.573251724243164 0.2
1.4933502674102783 12.181648254394531 5.569150924682617 0.2
1.674720287322998 12.146549224853516 5.6672515869140625 0.2
1.7123702764511108 12.048648834228516 5.84425163269043 0.2
1.5925302505493164 11.909149169921875 5.942850112915039 0.2
1.4619202613830566 11.7447509765625 5.938150405883789 0.2
1.4768602848052979 11.552349090576172 5.862850189208984 0.2
1.656150221824646 11.450347900390625 5.838550567626953 0.2
1.8607501983642578 11.442649841308594 5.888050079345703 0.2
1.9969502687454224 11.552448272705078 5.997251510620117 0.2
1.984310269355774 11.755550384521484 6.042350769042969 0.2
1.9152002334594727 11.941448211669922 5.970550537109375 0.2
1.94510018825531 12.082950592041016 5.8222503662109375 0.2
2.1242032051086426 12.126850128173828 5.731451034545898 0.2
2.347525119781494 12.105247497558594 5.771350860595703 0.2
2.4754202365875244 12.007247924804688 5.93385124206543 0.2
2.3863022327423096 11.845050811767578 6.07185173034668 0.2
2.2308263778686523 11.668148040771484 6.080150604248047 0.2
2.227041244506836 11.460548400878906 5.982551574707031 0.2
2.4286673069000244 11.360149383544922 5.928150177001953 0.2
2.6616733074188232 11.382247924804688 5.960151672363281 0.2
2.784046173095703 11.559249877929688 6.037450790405273 0.2
2.7287352085113525 11.78744888305664 6.057050704956055 0.2
2.680981159210205 11.982749938964844 5.942251205444336 0.2
2.7708752155303955 12.03955078125 5.737051010131836 0.2
2.8539211750030518 11.93185043334961 5.55525016784668 0.2
2.7808141708374023 11.73604965209961 5.493751525878906 0.2
2.6663341522216797 11.563751220703125 5.578451156616211 0.2
2.6602492332458496 11.404048919677734 5.72705078125 0.2
2.839999198913574 11.31705093383789 5.82135009765625 0.2
3.0618529319763184 11.304550170898438 5.802150726318359 0.2
3.21637225151062 11.353347778320312 5.656850814819336 0.2
3.190692186355591 11.501350402832031 5.497350692749023 0.2
3.083704710006714 11.69314956665039 5.456050872802734 0.2
3.0625991821289062 11.901847839355469 5.517950057983398 0.2
3.2228481769561768 12.022647857666016 5.602149963378906 0.2
3.4458982944488525 12.026348114013672 5.600151062011719 0.2
3.609215259552002 11.922950744628906 5.506650924682617 0.2
3.596590280532837 11.73324966430664 5.422151565551758 0.2
3.4886231422424316 11.553348541259766 5.449951171875 0.2
3.4327332973480225 11.39434814453125 5.573450088500977 0.2
3.5476253032684326 11.304450988769531 5.719551086425781 0.2
3.7564632892608643 11.282550811767578 5.739749908447266 0.2
3.9510393142700195 11.29935073852539 5.660251617431641 0.2
4.018610000610352 11.389049530029297 5.486751556396484 0.2
3.936990261077881 11.555648803710938 5.389551162719727 0.2
3.840642213821411 11.744049072265625 5.397550582885742 0.2
3.8734681606292725 11.92934799194336 5.486949920654297 0.2
4.057929992675781 12.01504898071289 5.530450820922852 0.2
4.263980388641357 12.005950927734375 5.482351303100586 0.2
4.392730236053467 11.897048950195312 5.361850738525391 0.2
4.354410171508789 11.705650329589844 5.290050506591797 0.2
4.25160026550293 11.526348114013672 5.338550567626953 0.2
4.229619979858398 11.370948791503906 5.477550506591797 0.2
4.37962007522583 11.293251037597656 5.598051071166992 0.2
4.590590476989746 11.280349731445312 5.58275032043457 0.2
4.767130374908447 11.301849365234375 5.4696502685546875 0.2
4.788249969482422 11.396949768066406 5.286149978637695 0.2
4.683900356292725 11.56454849243164 5.212751388549805 0.2
4.601170063018799 11.756649017333984 5.242950439453125 0.2
4.678230285644531 11.933147430419922 5.320650100708008 0.2
4.877990245819092 11.996349334716797 5.312351226806641 0.2
5.069780349731445 11.969749450683594 5.225749969482422 0.2
5.155660152435303 11.813751220703125 5.080450057983398 0.2
5.070680141448975 11.597049713134766 5.070850372314453 0.2
4.988860130310059 11.415950775146484 5.199150085449219 0.2
5.094160079956055 11.310550689697266 5.374549865722656 0.2
5.328639984130859 11.29684829711914 5.384550094604492 0.2
5.5517401695251465 11.298851013183594 5.30095100402832 0.2
5.6827802658081055 11.282150268554688 5.10875129699707 0.2
5.598340034484863 11.3885498046875 4.926050186157227 0.2
5.452990531921387 11.576248168945312 4.914350509643555 0.2
5.397470474243164 11.789447784423828 4.991050720214844 0.2
5.561039924621582 11.926948547363281 5.076351165771484 0.2
5.786809921264648 11.915950775146484 5.111751556396484 0.2
5.932960510253906 11.770050048828125 5.191551208496094 0.2
6.007140159606934 11.558849334716797 5.210750579833984 0.2
6.07390022277832 11.353248596191406 5.1524505615234375 0.2
6.169650077819824 11.21915054321289 5.002450942993164 0.2
6.317630290985107 11.17464828491211 4.838350296020508 0.2
6.516570091247559 11.224449157714844 4.763851165771484 0.2
6.59181022644043 11.379947662353516 4.89995002746582 0.2
6.46481990814209 11.52444839477539 5.0198516845703125 0.2
6.2847700119018555 11.637550354003906 5.093351364135742 0.2
6.1124701499938965 11.778247833251953 5.097650527954102 0.2
6.0878801345825195 11.926349639892578 4.941350936889648 0.2
6.262450218200684 11.95975112915039 4.809751510620117 0.2
6.4780402183532715 11.910247802734375 4.798551559448242 0.2
6.625950336456299 11.759147644042969 4.8735504150390625 0.2
6.716750144958496 11.556049346923828 4.9107513427734375 0.2
6.778130531311035 11.34804916381836 4.854850769042969 0.2
6.89024019241333 11.257148742675781 4.687450408935547 0.2
7.071690082550049 11.320549011230469 4.574251174926758 0.2
7.150660037994385 11.520549774169922 4.603050231933594 0.2
7.014389991760254 11.679149627685547 4.689350128173828 0.2
6.813839912414551 11.776248931884766 4.727251052856445 0.2
6.632530212402344 11.880451202392578 4.645351409912109 0.2
6.632120132446289 11.947151184082031 4.43535041809082 0.2
6.790940284729004 11.985649108886719 4.296051025390625 0.2
6.991290092468262 11.973247528076172 4.342750549316406 0.2
7.10929012298584 11.83864974975586 4.4696502685546875 0.2
7.214640140533447 11.656547546386719 4.515451431274414 0.2
7.36046028137207 11.53594970703125 4.419151306152344 0.2
7.526560306549072 11.646648406982422 4.369050979614258 0.2
7.60053014755249 11.823047637939453 4.461250305175781 0.2
7.584650039672852 11.908348083496094 4.651750564575195 0.2
7.44135046005249 11.855449676513672 4.794351577758789 0.2
7.237870216369629 11.818950653076172 4.761951446533203 0.2
7.095810413360596 11.92184829711914 4.642950057983398 0.2
7.057770252227783 12.078449249267578 4.498849868774414 0.2
7.106930255889893 12.277748107910156 4.471950531005859 0.2
7.078200340270996 12.386249542236328 4.646051406860352 0.2
6.946619987487793 12.349449157714844 4.813650131225586 0.2
6.8251800537109375 12.189048767089844 4.885551452636719 0.2
6.80810022354126 11.974849700927734 4.884450912475586 0.2
6.848299980163574 11.777149200439453 4.958850860595703 0.2
6.882530212402344 11.67144775390625 5.136051177978516 0.2
6.872380256652832 11.79745101928711 5.302949905395508 0.2
6.8688201904296875 12.009750366210938 5.2839508056640625 0.2
6.879340171813965 12.192150115966797 5.173851013183594 0.2
6.924469947814941 12.34695053100586 5.034049987792969 0.2
7.090330123901367 12.415050506591797 4.914150238037109 0.2
7.299090385437012 12.378650665283203 4.908451080322266 0.2
7.401050090789795 12.27874755859375 5.067150115966797 0.2
7.308110237121582 12.135250091552734 5.213951110839844 0.2
7.1553802490234375 11.990348815917969 5.297050476074219 0.2
7.039730072021484 11.797348022460938 5.302150726318359 0.2
7.115110397338867 11.610549926757812 5.194150924682617 0.2
7.332310199737549 11.572151184082031 5.157951354980469 0.2
7.498610019683838 11.709949493408203 5.2093505859375 0.2
7.541380405426025 11.930049896240234 5.181251525878906 0.2
7.5535101890563965 12.131248474121094 5.077850341796875 0.2
7.554840087890625 12.272148132324219 4.899650573730469 0.2
7.669340133666992 12.294048309326172 4.708551406860352 0.2
7.874960422515869 12.24625015258789 4.63545036315918 0.2
8.00255012512207 12.128047943115234 4.764951705932617 0.2
7.932900428771973 12.003150939941406 4.923551559448242 0.2
7.799600124359131 11.891250610351562 5.048551559448242 0.2
7.657890319824219 11.743247985839844 5.109951019287109 0.2
7.604910373687744 11.572151184082031 4.994350433349609 0.2
7.733110427856445 11.50885009765625 4.838350296020508 0.2
7.937540054321289 11.520851135253906 4.778350830078125 0.2
8.11404037475586 11.637451171875 4.793550491333008 0.2
8.18004035949707 11.83905029296875 4.781551361083984 0.2
8.180950164794922 12.041248321533203 4.710851669311523 0.2
8.174310684204102 12.192249298095703 4.559751510620117 0.2
8.27614974975586 12.2447509765625 4.38275146484375 0.2
8.468110084533691 12.248249053955078 4.28795051574707 0.2
8.663990020751953 12.185550689697266 4.326450347900391 0.2
8.7022705078125 12.039848327636719 4.471950531005859 0.2
8.602290153503418 11.884147644042969 4.580850601196289 0.2
8.47665023803711 11.717548370361328 4.628749847412109 0.2
8.407659530639648 11.564949035644531 4.506750106811523 0.2
8.523850440979004 11.528148651123047 4.336851119995117 0.2
8.727069854736328 11.544750213623047 4.26875114440918 0.2
8.93418025970459 11.597148895263672 4.2597503662109375 0.2
9.049489974975586 11.754249572753906 4.3370513916015625 0.2
9.003290176391602 11.959449768066406 4.370349884033203 0.2
8.91427993774414 12.144950866699219 4.312450408935547 0.2
8.910300254821777 12.270648956298828 4.14375114440918 0.2
9.060310363769531 12.322151184082031 4.003551483154297 0.2
9.270530700683594 12.333549499511719 3.9692516326904297 0.2
9.427240371704102 12.264850616455078 4.0881500244140625 0.2
9.399850845336914 12.113849639892578 4.232851028442383 0.2
9.290760040283203 11.944351196289062 4.306850433349609 0.2
9.244840621948242 11.74184799194336 4.2662506103515625 0.2
9.37186050415039 11.62445068359375 4.148950576782227 0.2
9.578450202941895 11.642349243164062 4.096651077270508 0.2
9.75391960144043 11.757549285888672 4.121049880981445 0.2
9.775070190429688 11.962150573730469 4.169549942016602 0.2
9.69143009185791 12.156349182128906 4.135351181030273 0.2
9.6214599609375 12.315849304199219 4.012750625610352 0.2
9.686800003051758 12.404048919677734 3.8333511352539062 0.2
9.882909774780273 12.448348999023438 3.7398509979248047 0.2
10.10890007019043 12.437950134277344 3.799650192260742 0.2
10.151660919189453 12.304649353027344 3.9853515625 0.2
10.045400619506836 12.119949340820312 4.096950531005859 0.2
9.980810165405273 11.892948150634766 4.10205078125 0.2
10.112250328063965 11.741050720214844 3.9873504638671875 0.2
10.341239929199219 11.768447875976562 3.925251007080078 0.2
10.50531005859375 11.938850402832031 3.922250747680664 0.2
10.473899841308594 12.174148559570312 3.918651580810547 0.2
10.371070861816406 12.380748748779297 3.8554515838623047 0.2
10.330810546875 12.489749908447266 3.6519508361816406 0.2
10.407600402832031 12.43655014038086 3.4325504302978516 0.2
10.380840301513672 12.232650756835938 3.3530502319335938 0.2
10.31190013885498 12.044147491455078 3.4578514099121094 0.2
10.285050392150879 11.882747650146484 3.6148509979248047 0.2
10.433150291442871 11.775447845458984 3.7383499145507812 0.2
10.657779693603516 11.767749786376953 3.7096500396728516 0.2
10.813970565795898 11.802249908447266 3.5535507202148438 0.2
10.781730651855469 11.906749725341797 3.360250473022461 0.2
10.663810729980469 12.082550048828125 3.278951644897461 0.2
10.584510803222656 12.293251037597656 3.262451171875 0.2
10.677440643310547 12.493450164794922 3.288351058959961 0.2
10.883060455322266 12.565547943115234 3.2297515869140625 0.2
11.060400009155273 12.506851196289062 3.1069507598876953 0.2
11.088080406188965 12.309650421142578 3.037851333618164 0.2
11.032489776611328 12.11684799194336 3.1141510009765625 0.2
10.984029769897461 11.953350067138672 3.2456512451171875 0.2
11.052140235900879 11.845748901367188 3.4147510528564453 0.2
11.255650520324707 11.825550079345703 3.4659500122070312 0.2
11.450150489807129 11.83584976196289 3.375551223754883 0.2
11.530759811401367 11.872550964355469 3.184650421142578 0.2
11.451379776000977 11.993148803710938 3.0281505584716797 0.2
11.337130546569824 12.165550231933594 2.969449996948242 0.2
11.275720596313477 12.369949340820312 2.9573516845703125 0.2
11.383790016174316 12.55044937133789 2.9702510833740234 0.2
11.580289840698242 12.59844970703125 2.9019508361816406 0.2
11.741789817810059 12.531749725341797 2.780651092529297 0.2
11.768850326538086 12.337047576904297 2.7049503326416016 0.2
11.718490600585938 12.144649505615234 2.7846508026123047 0.2
11.678370475769043 11.986148834228516 2.924650192260742 0.2
11.755570411682129 11.878448486328125 3.091550827026367 0.2
11.960180282592773 11.845447540283203 3.1329517364501953 0.2
12.147700309753418 11.834949493408203 3.027750015258789 0.2
12.21366024017334 11.855148315429688 2.8281517028808594 0.2
12.11909008026123 11.973751068115234 2.6790504455566406 0.2
12.000080108642578 12.147647857666016 2.6300506591796875 0.2
11.960010528564453 12.358348846435547 2.6246509552001953 0.2
12.104330062866211 12.512550354003906 2.619050979614258 0.2
12.302200317382812 12.512550354003906 2.5356502532958984 0.2
12.442190170288086 12.387550354003906 2.401151657104492 0.2
12.417560577392578 12.155948638916016 2.372650146484375 0.2
12.358360290527344 11.97024917602539 2.5163516998291016 0.2
12.415949821472168 11.841850280761719 2.7085514068603516 0.2
12.640379905700684 11.790847778320312 2.759950637817383 0.2
12.836770057678223 11.764049530029297 2.6218509674072266 0.2
12.851019859313965 11.817150115966797 2.392751693725586 0.2
12.706920623779297 11.974849700927734 2.275951385498047 0.2
12.657660484313965 12.205848693847656 2.2669506072998047 0.2
12.85692024230957 12.332847595214844 2.3280506134033203 0.2
13.001510620117188 12.287651062011719 2.513050079345703 0.2
12.96737003326416 12.108749389648438 2.670949935913086 0.2
12.99094009399414 11.883750915527344 2.6818504333496094 0.2
13.170000076293945 11.768348693847656 2.5926513671875 0.2
13.391200065612793 11.818450927734375 2.5585498809814453 0.2
13.44640064239502 12.035747528076172 2.5782508850097656 0.2
13.315000534057617 12.208850860595703 2.498849868774414 0.2
13.160699844360352 12.310050964355469 2.357450485229492 0.2
13.132500648498535 12.279548645019531 2.1353511810302734 0.2
13.318500518798828 12.228950500488281 2.0096511840820312 0.2
13.549500465393066 12.214149475097656 1.9848499298095703 0.2
13.717500686645508 12.100151062011719 2.0869503021240234 0.2
13.71030044555664 11.90475082397461 2.2149505615234375 0.2
13.721099853515625 11.769149780273438 2.3813514709472656 0.2
13.834500312805176 11.708549499511719 2.498350143432617 0.2
13.985799789428711 11.62514877319336 2.523550033569336 0.2
14.13800048828125 11.520450592041016 2.532550811767578 0.2
14.24120044708252 11.375450134277344 2.4881515502929688 0.2
14.307400703430176 11.34225082397461 2.3198509216308594 0.2
14.378900527954102 11.401748657226562 2.1702499389648438 0.2
14.445700645446777 11.525550842285156 2.0653514862060547 0.2
14.4375 11.698650360107422 2.0361499786376953 0.2
14.332600593566895 11.839347839355469 2.0269508361816406 0.2
14.201399803161621 11.954151153564453 2.014650344848633 0.2
14.067900657653809 12.065650939941406 1.9990501403808594 0.2
13.938600540161133 12.175949096679688 1.9547500610351562 0.2
13.866600036621094 12.267749786376953 1.8241500854492188 0.2
13.918800354003906 12.32965087890625 1.6689510345458984 0.2
14.044700622558594 12.37344741821289 1.555450439453125 0.2
14.217900276184082 12.377147674560547 1.5286502838134766 0.2
14.357399940490723 12.291149139404297 1.5916500091552734 0.2
14.437200546264648 12.157947540283203 1.6721515655517578 0.2
14.50570011138916 12.01865005493164 1.7525501251220703 0.2
14.574399948120117 11.87514877319336 1.8263511657714844 0.2
14.648200035095215 11.717048645019531 1.8451499938964844 0.2
14.749000549316406 11.599849700927734 1.7611503601074219 0.2
14.891200065612793 11.585250854492188 1.659250259399414 0.2
15.03439998626709 11.654449462890625 1.5812511444091797 0.2
15.136600494384766 11.79214859008789 1.49005126953125 0.2
15.2160005569458 11.931747436523438 1.3913516998291016 0.2
15.208100318908691 12.075847625732422 1.291250228881836 0.2
15.132800102233887 12.172248840332031 1.1652507781982422 0.2
14.981200218200684 12.196647644042969 1.0793514251708984 0.2
14.811400413513184 12.230449676513672 1.1071510314941406 0.2
14.674400329589844 12.3011474609375 1.1908512115478516 0.2
14.522299766540527 12.391849517822266 1.260650634765625 0.2
14.356800079345703 12.504947662353516 1.1742515563964844 0.2
14.358600616455078 12.601348876953125 0.9743499755859375 0.2
14.490099906921387 12.73394775390625 0.8606510162353516 0.2
14.696499824523926 12.770851135253906 0.9288501739501953 0.2
14.878900527954102 12.68185043334961 1.018350601196289 0.2
15.043100357055664 12.540348052978516 1.0609512329101562 0.2
15.105899810791016 12.387847900390625 0.921051025390625 0.2
15.113900184631348 12.447750091552734 0.7100505828857422 0.2
15.114700317382812 12.637451171875 0.5982513427734375 0.2
15.015600204467773 12.823150634765625 0.6543502807617188 0.2
14.820199966430664 12.881649017333984 0.7386512756347656 0.2
14.601300239562988 12.891250610351562 0.7160511016845703 0.2
14.495500564575195 12.970348358154297 0.5447502136230469 0.2
14.547699928283691 13.142650604248047 0.4186515808105469 0.2
14.733600616455078 13.25265121459961 0.4125499725341797 0.2
14.922699928283691 13.160648345947266 0.47245025634765625 0.2
15.064300537109375 12.994049072265625 0.4985504150390625 0.2
15.173399925231934 12.855949401855469 0.372650146484375 0.2
15.23840045928955 12.908348083496094 0.17245101928710938 0.2
15.277600288391113 13.092647552490234 0.06325149536132812 0.2
15.210100173950195 13.289649963378906 0.12295150756835938 0.2
15.031499862670898 13.364349365234375 0.22565078735351562 0.2
14.823599815368652 13.397148132324219 0.2861499786376953 0.2
14.636700630187988 13.434650421142578 0.18485069274902344 0.2
14.60830020904541 13.549449920654297 0.0029506683349609375 0.2
14.718999862670898 13.69675064086914 -0.10984992980957031 0.2
14.932400703430176 13.723350524902344 -0.08624839782714844 0.2
15.104400634765625 13.595848083496094 -0.04194831848144531 0.2
15.252300262451172 13.435348510742188 -0.029348373413085938 0.2
15.355600357055664 13.296649932861328 -0.15954971313476562 0.2
15.418200492858887 13.336849212646484 -0.36264991760253906 0.2
15.46090030670166 13.50994873046875 -0.4862499237060547 0.2
15.39840030670166 13.711448669433594 -0.439849853515625 0.2
15.223999977111816 13.797649383544922 -0.3405494689941406 0.2
15.02750015258789 13.843849182128906 -0.2576484680175781 0.2
14.814200401306152 13.86614990234375 -0.292449951171875 0.2
14.729300498962402 13.932449340820312 -0.4777488708496094 0.2
14.798700332641602 14.05904769897461 -0.6408500671386719 0.2
14.992799758911133 14.144248962402344 -0.6765499114990234 0.2
15.191100120544434 14.063648223876953 -0.6347484588623047 0.2
15.35420036315918 13.92245101928711 -0.6016483306884766 0.2
15.49120044708252 13.755748748779297 -0.6356487274169922 0.2
15.562200546264648 13.668048858642578 -0.8187484741210938 0.2
15.611200332641602 13.756248474121094 -1.0128498077392578 0.2
15.618900299072266 13.957347869873047 -1.0893497467041016 0.2
15.49630069732666 14.117347717285156 -1.0080490112304688 0.2
15.313300132751465 14.185050964355469 -0.9079494476318359 0.2
15.110899925231934 14.230247497558594 -0.8362483978271484 0.2
14.911900520324707 14.242149353027344 -0.9198493957519531 0.2
14.875699996948242 14.307548522949219 -1.123849868774414 0.2
14.982200622558594 14.416450500488281 -1.2792491912841797 0.2
15.196200370788574 14.44784927368164 -1.290548324584961 0.2
15.385200500488281 14.342948913574219 -1.252248764038086 0.2
15.552900314331055 14.204151153564453 -1.2250499725341797 0.2
15.670100212097168 14.034248352050781 -1.2934494018554688 0.2
15.71619987487793 13.983150482177734 -1.4985485076904297 0.2
15.745699882507324 14.089550018310547 -1.6873493194580078 0.2
15.712200164794922 14.298851013183594 -1.7240486145019531 0.2
15.562000274658203 14.427448272705078 -1.6296501159667969 0.2
15.38110065460205 14.49264907836914 -1.5255489349365234 0.2
15.17180061340332 14.528247833251953 -1.4737491607666016 0.2
15.001800537109375 14.531448364257812 -1.6057491302490234 0.2
15.000699996948242 14.595050811767578 -1.8144493103027344 0.2
15.14330005645752 14.689350128173828 -1.9454498291015625 0.2
15.361100196838379 14.673149108886719 -1.939849853515625 0.2
15.544000625610352 14.558650970458984 -1.9045486450195312 0.2
15.708000183105469 14.414051055908203 -1.8930492401123047 0.2
15.79110050201416 14.253448486328125 -2.0127487182617188 0.2
15.81510066986084 14.248748779296875 -2.2285499572753906 0.2
15.822000503540039 14.390251159667969 -2.392549514770508 0.2
15.74120044708252 14.590648651123047 -2.3758487701416016 0.2
15.574399948120117 14.685348510742188 -2.269948959350586 0.2
15.391400337219238 14.745548248291016 -2.1664485931396484 0.2
15.173200607299805 14.755451202392578 -2.161449432373047 0.2
15.052599906921387 14.76395034790039 -2.339448928833008 0.2
15.090499877929688 14.838550567626953 -2.541149139404297 0.2
15.274900436401367 14.908550262451172 -2.6299495697021484 0.2
15.483200073242188 14.842750549316406 -2.609548568725586 0.2
15.664800643920898 14.724349975585938 -2.5780487060546875 0.2
15.808100700378418 14.560348510742188 -2.604349136352539 0.2
15.84950065612793 14.443649291992188 -2.781148910522461 0.2
15.853700637817383 14.496150970458984 -2.994548797607422 0.2
15.82390022277832 14.68124771118164 -3.1021499633789062 0.2
15.692800521850586 14.83945083618164 -3.0273494720458984 0.2
15.519100189208984 14.91164779663086 -2.9128494262695312 0.2
15.322100639343262 14.955150604248047 -2.823549270629883 0.2
15.11709976196289 14.938350677490234 -2.892749786376953 0.2
15.055999755859375 14.968849182128906 -3.100849151611328 0.2
15.145600318908691 15.056049346923828 -3.2792491912841797 0.2
15.36050033569336 15.07244873046875 -3.3145484924316406 0.2
15.55840015411377 14.978649139404297 -3.2867488861083984 0.2
15.739200592041016 14.85274887084961 -3.2692489624023438 0.2
15.837200164794922 14.682147979736328 -3.3629493713378906 0.2
15.839000701904297 14.643848419189453 -3.578248977661133 0.2
15.816400527954102 14.756050109863281 -3.7655487060546875 0.2
15.729000091552734 14.954547882080078 -3.7763500213623047 0.2
15.565899848937988 15.05624771118164 -3.6669483184814453 0.2
15.388199806213379 15.116649627685547 -3.5510482788085938 0.2
15.17300033569336 15.120548248291016 -3.508249282836914 0.2
15.018000602722168 15.102848052978516 -3.6595497131347656 0.2
15.007500648498535 15.159950256347656 -3.8717498779296875 0.2
15.166600227355957 15.240150451660156 -3.995149612426758 0.2
15.383000373840332 15.197547912597656 -3.994649887084961 0.2
15.57919979095459 15.101150512695312 -3.969949722290039 0.2
15.7431001663208 14.955448150634766 -3.986949920654297 0.2
15.780400276184082 14.815448760986328 -4.148349761962891 0.2
15.748900413513184 14.836349487304688 -4.3652496337890625 0.2
15.688300132751465 14.999748229980469 -4.493648529052734 0.2
15.553500175476074 15.161251068115234 -4.431449890136719 0.2
15.384500503540039 15.234748840332031 -4.311748504638672 0.2
15.198699951171875 15.280448913574219 -4.202749252319336 0.2
14.983699798583984 15.2447509765625 -4.219249725341797 0.2
14.870200157165527 15.238548278808594 -4.40574836730957 0.2
14.90369987487793 15.313350677490234 -4.607248306274414 0.2
15.103099822998047 15.356548309326172 -4.686649322509766 0.2
15.312000274658203 15.287147521972656 -4.6777496337890625 0.2
15.509600639343262 15.19124984741211 -4.664649963378906 0.2
15.640000343322754 15.024250030517578 -4.7225494384765625 0.2
15.627099990844727 14.923851013183594 -4.914848327636719 0.2
15.567399978637695 14.984050750732422 -5.1181488037109375 0.2
15.470800399780273 15.168949127197266 -5.179948806762695 0.2
15.314499855041504 15.288448333740234 -5.079648971557617 0.2
15.1451997756958 15.355648040771484 -4.95574951171875 0.2
14.94729995727539 15.376750946044922 -4.858249664306641 0.2
14.747300148010254 15.322151184082031 -4.924949645996094 0.2
14.661200523376465 15.333850860595703 -5.1282501220703125 0.2
14.742700576782227 15.416248321533203 -5.312950134277344 0.2
14.958399772644043 15.415847778320312 -5.359748840332031 0.2
15.166000366210938 15.339248657226562 -5.352649688720703 0.2
15.361700057983398 15.233348846435547 -5.353549957275391 0.2
15.449399948120117 15.05514907836914 -5.44635009765625 0.2
15.397500038146973 14.992748260498047 -5.651849746704102 0.2
15.31410026550293 15.087650299072266 -5.832649230957031 0.2
15.190899848937988 15.269149780273438 -5.829750061035156 0.2
15.029300689697266 15.366249084472656 -5.711549758911133 0.2
14.860400199890137 15.434547424316406 -5.585350036621094 0.2
14.654000282287598 15.428050994873047 -5.506248474121094 0.2
14.47450065612793 15.371650695800781 -5.618648529052734 0.2
14.414600372314453 15.397449493408203 -5.830148696899414 0.2
14.547800064086914 15.469947814941406 -5.986949920654297 0.2
14.765800476074219 15.435348510742188 -6.0155487060546875 0.2
14.972800254821777 15.357749938964844 -6.014848709106445 0.2
15.156499862670898 15.234447479248047 -6.031848907470703 0.2
15.192800521850586 15.058448791503906 -6.156848907470703 0.2
15.115300178527832 15.027149200439453 -6.361949920654297 0.2
15.015999794006348 15.15884780883789 -6.505048751831055 0.2
14.876700401306152 15.322547912597656 -6.452348709106445 0.2
14.716899871826172 15.410648345947266 -6.327749252319336 0.2
14.546600341796875 15.476348876953125 -6.202548980712891 0.2
14.333900451660156 15.440948486328125 -6.155948638916016 0.2
14.179400444030762 15.394451141357422 -6.3038482666015625 0.2
14.16100025177002 15.43594741821289 -6.51824951171875 0.2
14.336199760437012 15.478649139404297 -6.644048690795898 0.2
14.548299789428711 15.41884994506836 -6.663148880004883 0.2
14.752799987792969 15.335750579833984 -6.668649673461914 0.2
14.911200523376465 15.183650970458984 -6.69944953918457 0.2
14.898300170898438 15.019149780273438 -6.84214973449707 0.2
14.801300048828125 15.011348724365234 -7.0415496826171875 0.2
14.685400009155273 15.164447784423828 -7.146949768066406 0.2
14.539700508117676 15.309650421142578 -7.063848495483398 0.2
14.385700225830078 15.404251098632812 -6.936149597167969 0.2
14.213000297546387 15.465850830078125 -6.809549331665039 0.2
14.002500534057617 15.407848358154297 -6.784849166870117 0.2
13.863300323486328 15.35634994506836 -6.949748992919922 0.2
13.874300003051758 15.38534927368164 -7.167549133300781 0.2
14.069000244140625 15.390949249267578 -7.272449493408203 0.2
14.280000686645508 15.322948455810547 -7.290849685668945 0.2
14.484600067138672 15.236351013183594 -7.302148818969727 0.2
14.615500450134277 15.061149597167969 -7.334449768066406 0.2
14.55940055847168 14.90195083618164 -7.475549697875977 0.2
14.440000534057617 14.896350860595703 -7.663049697875977 0.2
14.309000015258789 15.05514907836914 -7.738948822021484 0.2
14.16550064086914 15.196949005126953 -7.644350051879883 0.2
14.019800186157227 15.306049346923828 -7.518749237060547 0.2
13.847599983215332 15.364749908447266 -7.391448974609375 0.2
13.64370059967041 15.285049438476562 -7.3802490234375 0.2
13.515000343322754 15.215950012207031 -7.546848297119141 0.2
13.54990005493164 15.224449157714844 -7.762048721313477 0.2
13.749600410461426 15.205551147460938 -7.857349395751953 0.2
13.958600044250488 15.136550903320312 -7.878749847412109 0.2
14.158900260925293 15.042949676513672 -7.894248962402344 0.2
14.25059986114502 14.845848083496094 -7.929149627685547 0.2
14.162099838256836 14.698448181152344 -8.066349029541016 0.2
14.026900291442871 14.707748413085938 -8.240049362182617 0.2
13.885200500488281 14.87125015258789 -8.28084945678711 0.2
13.747000694274902 15.008148193359375 -8.174249649047852 0.2
13.607399940490723 15.124149322509766 -8.047649383544922 0.2
13.42710018157959 15.150650024414062 -7.921148300170898 0.2
13.239700317382812 15.041851043701172 -7.949150085449219 0.2
13.140299797058105 14.966949462890625 -8.132749557495117 0.2
13.222900390625 14.963748931884766 -8.33584976196289 0.2
13.430399894714355 14.922748565673828 -8.404748916625977 0.2
13.639500617980957 14.852447509765625 -8.426248550415039 0.2
13.820600509643555 14.722949981689453 -8.437749862670898 0.2
13.82800006866455 14.510749816894531 -8.492349624633789 0.2
13.702600479125977 14.403549194335938 -8.642549514770508 0.2
13.548900604248047 14.473751068115234 -8.78394889831543 0.2
13.407800674438477 14.64004898071289 -8.742349624633789 0.2
13.281599998474121 14.776847839355469 -8.620048522949219 0.2
13.129300117492676 14.863250732421875 -8.48084831237793 0.2
12.937980651855469 14.772350311279297 -8.425048828125 0.2
12.816130638122559 14.649250030517578 -8.565649032592773 0.2
12.83234977722168 14.599048614501953 -8.780149459838867 0.2
13.020899772644043 14.568950653076172 -8.893348693847656 0.2
13.23390007019043 14.507148742675781 -8.919549942016602 0.2
13.41260051727295 14.373550415039062 -8.924249649047852 0.2
13.409100532531738 14.157947540283203 -8.969149589538574 0.2
13.279600143432617 14.045047760009766 -9.11294937133789 0.2
13.115799903869629 14.128349304199219 -9.235249519348145 0.2
12.983440399169922 14.295650482177734 -9.1681489944458 0.2
12.862820625305176 14.431648254394531 -9.037749290466309 0.2
12.686030387878418 14.418647766113281 -8.905948638916016 0.2
12.538900375366211 14.257850646972656 -8.948249816894531 0.2
12.487410545349121 14.152950286865234 -9.13694953918457 0.2
12.628089904785156 14.136249542236328 -9.309649467468262 0.2
12.84253978729248 14.089149475097656 -9.359848976135254 0.2
13.022500038146973 13.956249237060547 -9.376049041748047 0.2
13.024100303649902 13.742748260498047 -9.444449424743652 0.2
12.923830032348633 13.6385498046875 -9.617849349975586 0.2
12.790800094604492 13.762550354003906 -9.743549346923828 0.2
12.653200149536133 13.908649444580078 -9.639849662780762 0.2
12.524100303649902 14.009750366210938 -9.48444938659668 0.2
12.361350059509277 14.005847930908203 -9.327649116516113 0.2
12.174739837646484 13.883647918701172 -9.35844898223877 0.2
12.075409889221191 13.799247741699219 -9.545148849487305 0.2
12.192330360412598 13.690250396728516 -9.702049255371094 0.2
12.381850242614746 13.564949035644531 -9.722249031066895 0.2
12.55996036529541 13.45724868774414 -9.73344898223877 0.2
12.7056303024292 13.409347534179688 -9.79224967956543 0.2
12.800869941711426 13.380050659179688 -9.926548957824707 0.2
12.817700386047363 13.299747467041016 -10.071649551391602 0.2
12.798880577087402 13.171947479248047 -10.175549507141113 0.2
12.721970558166504 13.032051086425781 -10.241249084472656 0.2
12.587960243225098 12.905349731445312 -10.289849281311035 0.2
12.436850547790527 12.816551208496094 -10.302349090576172 0.2
12.270780563354492 12.812950134277344 -10.314349174499512 0.2
12.127620697021484 12.895149230957031 -10.344348907470703 0.2
12.047579765319824 13.039947509765625 -10.320249557495117 0.2
12.004610061645508 13.176948547363281 -10.236749649047852 0.2
11.96815013885498 13.306549072265625 -10.140949249267578 0.2
11.932140350341797 13.4344482421875 -10.04284954071045 0.2
11.893779754638672 13.559947967529297 -9.942349433898926 0.2
11.827850341796875 13.662750244140625 -9.829349517822266 0.2
11.690810203552246 13.686450958251953 -9.734848976135254 0.2
11.527050018310547 13.654850006103516 -9.736349105834961 0.2
11.38700008392334 13.61104965209961 -9.81554889678955 0.2
11.33866024017334 13.542549133300781 -9.961849212646484 0.2
11.403830528259277 13.441947937011719 -10.077849388122559 0.2
11.500200271606445 13.3343505859375 -10.158449172973633 0.2
11.598979949951172 13.225849151611328 -10.234148979187012 0.2
11.69735050201416 13.115848541259766 -10.308249473571777 0.2
11.789620399475098 12.996150970458984 -10.376648902893066 0.2
11.830770492553711 12.838951110839844 -10.417149543762207 0.2
11.759610176086426 12.690349578857422 -10.451148986816406 0.2
11.631640434265137 12.612350463867188 -10.52354907989502 0.2
11.475170135498047 12.620647430419922 -10.604649543762207 0.2
11.29778003692627 12.663650512695312 -10.651749610900879 0.2
11.145140647888184 12.741649627685547 -10.657249450683594 0.2
11.019490242004395 12.840248107910156 -10.615249633789062 0.2
10.900100708007812 12.923851013183594 -10.536149024963379 0.2
10.829669952392578 12.981948852539062 -10.397048950195312 0.2
10.846229553222656 13.060249328613281 -10.253449440002441 0.2
10.91278076171875 13.225349426269531 -10.145349502563477 0.2
10.967630386352539 13.420948028564453 -10.043048858642578 0.2
10.889659881591797 13.542949676513672 -9.872949600219727 0.2
10.677510261535645 13.559349060058594 -9.79284954071045 0.2
10.4652099609375 13.597450256347656 -9.854649543762207 0.2
10.425390243530273 13.582450866699219 -10.073649406433105 0.2
10.490010261535645 13.45975112915039 -10.252348899841309 0.2
10.532279968261719 13.26934814453125 -10.361449241638184 0.2
10.406220436096191 13.102649688720703 -10.293848991394043 0.2
10.191980361938477 13.150150299072266 -10.249149322509766 0.2
10.076299667358398 13.339950561523438 -10.250349044799805 0.2
10.133660316467285 13.536849975585938 -10.163148880004883 0.2
10.204540252685547 13.658149719238281 -9.988649368286133 0.2
10.11638069152832 13.703449249267578 -9.791149139404297 0.2
9.91135025024414 13.77505111694336 -9.74424934387207 0.2
9.740079879760742 13.849048614501953 -9.860849380493164 0.2
9.73855972290039 13.778949737548828 -10.067949295043945 0.2
9.82627010345459 13.612548828125 -10.18764877319336 0.2
9.840860366821289 13.399349212646484 -10.241148948669434 0.2
9.659799575805664 13.280147552490234 -10.211648941040039 0.2
9.44675064086914 13.344749450683594 -10.21554946899414 0.2
9.35403060913086 13.541450500488281 -10.240649223327637 0.2
9.41254997253418 13.739948272705078 -10.162348747253418 0.2
9.489360809326172 13.890350341796875 -10.018349647521973 0.2
9.463780403137207 13.976848602294922 -9.819149017333984 0.2
9.279420852661133 14.02254867553711 -9.707649230957031 0.2
9.06903076171875 14.079849243164062 -9.743449211120605 0.2
8.987239837646484 14.065650939941406 -9.944048881530762 0.2
9.052120208740234 13.91994857788086 -10.098249435424805 0.2
9.132880210876465 13.742748260498047 -10.204249382019043 0.2
9.122720718383789 13.526847839355469 -10.237449645996094 0.2
8.932820320129395 13.424850463867188 -10.205549240112305 0.2
8.721190452575684 13.487648010253906 -10.217248916625977 0.2
8.632670402526855 13.684249877929688 -10.24544906616211 0.2
8.686540603637695 13.88344955444336 -10.167348861694336 0.2
8.76194953918457 14.045650482177734 -10.03804874420166 0.2
8.781169891357422 14.157249450683594 -9.850349426269531 0.2
8.628290176391602 14.190650939941406 -9.699849128723145 0.2
8.4110107421875 14.225650787353516 -9.703848838806152 0.2
8.27418041229248 14.234447479248047 -9.870549201965332 0.2
8.305669784545898 14.117950439453125 -10.053949356079102 0.2
8.383630752563477 13.947948455810547 -10.168949127197266 0.2
8.433660507202148 13.749347686767578 -10.248649597167969 0.2
8.329099655151367 13.560649871826172 -10.229148864746094 0.2
8.111700057983398 13.539348602294922 -10.219449043273926 0.2
7.938840389251709 13.663249969482422 -10.261649131774902 0.2
7.931879997253418 13.881450653076172 -10.252948760986328 0.2
8.003100395202637 14.058048248291016 -10.14384937286377 0.2
8.06859016418457 14.213447570800781 -10.003349304199219 0.2
8.025440216064453 14.294349670410156 -9.805949211120605 0.2
7.826770305633545 14.3177490234375 -9.722848892211914 0.2
7.623460292816162 14.341449737548828 -9.798249244689941 0.2
7.559820175170898 14.299247741699219 -10.000749588012695 0.2
7.620500087738037 14.145950317382812 -10.145249366760254 0.2
7.694630146026611 13.967048645019531 -10.247149467468262 0.2
7.706230163574219 13.752147674560547 -10.286349296569824 0.2
7.546950340270996 13.611148834228516 -10.253849029541016 0.2
7.329430103302002 13.632949829101562 -10.26824951171875 0.2
7.201700210571289 13.799148559570312 -10.319849014282227 0.2
7.23753023147583 14.010150909423828 -10.275849342346191 0.2
7.314240455627441 14.180850982666016 -10.161449432373047 0.2
7.363830089569092 14.325950622558594 -10.004149436950684 0.2
7.264440059661865 14.382049560546875 -9.820849418640137 0.2
7.048290252685547 14.398849487304688 -9.791749000549316 0.2
6.870490074157715 14.40224838256836 -9.916149139404297 0.2
6.860930442810059 14.311050415039062 -10.113149642944336 0.2
6.9317803382873535 14.142349243164062 -10.234649658203125 0.2
6.998570442199707 13.95254898071289 -10.322749137878418 0.2
6.965440273284912 13.738548278808594 -10.31714916229248 0.2
6.7706403732299805 13.65005111694336 -10.283049583435059 0.2
6.561440467834473 13.707450866699219 -10.307848930358887 0.2
6.486210346221924 13.905750274658203 -10.347349166870117 0.2
6.545860290527344 14.105548858642578 -10.280149459838867 0.2
6.624310493469238 14.276748657226562 -10.168449401855469 0.2
6.646039962768555 14.40264892578125 -9.992349624633789 0.2
6.495380401611328 14.432750701904297 -9.841849327087402 0.2
6.277070045471191 14.436649322509766 -9.850749015808105 0.2
6.140460014343262 14.407051086425781 -10.013749122619629 0.2
6.166970252990723 14.275249481201172 -10.185749053955078 0.2
6.241580009460449 14.100448608398438 -10.292749404907227 0.2
6.290920257568359 13.89645004272461 -10.351849555969238 0.2
6.197450160980225 13.70895004272461 -10.303749084472656 0.2
5.985179901123047 13.671649932861328 -10.277249336242676 0.2
5.802249908447266 13.777450561523438 -10.316049575805664 0.2
5.7842302322387695 13.993350982666016 -10.328049659729004 0.2
5.859640121459961 14.180450439453125 -10.245549201965332 0.2
5.931819915771484 14.347248077392578 -10.125248908996582 0.2
5.898509979248047 14.437248229980469 -9.93134880065918 0.2
5.706590175628662 14.448249816894531 -9.834548950195312 0.2
5.498630523681641 14.440750122070312 -9.894148826599121 0.2
5.423150062561035 14.367950439453125 -10.082448959350586 0.2
5.479450225830078 14.206951141357422 -10.21834945678711 0.2
5.5530805587768555 14.024150848388672 -10.3108491897583 0.2
5.563030242919922 13.8072509765625 -10.315448760986328 0.2
5.406810283660889 13.675350189208984 -10.252549171447754 0.2
5.189690113067627 13.689849853515625 -10.248249053955078 0.2
5.059050559997559 13.852447509765625 -10.297749519348145 0.2
5.095829963684082 14.064849853515625 -10.270049095153809 0.2
5.178860187530518 14.245349884033203 -10.179948806762695 0.2
5.228899955749512 14.39474868774414 -10.029149055480957 0.2
5.124340057373047 14.445648193359375 -9.849248886108398 0.2
4.909520149230957 14.446250915527344 -9.813549041748047 0.2
4.732860088348389 14.417949676513672 -9.932748794555664 0.2
4.725630283355713 14.298049926757812 -10.113149642944336 0.2
4.797430038452148 14.123249053955078 -10.223249435424805 0.2
4.860130310058594 13.924549102783203 -10.289249420166016 0.2
4.807600021362305 13.721549987792969 -10.241249084472656 0.2
4.607340335845947 13.654548645019531 -10.19314956665039 0.2
4.403270244598389 13.723350524902344 -10.214749336242676 0.2
4.347170352935791 13.927848815917969 -10.25304889678955 0.2
4.4162702560424805 14.126850128173828 -10.195049285888672 0.2
4.49746036529541 14.30324935913086 -10.094749450683594 0.2
4.502099990844727 14.420249938964844 -9.912949562072754 0.2
4.33305025100708 14.442848205566406 -9.782448768615723 0.2
4.116650104522705 14.434650421142578 -9.80264949798584 0.2
4.000930309295654 14.373050689697266 -9.97204875946045 0.2
4.039950370788574 14.218849182128906 -10.121149063110352 0.2
4.114960193634033 14.036949157714844 -10.214949607849121 0.2
4.148839950561523 13.823749542236328 -10.235149383544922 0.2
4.022750377655029 13.666950225830078 -10.16344928741455 0.2
3.8070483207702637 13.654647827148438 -10.141448974609375 0.2
3.645357131958008 13.784950256347656 -10.190349578857422 0.2
3.6551802158355713 14.001548767089844 -10.196649551391602 0.2
3.738307237625122 14.187747955322266 -10.121748924255371 0.2
3.8050172328948975 14.35274887084961 -9.996949195861816 0.2
3.73917818069458 14.430850982666016 -9.808349609375 0.2
3.5348782539367676 14.44015121459961 -9.73974895477295 0.2
3.3386342525482178 14.420848846435547 -9.824149131774902 0.2
3.293267250061035 14.318347930908203 -10.008548736572266 0.2
3.3573782444000244 14.144950866699219 -10.122949600219727 0.2
3.4260432720184326 13.952049255371094 -10.195749282836914 0.2
3.4043383598327637 13.739948272705078 -10.161849021911621 0.2
3.222536325454712 13.644847869873047 -10.10154914855957 0.2
3.0105984210968018 13.685649871826172 -10.113749504089355 0.2
2.9160850048065186 13.868850708007812 -10.17094898223877 0.2
2.9731063842773438 14.075450897216797 -10.136448860168457 0.2
3.059178113937378 14.254947662353516 -10.04944896697998 0.2
3.0904061794281006 14.395748138427734 -9.8871488571167 0.2
2.9525387287139893 14.441650390625 -9.73124885559082 0.2
2.7354393005371094 14.443748474121094 -9.725249290466309 0.2
2.5851221084594727 14.399848937988281 -9.870749473571777 0.2
2.6021382808685303 14.256248474121094 -10.032249450683594 0.2
2.6757020950317383 14.073150634765625 -10.124649047851562 0.2
2.723539352416992 13.863750457763672 -10.160248756408691 0.2
2.6290271282196045 13.68404769897461 -10.092848777770996 0.2
2.4168453216552734 13.650447845458984 -10.06304931640625 0.2
2.2320141792297363 13.750648498535156 -10.10724925994873 0.2
2.2162301540374756 13.963348388671875 -10.139248847961426 0.2
2.297089099884033 14.15584945678711 -10.075749397277832 0.2
2.3752641677856445 14.328849792480469 -9.968049049377441 0.2
2.3465232849121094 14.433048248291016 -9.781848907470703 0.2
2.155010223388672 14.456050872802734 -9.685648918151855 0.2
1.945330262184143 14.44704818725586 -9.738948822021484 0.2
1.8664002418518066 14.363449096679688 -9.92034912109375 0.2
1.919540286064148 14.194149017333984 -10.047049522399902 0.2
1.9908102750778198 14.003547668457031 -10.125449180603027 0.2
1.9958802461624146 13.787750244140625 -10.113649368286133 0.2
1.8332202434539795 13.666149139404297 -10.046548843383789 0.2
1.61676025390625 13.683948516845703 -10.046249389648438 0.2
1.4912402629852295 13.845447540283203 -10.10724925994873 0.2
1.5319901704788208 14.058448791503906 -10.094849586486816 0.2
1.619760274887085 14.240947723388672 -10.015549659729004 0.2
1.67503023147583 14.396549224853516 -9.874849319458008 0.2
1.5747902393341064 14.460250854492188 -9.697149276733398 0.2
1.3622702360153198 14.468849182128906 -9.655749320983887 0.2
1.184190273284912 14.442150115966797 -9.7704496383667 0.2
1.1682002544403076 14.31985092163086 -9.948348999023438 0.2
1.2353202104568481 14.140850067138672 -10.051548957824707 0.2
1.293330192565918 13.94015121459961 -10.111148834228516 0.2
1.236550211906433 13.739250183105469 -10.059948921203613 0.2
1.0370402336120605 13.67435073852539 -10.01314926147461 0.2
0.8351502418518066 13.743648529052734 -10.040148735046387 0.2
0.7783403396606445 13.945648193359375 -10.08644962310791 0.2
0.8503103256225586 14.143848419189453 -10.034049034118652 0.2
0.9367101192474365 14.319149017333984 -9.939449310302734 0.2
0.9521901607513428 14.44314956665039 -9.762349128723145 0.2
0.7954902648925781 14.475151062011719 -9.620948791503906 0.2
0.5787501335144043 14.473751068115234 -9.6302490234375 0.2
0.4492802619934082 14.42034912109375 -9.791949272155762 0.2
0.47776031494140625 14.268348693847656 -9.94434928894043 0.2
0.5475001335144043 14.085147857666016 -10.038848876953125 0.2
0.5791401863098145 13.871650695800781 -10.065749168395996 0.2
0.4579501152038574 13.70895004272461 -9.998449325561523 0.2
0.24200034141540527 13.695148468017578 -9.97714900970459 0.2
0.07510018348693848 13.821949005126953 -10.022048950195312 0.2
0.08536028861999512 14.037948608398438 -10.027249336242676 0.2
0.17260026931762695 14.222747802734375 -9.95004940032959 0.2
0.24949026107788086 14.38644790649414 -9.82754898071289 0.2
0.20570015907287598 14.468250274658203 -9.63344955444336 0.2
0.00791025161743164 14.480548858642578 -9.545649528503418 0.2
-0.19815969467163086 14.468849182128906 -9.610149383544922 0.2
-0.26143980026245117 14.379749298095703 -9.796049118041992 0.2
-0.20692968368530273 14.2115478515625 -9.924749374389648 0.2
-0.14284968376159668 14.0218505859375 -10.012649536132812 0.2
-0.15794968605041504 13.806549072265625 -9.99954891204834 0.2
-0.33635973930358887 13.702049255371094 -9.9402494430542 0.2
-0.5507898330688477 13.738349914550781 -9.941749572753906 0.2
-0.6519997119903564 13.922248840332031 -9.984748840332031 0.2
-0.5945897102355957 14.128349304199219 -9.941549301147461 0.2
-0.5033698081970215 14.302947998046875 -9.847748756408691 0.2
-0.45250988006591797 14.44015121459961 -9.686849594116211 0.2
-0.5678696632385254 14.480751037597656 -9.51094913482666 0.2
-0.7827796936035156 14.483650207519531 -9.476248741149902 0.2
-0.9514398574829102 14.457847595214844 -9.605149269104004 0.2
-0.956629753112793 14.334648132324219 -9.784449577331543 0.2
-0.8930997848510742 14.161548614501953 -9.900249481201172 0.2
-0.8458797931671143 13.960948944091797 -9.970949172973633 0.2
-0.9243898391723633 13.765850067138672 -9.925848960876465 0.2
-1.131119728088379 13.716148376464844 -9.885249137878418 0.2
-1.3241496086120605 13.808349609375 -9.907949447631836 0.2
-1.3556995391845703 14.0218505859375 -9.9225492477417 0.2
-1.274399757385254 14.208248138427734 -9.843749046325684 0.2
-1.1866397857666016 14.372848510742188 -9.731049537658691 0.2
-1.1805896759033203 14.471748352050781 -9.537849426269531 0.2
-1.3480896949768066 14.488548278808594 -9.404349327087402 0.2
-1.5677995681762695 14.490047454833984 -9.42604923248291 0.2
-1.681459903717041 14.433349609375 -9.613348960876465 0.2
-1.6400299072265625 14.270549774169922 -9.771149635314941 0.2
-1.5755796432495117 14.080150604248047 -9.883749008178711 0.2
-1.5849599838256836 13.851947784423828 -9.895548820495605 0.2
-1.7679696083068848 13.734149932861328 -9.83544921875 0.2
-1.9921998977661133 13.781749725341797 -9.835049629211426 0.2
-2.078979969024658 13.988948822021484 -9.861848831176758 0.2
-2.0040998458862305 14.194149017333984 -9.787849426269531 0.2
-1.9076695442199707 14.368450164794922 -9.671749114990234 0.2
-1.8843998908996582 14.479850769042969 -9.472949028015137 0.2
-2.0528297424316406 14.497947692871094 -9.323149681091309 0.2
