25.102399826049805 -10.667251586914062 -1.6507492065429688 0.2
24.970399856567383 -10.83005142211914 -1.7669486999511719 0.2
24.861101150512695 -11.006950378417969 -1.641448974609375 0.2
24.85900115966797 -11.151451110839844 -1.4378490447998047 0.2
24.97800064086914 -11.338249206542969 -1.347249984741211 0.2
25.108400344848633 -11.4864501953125 -1.4914493560791016 0.2
25.140399932861328 -11.55044937133789 -1.7285499572753906 0.2
25.05299949645996 -11.451850891113281 -1.9291496276855469 0.2
24.972400665283203 -11.220649719238281 -1.9619483947753906 0.2
24.982999801635742 -10.974052429199219 -1.9528484344482422 0.2
25.160900115966797 -10.830852508544922 -2.0275497436523438 0.2
25.351200103759766 -10.89004898071289 -2.1749496459960938 0.2
25.52560043334961 -11.04745101928711 -2.1322498321533203 0.2
25.5314998626709 -11.201251983642578 -1.9403495788574219 0.2
25.441999435424805 -11.361751556396484 -1.774749755859375 0.2
25.329200744628906 -11.568950653076172 -1.8146495819091797 0.2
25.32469940185547 -11.700149536132812 -2.024250030517578 0.2
25.423799514770508 -11.717151641845703 -2.2478485107421875 0.2
25.55430030822754 -11.543750762939453 -2.3512496948242188 0.2
25.590999603271484 -11.29745101928711 -2.334848403930664 0.2
25.51110076904297 -11.070850372314453 -2.3711490631103516 0.2
25.355199813842773 -11.017951965332031 -2.548248291015625 0.2
25.198101043701172 -11.134849548339844 -2.6960487365722656 0.2
25.054901123046875 -11.302051544189453 -2.5993499755859375 0.2
25.054000854492188 -11.446052551269531 -2.395050048828125 0.2
25.139699935913086 -11.630352020263672 -2.2607498168945312 0.2
25.244199752807617 -11.822952270507812 -2.3629493713378906 0.2
25.240800857543945 -11.924049377441406 -2.59014892578125 0.2
25.13450050354004 -11.88315200805664 -2.8050498962402344 0.2
25.0487003326416 -11.663249969482422 -2.8674488067626953 0.2
25.052600860595703 -11.413349151611328 -2.8558483123779297 0.2
25.19339942932129 -11.231948852539062 -2.932649612426758 0.2
25.341800689697266 -11.256050109863281 -3.1252498626708984 0.2
25.50029945373535 -11.419349670410156 -3.203948974609375 0.2
25.583200454711914 -11.591949462890625 -3.0532493591308594 0.2
25.548500061035156 -11.732452392578125 -2.849149703979492 0.2
25.419700622558594 -11.91815185546875 -2.7666492462158203 0.2
25.313499450683594 -12.076549530029297 -2.921049118041992 0.2
25.315000534057617 -12.15114974975586 -3.1582489013671875 0.2
25.430299758911133 -12.058349609375 -3.3476486206054688 0.2
25.520401000976562 -11.829151153564453 -3.377748489379883 0.2
25.520099639892578 -11.581352233886719 -3.3811492919921875 0.2
25.357500076293945 -11.43375015258789 -3.4802494049072266 0.2
25.17530059814453 -11.492851257324219 -3.639049530029297 0.2
24.989900588989258 -11.637649536132812 -3.5932483673095703 0.2
24.970199584960938 -11.784049987792969 -3.3945484161376953 0.2
25.039899826049805 -11.946552276611328 -3.2195491790771484 0.2
25.130701065063477 -12.167549133300781 -3.2491493225097656 0.2
25.108699798583984 -12.30984878540039 -3.450448989868164 0.2
24.985200881958008 -12.329349517822266 -3.6625499725341797 0.2
24.866899490356445 -12.1468505859375 -3.7674484252929688 0.2
24.873600006103516 -11.896251678466797 -3.766448974609375 0.2
24.97610092163086 -11.680351257324219 -3.821849822998047 0.2
25.108200073242188 -11.650249481201172 -4.021648406982422 0.2
25.19219970703125 -11.797248840332031 -4.202749252319336 0.2
25.3169002532959 -11.996150970458984 -4.149049758911133 0.2
25.34510040283203 -12.14004898071289 -3.9465484619140625 0.2
25.272600173950195 -12.292949676513672 -3.7685489654541016 0.2
25.098499298095703 -12.457649230957031 -3.7980499267578125 0.2
24.99370002746582 -12.56344985961914 -3.998048782348633 0.2
25.015300750732422 -12.561248779296875 -4.240949630737305 0.2
25.130599975585938 -12.38064956665039 -4.358049392700195 0.2
25.208999633789062 -12.143451690673828 -4.374149322509766 0.2
25.123199462890625 -11.91884994506836 -4.4073486328125 0.2
24.907800674438477 -11.879150390625 -4.5155487060546875 0.2
24.686399459838867 -11.975051879882812 -4.505149841308594 0.2
24.62459945678711 -12.115550994873047 -4.314949035644531 0.2
24.700000762939453 -12.269149780273438 -4.130748748779297 0.2
24.779800415039062 -12.492450714111328 -4.082550048828125 0.2
24.734500885009766 -12.677349090576172 -4.237348556518555 0.2
24.578001022338867 -12.739349365234375 -4.421049118041992 0.2
24.411699295043945 -12.606552124023438 -4.535348892211914 0.2
24.410499572753906 -12.359249114990234 -4.556848526000977 0.2
24.498300552368164 -12.128849029541016 -4.59684944152832 0.2
24.614900588989258 -12.037151336669922 -4.787248611450195 0.2
24.61359977722168 -12.142749786376953 -5.013248443603516 0.2
24.691200256347656 -12.359748840332031 -5.081548690795898 0.2
24.77549934387207 -12.53274917602539 -4.926748275756836 0.2
24.7903995513916 -12.66855239868164 -4.718050003051758 0.2
24.6343994140625 -12.816452026367188 -4.609649658203125 0.2
24.437999725341797 -12.9239501953125 -4.715848922729492 0.2
24.33220100402832 -12.967849731445312 -4.934349060058594 0.2
24.39310073852539 -12.854251861572266 -5.138349533081055 0.2
24.507999420166016 -12.642250061035156 -5.205450057983398 0.2
24.527799606323242 -12.398448944091797 -5.228849411010742 0.2
24.33500099182129 -12.255752563476562 -5.255949020385742 0.2
24.089000701904297 -12.290752410888672 -5.252248764038086 0.2
23.98470115661621 -12.401248931884766 -5.064449310302734 0.2
24.06290054321289 -12.55794906616211 -4.885149002075195 0.2
24.154699325561523 -12.765949249267578 -4.789348602294922 0.2
24.11359977722168 -12.986949920654297 -4.8793487548828125 0.2
23.929399490356445 -13.079750061035156 -5.019748687744141 0.2
23.71579933166504 -13.007850646972656 -5.114849090576172 0.2
23.668001174926758 -12.771251678466797 -5.147249221801758 0.2
23.75320053100586 -12.536849975585938 -5.179248809814453 0.2
23.856700897216797 -12.38315200805664 -5.337848663330078 0.2
23.830101013183594 -12.420150756835938 -5.576148986816406 0.2
23.793500900268555 -12.609649658203125 -5.724248886108398 0.2
23.887300491333008 -12.82815170288086 -5.671348571777344 0.2
23.972400665283203 -12.975051879882812 -5.486549377441406 0.2
23.925701141357422 -13.11545181274414 -5.293249130249023 0.2
23.70639991760254 -13.220451354980469 -5.263448715209961 0.2
23.502201080322266 -13.278152465820312 -5.39484977722168 0.2
23.440200805664062 -13.229450225830078 -5.6228485107421875 0.2
23.538299560546875 -13.051250457763672 -5.764148712158203 0.2
23.63140106201172 -12.827651977539062 -5.825448989868164 0.2
23.542400360107422 -12.603950500488281 -5.80994987487793 0.2
23.298900604248047 -12.558250427246094 -5.779850006103516 0.2
23.14590072631836 -12.623149871826172 -5.60584831237793 0.2
23.208200454711914 -12.77294921875 -5.4194488525390625 0.2
23.326200485229492 -12.962249755859375 -5.305749893188477 0.2
23.321001052856445 -13.202949523925781 -5.325748443603516 0.2
23.13210105895996 -13.332252502441406 -5.418649673461914 0.2
22.891700744628906 -13.31405258178711 -5.474048614501953 0.2
22.768400192260742 -13.107250213623047 -5.491548538208008 0.2
22.841800689697266 -12.872150421142578 -5.53434944152832 0.2
22.941299438476562 -12.680549621582031 -5.655550003051758 0.2
22.922100067138672 -12.646251678466797 -5.892648696899414 0.2
22.778100967407227 -12.769451141357422 -6.055248260498047 0.2
22.794200897216797 -13.005149841308594 -6.104349136352539 0.2
22.90920066833496 -13.188549041748047 -5.98084831237793 0.2
22.975000381469727 -13.334449768066406 -5.790849685668945 0.2
22.83060073852539 -13.437049865722656 -5.627449035644531 0.2
22.586299896240234 -13.48604965209961 -5.636749267578125 0.2
22.395401000976562 -13.479949951171875 -5.791248321533203 0.2
22.4064998626709 -13.352149963378906 -5.9967498779296875 0.2
22.519899368286133 -13.163749694824219 -6.117649078369141 0.2
22.54990005493164 -12.9228515625 -6.142049789428711 0.2
22.377300262451172 -12.770549774169922 -6.067348480224609 0.2
22.19099998474121 -12.77614974975586 -5.910148620605469 0.2
22.212600708007812 -12.890850067138672 -5.6965484619140625 0.2
22.34309959411621 -13.074748992919922 -5.585748672485352 0.2
22.393400192260742 -13.311649322509766 -5.552148818969727 0.2
22.225099563598633 -13.483951568603516 -5.592248916625977 0.2
21.976499557495117 -13.502151489257812 -5.600648880004883 0.2
21.797399520874023 -13.340652465820312 -5.576848983764648 0.2
21.8302001953125 -13.100749969482422 -5.617349624633789 0.2
21.935300827026367 -12.901248931884766 -5.726949691772461 0.2
21.936599731445312 -12.803352355957031 -5.947649002075195 0.2
21.750699996948242 -12.855850219726562 -6.101749420166016 0.2
21.6343994140625 -13.053852081298828 -6.177848815917969 0.2
21.71940040588379 -13.27865219116211 -6.132549285888672 0.2
21.848800659179688 -13.4427490234375 -5.995048522949219 0.2
21.83570098876953 -13.557151794433594 -5.783149719238281 0.2
21.62619972229004 -13.58945083618164 -5.658149719238281 0.2
21.3794002532959 -13.578250885009766 -5.67974853515625 0.2
21.25469970703125 -13.487251281738281 -5.863649368286133 0.2
21.32509994506836 -13.332450866699219 -6.045049667358398 0.2
21.4143009185791 -13.126949310302734 -6.148748397827148 0.2
21.369800567626953 -12.903751373291016 -6.073249816894531 0.2
21.2101993560791 -12.829452514648438 -5.897249221801758 0.2
21.219900131225586 -12.889949798583984 -5.66404914855957 0.2
21.34630012512207 -13.075149536132812 -5.55634880065918 0.2
21.427600860595703 -13.306449890136719 -5.517250061035156 0.2
21.296600341796875 -13.508049011230469 -5.501249313354492 0.2
21.05780029296875 -13.536449432373047 -5.438749313354492 0.2
20.868101119995117 -13.410751342773438 -5.346948623657227 0.2
20.86549949645996 -13.170051574707031 -5.350648880004883 0.2
20.969999313354492 -12.976749420166016 -5.471748352050781 0.2
20.985599517822266 -12.838550567626953 -5.672548294067383 0.2
20.79520034790039 -12.817550659179688 -5.818048477172852 0.2
20.57870101928711 -12.929752349853516 -5.83854866027832 0.2
20.55739974975586 -13.170452117919922 -5.844348907470703 0.2
20.690799713134766 -13.370052337646484 -5.7756500244140625 0.2
20.788799285888672 -13.51784896850586 -5.607948303222656 0.2
20.68869972229004 -13.548851013183594 -5.388648986816406 0.2
20.46980094909668 -13.511650085449219 -5.276350021362305 0.2
20.256900787353516 -13.420051574707031 -5.343349456787109 0.2
20.23040008544922 -13.281551361083984 -5.543048858642578 0.2
20.307899475097656 -13.116851806640625 -5.713449478149414 0.2
20.369699478149414 -12.884750366210938 -5.713449478149414 0.2
20.298999786376953 -12.737751007080078 -5.528249740600586 0.2
20.30900001525879 -12.741352081298828 -5.28754997253418 0.2
20.435400009155273 -12.912052154541016 -5.167449951171875 0.2
20.52720069885254 -13.143852233886719 -5.148649215698242 0.2
20.44540023803711 -13.367252349853516 -5.1105499267578125 0.2
20.23349952697754 -13.418651580810547 -4.997949600219727 0.2
20.06220054626465 -13.321151733398438 -4.848848342895508 0.2
20.037700653076172 -13.091350555419922 -4.78394889831543 0.2
20.129199981689453 -12.893352508544922 -4.901248931884766 0.2
20.172800064086914 -12.739849090576172 -5.089748382568359 0.2
20.008699417114258 -12.657951354980469 -5.243049621582031 0.2
19.7637996673584 -12.675251007080078 -5.21245002746582 0.2
19.624099731445312 -12.870052337646484 -5.199850082397461 0.2
19.69770050048828 -13.104450225830078 -5.183750152587891 0.2
19.832700729370117 -13.294448852539062 -5.100849151611328 0.2
19.865400314331055 -13.370849609375 -4.8764495849609375 0.2
19.73069953918457 -13.325752258300781 -4.67344856262207 0.2
19.52400016784668 -13.22085189819336 -4.594549179077148 0.2
19.395299911499023 -13.0760498046875 -4.735649108886719 0.2
19.415599822998047 -12.937450408935547 -4.941749572753906 0.2
19.50320053100586 -12.736549377441406 -5.045148849487305 0.2
19.554000854492188 -12.54315185546875 -4.91204833984375 0.2
19.592599868774414 -12.492752075195312 -4.677349090576172 0.2
19.73400115966797 -12.630352020263672 -4.538448333740234 0.2
19.81529998779297 -12.865951538085938 -4.536649703979492 0.2
19.77560043334961 -13.103851318359375 -4.507749557495117 0.2
19.6028995513916 -13.18764877319336 -4.35984992980957 0.2
19.471099853515625 -13.109050750732422 -4.165349960327148 0.2
19.45800018310547 -12.905349731445312 -4.036649703979492 0.2
19.53820037841797 -12.694252014160156 -4.124448776245117 0.2
19.58650016784668 -12.543251037597656 -4.316349029541016 0.2
19.458799362182617 -12.418949127197266 -4.476348876953125 0.2
19.227500915527344 -12.362251281738281 -4.422649383544922 0.2
19.031099319458008 -12.464950561523438 -4.32765007019043 0.2
19.006099700927734 -12.705150604248047 -4.317649841308594 0.2
19.1156005859375 -12.927848815917969 -4.305149078369141 0.2
19.23419952392578 -13.06264877319336 -4.146949768066406 0.2
19.222400665283203 -13.032150268554688 -3.9047489166259766 0.2
19.100099563598633 -12.918251037597656 -3.72344970703125 0.2
18.929000854492188 -12.753150939941406 -3.7406482696533203 0.2
18.86949920654297 -12.616649627685547 -3.936948776245117 0.2
18.912200927734375 -12.458351135253906 -4.118648529052734 0.2
19.041200637817383 -12.259750366210938 -4.096048355102539 0.2
19.135499954223633 -12.159149169921875 -3.8912487030029297 0.2
19.301799774169922 -12.249649047851562 -3.7450485229492188 0.2
19.383501052856445 -12.481250762939453 -3.7389488220214844 0.2
19.358200073242188 -12.72555160522461 -3.730449676513672 0.2
19.22879981994629 -12.851249694824219 -3.573749542236328 0.2
19.147899627685547 -12.79104995727539 -3.3486499786376953 0.2
19.163999557495117 -12.62125015258789 -3.174449920654297 0.2
19.254899978637695 -12.405250549316406 -3.2171497344970703 0.2
19.29599952697754 -12.257850646972656 -3.4129486083984375 0.2
19.198101043701172 -12.11355209350586 -3.5803489685058594 0.2
18.993099212646484 -11.99985122680664 -3.5343494415283203 0.2
18.82040023803711 -12.007549285888672 -3.363048553466797 0.2
18.70600128173828 -12.207450866699219 -3.2979488372802734 0.2
18.753101348876953 -12.44955062866211 -3.317249298095703 0.2
18.88450050354004 -12.641849517822266 -3.253549575805664 0.2
18.98430061340332 -12.660652160644531 -3.0349483489990234 0.2
18.970001220703125 -12.5572509765625 -2.8109493255615234 0.2
18.845001220703125 -12.381549835205078 -2.706249237060547 0.2
18.719600677490234 -12.219951629638672 -2.8344497680664062 0.2
18.691299438476562 -12.084449768066406 -3.038848876953125 0.2
18.814599990844727 -11.9051513671875 -3.13494873046875 0.2
18.972801208496094 -11.775550842285156 -3.0006484985351562 0.2
19.159700393676758 -11.81304931640625 -2.856048583984375 0.2
19.265100479125977 -12.029449462890625 -2.8427486419677734 0.2
19.238201141357422 -12.27545166015625 -2.8550491333007812 0.2
19.137800216674805 -12.44124984741211 -2.716249465942383 0.2
19.096599578857422 -12.41415023803711 -2.477548599243164 0.2
19.15049934387207 -12.278751373291016 -2.279949188232422 0.2
19.269100189208984 -12.072650909423828 -2.266550064086914 0.2
19.308000564575195 -11.91775131225586 -2.452749252319336 0.2
19.232900619506836 -11.774749755859375 -2.635648727416992 0.2
19.05350112915039 -11.621150970458984 -2.61614990234375 0.2
18.935298919677734 -11.551651000976562 -2.4119491577148438 0.2
18.79650115966797 -11.676750183105469 -2.264249801635742 0.2
18.765201568603516 -11.91855239868164 -2.267049789428711 0.2
18.850900650024414 -12.147151947021484 -2.272449493408203 0.2
19.012300491333008 -12.239849090576172 -2.1245498657226562 0.2
19.093799591064453 -12.16604995727539 -1.904449462890625 0.2
19.065099716186523 -12.002250671386719 -1.727548599243164 0.2
18.92889976501465 -11.80984878540039 -1.756948471069336 0.2
18.836299896240234 -11.67354965209961 -1.9411487579345703 0.2
18.89900016784668 -11.51285171508789 -2.1074485778808594 0.2
19.090600967407227 -11.373550415039062 -2.0743484497070312 0.2
19.297800064086914 -11.36935043334961 -1.950448989868164 0.2
19.44059944152832 -11.560050964355469 -1.9340496063232422 0.2
19.40999984741211 -11.804450988769531 -1.9543495178222656 0.2
19.31800079345703 -12.001350402832031 -1.8533496856689453 0.2
19.295700073242188 -12.019351959228516 -1.614349365234375 0.2
19.37820053100586 -11.916149139404297 -1.4065494537353516 0.2
19.524600982666016 -11.736351013183594 -1.3467483520507812 0.2
19.586700439453125 -11.56595230102539 -1.5044498443603516 0.2
19.524200439453125 -11.42755126953125 -1.6979484558105469 0.2
19.363300323486328 -11.255352020263672 -1.7258491516113281 0.2
19.275300979614258 -11.135551452636719 -1.532949447631836 0.2
19.17690086364746 -11.178749084472656 -1.319549560546875 0.2
19.086999893188477 -11.394649505615234 -1.267049789428711 0.2
19.105501174926758 -11.637451171875 -1.304849624633789 0.2
19.262300491333008 -11.801551818847656 -1.2366485595703125 0.2
19.417301177978516 -11.777751922607422 -1.0503482818603516 0.2
19.483600616455078 -11.64284896850586 -0.8570499420166016 0.2
19.39940071105957 -11.4322509765625 -0.7896499633789062 0.2
19.267601013183594 -11.274349212646484 -0.9229488372802734 0.2
19.248899459838867 -11.126949310302734 -1.1132488250732422 0.2
19.42889976501465 -10.989349365234375 -1.1818485260009766 0.2
19.658000946044922 -10.953948974609375 -1.101348876953125 0.2
19.83099937438965 -11.11614990234375 -1.0982494354248047 0.2
19.80780029296875 -11.357952117919922 -1.1212501525878906 0.2
19.712600708007812 -11.568252563476562 -1.0480499267578125 0.2
19.69890022277832 -11.634750366210938 -0.8201484680175781 0.2
19.81369972229004 -11.561752319335938 -0.6156482696533203 0.2
19.987300872802734 -11.417049407958984 -0.5301494598388672 0.2
20.081600189208984 -11.24435043334961 -0.6626491546630859 0.2
20.021499633789062 -11.104949951171875 -0.8571491241455078 0.2
19.878400802612305 -10.922050476074219 -0.9131488800048828 0.2
19.81060028076172 -10.765949249267578 -0.7454490661621094 0.2
19.78059959411621 -10.748649597167969 -0.5071487426757812 0.2
19.675399780273438 -10.919849395751953 -0.3797492980957031 0.2
19.63450050354004 -11.16094970703125 -0.4087486267089844 0.2
19.743200302124023 -11.372852325439453 -0.4077491760253906 0.2
19.94390106201172 -11.408149719238281 -0.27934837341308594 0.2
20.087600708007812 -11.309150695800781 -0.10624885559082031 0.2
20.08810043334961 -11.106552124023438 0.01815032958984375 0.2
19.953399658203125 -10.91604995727539 -0.04284858703613281 0.2
19.865100860595703 -10.768550872802734 -0.2158489227294922 0.2
19.986101150512695 -10.634849548339844 -0.3692493438720703 0.2
20.224700927734375 -10.579952239990234 -0.3547496795654297 0.2
20.425600051879883 -10.70465087890625 -0.3632488250732422 0.2
20.422399520874023 -10.943851470947266 -0.3907489776611328 0.2
20.316600799560547 -11.158950805664062 -0.3378486633300781 0.2
20.301799774169922 -11.267650604248047 -0.12794876098632812 0.2
20.440401077270508 -11.228752136230469 0.06915092468261719 0.2
20.639699935913086 -11.120750427246094 0.15865135192871094 0.2
20.773700714111328 -10.95975112915039 0.04855155944824219 0.2
20.715299606323242 -10.815452575683594 -0.1412487030029297 0.2
20.581199645996094 -10.635150909423828 -0.2272491455078125 0.2
20.529600143432617 -10.447151184082031 -0.09294891357421875 0.2
20.57940101623535 -10.377552032470703 0.1367511749267578 0.2
20.508501052856445 -10.488151550292969 0.3334503173828125 0.2
20.417400360107422 -10.713050842285156 0.354949951171875 0.2
20.44230079650879 -10.950752258300781 0.32345008850097656 0.2
20.644001007080078 -11.066749572753906 0.3708515167236328 0.2
20.85099983215332 -11.015850067138672 0.4927501678466797 0.2
20.962900161743164 -10.848152160644531 0.62445068359375 0.2
20.876800537109375 -10.627151489257812 0.6413516998291016 0.2
20.738300323486328 -10.462051391601562 0.5229511260986328 0.2
20.759599685668945 -10.326148986816406 0.32905006408691406 0.2
20.97330093383789 -10.265949249267578 0.23694992065429688 0.2
21.188899993896484 -10.357551574707031 0.19015121459960938 0.2
21.214500427246094 -10.590751647949219 0.14765167236328125 0.2
21.098800659179688 -10.802051544189453 0.20055007934570312 0.2
21.0664005279541 -10.949050903320312 0.3836517333984375 0.2
21.223400115966797 -10.958351135253906 0.566650390625 0.2
21.44860076904297 -10.891849517822266 0.6377506256103516 0.2
21.62179946899414 -10.763351440429688 0.5380516052246094 0.2
21.58449935913086 -10.611549377441406 0.35415077209472656 0.2
21.451200485229492 -10.436851501464844 0.24865150451660156 0.2
21.399200439453125 -10.222549438476562 0.33515167236328125 0.2
21.511699676513672 -10.112449645996094 0.5227508544921875 0.2
21.53660011291504 -10.158248901367188 0.7533512115478516 0.2
21.433900833129883 -10.34994888305664 0.8556499481201172 0.2
21.36600112915039 -10.584651947021484 0.8406505584716797 0.2
21.5 -10.777751922607422 0.8188514709472656 0.2
21.739999771118164 -10.797248840332031 0.8587512969970703 0.2
21.94379997253418 -10.68764877319336 0.9345512390136719 0.2
21.96739959716797 -10.45975112915039 0.9920501708984375 0.2
21.83099937438965 -10.261150360107422 0.94525146484375 0.2
21.75040054321289 -10.106948852539062 0.7807502746582031 0.2
21.879199981689453 -10.047649383544922 0.5897502899169922 0.2
22.08060073852539 -10.119651794433594 0.4730510711669922 0.2
22.109100341796875 -10.342750549316406 0.3991508483886719 0.2
21.99410057067871 -10.548149108886719 0.4665508270263672 0.2
21.944900512695312 -10.710350036621094 0.6367511749267578 0.2
22.106800079345703 -10.776752471923828 0.7989501953125 0.2
22.350299835205078 -10.759151458740234 0.8232517242431641 0.2
22.545900344848633 -10.679950714111328 0.7077503204345703 0.2
22.528499603271484 -10.53165054321289 0.5218505859375 0.2
22.39069938659668 -10.356151580810547 0.4168510437011719 0.2
22.342700958251953 -10.127052307128906 0.4616508483886719 0.2
22.490400314331055 -9.987251281738281 0.5897502899169922 0.2
22.629100799560547 -9.99435043334961 0.7841510772705078 0.2
22.58099937438965 -10.14284896850586 0.9642505645751953 0.2
22.461299896240234 -10.352249145507812 1.0132503509521484 0.2
22.47760009765625 -10.58584976196289 0.9765510559082031 0.2
22.68779945373535 -10.691349029541016 0.9195499420166016 0.2
22.92840003967285 -10.655750274658203 0.8876514434814453 0.2
23.064300537109375 -10.462650299072266 0.9043502807617188 0.2
22.99180030822754 -10.230548858642578 0.9165515899658203 0.2
22.868000030517578 -10.04024887084961 0.8315505981445312 0.2
22.860700607299805 -9.965850830078125 0.6058502197265625 0.2
22.983400344848633 -10.03635025024414 0.40595054626464844 0.2
22.975400924682617 -10.24625015258789 0.2975502014160156 0.2
22.864999771118164 -10.441852569580078 0.3910503387451172 0.2
22.815900802612305 -10.59775161743164 0.5727500915527344 0.2
22.978300094604492 -10.71805191040039 0.6974506378173828 0.2
23.213699340820312 -10.761451721191406 0.6458511352539062 0.2
23.38479995727539 -10.742851257324219 0.47405052185058594 0.2
23.364900588989258 -10.611652374267578 0.27655029296875 0.2
23.230100631713867 -10.416751861572266 0.2057514190673828 0.2
23.196800231933594 -10.179950714111328 0.22765159606933594 0.2
23.380199432373047 -10.032852172851562 0.2723503112792969 0.2
23.611101150512695 -10.042049407958984 0.34905052185058594 0.2
23.66900062561035 -10.16244888305664 0.5452499389648438 0.2
23.559200286865234 -10.338050842285156 0.6787509918212891 0.2
23.47949981689453 -10.564350128173828 0.6956501007080078 0.2
23.58300018310547 -10.743549346923828 0.5755500793457031 0.2
23.789400100708008 -10.783248901367188 0.4465503692626953 0.2
23.989601135253906 -10.667850494384766 0.38014984130859375 0.2
24.011699676513672 -10.428050994873047 0.39675140380859375 0.2
23.91010093688965 -10.203350067138672 0.387451171875 0.2
23.81290054321289 -10.07345199584961 0.21235084533691406 0.2
23.851999282836914 -10.110549926757812 -0.024950027465820312 0.2
23.83449935913086 -10.29275131225586 -0.1779499053955078 0.2
23.725400924682617 -10.496749877929688 -0.10954856872558594 0.2
23.66790008544922 -10.646949768066406 0.07915115356445312 0.2
23.78459930419922 -10.800048828125 0.21825027465820312 0.2
23.998600006103516 -10.896049499511719 0.15285110473632812 0.2
24.151700973510742 -10.929248809814453 -0.03724861145019531 0.2
24.14430046081543 -10.842151641845703 -0.2593498229980469 0.2
24.026100158691406 -10.64105224609375 -0.3359489440917969 0.2
23.972900390625 -10.402149200439453 -0.3283500671386719 0.2
24.130300521850586 -10.222450256347656 -0.32244873046875 0.2
24.373600006103516 -10.22494888305664 -0.3621482849121094 0.2
24.542200088500977 -10.33285140991211 -0.23414993286132812 0.2
24.497699737548828 -10.488849639892578 -0.05124855041503906 0.2
24.382999420166016 -10.678150177001953 0.05574989318847656 0.2
24.36199951171875 -10.899150848388672 -0.030048370361328125 0.2
24.49220085144043 -11.006450653076172 -0.2093486785888672 0.2
24.684900283813477 -10.98324966430664 -0.35774993896484375 0.2
24.805400848388672 -10.779949188232422 -0.3934497833251953 0.2
24.763599395751953 -10.536449432373047 -0.3694496154785156 0.2
24.649499893188477 -10.339950561523438 -0.45114898681640625 0.2
24.591100692749023 -10.315349578857422 -0.6832485198974609 0.2
24.56839942932129 -10.452251434326172 -0.8846492767333984 0.2
24.445499420166016 -10.65665054321289 -0.8712501525878906 0.2
24.3794002532959 -10.808551788330078 -0.6861495971679688 0.2
24.439001083374023 -10.970649719238281 -0.5165500640869141 0.2
24.626399993896484 -11.118450164794922 -0.5472488403320312 0.2
24.758501052856445 -11.196449279785156 -0.7416496276855469 0.2
24.76580047607422 -11.170249938964844 -0.9824485778808594 0.2
24.663299560546875 -10.98134994506836 -1.0942497253417969 0.2
24.594499588012695 -10.742050170898438 -1.0899486541748047 0.2
24.704999923706055 -10.528251647949219 -1.0958499908447266 0.2
24.92609977722168 -10.497051239013672 -1.1927490234375 0.2
25.140501022338867 -10.604251861572266 -1.1837501525878906 0.2
25.19070053100586 -10.759151458740234 -1.0050487518310547 0.2
25.09910011291504 -10.916648864746094 -0.8355484008789062 0.2
24.9955997467041 -11.131752014160156 -0.8201484680175781 0.2
25.017099380493164 -11.294750213623047 -1.0006484985351562 0.2
25.142099380493164 -11.345649719238281 -1.2081489562988281 0.2
25.303600311279297 -11.21725082397461 -1.3291492462158203 0.2
25.3435001373291 -10.974151611328125 -1.3188495635986328 0.2
25.27989959716797 -10.73685073852539 -1.3284492492675781 0.2
25.146400451660156 -10.628250122070312 -1.4955501556396484 0.2
