-18.6382999420166 9.168548583984375 1.9325504302978516 0.2
-18.56719970703125 9.123550415039062 2.1088504791259766 0.2
-18.62339973449707 9.051048278808594 2.279451370239258 0.2
-18.74340057373047 8.907447814941406 2.3253517150878906 0.2
-18.82309913635254 8.748550415039062 2.246551513671875 0.2
-18.811199188232422 8.614448547363281 2.106050491333008 0.2
-18.661399841308594 8.534049987792969 2.022951126098633 0.2
-18.504600524902344 8.494049072265625 2.121450424194336 0.2
-18.463300704956055 8.481849670410156 2.3104515075683594 0.2
-18.475000381469727 8.554450988769531 2.4890499114990234 0.2
-18.507200241088867 8.721248626708984 2.582050323486328 0.2
-18.561100006103516 8.906150817871094 2.557149887084961 0.2
-18.53820037841797 9.059749603271484 2.445951461791992 0.2
-18.38719940185547 9.087650299072266 2.3329505920410156 0.2
-18.199600219726562 9.020050048828125 2.3612499237060547 0.2
-18.08169937133789 8.94205093383789 2.508251190185547 0.2
-18.111799240112305 8.83074951171875 2.6738510131835938 0.2
-18.256099700927734 8.688350677490234 2.692850112915039 0.2
-18.329099655151367 8.50374984741211 2.651151657104492 0.2
-18.240798950195312 8.322948455810547 2.6599502563476562 0.2
-18.0989990234375 8.208747863769531 2.751649856567383 0.2
-18.01759910583496 8.192150115966797 2.9341506958007812 0.2
-18.021900177001953 8.33544921875 3.073251724243164 0.2
-18.07149887084961 8.53165054321289 3.060649871826172 0.2
-18.10070037841797 8.702648162841797 2.9526500701904297 0.2
-17.99449920654297 8.813247680664062 2.823850631713867 0.2
-17.79509925842285 8.792648315429688 2.7998504638671875 0.2
-17.65019989013672 8.7093505859375 2.915651321411133 0.2
-17.614398956298828 8.605548858642578 3.087850570678711 0.2
-17.732500076293945 8.475547790527344 3.182849884033203 0.2
-17.86050033569336 8.31264877319336 3.1772499084472656 0.2
-17.854700088500977 8.12765121459961 3.255451202392578 0.2
-17.749799728393555 8.024650573730469 3.3965511322021484 0.2
-17.6697998046875 8.060447692871094 3.578550338745117 0.2
-17.641799926757812 8.240650177001953 3.6607513427734375 0.2
-17.656599044799805 8.41884994506836 3.566751480102539 0.2
-17.624500274658203 8.527851104736328 3.398651123046875 0.2
-17.459299087524414 8.53664779663086 3.286050796508789 0.2
-17.275699615478516 8.456748962402344 3.324350357055664 0.2
-17.17020034790039 8.364547729492188 3.472949981689453 0.2
-17.192899703979492 8.282649993896484 3.6583499908447266 0.2
-17.364999771118164 8.199649810791016 3.724550247192383 0.2
-17.497600555419922 8.045848846435547 3.7192516326904297 0.2
-17.457799911499023 7.851947784423828 3.7513504028320312 0.2
-17.32159996032715 7.732250213623047 3.8446502685546875 0.2
-17.22640037536621 7.749347686767578 4.019950866699219 0.2
-17.177000045776367 7.928947448730469 4.102849960327148 0.2
-17.17289924621582 8.11655044555664 4.023651123046875 0.2
-17.109399795532227 8.223350524902344 3.864950180053711 0.2
-16.93910026550293 8.180747985839844 3.769550323486328 0.2
-16.79520034790039 8.057647705078125 3.8423500061035156 0.2
-16.70549964904785 7.975250244140625 4.009950637817383 0.2
-16.711599349975586 7.975048065185547 4.211450576782227 0.2
-16.878299713134766 7.9707489013671875 4.322851181030273 0.2
-17.076499938964844 7.919147491455078 4.307350158691406 0.2
-17.201398849487305 7.767650604248047 4.254550933837891 0.2
-17.170299530029297 7.568248748779297 4.265850067138672 0.2
-17.052400588989258 7.437648773193359 4.371650695800781 0.2
-16.906599044799805 7.438549041748047 4.512750625610352 0.2
-16.7637996673584 7.575748443603516 4.553050994873047 0.2
-16.672800064086914 7.738750457763672 4.467451095581055 0.2
-16.601999282836914 7.834949493408203 4.302850723266602 0.2
-16.554698944091797 7.764049530029297 4.120151519775391 0.2
-16.50510025024414 7.572948455810547 4.075651168823242 0.2
-16.433300018310547 7.392749786376953 4.146551132202148 0.2
-16.39430046081543 7.293750762939453 4.318349838256836 0.2
-16.49289894104004 7.296947479248047 4.496551513671875 0.2
-16.67460060119629 7.3175506591796875 4.58745002746582 0.2
-16.85890007019043 7.265750885009766 4.527551651000977 0.2
-16.888198852539062 7.124950408935547 4.387550354003906 0.2
-16.827199935913086 6.931549072265625 4.355550765991211 0.2
-16.744800567626953 6.767047882080078 4.441249847412109 0.2
-16.580299377441406 6.763648986816406 4.55565071105957 0.2
-16.44099998474121 6.907947540283203 4.541749954223633 0.2
-16.386899948120117 7.054347991943359 4.408851623535156 0.2
-16.38759994506836 7.106449127197266 4.21135139465332 0.2
-16.451099395751953 7.007648468017578 4.046550750732422 0.2
-16.49329948425293 6.825550079345703 3.9609508514404297 0.2
-16.416399002075195 6.6434478759765625 3.9194507598876953 0.2
-16.253700256347656 6.565349578857422 4.006551742553711 0.2
-16.181798934936523 6.615550994873047 4.190351486206055 0.2
-16.238100051879883 6.702247619628906 4.367450714111328 0.2
-16.388500213623047 6.682350158691406 4.497150421142578 0.2
-16.513999938964844 6.523048400878906 4.504550933837891 0.2
-16.525299072265625 6.318347930908203 4.479650497436523 0.2
-16.411399841308594 6.1553497314453125 4.445951461791992 0.2
-16.233200073242188 6.164150238037109 4.355051040649414 0.2
-16.178699493408203 6.302650451660156 4.218151092529297 0.2
-16.2239990234375 6.385948181152344 4.038351058959961 0.2
-16.28299903869629 6.310550689697266 3.8600502014160156 0.2
-16.315799713134766 6.1253509521484375 3.7605514526367188 0.2
-16.255300521850586 5.920047760009766 3.7587509155273438 0.2
-16.165800094604492 5.821647644042969 3.920450210571289 0.2
-16.124099731445312 5.892250061035156 4.119850158691406 0.2
-16.212200164794922 5.970447540283203 4.294351577758789 0.2
-16.408199310302734 5.91204833984375 4.342250823974609 0.2
-16.503000259399414 5.737751007080078 4.262050628662109 0.2
-16.45599937438965 5.562351226806641 4.145450592041016 0.2
-16.322500228881836 5.527347564697266 3.9855499267578125 0.2
-16.223800659179688 5.609447479248047 3.8091506958007812 0.2
-16.165300369262695 5.525447845458984 3.6259498596191406 0.2
-16.133800506591797 5.331348419189453 3.5361499786376953 0.2
-16.047500610351562 5.142749786376953 3.5795516967773438 0.2
-16.000200271606445 5.083549499511719 3.7762508392333984 0.2
-16.062000274658203 5.181949615478516 3.9555511474609375 0.2
-16.206100463867188 5.307548522949219 4.055049896240234 0.2
-16.41469955444336 5.291347503662109 4.073051452636719 0.2
-16.516698837280273 5.116050720214844 4.005849838256836 0.2
-16.471500396728516 4.908050537109375 3.967050552368164 0.2
-16.304698944091797 4.790149688720703 3.9112510681152344 0.2
-16.12470054626465 4.863250732421875 3.8165512084960938 0.2
-15.987998962402344 4.874347686767578 3.652750015258789 0.2
-15.913799285888672 4.711650848388672 3.5356502532958984 0.2
-15.843299865722656 4.509651184082031 3.5585498809814453 0.2
-15.829399108886719 4.413848876953125 3.7451515197753906 0.2
-15.955299377441406 4.481250762939453 3.90155029296875 0.2
-16.14189910888672 4.584648132324219 3.939849853515625 0.2
-16.340200424194336 4.542549133300781 3.8810501098632812 0.2
-16.40570068359375 4.357547760009766 3.791749954223633 0.2
-16.35849952697754 4.145549774169922 3.7782516479492188 0.2
-16.191999435424805 4.014350891113281 3.8027515411376953 0.2
-15.990798950195312 4.087348937988281 3.797750473022461 0.2
-15.873699188232422 4.234649658203125 3.690450668334961 0.2
-15.814899444580078 4.231250762939453 3.4839515686035156 0.2
-15.791500091552734 4.053749084472656 3.3634510040283203 0.2
-15.752799987792969 3.841350555419922 3.383451461791992 0.2
-15.757699966430664 3.7329483032226562 3.566150665283203 0.2
-15.886798858642578 3.7795486450195312 3.733449935913086 0.2
-16.08919906616211 3.829151153564453 3.7929515838623047 0.2
-16.266199111938477 3.729351043701172 3.7279510498046875 0.2
-16.306699752807617 3.5238494873046875 3.662750244140625 0.2
-16.21579933166504 3.3288497924804688 3.652650833129883 0.2
-16.00320053100586 3.3022499084472656 3.6684513092041016 0.2
-15.844999313354492 3.4452476501464844 3.6197509765625 0.2
-15.761899948120117 3.570751190185547 3.4626502990722656 0.2
-15.737298965454102 3.5149497985839844 3.256551742553711 0.2
-15.728199005126953 3.3181495666503906 3.1589508056640625 0.2
-15.707099914550781 3.112751007080078 3.219850540161133 0.2
-15.754999160766602 3.0431480407714844 3.411550521850586 0.2
-15.895999908447266 3.0884475708007812 3.5591506958007812 0.2
-16.096799850463867 3.1086502075195312 3.6082515716552734 0.2
-16.259199142456055 2.997150421142578 3.548450469970703 0.2
-16.301300048828125 2.7991485595703125 3.4931507110595703 0.2
-16.199499130249023 2.6229476928710938 3.472949981689453 0.2
-15.992000579833984 2.6146507263183594 3.4630508422851562 0.2
-15.840900421142578 2.7484474182128906 3.4054508209228516 0.2
-15.753900527954102 2.8801498413085938 3.2685508728027344 0.2
-15.741300582885742 2.8716506958007812 3.06195068359375 0.2
-15.750598907470703 2.707347869873047 2.9326515197753906 0.2
-15.749799728393555 2.499950408935547 2.933950424194336 0.2
-15.773000717163086 2.3780479431152344 3.100749969482422 0.2
-15.8843994140625 2.387348175048828 3.2791500091552734 0.2
-16.058399200439453 2.4230499267578125 3.3929500579833984 0.2
-16.26300048828125 2.3776512145996094 3.3824501037597656 0.2
-16.369400024414062 2.208850860595703 3.317350387573242 0.2
-16.33839988708496 2.0095481872558594 3.2644500732421875 0.2
-16.14739990234375 1.931549072265625 3.234750747680664 0.2
-15.969200134277344 2.027851104736328 3.1754512786865234 0.2
-15.846099853515625 2.1702499389648438 3.0769500732421875 0.2
-15.810199737548828 2.2478485107421875 2.8829517364501953 0.2
-15.839700698852539 2.1488494873046875 2.7012500762939453 0.2
-15.863800048828125 1.9516487121582031 2.628650665283203 0.2
-15.877599716186523 1.7725486755371094 2.7345504760742188 0.2
-15.959999084472656 1.7308502197265625 2.9255504608154297 0.2
-16.095600128173828 1.755950927734375 3.088651657104492 0.2
-16.296600341796875 1.7696495056152344 3.159749984741211 0.2
-16.4739990234375 1.6723480224609375 3.1018505096435547 0.2
-16.531099319458008 1.4856491088867188 3.015350341796875 0.2
-16.409000396728516 1.3297500610351562 2.948751449584961 0.2
-16.20829963684082 1.3576507568359375 2.8841514587402344 0.2
-16.051799774169922 1.4811477661132812 2.8034515380859375 0.2
-15.95050048828125 1.6116485595703125 2.666351318359375 0.2
-15.971399307250977 1.6363487243652344 2.4566516876220703 0.2
-16.029800415039062 1.4932479858398438 2.3075504302978516 0.2
-16.06519889831543 1.2845497131347656 2.2980499267578125 0.2
-16.116899490356445 1.1613502502441406 2.464750289916992 0.2
-16.226099014282227 1.1519508361816406 2.651151657104492 0.2
-16.373199462890625 1.1705474853515625 2.8085498809814453 0.2
-16.586000442504883 1.1734504699707031 2.8380508422851562 0.2
-16.739299774169922 1.0544509887695312 2.744150161743164 0.2
-16.7539005279541 0.8714485168457031 2.6328506469726562 0.2
-16.580299377441406 0.7823486328125 2.545450210571289 0.2
-16.39459991455078 0.8591499328613281 2.4620513916015625 0.2
-16.235898971557617 0.9765510559082031 2.3705501556396484 0.2
-16.16200065612793 1.1026496887207031 2.2108516693115234 0.2
-16.227800369262695 1.0954475402832031 2.0067501068115234 0.2
-16.31089973449707 0.9413490295410156 1.877450942993164 0.2
-16.36359977722168 0.7390480041503906 1.9226512908935547 0.2
-16.445499420166016 0.6548500061035156 2.106250762939453 0.2
-16.555999755859375 0.6436500549316406 2.293750762939453 0.2
-16.709800720214844 0.6583480834960938 2.4479503631591797 0.2
-16.92609977722168 0.6608505249023438 2.4467506408691406 0.2
-17.07040023803711 0.5480499267578125 2.3280506134033203 0.2
-17.052900314331055 0.3805503845214844 2.1937503814697266 0.2
-16.867599487304688 0.34185028076171875 2.086050033569336 0.2
-16.68790054321289 0.42874908447265625 1.995950698852539 0.2
-16.525699615478516 0.5375480651855469 1.8964500427246094 0.2
-16.47559928894043 0.6669502258300781 1.7273502349853516 0.2
-16.572898864746094 0.6567497253417969 1.5333499908447266 0.2
-16.677000045776367 0.5028495788574219 1.4168510437011719 0.2
-16.751699447631836 0.3125495910644531 1.4915504455566406 0.2
-16.847599029541016 0.2478485107421875 1.6794509887695312 0.2
-16.955900192260742 0.22665023803710938 1.8701515197753906 0.2
-17.114200592041016 0.24144744873046875 2.024250030517578 0.2
-17.33169937133789 0.2518501281738281 2.0050506591796875 0.2
-17.474199295043945 0.14934921264648438 1.8683509826660156 0.2
-17.441200256347656 -0.000850677490234375 1.7124500274658203 0.2
-17.25429916381836 -0.003650665283203125 1.593851089477539 0.2
-17.073400497436523 0.08295059204101562 1.4978504180908203 0.2
-16.907100677490234 0.18835067749023438 1.3920516967773438 0.2
-16.868499755859375 0.3269500732421875 1.2246513366699219 0.2
-16.988100051879883 0.324951171875 1.0368499755859375 0.2
-17.111000061035156 0.17784881591796875 0.9226512908935547 0.2
-17.202199935913086 -0.001949310302734375 1.0133514404296875 0.2
-17.297100067138672 -0.06455230712890625 1.1979503631591797 0.2
-17.395599365234375 -0.1000518798828125 1.382150650024414 0.2
-17.53350067138672 -0.10105133056640625 1.5440502166748047 0.2
-17.742198944091797 -0.0686492919921875 1.5527515411376953 0.2
-17.902000427246094 -0.126251220703125 1.4238510131835938 0.2
-17.926898956298828 -0.25424957275390625 1.2574501037597656 0.2
-17.770099639892578 -0.2909507751464844 1.1188507080078125 0.2
-17.59600067138672 -0.21955108642578125 1.0198516845703125 0.2
-17.427400588989258 -0.13415145874023438 0.9229507446289062 0.2
-17.307899475097656 -0.006649017333984375 0.7994499206542969 0.2
-17.36859893798828 0.10054779052734375 0.6270503997802734 0.2
-17.506898880004883 0.054050445556640625 0.4692516326904297 0.2
-17.625900268554688 -0.11534881591796875 0.4176502227783203 0.2
-17.72010040283203 -0.24634933471679688 0.5543498992919922 0.2
-17.810199737548828 -0.3027496337890625 0.7280502319335938 0.2
-17.903799057006836 -0.34925079345703125 0.9028511047363281 0.2
-18.039400100708008 -0.3506507873535156 1.056051254272461 0.2
-18.238500595092773 -0.3051490783691406 1.056650161743164 0.2
-18.395198822021484 -0.3336524963378906 0.9270515441894531 0.2
-18.433700561523438 -0.4318504333496094 0.7522506713867188 0.2
-18.295000076293945 -0.46295166015625 0.6052513122558594 0.2
-18.128299713134766 -0.4009513854980469 0.5055503845214844 0.2
-17.96419906616211 -0.3256492614746094 0.4111499786376953 0.2
-17.819599151611328 -0.22105026245117188 0.30805015563964844 0.2
-17.81719970703125 -0.06975173950195312 0.16975021362304688 0.2
-17.951099395751953 -0.035449981689453125 0.016050338745117188 0.2
-18.095300674438477 -0.13085174560546875 -0.09704971313476562 0.2
-18.208999633789062 -0.2907524108886719 -0.036449432373046875 0.2
-18.301300048828125 -0.3771514892578125 0.1264514923095703 0.2
-18.39150047302246 -0.44335174560546875 0.29725074768066406 0.2
-18.493499755859375 -0.48995208740234375 0.4685516357421875 0.2
-18.66029930114746 -0.4421501159667969 0.5779514312744141 0.2
-18.844099044799805 -0.3861503601074219 0.5042514801025391 0.2
-18.969600677490234 -0.4082489013671875 0.34165000915527344 0.2
-18.925199508666992 -0.4707489013671875 0.1513500213623047 0.2
-18.762399673461914 -0.4427490234375 0.028650283813476562 0.2
-18.593399047851562 -0.382049560546875 -0.069549560546875 0.2
-18.426898956298828 -0.3106498718261719 -0.16704940795898438 0.2
-18.31439971923828 -0.17185211181640625 -0.2705497741699219 0.2
-18.38629913330078 -0.024749755859375 -0.39764976501464844 0.2
-18.540199279785156 0.00154876708984375 -0.5354499816894531 0.2
-18.70170021057129 -0.12025070190429688 -0.5871486663818359 0.2
-18.819299697875977 -0.24695205688476562 -0.45454978942871094 0.2
-18.916500091552734 -0.332550048828125 -0.2821483612060547 0.2
-19.01580047607422 -0.4082489013671875 -0.10614967346191406 0.2
-19.154800415039062 -0.3961524963378906 0.05975151062011719 0.2
-19.338199615478516 -0.2825508117675781 0.04825019836425781 0.2
-19.491199493408203 -0.234649658203125 -0.10074996948242188 0.2
-19.5054988861084 -0.2703514099121094 -0.31384849548339844 0.2
-19.344799041748047 -0.25675201416015625 -0.46014976501464844 0.2
-19.163700103759766 -0.20574951171875 -0.5670490264892578 0.2
-18.982999801635742 -0.14545059204101562 -0.6718482971191406 0.2
-18.853099822998047 -0.00135040283203125 -0.7702484130859375 0.2
-18.92609977722168 0.17024993896484375 -0.8839492797851562 0.2
-19.0935001373291 0.21844863891601562 -1.0184497833251953 0.2
-19.267200469970703 0.109649658203125 -1.0503482818603516 0.2
-19.385700225830078 -0.00135040283203125 -0.9190483093261719 0.2
-19.484899520874023 -0.08645248413085938 -0.7595500946044922 0.2
-19.584699630737305 -0.16305160522460938 -0.5959491729736328 0.2
-19.71109962463379 -0.15275192260742188 -0.4310493469238281 0.2
-19.870100021362305 -0.019550323486328125 -0.4192485809326172 0.2
-20.01569938659668 0.07564926147460938 -0.5339488983154297 0.2
-20.117700576782227 0.10644912719726562 -0.7136497497558594 0.2
-20.031400680541992 0.08494949340820312 -0.9014492034912109 0.2
-19.857099533081055 0.11014938354492188 -1.012948989868164 0.2
-19.679399490356445 0.14534759521484375 -1.1115493774414062 0.2
-19.504098892211914 0.20325088500976562 -1.2054500579833984 0.2
-19.41499900817871 0.37294769287109375 -1.2844486236572266 0.2
-19.5093994140625 0.5277481079101562 -1.3868484497070312 0.2
-19.67609977722168 0.5680503845214844 -1.5050487518310547 0.2
-19.854700088500977 0.46344757080078125 -1.5018501281738281 0.2
-19.975000381469727 0.36644744873046875 -1.3641490936279297 0.2
-20.082599639892578 0.28224945068359375 -1.209848403930664 0.2
-20.192298889160156 0.211151123046875 -1.0478496551513672 0.2
-20.320499420166016 0.26255035400390625 -0.8926486968994141 0.2
-20.459999084472656 0.4165496826171875 -0.9124488830566406 0.2
-20.58769989013672 0.5274505615234375 -1.0343494415283203 0.2
-20.637100219726562 0.5502510070800781 -1.2344493865966797 0.2
-20.50510025024414 0.5398483276367188 -1.3945484161376953 0.2
-20.32659912109375 0.5569496154785156 -1.495748519897461 0.2
-20.14539909362793 0.5808486938476562 -1.590250015258789 0.2
-19.96940040588379 0.6572494506835938 -1.6704483032226562 0.2
-19.92409896850586 0.8496475219726562 -1.7308483123779297 0.2
-20.037599563598633 0.9956474304199219 -1.8274497985839844 0.2
-20.220699310302734 1.0158500671386719 -1.9237499237060547 0.2
-20.39189910888672 0.9125480651855469 -1.8698501586914062 0.2
-20.51289939880371 0.8199501037597656 -1.7300491333007812 0.2
-20.62820053100586 0.73394775390625 -1.5833492279052734 0.2
-20.745800018310547 0.6846504211425781 -1.4205493927001953 0.2
-20.8656005859375 0.8004493713378906 -1.2990493774414062 0.2
-20.982999801635742 0.9637489318847656 -1.3520488739013672 0.2
-21.082300186157227 1.0699501037597656 -1.5002498626708984 0.2
-21.038799285888672 1.0751495361328125 -1.7016487121582031 0.2
-20.871299743652344 1.0740509033203125 -1.8215484619140625 0.2
-20.69029998779297 1.0815505981445312 -1.917449951171875 0.2
-20.504899978637695 1.1052474975585938 -2.0055484771728516 0.2
-20.35580062866211 1.2391510009765625 -2.0519485473632812 0.2
-20.391399383544922 1.4468498229980469 -2.1035499572753906 0.2
-20.545299530029297 1.5690498352050781 -2.197549819946289 0.2
-20.75269889831543 1.5155487060546875 -2.217449188232422 0.2
-20.90169906616211 1.412750244140625 -2.0974483489990234 0.2
-21.031999588012695 1.3178482055664062 -1.955648422241211 0.2
-21.16029930114746 1.247650146484375 -1.7973499298095703 0.2
-21.271900177001953 1.3393478393554688 -1.6394500732421875 0.2
-21.374099731445312 1.5288505554199219 -1.6567497253417969 0.2
-21.46030044555664 1.6600494384765625 -1.8045482635498047 0.2
-21.397499084472656 1.6749496459960938 -2.0090484619140625 0.2
-21.21929931640625 1.6706504821777344 -2.129049301147461 0.2
-21.03019905090332 1.6718482971191406 -2.229349136352539 0.2
-20.832698822021484 1.7093505859375 -2.3085498809814453 0.2
-20.714799880981445 1.8862495422363281 -2.3252487182617188 0.2
-20.783199310302734 2.086048126220703 -2.3721485137939453 0.2
-20.959800720214844 2.1785507202148438 -2.4529495239257812 0.2
-21.157499313354492 2.1006507873535156 -2.4223499298095703 0.2
-21.2997989654541 1.9981498718261719 -2.297849655151367 0.2
-21.43440055847168 1.9006500244140625 -2.1629486083984375 0.2
-21.557899475097656 1.8652496337890625 -1.9912490844726562 0.2
-21.645299911499023 2.0190505981445312 -1.8727493286132812 0.2
-21.727399826049805 2.2108497619628906 -1.9264488220214844 0.2
-21.761798858642578 2.316150665283203 -2.1081485748291016 0.2
-21.636499404907227 2.3174476623535156 -2.281848907470703 0.2
-21.45349884033203 2.3100509643554688 -2.3901500701904297 0.2
-21.263898849487305 2.3109474182128906 -2.4867496490478516 0.2
-21.070098876953125 2.398448944091797 -2.524250030517578 0.2
-21.028799057006836 2.616649627685547 -2.5228500366210938 0.2
-21.149900436401367 2.796550750732422 -2.5809497833251953 0.2
-21.369298934936523 2.7974510192871094 -2.6157493591308594 0.2
-21.539499282836914 2.690448760986328 -2.516448974609375 0.2
-21.684900283813477 2.5810508728027344 -2.3876495361328125 0.2
-21.81869888305664 2.510547637939453 -2.221649169921875 0.2
-21.89940071105957 2.6302490234375 -2.0556488037109375 0.2
-21.964399337768555 2.8444480895996094 -2.0727500915527344 0.2
-21.995399475097656 2.9879493713378906 -2.2395496368408203 0.2
-21.872900009155273 2.99945068359375 -2.4254493713378906 0.2
-21.683500289916992 2.9861488342285156 -2.543048858642578 0.2
-21.48259925842285 2.9836502075195312 -2.6416492462158203 0.2
-21.28529930114746 3.0826492309570312 -2.651948928833008 0.2
-21.257400512695312 3.3022499084472656 -2.6323490142822266 0.2
-21.38170051574707 3.4830474853515625 -2.6717491149902344 0.2
-21.601999282836914 3.475749969482422 -2.6841487884521484 0.2
-21.771699905395508 3.364948272705078 -2.5903491973876953 0.2
-21.921499252319336 3.2503509521484375 -2.4737491607666016 0.2
-22.042499542236328 3.19384765625 -2.297748565673828 0.2
-22.08880043029785 3.337749481201172 -2.140748977661133 0.2
-22.11949920654297 3.557048797607422 -2.156148910522461 0.2
-22.113300323486328 3.697948455810547 -2.322948455810547 0.2
-21.980199813842773 3.708148956298828 -2.4990501403808594 0.2
-21.7987003326416 3.689250946044922 -2.6223487854003906 0.2
-21.59630012512207 3.6894493103027344 -2.709848403930664 0.2
-21.414499282836914 3.8061485290527344 -2.6819496154785156 0.2
-21.398799896240234 4.021949768066406 -2.646648406982422 0.2
-21.53459930419922 4.190547943115234 -2.665048599243164 0.2
-21.752199172973633 4.168849945068359 -2.6506500244140625 0.2
-21.916200637817383 4.0538482666015625 -2.561248779296875 0.2
-22.06410026550293 3.9389495849609375 -2.44744873046875 0.2
-22.150299072265625 3.9152488708496094 -2.2491493225097656 0.2
-22.15799903869629 4.084751129150391 -2.116649627685547 0.2
-22.159799575805664 4.301048278808594 -2.1459484100341797 0.2
-22.121299743652344 4.423648834228516 -2.3205490112304688 0.2
-21.978099822998047 4.423347473144531 -2.485849380493164 0.2
-21.801898956298828 4.400348663330078 -2.612649917602539 0.2
-21.590499877929688 4.4147491455078125 -2.6647491455078125 0.2
-21.445798873901367 4.562248229980469 -2.6075496673583984 0.2
-21.459999084472656 4.7767486572265625 -2.5705490112304688 0.2
-21.628299713134766 4.909950256347656 -2.571949005126953 0.2
-21.832599639892578 4.850948333740234 -2.5274486541748047 0.2
-21.988500595092773 4.72705078125 -2.439149856567383 0.2
-22.11639976501465 4.6188507080078125 -2.2998485565185547 0.2
-22.14389991760254 4.651149749755859 -2.090749740600586 0.2
-22.12019920349121 4.846950531005859 -2.0031490325927734 0.2
-22.101499557495117 5.052650451660156 -2.0640487670898438 0.2
-22.037199020385742 5.137248992919922 -2.2514495849609375 0.2
-21.893299102783203 5.1235504150390625 -2.413349151611328 0.2
-21.71470069885254 5.100948333740234 -2.5344486236572266 0.2
-21.50589942932129 5.146949768066406 -2.5349483489990234 0.2
-21.412599563598633 5.3271484375 -2.4666500091552734 0.2
-21.465200424194336 5.530750274658203 -2.4230499267578125 0.2
-21.66550064086914 5.600948333740234 -2.4006500244140625 0.2
-21.848299026489258 5.5050506591796875 -2.337848663330078 0.2
-21.993000030517578 5.374347686767578 -2.2448501586914062 0.2
-22.066200256347656 5.292850494384766 -2.0621490478515625 0.2
-22.03339958190918 5.395450592041016 -1.8823490142822266 0.2
-21.986900329589844 5.600749969482422 -1.840749740600586 0.2
-21.957698822021484 5.7785491943359375 -1.9506492614746094 0.2
-21.875499725341797 5.825847625732422 -2.1429500579833984 0.2
-21.73390007019043 5.804347991943359 -2.3026485443115234 0.2
-21.537899017333984 5.790950775146484 -2.3851490020751953 0.2
-21.359100341796875 5.8887481689453125 -2.3353500366210938 0.2
-21.31060028076172 6.082149505615234 -2.260448455810547 0.2
-21.418800354003906 6.252651214599609 -2.2058486938476562 0.2
-21.626399993896484 6.251148223876953 -2.1601486206054688 0.2
-21.78689956665039 6.125450134277344 -2.097148895263672 0.2
-21.898500442504883 5.993549346923828 -1.9748497009277344 0.2
-21.88759994506836 5.970848083496094 -1.7675495147705078 0.2
-21.81369972229004 6.124549865722656 -1.6458492279052734 0.2
-21.761098861694336 6.328350067138672 -1.65264892578125 0.2
-21.726600646972656 6.46624755859375 -1.8078498840332031 0.2
-21.630800247192383 6.482048034667969 -1.9964485168457031 0.2
-21.475299835205078 6.456951141357422 -2.1382484436035156 0.2
-21.267099380493164 6.4754486083984375 -2.1493492126464844 0.2
-21.13949966430664 6.6199493408203125 -2.067850112915039 0.2
-21.139999389648438 6.810050964355469 -1.9790496826171875 0.2
-21.30739974975586 6.915248870849609 -1.9143486022949219 0.2
-21.497600555419922 6.84124755859375 -1.8658485412597656 0.2
-21.635499954223633 6.696449279785156 -1.7973499298095703 0.2
-21.672399520874023 6.583351135253906 -1.6250495910644531 0.2
-21.59619903564453 6.640048980712891 -1.4434490203857422 0.2
-21.515100479125977 6.820648193359375 -1.3715496063232422 0.2
-21.479999542236328 7.016448974609375 -1.4304485321044922 0.2
-21.429899215698242 7.103248596191406 -1.6145496368408203 0.2
-21.319398880004883 7.095050811767578 -1.793548583984375 0.2
-21.128299713134766 7.071849822998047 -1.8751487731933594 0.2
-20.948200225830078 7.145149230957031 -1.8076496124267578 0.2
-20.876298904418945 7.308849334716797 -1.6972484588623047 0.2
-20.956298828125 7.466548919677734 -1.5932483673095703 0.2
-21.155099868774414 7.477348327636719 -1.5340499877929688 0.2
-21.320999145507812 7.354549407958984 -1.495748519897461 0.2
-21.406599044799805 7.2012481689453125 -1.3845500946044922 0.2
-21.35409927368164 7.147548675537109 -1.1938495635986328 0.2
-21.24919891357422 7.268749237060547 -1.0621490478515625 0.2
-21.184999465942383 7.463348388671875 -1.0226497650146484 0.2
-21.157299041748047 7.626548767089844 -1.1474494934082031 0.2
-21.089599609375 7.662750244140625 -1.3411483764648438 0.2
-20.941200256347656 7.637050628662109 -1.4844493865966797 0.2
-20.737499237060547 7.642250061035156 -1.4662494659423828 0.2
-20.609498977661133 7.764148712158203 -1.3352489471435547 0.2
-20.61829948425293 7.925849914550781 -1.190948486328125 0.2
-20.80459976196289 7.989250183105469 -1.099649429321289 0.2
-20.994998931884766 7.886650085449219 -1.0669498443603516 0.2
-21.093700408935547 7.713249206542969 -0.9801483154296875 0.2
-21.034000396728516 7.620250701904297 -0.7968482971191406 0.2
-20.917600631713867 7.721748352050781 -0.6433486938476562 0.2
-20.852800369262695 7.919349670410156 -0.5755500793457031 0.2
-20.830400466918945 8.096050262451172 -0.6983489990234375 0.2
-20.76449966430664 8.133750915527344 -0.9034500122070312 0.2
-20.59119987487793 8.103450775146484 -1.0301494598388672 0.2
-20.390100479125977 8.12234878540039 -0.9602489471435547 0.2
-20.290599822998047 8.24264907836914 -0.8060493469238281 0.2
-20.344499588012695 8.39004898071289 -0.6595497131347656 0.2
-20.549400329589844 8.412750244140625 -0.5952491760253906 0.2
-20.725099563598633 8.283748626708984 -0.5762500762939453 0.2
-20.778400421142578 8.114250183105469 -0.4535484313964844 0.2
-20.692899703979492 8.092948913574219 -0.2597484588623047 0.2
-20.601699829101562 8.236248016357422 -0.12114906311035156 0.2
-20.55229949951172 8.445850372314453 -0.11744880676269531 0.2
-20.500999450683594 8.561248779296875 -0.2922496795654297 0.2
-20.386098861694336 8.544849395751953 -0.4761486053466797 0.2
-20.176898956298828 8.50735092163086 -0.48944854736328125 0.2
-20.037599563598633 8.571048736572266 -0.3365497589111328 0.2
-20.022199630737305 8.70684814453125 -0.1665496826171875 0.2
-20.175600051879883 8.80904769897461 -0.058349609375 0.2
-20.380800247192383 8.746349334716797 -0.029150009155273438 0.2
-20.507299423217773 8.575950622558594 0.01435089111328125 0.2
-20.468900680541992 8.425350189208984 0.15904998779296875 0.2
-20.354299545288086 8.453048706054688 0.34075164794921875 0.2
-20.294198989868164 8.603748321533203 0.48365020751953125 0.2
-20.29559898376465 8.81414794921875 0.4505500793457031 0.2
-20.250999450683594 8.916248321533203 0.26595115661621094 0.2
-20.127500534057617 8.919750213623047 0.08855056762695312 0.2
-19.91950035095215 8.87874984741211 0.07265090942382812 0.2
-19.767499923706055 8.916851043701172 0.22185134887695312 0.2
-19.7239990234375 9.029850006103516 0.4018516540527344 0.2
-19.860700607299805 9.1136474609375 0.5408515930175781 0.2
-20.05419921875 9.033950805664062 0.5888500213623047 0.2
-20.164199829101562 8.848247528076172 0.5963516235351562 0.2
-20.095300674438477 8.651649475097656 0.6428508758544922 0.2
-19.936100006103516 8.609249114990234 0.7807502746582031 0.2
-19.83839988708496 8.692150115966797 0.9554500579833984 0.2
-19.833099365234375 8.89324951171875 1.027750015258789 0.2
-19.863399505615234 9.071048736572266 0.9102516174316406 0.2
-19.804399490356445 9.159648895263672 0.7250499725341797 0.2
-19.606599807739258 9.136550903320312 0.653350830078125 0.2
-19.432300567626953 9.115947723388672 0.7803516387939453 0.2
-19.365999221801758 9.145648956298828 0.9856510162353516 0.2
-19.47909927368164 9.127250671386719 1.163351058959961 0.2
-19.638399124145508 8.985748291015625 1.1972503662109375 0.2
-19.699899673461914 8.784950256347656 1.1448516845703125 0.2
-19.577999114990234 8.61574935913086 1.1010513305664062 0.2
-19.383699417114258 8.542648315429688 1.1666507720947266 0.2
-19.264699935913086 8.556049346923828 1.3440513610839844 0.2
-19.323999404907227 8.691150665283203 1.4927501678466797 0.2
-19.4197998046875 8.88134765625 1.4530506134033203 0.2
-19.40019989013672 9.056747436523438 1.3303508758544922 0.2
-19.218000411987305 9.147048950195312 1.2673511505126953 0.2
-19.0310001373291 9.174148559570312 1.3751506805419922 0.2
-18.953800201416016 9.221050262451172 1.5707511901855469 0.2
-19.071199417114258 9.217948913574219 1.7466506958007812 0.2
-19.227699279785156 9.0771484375 1.7568511962890625 0.2
-19.27120018005371 8.889450073242188 1.6578502655029297 0.2
-19.171899795532227 8.69955062866211 1.6289501190185547 0.2
-19.024900436401367 8.622447967529297 1.7603511810302734 0.2
-18.951200485229492 8.665748596191406 1.9583511352539062 0.2
-18.96109962463379 8.831550598144531 2.097249984741211 0.2
-19.030000686645508 9.033149719238281 2.0676498413085938 0.2
-19.008699417114258 9.195751190185547 1.9325504302978516 0.2
-18.822099685668945 9.226448059082031 1.8383502960205078 0.2
-18.6382999420166 9.168548583984375 1.9325504302978516 0.2
