-20.526599884033203 7.0592498779296875 3.157550811767578 0.2
-20.35449981689453 6.975749969482422 3.282550811767578 0.2
-20.13479995727539 6.998348236083984 3.3045501708984375 0.2
-20.010700225830078 7.144550323486328 3.185750961303711 0.2
-20.033899307250977 7.2796478271484375 3.0043506622314453 0.2
-20.101200103759766 7.469047546386719 2.9095516204833984 0.2
-20.105600357055664 7.6358489990234375 3.046550750732422 0.2
-20.05660057067871 7.6033477783203125 3.2690505981445312 0.2
-19.954700469970703 7.472248077392578 3.4225502014160156 0.2
-19.954099655151367 7.251251220703125 3.4491500854492188 0.2
-20.010900497436523 7.028247833251953 3.4496517181396484 0.2
-19.865299224853516 6.870449066162109 3.464651107788086 0.2
-19.664100646972656 6.951648712158203 3.435649871826172 0.2
-19.55500030517578 7.154949188232422 3.4164505004882812 0.2
-19.582500457763672 7.372550964355469 3.440950393676758 0.2
-19.763198852539062 7.50994873046875 3.4873504638671875 0.2
-19.88520050048828 7.622150421142578 3.6359500885009766 0.2
-19.767799377441406 7.660148620605469 3.8139514923095703 0.2
-19.552799224853516 7.595447540283203 3.826751708984375 0.2
-19.417299270629883 7.435749053955078 3.736051559448242 0.2
-19.47319984436035 7.2507476806640625 3.6129512786865234 0.2
-19.579700469970703 7.044651031494141 3.613851547241211 0.2
-19.602800369262695 6.840450286865234 3.704050064086914 0.2
-19.439899444580078 6.782051086425781 3.8362503051757812 0.2
-19.284399032592773 6.938751220703125 3.879751205444336 0.2
-19.232099533081055 7.156650543212891 3.8369503021240234 0.2
-19.268098831176758 7.382049560546875 3.8436508178710938 0.2
-19.405799865722656 7.513347625732422 3.966350555419922 0.2
-19.53569984436035 7.4212493896484375 4.120550155639648 0.2
-19.513099670410156 7.220447540283203 4.223451614379883 0.2
-19.4773006439209 7.002048492431641 4.181449890136719 0.2
-19.50899887084961 6.823947906494141 4.036149978637695 0.2
-19.619199752807617 6.627449035644531 4.027950286865234 0.2
-19.644899368286133 6.458148956298828 4.169651031494141 0.2
-19.518999099731445 6.460750579833984 4.348350524902344 0.2
-19.393699645996094 6.644649505615234 4.393650054931641 0.2
-19.37649917602539 6.872650146484375 4.374050140380859 0.2
-19.45479965209961 7.067447662353516 4.446950912475586 0.2
-19.47909927368164 7.102748870849609 4.663850784301758 0.2
-19.383699417114258 7.005348205566406 4.845451354980469 0.2
-19.228700637817383 6.856048583984375 4.906450271606445 0.2
-19.10420036315918 6.754650115966797 4.754150390625 0.2
-19.112199783325195 6.721347808837891 4.526950836181641 0.2
-19.19420051574707 6.6365509033203125 4.334951400756836 0.2
-19.300199508666992 6.445850372314453 4.280851364135742 0.2
-19.409700393676758 6.261249542236328 4.361351013183594 0.2
-19.394800186157227 6.125247955322266 4.533651351928711 0.2
-19.23889923095703 6.182750701904297 4.672550201416016 0.2
-19.155099868774414 6.393348693847656 4.700750350952148 0.2
-19.113800048828125 6.580650329589844 4.815151214599609 0.2
-18.966899871826172 6.587150573730469 4.981851577758789 0.2
-18.758298873901367 6.502651214599609 4.984050750732422 0.2
-18.630800247192383 6.3652496337890625 4.855751037597656 0.2
-18.70800018310547 6.276847839355469 4.673551559448242 0.2
-18.921899795532227 6.266948699951172 4.595550537109375 0.2
-19.070798873901367 6.101749420166016 4.614950180053711 0.2
-18.997299194335938 5.911647796630859 4.698251724243164 0.2
-18.785799026489258 5.848148345947266 4.757350921630859 0.2
-18.581998825073242 5.913848876953125 4.829950332641602 0.2
-18.47719955444336 6.109649658203125 4.874950408935547 0.2
-18.478700637817383 6.3244476318359375 4.945550918579102 0.2
-18.58799934387207 6.422847747802734 5.116451263427734 0.2
-18.687999725341797 6.34124755859375 5.302150726318359 0.2
-18.694398880004883 6.1656494140625 5.44325065612793 0.2
-18.57349967956543 5.983249664306641 5.419651031494141 0.2
-18.55419921875 5.908748626708984 5.210651397705078 0.2
-18.684099197387695 5.892749786376953 5.02345085144043 0.2
-18.886798858642578 5.83184814453125 4.936851501464844 0.2
-18.99250030517578 5.644550323486328 4.979551315307617 0.2
-18.916500091552734 5.4447479248046875 5.092851638793945 0.2
-18.7283992767334 5.3782501220703125 5.218050003051758 0.2
-18.585800170898438 5.557647705078125 5.260650634765625 0.2
-18.46269989013672 5.759250640869141 5.302051544189453 0.2
-18.22599983215332 5.7568511962890625 5.319450378417969 0.2
-18.050800323486328 5.60784912109375 5.239351272583008 0.2
-18.107799530029297 5.425251007080078 5.116350173950195 0.2
-18.342599868774414 5.379150390625 5.124250411987305 0.2
-18.49880027770996 5.256050109863281 5.253049850463867 0.2
-18.399999618530273 5.093250274658203 5.384651184082031 0.2
-18.16790008544922 5.0433502197265625 5.394050598144531 0.2
-17.955598831176758 5.0993499755859375 5.335851669311523 0.2
-17.859899520874023 5.298648834228516 5.290651321411133 0.2
-17.89029884338379 5.520149230957031 5.336950302124023 0.2
-18.04450035095215 5.643650054931641 5.448551177978516 0.2
-18.18779945373535 5.576747894287109 5.610050201416016 0.2
-18.16550064086914 5.446449279785156 5.790950775146484 0.2
-17.967300415039062 5.445949554443359 5.89375114440918 0.2
-17.790300369262695 5.468250274658203 5.76085090637207 0.2
-17.746200561523438 5.405750274658203 5.5451507568359375 0.2
-17.750499725341797 5.207347869873047 5.438751220703125 0.2
-17.734100341796875 4.979949951171875 5.47905158996582 0.2
-17.66629981994629 4.848247528076172 5.645851135253906 0.2
-17.624000549316406 4.958648681640625 5.832550048828125 0.2
-17.678998947143555 5.176349639892578 5.877950668334961 0.2
-17.868099212646484 5.285247802734375 5.922750473022461 0.2
-18.077499389648438 5.195247650146484 5.9620513916015625 0.2
-18.180500030517578 4.997348785400391 6.012750625610352 0.2
-18.073699951171875 4.800148010253906 6.005350112915039 0.2
-17.880699157714844 4.740047454833984 5.896450042724609 0.2
-17.81920051574707 4.742649078369141 5.681850433349609 0.2
-17.967500686645508 4.755348205566406 5.507450103759766 0.2
-18.17530059814453 4.684047698974609 5.445850372314453 0.2
-18.31130027770996 4.586448669433594 5.579351425170898 0.2
-18.29129981994629 4.641750335693359 5.786251068115234 0.2
-18.288700103759766 4.823249816894531 5.907051086425781 0.2
-18.437999725341797 4.955848693847656 5.9855499267578125 0.2
-18.60099983215332 4.870647430419922 6.090351104736328 0.2
-18.62299919128418 4.691448211669922 6.211650848388672 0.2
-18.50269889831543 4.5368499755859375 6.297050476074219 0.2
-18.298398971557617 4.517047882080078 6.241050720214844 0.2
-18.20479965209961 4.523750305175781 6.0451507568359375 0.2
-18.22249984741211 4.469047546386719 5.834951400756836 0.2
-18.305299758911133 4.300251007080078 5.734149932861328 0.2
-18.29050064086914 4.0917510986328125 5.798151016235352 0.2
-18.167400360107422 3.9548492431640625 5.8959503173828125 0.2
-18.02560043334961 4.002250671386719 6.035150527954102 0.2
-18.011199951171875 4.180248260498047 6.134651184082031 0.2
-18.120100021362305 4.337848663330078 6.208950042724609 0.2
-18.28260040283203 4.345249176025391 6.336250305175781 0.2
-18.369298934936523 4.198047637939453 6.452350616455078 0.2
-18.326799392700195 4.0108489990234375 6.53125 0.2
-18.165699005126953 3.8931503295898438 6.486650466918945 0.2
-18.037399291992188 3.8965492248535156 6.324251174926758 0.2
-18.042600631713867 3.8488502502441406 6.125551223754883 0.2
-18.162099838256836 3.701648712158203 6.041851043701172 0.2
-18.25909996032715 3.528350830078125 6.102350234985352 0.2
-18.30299949645996 3.457347869873047 6.288751602172852 0.2
-18.323400497436523 3.5658493041992188 6.463251113891602 0.2
-18.362499237060547 3.751750946044922 6.549650192260742 0.2
-18.49209976196289 3.914447784423828 6.535251617431641 0.2
-18.68899917602539 3.914051055908203 6.478250503540039 0.2
-18.844900131225586 3.776050567626953 6.4732513427734375 0.2
-18.86520004272461 3.5808486938476562 6.53175163269043 0.2
-18.701499938964844 3.4559478759765625 6.548450469970703 0.2
-18.532699584960938 3.3976478576660156 6.43855094909668 0.2
-18.443099975585938 3.353649139404297 6.252750396728516 0.2
-18.49370002746582 3.264850616455078 6.072050094604492 0.2
-18.599599838256836 3.0948486328125 6.008350372314453 0.2
-18.66950035095215 2.9222488403320312 6.093250274658203 0.2
-18.661100387573242 2.915149688720703 6.30055046081543 0.2
-18.660999298095703 3.0733489990234375 6.4378509521484375 0.2
-18.732200622558594 3.2562484741210938 6.512151718139648 0.2
-18.925100326538086 3.3272476196289062 6.561250686645508 0.2
-19.09160041809082 3.2089500427246094 6.605550765991211 0.2
-19.130599975585938 3.0078506469726562 6.645750045776367 0.2
-18.999300003051758 2.846649169921875 6.6141510009765625 0.2
-18.849699020385742 2.7897491455078125 6.476051330566406 0.2
-18.771299362182617 2.7591476440429688 6.28175163269043 0.2
-18.838899612426758 2.6775474548339844 6.100151062011719 0.2
-18.966299057006836 2.515148162841797 6.0545501708984375 0.2
-19.05929946899414 2.3635482788085938 6.161951065063477 0.2
-19.072500228881836 2.3777503967285156 6.371850967407227 0.2
-19.090900421142578 2.5314483642578125 6.517950057983398 0.2
-19.144399642944336 2.7143478393554688 6.613250732421875 0.2
-19.304698944091797 2.8538475036621094 6.630950927734375 0.2
-19.50909996032715 2.804950714111328 6.634851455688477 0.2
-19.628799438476562 2.634449005126953 6.673351287841797 0.2
-19.558399200439453 2.4415512084960938 6.7084503173828125 0.2
-19.393600463867188 2.3335494995117188 6.625850677490234 0.2
-19.258399963378906 2.2684478759765625 6.473451614379883 0.2
-19.195199966430664 2.215648651123047 6.275550842285156 0.2
-19.283300399780273 2.1170501708984375 6.110450744628906 0.2
-19.417999267578125 1.9531478881835938 6.085651397705078 0.2
-19.498199462890625 1.8235511779785156 6.22865104675293 0.2
-19.509300231933594 1.8810501098632812 6.434350967407227 0.2
-19.5231990814209 2.0479507446289062 6.568349838256836 0.2
-19.58839988708496 2.2262496948242188 6.668251037597656 0.2
-19.781400680541992 2.314350128173828 6.700351715087891 0.2
-19.968399047851562 2.2129478454589844 6.712350845336914 0.2
-20.023099899291992 2.0100479125976562 6.730451583862305 0.2
-19.903600692749023 1.8399505615234375 6.676450729370117 0.2
-19.760799407958984 1.7603492736816406 6.536251068115234 0.2
-19.649499893188477 1.7055511474609375 6.359550476074219 0.2
-19.681299209594727 1.6540489196777344 6.153051376342773 0.2
-19.83209991455078 1.5310478210449219 6.063150405883789 0.2
-19.970800399780273 1.3842506408691406 6.131351470947266 0.2
-20.021900177001953 1.3713493347167969 6.339151382446289 0.2
-20.041399002075195 1.5116500854492188 6.502950668334961 0.2
-20.0669002532959 1.6824493408203125 6.633350372314453 0.2
-20.172399520874023 1.8645477294921875 6.6896514892578125 0.2
-20.3804988861084 1.9009475708007812 6.661251068115234 0.2
-20.549299240112305 1.7659492492675781 6.655250549316406 0.2
-20.550399780273438 1.5527496337890625 6.667751312255859 0.2
-20.412500381469727 1.4070510864257812 6.584251403808594 0.2
-20.273700714111328 1.3153495788574219 6.443349838256836 0.2
-20.169198989868164 1.2475509643554688 6.2633514404296875 0.2
-20.221899032592773 1.1948509216308594 6.059850692749023 0.2
-20.388700485229492 1.0767478942871094 5.980649948120117 0.2
-20.536699295043945 0.9477500915527344 6.070751190185547 0.2
-20.586299896240234 0.9798507690429688 6.279750823974609 0.2
-20.600099563598633 1.1317481994628906 6.43855094909668 0.2
-20.623199462890625 1.3038482666015625 6.573650360107422 0.2
-20.74519920349121 1.4794502258300781 6.6217498779296875 0.2
-20.959699630737305 1.484649658203125 6.583551406860352 0.2
-21.114299774169922 1.3313484191894531 6.561250686645508 0.2
-21.0802001953125 1.1196479797363281 6.527050018310547 0.2
-20.944700241088867 0.9895477294921875 6.411350250244141 0.2
-20.806798934936523 0.891448974609375 6.270151138305664 0.2
-20.727100372314453 0.8340492248535156 6.072851181030273 0.2
-20.8351993560791 0.78704833984375 5.888151168823242 0.2
-21.024499893188477 0.6828498840332031 5.838550567626953 0.2
-21.168800354003906 0.6070480346679688 5.982250213623047 0.2
-21.210100173950195 0.7033500671386719 6.177450180053711 0.2
-21.22319984436035 0.8586502075195312 6.333551406860352 0.2
-21.250900268554688 1.0367507934570312 6.462251663208008 0.2
-21.38279914855957 1.2129478454589844 6.45665168762207 0.2
-21.591299057006836 1.2054481506347656 6.384550094604492 0.2
-21.73349952697754 1.0411491394042969 6.356851577758789 0.2
-21.68079948425293 0.8335494995117188 6.305150985717773 0.2
-21.550899505615234 0.6984481811523438 6.187351226806641 0.2
-21.41860008239746 0.5826492309570312 6.052350997924805 0.2
-21.34510040283203 0.5268478393554688 5.850151062011719 0.2
-21.463300704956055 0.501251220703125 5.665050506591797 0.2
-21.666000366210938 0.422149658203125 5.612751007080078 0.2
-21.820899963378906 0.3798484802246094 5.762950897216797 0.2
-21.857799530029297 0.4900474548339844 5.94635009765625 0.2
-21.86709976196289 0.6268501281738281 6.092851638793945 0.2
-21.88129997253418 0.7809486389160156 6.224550247192383 0.2
-21.960500717163086 0.9660491943359375 6.253049850463867 0.2
-22.13759994506836 1.0292510986328125 6.175251007080078 0.2
-22.314498901367188 0.9519500732421875 6.110750198364258 0.2
-22.364700317382812 0.7623481750488281 6.063650131225586 0.2
-22.27560043334961 0.604248046875 5.972249984741211 0.2
-22.16069984436035 0.4793510437011719 5.86305046081543 0.2
-22.045000076293945 0.37004852294921875 5.738151550292969 0.2
-21.982799530029297 0.33734893798828125 5.547151565551758 0.2
-22.08970069885254 0.34925079345703125 5.37445068359375 0.2
-22.277999877929688 0.3198509216308594 5.299751281738281 0.2
-22.454099655151367 0.285247802734375 5.394350051879883 0.2
-22.513198852539062 0.3623504638671875 5.570350646972656 0.2
-22.52669906616211 0.4824485778808594 5.721549987792969 0.2
-22.53529930114746 0.6116485595703125 5.8659515380859375 0.2
-22.55340003967285 0.7781486511230469 5.966650009155273 0.2
-22.646499633789062 0.945648193359375 5.923749923706055 0.2
-22.814498901367188 0.9848480224609375 5.829750061035156 0.2
-22.97369956970215 0.8919486999511719 5.763950347900391 0.2
-22.988100051879883 0.7091484069824219 5.69685173034668 0.2
-22.900400161743164 0.5649490356445312 5.600650787353516 0.2
-22.79789924621582 0.4366493225097656 5.497350692749023 0.2
-22.69059944152832 0.32505035400390625 5.377651214599609 0.2
-22.621700286865234 0.3056488037109375 5.195051193237305 0.2
-22.714099884033203 0.3565483093261719 5.028751373291016 0.2
-22.890100479125977 0.3769493103027344 4.942350387573242 0.2
-23.076799392700195 0.3693504333496094 5.001850128173828 0.2
-23.155399322509766 0.43164825439453125 5.170351028442383 0.2
-23.17409896850586 0.5392494201660156 5.331150054931641 0.2
-23.18429946899414 0.6559486389160156 5.486351013183594 0.2
-23.192298889160156 0.8077507019042969 5.611150741577148 0.2
-23.247900009155273 0.9960479736328125 5.598649978637695 0.2
-23.394800186157227 1.0848503112792969 5.500850677490234 0.2
-23.566699981689453 1.0542488098144531 5.408851623535156 0.2
-23.625499725341797 0.8885498046875 5.322351455688477 0.2
-23.551898956298828 0.7352485656738281 5.223649978637695 0.2
-23.455299377441406 0.600250244140625 5.121650695800781 0.2
-23.352699279785156 0.4772491455078125 5.010250091552734 0.2
-23.25779914855957 0.4386482238769531 4.842050552368164 0.2
-23.304800033569336 0.5151481628417969 4.666049957275391 0.2
-23.449899673461914 0.5822486877441406 4.551250457763672 0.2
-23.631000518798828 0.6252479553222656 4.483951568603516 0.2
-23.803298950195312 0.6451492309570312 4.5769500732421875 0.2
-23.85919952392578 0.7225494384765625 4.749351501464844 0.2
-23.87419891357422 0.8226509094238281 4.915851593017578 0.2
-23.88119888305664 0.9317474365234375 5.077150344848633 0.2
-23.876699447631836 1.0934486389160156 5.188751220703125 0.2
-23.924299240112305 1.2797508239746094 5.146150588989258 0.2
-24.06279945373535 1.3727493286132812 5.040550231933594 0.2
-24.229700088500977 1.3448486328125 4.939451217651367 0.2
-24.27720069885254 1.1824493408203125 4.840850830078125 0.2
-24.206899642944336 1.0311508178710938 4.737150192260742 0.2
-24.11859893798828 0.8926506042480469 4.632350921630859 0.2
-24.021299362182617 0.7688484191894531 4.516550064086914 0.2
-23.925899505615234 0.7508506774902344 4.345149993896484 0.2
-23.972000122070312 0.85205078125 4.1813507080078125 0.2
-24.104598999023438 0.9437484741210938 4.068550109863281 0.2
-24.279300689697266 1.0096511840820312 4.003850936889648 0.2
-24.44569969177246 1.0433502197265625 4.102550506591797 0.2
-24.495399475097656 1.113250732421875 4.279350280761719 0.2
-24.507400512695312 1.1976509094238281 4.454050064086914 0.2
-24.510000228881836 1.2921485900878906 4.623849868774414 0.2
-24.49449920654297 1.4509506225585938 4.736850738525391 0.2
-24.531299591064453 1.6380500793457031 4.693050384521484 0.2
-24.65410041809082 1.7439498901367188 4.582851409912109 0.2
-24.807498931884766 1.7282485961914062 4.462850570678711 0.2
-24.85059928894043 1.5802497863769531 4.344350814819336 0.2
-24.789100646972656 1.4327507019042969 4.232851028442383 0.2
-24.710399627685547 1.29425048828125 4.122650146484375 0.2
-24.616899490356445 1.175750732421875 3.999950408935547 0.2
-24.51609992980957 1.181549072265625 3.832550048828125 0.2
-24.547500610351562 1.3046493530273438 3.6824512481689453 0.2
-24.669099807739258 1.4176483154296875 3.5775508880615234 0.2
-24.85140037536621 1.4884490966796875 3.569150924682617 0.2
-24.966899871826172 1.5365486145019531 3.718050003051758 0.2
-24.992799758911133 1.5999488830566406 3.899751663208008 0.2
-25.001100540161133 1.6688499450683594 4.079750061035156 0.2
-24.98889923095703 1.7645492553710938 4.247051239013672 0.2
-24.94529914855957 1.9419479370117188 4.310550689697266 0.2
-24.978599548339844 2.113048553466797 4.225250244140625 0.2
-25.092899322509766 2.206348419189453 4.09895133972168 0.2
-25.222400665283203 2.1535491943359375 3.965250015258789 0.2
-25.231800079345703 2.0068511962890625 3.8399505615234375 0.2
-25.17770004272461 1.8641510009765625 3.72235107421875 0.2
-25.11009979248047 1.7290496826171875 3.602550506591797 0.2
-25.006000518798828 1.6464500427246094 3.4620513916015625 0.2
-24.91860008239746 1.7222480773925781 3.306550979614258 0.2
-24.959400177001953 1.8659477233886719 3.1813507080078125 0.2
-25.09000015258789 1.9897499084472656 3.1070499420166016 0.2
-25.254499435424805 2.057147979736328 3.184650421142578 0.2
-25.315099716186523 2.1050491333007812 3.3614501953125 0.2
-25.334299087524414 2.1543502807617188 3.545949935913086 0.2
-25.337900161743164 2.216350555419922 3.728351593017578 0.2
-25.288299560546875 2.3462486267089844 3.860750198364258 0.2
-25.251699447631836 2.532550811767578 3.830951690673828 0.2
-25.30419921875 2.6723480224609375 3.708650588989258 0.2
-25.418399810791016 2.7017478942871094 3.556751251220703 0.2
-25.474199295043945 2.587848663330078 3.4112510681152344 0.2
-25.443199157714844 2.44635009765625 3.285951614379883 0.2
-25.391698837280273 2.3095474243164062 3.1625499725341797 0.2
-25.296899795532227 2.207550048828125 3.02545166015625 0.2
-25.171199798583984 2.256549835205078 2.876750946044922 0.2
-25.16900062561035 2.4152488708496094 2.750650405883789 0.2
-25.280099868774414 2.5677490234375 2.677051544189453 0.2
-25.439800262451172 2.6524505615234375 2.766050338745117 0.2
-25.499300003051758 2.6978492736816406 2.953550338745117 0.2
-25.5216007232666 2.7403488159179688 3.1477508544921875 0.2
-25.512100219726562 2.803150177001953 3.337350845336914 0.2
-25.418399810791016 2.9449501037597656 3.441751480102539 0.2
-25.373300552368164 3.12664794921875 3.3729515075683594 0.2
-25.43429946899414 3.2560501098632812 3.2325515747070312 0.2
-25.549699783325195 3.237751007080078 3.0700511932373047 0.2
-25.573299407958984 3.1031494140625 2.9236507415771484 0.2
-25.54290008544922 2.9584503173828125 2.7896499633789062 0.2
-25.477399826049805 2.823047637939453 2.647350311279297 0.2
-25.32349967956543 2.8056488037109375 2.4926509857177734 0.2
-25.261798858642578 2.9706497192382812 2.359251022338867 0.2
-25.347999572753906 3.158649444580078 2.2798500061035156 0.2
-25.51249885559082 3.2643508911132812 2.379251480102539 0.2
-25.57670021057129 3.3046493530273438 2.587251663208008 0.2
-25.60260009765625 3.3409500122070312 2.802949905395508 0.2
-25.548799514770508 3.4282493591308594 2.995950698852539 0.2
-25.438899993896484 3.613750457763672 3.0139503479003906 0.2
-25.436399459838867 3.790050506591797 2.882150650024414 0.2
-25.534799575805664 3.8264503479003906 2.691051483154297 0.2
-25.57509994506836 3.696949005126953 2.5180511474609375 0.2
-25.557498931884766 3.538848876953125 2.3676509857177734 0.2
-25.475900650024414 3.40374755859375 2.216451644897461 0.2
-25.307899475097656 3.430347442626953 2.0840511322021484 0.2
-25.249000549316406 3.6142501831054688 1.981851577758789 0.2
-25.33799934387207 3.8094482421875 1.9547500610351562 0.2
-25.473299026489258 3.906749725341797 2.096050262451172 0.2
-25.52739906311035 3.940349578857422 2.304349899291992 0.2
-25.544300079345703 3.973247528076172 2.5186500549316406 0.2
-25.4375 4.050548553466797 2.6900501251220703 0.2
-25.305500030517578 4.218448638916016 2.6755504608154297 0.2
-25.29629898071289 4.385448455810547 2.537750244140625 0.2
-25.39299964904785 4.4064483642578125 2.3445510864257812 0.2
-25.434200286865234 4.279350280761719 2.1729507446289062 0.2
-25.430299758911133 4.128650665283203 2.01715087890625 0.2
-25.32900047302246 4.004150390625 1.8719501495361328 0.2
-25.149999618530273 4.054248809814453 1.7690505981445312 0.2
-25.079999923706055 4.249149322509766 1.7041511535644531 0.2
-25.157800674438477 4.448249816894531 1.7209510803222656 0.2
-25.277999877929688 4.532947540283203 1.8798503875732422 0.2
-25.34320068359375 4.554248809814453 2.0852508544921875 0.2
-25.340499877929688 4.581150054931641 2.299650192260742 0.2
-25.199600219726562 4.673450469970703 2.4294509887695312 0.2
-25.07900047302246 4.844249725341797 2.379251480102539 0.2
-25.06869888305664 4.976047515869141 2.210651397705078 0.2
-25.130699157714844 4.936149597167969 2.0075511932373047 0.2
-25.164199829101562 4.797050476074219 1.845651626586914 0.2
-25.128799438476562 4.647148132324219 1.69525146484375 0.2
-24.9507999420166 4.594047546386719 1.5941505432128906 0.2
-24.80229949951172 4.740150451660156 1.5486507415771484 0.2
-24.781599044799805 4.952751159667969 1.5540504455566406 0.2
-24.88990020751953 5.097648620605469 1.6700515747070312 0.2
-24.973800659179688 5.137149810791016 1.8641510009765625 0.2
-25.01289939880371 5.145450592041016 2.0753517150878906 0.2
-24.917499542236328 5.150051116943359 2.2643508911132812 0.2
-24.744298934936523 5.262748718261719 2.2980499267578125 0.2
-24.655000686645508 5.429450988769531 2.199850082397461 0.2
-24.701200485229492 5.5180511474609375 2.012950897216797 0.2
-24.773300170898438 5.443450927734375 1.824951171875 0.2
-24.801000595092773 5.307647705078125 1.6619510650634766 0.2
-24.715900421142578 5.1712493896484375 1.523651123046875 0.2
-24.5216007232666 5.188148498535156 1.4535503387451172 0.2
-24.402599334716797 5.362949371337891 1.4395503997802734 0.2
-24.426799774169922 5.566249847412109 1.4845504760742188 0.2
-24.548099517822266 5.668949127197266 1.6265506744384766 0.2
-24.639799118041992 5.677547454833984 1.818349838256836 0.2
-24.614599227905273 5.6817474365234375 2.027650833129883 0.2
-24.455799102783203 5.7655487060546875 2.131450653076172 0.2
-24.315799713134766 5.914447784423828 2.081350326538086 0.2
-24.279800415039062 6.0144500732421875 1.8992500305175781 0.2
-24.333200454711914 5.963748931884766 1.701650619506836 0.2
-24.377099990844727 5.827548980712891 1.5458507537841797 0.2
-24.28019905090332 5.681949615478516 1.4322509765625 0.2
-24.07849884033203 5.699550628662109 1.409749984741211 0.2
-23.958999633789062 5.86724853515625 1.4504508972167969 0.2
-23.97410011291504 6.056549072265625 1.5356502532958984 0.2
-24.081100463867188 6.157848358154297 1.6888504028320312 0.2
-24.162500381469727 6.163047790527344 1.88275146484375 0.2
-24.136499404907227 6.110649108886719 2.0830516815185547 0.2
-23.968599319458008 6.152549743652344 2.1896514892578125 0.2
-23.840299606323242 6.312747955322266 2.1596508026123047 0.2
-23.82200050354004 6.476749420166016 2.037050247192383 0.2
-23.91390037536621 6.514850616455078 1.85205078125 0.2
-23.9739990234375 6.419147491455078 1.6758499145507812 0.2
-23.96929931640625 6.280948638916016 1.5194511413574219 0.2
-23.8262996673584 6.174949645996094 1.413949966430664 0.2
-23.644100189208984 6.255847930908203 1.380950927734375 0.2
-23.574600219726562 6.450649261474609 1.3987503051757812 0.2
-23.635099411010742 6.6385498046875 1.4666500091552734 0.2
-23.7726993560791 6.702247619628906 1.6072502136230469 0.2
-23.849300384521484 6.684848785400391 1.7982501983642578 0.2
-23.746000289916992 6.689449310302734 1.9769515991210938 0.2
-23.563098907470703 6.770648956298828 2.029451370239258 0.2
-23.415599822998047 6.879848480224609 1.9350509643554688 0.2
-23.393400192260742 6.916149139404297 1.7332515716552734 0.2
-23.47130012512207 6.843650817871094 1.5550498962402344 0.2
-23.454999923706055 6.67974853515625 1.4361515045166016 0.2
-23.30500030517578 6.545047760009766 1.455251693725586 0.2
-23.128599166870117 6.551349639892578 1.5616512298583984 0.2
-23.01249885559082 6.682849884033203 1.6634502410888672 0.2
-23.065000534057617 6.847648620605469 1.780050277709961 0.2
-23.201200485229492 6.912651062011719 1.9211502075195312 0.2
-23.29759979248047 6.853748321533203 2.0936508178710938 0.2
-23.204500198364258 6.768150329589844 2.248149871826172 0.2
-23.0231990814209 6.840450286865234 2.2929515838623047 0.2
-22.92099952697754 6.9996490478515625 2.215150833129883 0.2
-22.922500610351562 7.140949249267578 2.0650501251220703 0.2
-22.974699020385742 7.140949249267578 1.8663501739501953 0.2
-22.969499588012695 7.023948669433594 1.6971511840820312 0.2
-22.898000717163086 6.854850769042969 1.6070499420166016 0.2
-22.74880027770996 6.721950531005859 1.6475505828857422 0.2
-22.562599182128906 6.701747894287109 1.7564506530761719 0.2
-22.416000366210938 6.841350555419922 1.8150501251220703 0.2
-22.451200485229492 7.048149108886719 1.7837505340576172 0.2
-22.628700256347656 7.156349182128906 1.7281513214111328 0.2
-22.789600372314453 7.212848663330078 1.8450508117675781 0.2
-22.745698928833008 7.2198486328125 2.0574512481689453 0.2
-22.56519889831543 7.205848693847656 2.179851531982422 0.2
-22.37179946899414 7.127750396728516 2.143251419067383 0.2
-22.33690071105957 6.948448181152344 2.0197505950927734 0.2
-22.230899810791016 6.772251129150391 1.9837512969970703 0.2
-22.0310001373291 6.79534912109375 2.0376510620117188 0.2
-21.933500289916992 6.976348876953125 2.1004505157470703 0.2
-21.97089958190918 7.195751190185547 2.150951385498047 0.2
-22.161800384521484 7.306850433349609 2.2008514404296875 0.2
-22.359800338745117 7.284248352050781 2.3133506774902344 0.2
-22.370800018310547 7.260150909423828 2.5314502716064453 0.2
-22.20240020751953 7.360149383544922 2.6347503662109375 0.2
-22.03030014038086 7.488948822021484 2.5572509765625 0.2
-21.930599212646484 7.536449432373047 2.358051300048828 0.2
-21.884899139404297 7.433849334716797 2.1567516326904297 0.2
-21.785900115966797 7.243350982666016 2.0750503540039062 0.2
-21.573999404907227 7.185947418212891 2.0610504150390625 0.2
-21.438798904418945 7.353649139404297 2.0093517303466797 0.2
-21.47010040283203 7.5668487548828125 1.9298515319824219 0.2
-21.63290023803711 7.723751068115234 1.9283504486083984 0.2
-21.813400268554688 7.736949920654297 2.063051223754883 0.2
-21.86750030517578 7.694950103759766 2.278350830078125 0.2
-21.748699188232422 7.6318511962890625 2.4668502807617188 0.2
-21.538700103759766 7.65264892578125 2.544851303100586 0.2
-21.35890007019043 7.79425048828125 2.5410499572753906 0.2
-21.254098892211914 7.962551116943359 2.424449920654297 0.2
-21.282499313354492 8.058048248291016 2.2196502685546875 0.2
-21.42569923400879 8.044147491455078 2.040651321411133 0.2
-21.49009895324707 7.901348114013672 1.8843517303466797 0.2
-21.34709930419922 7.735649108886719 1.8590507507324219 0.2
-21.144399642944336 7.727649688720703 1.96295166015625 0.2
-21.014999389648438 7.8251495361328125 2.1211509704589844 0.2
-21.076499938964844 7.89324951171875 2.3281517028808594 0.2
-21.064199447631836 7.913448333740234 2.5557498931884766 0.2
-20.87339973449707 7.990650177001953 2.6225509643554688 0.2
-20.7101993560791 8.080848693847656 2.490751266479492 0.2
-20.665199279785156 8.140350341796875 2.2757511138916016 0.2
-20.74340057373047 8.033649444580078 2.0953502655029297 0.2
-20.836200714111328 7.838649749755859 2.017650604248047 0.2
-20.807899475097656 7.617847442626953 2.033151626586914 0.2
-20.622900009155273 7.516651153564453 2.115650177001953 0.2
-20.400999069213867 7.571949005126953 2.1953506469726562 0.2
-20.324399948120117 7.787349700927734 2.158750534057617 0.2
-20.438098907470703 7.995948791503906 2.154651641845703 0.2
-20.501399993896484 8.068550109863281 2.3671512603759766 0.2
-20.44649887084961 7.954948425292969 2.5768508911132812 0.2
-20.34630012512207 7.748847961425781 2.650951385498047 0.2
-20.347900390625 7.549247741699219 2.5192508697509766 0.2
-20.471500396728516 7.428550720214844 2.3501510620117188 0.2
-20.706199645996094 7.428249359130859 2.3121509552001953 0.2
-20.8341007232666 7.4156494140625 2.504650115966797 0.2
-20.737199783325195 7.371250152587891 2.7268505096435547 0.2
-20.555500030517578 7.4873504638671875 2.8559513092041016 0.2
-20.454898834228516 7.721149444580078 2.814451217651367 0.2
-20.566099166870117 7.947349548339844 2.810150146484375 0.2
-20.641698837280273 7.993049621582031 3.037151336669922 0.2
-20.48900032043457 7.894451141357422 3.2149505615234375 0.2
-20.3031005859375 7.726047515869141 3.212251663208008 0.2
-20.28890037536621 7.546348571777344 3.026651382446289 0.2
-20.44879913330078 7.360950469970703 2.9442501068115234 0.2
-20.582599639892578 7.170848846435547 3.038450241088867 0.2
