0.8561902046203613 -17.29305076599121 10.174749374389648 0.2
1.020260214805603 -17.390350341796875 10.024148941040039 0.2
0.9716401100158691 -17.599349975585938 9.898649215698242 0.2
0.8719103336334229 -17.830150604248047 9.87175178527832 0.2
0.9154701232910156 -18.040550231933594 9.985250473022461 0.2
1.1380902528762817 -18.09695053100586 10.084451675415039 0.2
1.3810902833938599 -18.03635025024414 10.081552505493164 0.2
1.4661102294921875 -17.829851150512695 9.985750198364258 0.2
1.356720209121704 -17.603050231933594 9.967550277709961 0.2
1.25186026096344 -17.39484977722168 10.056650161743164 0.2
1.3399202823638916 -17.275650024414062 10.249750137329102 0.2
1.5532102584838867 -17.302650451660156 10.380449295043945 0.2
1.6045502424240112 -17.501550674438477 10.50935173034668 0.2
1.500880241394043 -17.73015022277832 10.485651016235352 0.2
1.4380402565002441 -17.942150115966797 10.368749618530273 0.2
1.5946801900863647 -18.06395149230957 10.227251052856445 0.2
1.846750259399414 -18.072650909423828 10.23335075378418 0.2
2.0363903045654297 -18.00135040283203 10.37394905090332 0.2
2.0129051208496094 -17.812150955200195 10.528051376342773 0.2
1.8872202634811401 -17.593151092529297 10.556852340698242 0.2
1.8617901802062988 -17.3603515625 10.481252670288086 0.2
2.0612831115722656 -17.24114990234375 10.397249221801758 0.2
2.286379337310791 -17.2801513671875 10.297750473022461 0.2
2.305878162384033 -17.461549758911133 10.13545036315918 0.2
2.1938772201538086 -17.68305015563965 10.080049514770508 0.2
2.1511032581329346 -17.9189510345459 10.139249801635742 0.2
2.32132625579834 -18.04545021057129 10.262052536010742 0.2
2.573397159576416 -18.035051345825195 10.284551620483398 0.2
2.7515132427215576 -17.893951416015625 10.19255256652832 0.2
2.7045702934265137 -17.65795135498047 10.132051467895508 0.2
2.5832762718200684 -17.4377498626709 10.168851852416992 0.2
2.5891692638397217 -17.259550094604492 10.336648941040039 0.2
2.79736328125 -17.214250564575195 10.46565055847168 0.2
2.958341598510742 -17.340749740600586 10.598749160766602 0.2
2.9025821685791016 -17.57415008544922 10.657949447631836 0.2
2.784020185470581 -17.791650772094727 10.600351333618164 0.2
2.807774305343628 -17.97735023498535 10.443952560424805 0.2
3.0340683460235596 -18.03295135498047 10.357049942016602 0.2
3.2799832820892334 -18.00385093688965 10.407548904418945 0.2
3.380131244659424 -17.85865020751953 10.576150894165039 0.2
3.2901363372802734 -17.638750076293945 10.659151077270508 0.2
3.1969401836395264 -17.405349731445312 10.643049240112305 0.2
3.2895941734313965 -17.220050811767578 10.514249801635742 0.2
3.523336172103882 -17.199951171875 10.418249130249023 0.2
3.61920428276062 -17.337350845336914 10.242349624633789 0.2
3.5217623710632324 -17.556350708007812 10.165849685668945 0.2
3.4237191677093506 -17.78795051574707 10.185651779174805 0.2
3.5218801498413086 -17.975650787353516 10.306352615356445 0.2
3.767552375793457 -18.01074981689453 10.345651626586914 0.2
3.9915642738342285 -17.933549880981445 10.270849227905273 0.2
4.022080421447754 -17.716751098632812 10.161149978637695 0.2
3.9083662033081055 -17.489551544189453 10.170949935913086 0.2
3.855534315109253 -17.276750564575195 10.287649154663086 0.2
4.025050163269043 -17.175050735473633 10.432249069213867 0.2
4.253920078277588 -17.231250762939453 10.52134895324707 0.2
4.283250331878662 -17.442150115966797 10.639650344848633 0.2
4.161760330200195 -17.66495132446289 10.638452529907227 0.2
4.091340065002441 -17.877851486206055 10.53175163269043 0.2
4.239320278167725 -17.992050170898438 10.374250411987305 0.2
4.491290092468262 -17.995851516723633 10.345849990844727 0.2
4.69005012512207 -17.904951095581055 10.458650588989258 0.2
4.672520160675049 -17.695850372314453 10.588750839233398 0.2
4.563040256500244 -17.46875 10.621149063110352 0.2
4.557889938354492 -17.247051239013672 10.516450881958008 0.2
4.754400253295898 -17.165151596069336 10.389749526977539 0.2
4.9233503341674805 -17.244550704956055 10.230451583862305 0.2
4.872220039367676 -17.446950912475586 10.10004997253418 0.2
4.742990493774414 -17.666351318359375 10.098749160766602 0.2
4.739570140838623 -17.89255142211914 10.193151473999023 0.2
4.955050468444824 -17.992950439453125 10.259550094604492 0.2
5.202620506286621 -17.974651336669922 10.208951950073242 0.2
5.325440406799316 -17.816850662231445 10.068552017211914 0.2
5.254520416259766 -17.58005142211914 10.032949447631836 0.2
5.1656599044799805 -17.35395050048828 10.103551864624023 0.2
5.255520343780518 -17.19124984741211 10.260950088500977 0.2
5.501550197601318 -17.17905044555664 10.320451736450195 0.2
5.657540321350098 -17.331050872802734 10.428251266479492 0.2
5.5802903175354 -17.558549880981445 10.49275016784668 0.2
5.445830345153809 -17.77065086364746 10.461050033569336 0.2
5.456780433654785 -17.947450637817383 10.294050216674805 0.2
5.668650150299072 -17.998750686645508 10.173650741577148 0.2
5.917200088500977 -17.97045135498047 10.18065071105957 0.2
6.037660121917725 -17.815650939941406 10.325250625610352 0.2
5.964400291442871 -17.591251373291016 10.413949966430664 0.2
5.8882904052734375 -17.353851318359375 10.396749496459961 0.2
5.988630294799805 -17.193349838256836 10.244550704956055 0.2
6.201169967651367 -17.20185089111328 10.106851577758789 0.2
6.235080242156982 -17.349750518798828 9.917551040649414 0.2
6.1011199951171875 -17.5572509765625 9.870050430297852 0.2
5.997440338134766 -17.780550003051758 9.918752670288086 0.2
6.117460250854492 -17.967350006103516 10.015951156616211 0.2
6.3649001121521 -18.006650924682617 9.99165153503418 0.2
6.567630290985107 -17.93305015563965 9.867650985717773 0.2
6.583849906921387 -17.71485137939453 9.75975227355957 0.2
6.494810104370117 -17.48025131225586 9.795351028442383 0.2
6.492720127105713 -17.27264976501465 9.929250717163086 0.2
6.694809913635254 -17.194950103759766 10.042150497436523 0.2
6.922730445861816 -17.28095054626465 10.087751388549805 0.2
6.946550369262695 -17.502851486206055 10.185449600219727 0.2
6.804960250854492 -17.712650299072266 10.198152542114258 0.2
6.711700439453125 -17.910751342773438 10.085752487182617 0.2
6.84013032913208 -18.006650924682617 9.900651931762695 0.2
7.080600261688232 -18.006549835205078 9.82295036315918 0.2
7.286370277404785 -17.90435028076172 9.906450271606445 0.2
7.287960052490234 -17.694049835205078 10.037149429321289 0.2
7.203100204467773 -17.46215057373047 10.089250564575195 0.2
7.20559024810791 -17.252349853515625 9.966352462768555 0.2
7.368310451507568 -17.205150604248047 9.779748916625977 0.2
7.4087300300598145 -17.318450927734375 9.569551467895508 0.2
7.286190032958984 -17.52735137939453 9.512151718139648 0.2
7.181550025939941 -17.75135040283203 9.561349868774414 0.2
7.285550117492676 -17.956050872802734 9.640649795532227 0.2
7.525420188903809 -18.011150360107422 9.601850509643555 0.2
7.7229204177856445 -17.949451446533203 9.463949203491211 0.2
7.740390300750732 -17.740150451660156 9.340749740600586 0.2
7.641750335693359 -17.51045036315918 9.377649307250977 0.2
7.621660232543945 -17.298250198364258 9.503751754760742 0.2
7.8175201416015625 -17.198450088500977 9.608949661254883 0.2
8.05508041381836 -17.265850067138672 9.647951126098633 0.2
8.09946060180664 -17.48365020751953 9.745752334594727 0.2
7.97799015045166 -17.704450607299805 9.765851974487305 0.2
7.88838005065918 -17.90865135192871 9.662050247192383 0.2
7.996570110321045 -18.006750106811523 9.465848922729492 0.2
8.228019714355469 -18.00455093383789 9.365949630737305 0.2
8.442510604858398 -17.903249740600586 9.42445182800293 0.2
8.44951057434082 -17.696550369262695 9.55925178527832 0.2
8.352279663085938 -17.474851608276367 9.631650924682617 0.2
8.316329956054688 -17.258251190185547 9.526052474975586 0.2
8.45210075378418 -17.18735122680664 9.330652236938477 0.2
8.506640434265137 -17.285051345825195 9.114751815795898 0.2
8.403600692749023 -17.49825096130371 9.042951583862305 0.2
8.310409545898438 -17.728450775146484 9.090551376342773 0.2
8.405810356140137 -17.939451217651367 9.163549423217773 0.2
8.642350196838379 -18.00295066833496 9.117452621459961 0.2
8.838990211486816 -17.950450897216797 8.971651077270508 0.2
8.856550216674805 -17.751251220703125 8.834749221801758 0.2
8.751070022583008 -17.52535057067871 8.870050430297852 0.2
8.70376968383789 -17.313051223754883 8.99205207824707 0.2
8.876090049743652 -17.184249877929688 9.104650497436523 0.2
9.125190734863281 -17.211950302124023 9.108449935913086 0.2
9.236920356750488 -17.40865135192871 9.196050643920898 0.2
9.145740509033203 -17.640050888061523 9.233949661254883 0.2
9.038880348205566 -17.8564510345459 9.17085075378418 0.2
9.093179702758789 -17.979650497436523 8.967451095581055 0.2
9.301560401916504 -17.990650177001953 8.826848983764648 0.2
9.535770416259766 -17.916950225830078 8.833250045776367 0.2
9.597880363464355 -17.72745132446289 8.974149703979492 0.2
9.502510070800781 -17.515451431274414 9.074850082397461 0.2
9.42650032043457 -17.285951614379883 9.03325080871582 0.2
9.529640197753906 -17.16485023498535 8.845949172973633 0.2
9.64840030670166 -17.206451416015625 8.63184928894043 0.2
9.571929931640625 -17.39095115661621 8.491849899291992 0.2
9.457559585571289 -17.616350173950195 8.511251449584961 0.2
9.473859786987305 -17.851850509643555 8.579751968383789 0.2
9.687520027160645 -17.971351623535156 8.568449020385742 0.2
9.90095043182373 -17.95815086364746 8.434549331665039 0.2
9.984609603881836 -17.809051513671875 8.260351181030273 0.2
9.903010368347168 -17.575851440429688 8.250452041625977 0.2
9.817670822143555 -17.363750457763672 8.359251022338867 0.2
9.91533088684082 -17.192350387573242 8.502050399780273 0.2
10.16012954711914 -17.152851104736328 8.49675178527832 0.2
10.36482048034668 -17.28404998779297 8.513952255249023 0.2
10.355480194091797 -17.52105140686035 8.581350326538086 0.2
10.23252010345459 -17.742250442504883 8.584352493286133 0.2
10.173290252685547 -17.917551040649414 8.426450729370117 0.2
10.311019897460938 -17.963850021362305 8.224752426147461 0.2
10.539480209350586 -17.93345069885254 8.124650955200195 0.2
10.714770317077637 -17.792449951171875 8.214750289916992 0.2
10.680800437927246 -17.58584976196289 8.352651596069336 0.2
10.586950302124023 -17.36065101623535 8.409051895141602 0.2
10.586600303649902 -17.1695499420166 8.259851455688477 0.2
10.719880104064941 -17.14204978942871 8.047449111938477 0.2
10.697280883789062 -17.26435089111328 7.83955192565918 0.2
10.574840545654297 -17.481050491333008 7.814752578735352 0.2
10.51261043548584 -17.717050552368164 7.873350143432617 0.2
10.664620399475098 -17.90505027770996 7.898649215698242 0.2
10.883000373840332 -17.93844985961914 7.781148910522461 0.2
11.022290229797363 -17.85795021057129 7.592851638793945 0.2
10.982950210571289 -17.64055061340332 7.49165153503418 0.2
10.888589859008789 -17.423851013183594 7.581449508666992 0.2
10.902830123901367 -17.22385025024414 7.726152420043945 0.2
11.119830131530762 -17.120851516723633 7.761251449584961 0.2
11.356410026550293 -17.165950775146484 7.688352584838867 0.2
11.467470169067383 -17.373849868774414 7.744352340698242 0.2
11.377890586853027 -17.60235023498535 7.801450729370117 0.2
11.2581205368042 -17.810850143432617 7.743749618530273 0.2
11.280179977416992 -17.913850784301758 7.524148941040039 0.2
11.46226978302002 -17.91254997253418 7.349248886108398 0.2
11.689909934997559 -17.82765007019043 7.317750930786133 0.2
11.762420654296875 -17.634151458740234 7.448549270629883 0.2
11.6882905960083 -17.420949935913086 7.563051223754883 0.2
11.612070083618164 -17.195951461791992 7.50724983215332 0.2
11.68397045135498 -17.09375 7.295450210571289 0.2
11.73119068145752 -17.151750564575195 7.062349319458008 0.2
11.618790626525879 -17.344951629638672 6.96295166015625 0.2
11.519060134887695 -17.570449829101562 7.020551681518555 0.2
11.579959869384766 -17.798351287841797 7.08234977722168 0.2
11.792920112609863 -17.891250610351562 7.001951217651367 0.2
11.962949752807617 -17.862550735473633 6.818151473999023 0.2
11.978870391845703 -17.696849822998047 6.641151428222656 0.2
11.888110160827637 -17.467750549316406 6.667449951171875 0.2
11.846110343933105 -17.256851196289062 6.797750473022461 0.2
12.00575065612793 -17.09855079650879 6.887250900268555 0.2
12.240540504455566 -17.078550338745117 6.798650741577148 0.2
12.43002986907959 -17.22865104675293 6.791950225830078 0.2
12.408590316772461 -17.461549758911133 6.873149871826172 0.2
12.285250663757324 -17.679250717163086 6.898651123046875 0.2
12.215950012207031 -17.83745002746582 6.728851318359375 0.2
12.331120491027832 -17.866451263427734 6.510150909423828 0.2
12.539190292358398 -17.819351196289062 6.382951736450195 0.2
12.704689979553223 -17.656450271606445 6.4519500732421875 0.2
12.67711067199707 -17.445951461791992 6.586551666259766 0.2
12.5874605178833 -17.218050003051758 6.622350692749023 0.2
12.5777006149292 -17.05885124206543 6.440450668334961 0.2
12.651260375976562 -17.061250686645508 6.200151443481445 0.2
12.558460235595703 -17.215049743652344 6.038450241088867 0.2
12.44187068939209 -17.434249877929688 6.075550079345703 0.2
12.432760238647461 -17.668350219726562 6.154850006103516 0.2
12.61754035949707 -17.821849822998047 6.122550964355469 0.2
12.79679012298584 -17.828149795532227 5.946250915527344 0.2
12.865449905395508 -17.717750549316406 5.737850189208984 0.2
12.789770126342773 -17.49155044555664 5.690450668334961 0.2
12.72018051147461 -17.276350021362305 5.802751541137695 0.2
12.809710502624512 -17.087249755859375 5.928251266479492 0.2
13.04110050201416 -17.018251419067383 5.891351699829102 0.2
13.25610065460205 -17.11505126953125 5.826751708984375 0.2
13.309100151062012 -17.343950271606445 5.891950607299805 0.2
13.199999809265137 -17.56475067138672 5.946651458740234 0.2
13.08650016784668 -17.75255012512207 5.842451095581055 0.2
13.135700225830078 -17.812650680541992 5.608850479125977 0.2
13.309000015258789 -17.787050247192383 5.42915153503418 0.2
13.513400077819824 -17.658050537109375 5.4322509765625 0.2
13.542099952697754 -17.457050323486328 5.574251174926758 0.2
13.467400550842285 -17.238651275634766 5.669651031494141 0.2
13.409200668334961 -17.04034996032715 5.5451507568359375 0.2
13.46660041809082 -16.997751235961914 5.304349899291992 0.2
13.389699935913086 -17.10685157775879 5.103750228881836 0.2
13.261700630187988 -17.319049835205078 5.108150482177734 0.2
13.218400001525879 -17.552249908447266 5.187450408935547 0.2
13.3681001663208 -17.741451263427734 5.172950744628906 0.2
13.543499946594238 -17.775550842285156 5.000051498413086 0.2
13.627799987792969 -17.700151443481445 4.7801513671875 0.2
13.5625 -17.490449905395508 4.679349899291992 0.2
13.4906005859375 -17.27535057067871 4.786951065063477 0.2
13.536900520324707 -17.078950881958008 4.928050994873047 0.2
13.751900672912598 -16.97035026550293 4.9154510498046875 0.2
13.958000183105469 -17.002450942993164 4.776350021362305 0.2
14.092300415039062 -17.202051162719727 4.786251068115234 0.2
14.030400276184082 -17.429950714111328 4.868650436401367 0.2
13.897700309753418 -17.636550903320312 4.85205078125 0.2
13.850700378417969 -17.739850997924805 4.637950897216797 0.2
13.966400146484375 -17.735151290893555 4.415151596069336 0.2
14.16919994354248 -17.648950576782227 4.310251235961914 0.2
14.284000396728516 -17.46125030517578 4.413249969482422 0.2
14.248499870300293 -17.254350662231445 4.552249908447266 0.2
14.158599853515625 -17.030851364135742 4.524351119995117 0.2
14.162700653076172 -16.925251007080078 4.303350448608398 0.2
14.12760066986084 -16.976951599121094 4.06825065612793 0.2
13.98449993133545 -17.16415023803711 4.008251190185547 0.2
13.907400131225586 -17.387950897216797 4.09375 0.2
13.98840045928955 -17.61345100402832 4.129350662231445 0.2
14.164999961853027 -17.701250076293945 3.984651565551758 0.2
14.270899772644043 -17.667551040649414 3.7598514556884766 0.2
14.235300064086914 -17.501951217651367 3.5871505737304688 0.2
14.153600692749023 -17.275850296020508 3.6387500762939453 0.2
14.152900695800781 -17.071849822998047 3.7829513549804688 0.2
14.332099914550781 -16.918251037597656 3.8306503295898438 0.2
14.529900550842285 -16.891450881958008 3.679950714111328 0.2
14.708900451660156 -17.03365135192871 3.604351043701172 0.2
14.719900131225586 -17.26555061340332 3.6838512420654297 0.2
14.607000350952148 -17.479949951171875 3.746551513671875 0.2
14.486700057983398 -17.634750366210938 3.6066513061523438 0.2
14.52400016784668 -17.659151077270508 3.3630504608154297 0.2
14.67590045928955 -17.607650756835938 3.174650192260742 0.2
14.85669994354248 -17.448650360107422 3.1843509674072266 0.2
14.87909984588623 -17.245349884033203 3.3280506134033203 0.2
14.804100036621094 -17.02145004272461 3.396150588989258 0.2
14.736100196838379 -16.859750747680664 3.231151580810547 0.2
14.720100402832031 -16.854351043701172 2.981851577758789 0.2
14.573500633239746 -16.999650955200195 2.8587512969970703 0.2
14.473899841308594 -17.216650009155273 2.930450439453125 0.2
14.495699882507324 -17.449951171875 3.0049514770507812 0.2
14.657899856567383 -17.599451065063477 2.907451629638672 0.2
14.76609992980957 -17.60004997253418 2.6820507049560547 0.2
14.760900497436523 -17.489850997924805 2.463651657104492 0.2
14.66569995880127 -17.269250869750977 2.4408512115478516 0.2
14.634699821472168 -17.060550689697266 2.576751708984375 0.2
14.761000633239746 -16.8736515045166 2.666250228881836 0.2
14.956299781799316 -16.79305076599121 2.546649932861328 0.2
15.127500534057617 -16.868850708007812 2.3902511596679688 0.2
15.224699974060059 -17.087751388549805 2.420450210571289 0.2
15.156499862670898 -17.30565071105957 2.524250030517578 0.2
15.014599800109863 -17.49825096130371 2.4896507263183594 0.2
14.961999893188477 -17.564651489257812 2.2609500885009766 0.2
15.041900634765625 -17.536251068115234 2.0257511138916016 0.2
15.22249984741211 -17.41025161743164 1.926950454711914 0.2
15.314499855041504 -17.209251403808594 2.0326499938964844 0.2
15.280400276184082 -16.99505043029785 2.154050827026367 0.2
15.166000366210938 -16.797250747680664 2.0799503326416016 0.2
15.117600440979004 -16.742450714111328 1.8412513732910156 0.2
14.979900360107422 -16.842750549316406 1.6725502014160156 0.2
14.861300468444824 -17.051950454711914 1.7198505401611328 0.2
14.855299949645996 -17.279150009155273 1.8225517272949219 0.2
14.991300582885742 -17.469650268554688 1.7691516876220703 0.2
15.09630012512207 -17.505250930786133 1.5489501953125 0.2
15.099200248718262 -17.436250686645508 1.3117504119873047 0.2
14.991900444030762 -17.241350173950195 1.2203502655029297 0.2
14.943500518798828 -17.026750564575195 1.3367500305175781 0.2
15.023099899291992 -16.82575035095215 1.4524517059326172 0.2
15.21049976348877 -16.701749801635742 1.3688507080078125 0.2
15.351500511169434 -16.719051361083984 1.1640510559082031 0.2
15.49690055847168 -16.903751373291016 1.1190509796142578 0.2
15.491700172424316 -17.126550674438477 1.2277507781982422 0.2
15.375100135803223 -17.336151123046875 1.2757511138916016 0.2
15.25160026550293 -17.450851440429688 1.1041507720947266 0.2
15.261199951171875 -17.444650650024414 0.8548507690429688 0.2
15.389400482177734 -17.349750518798828 0.6711502075195312 0.2
15.527800559997559 -17.155550003051758 0.7078514099121094 0.2
15.543499946594238 -16.94795036315918 0.8465499877929688 0.2
15.43179988861084 -16.73455047607422 0.8577499389648438 0.2
15.327500343322754 -16.637250900268555 0.65985107421875 0.2
15.189800262451172 -16.69835090637207 0.47084999084472656 0.2
15.048999786376953 -16.894250869750977 0.4873504638671875 0.2
15.038700103759766 -17.116050720214844 0.6025505065917969 0.2
15.148799896240234 -17.329450607299805 0.5935516357421875 0.2
15.248200416564941 -17.40345001220703 0.38385009765625 0.2
15.243599891662598 -17.364049911499023 0.13775062561035156 0.2
15.125800132751465 -17.204851150512695 0.000751495361328125 0.2
15.054800033569336 -16.986351013183594 0.08465003967285156 0.2
15.104300498962402 -16.78095054626465 0.21375083923339844 0.2
15.276900291442871 -16.619951248168945 0.17225074768066406 0.2
15.391400337219238 -16.589651107788086 -0.04654884338378906 0.2
15.535900115966797 -16.727251052856445 -0.17804908752441406 0.2
15.593500137329102 -16.951351165771484 -0.09924888610839844 0.2
15.526300430297852 -17.166250228881836 0.0053501129150390625 0.2
15.371100425720215 -17.325050354003906 -0.08395004272460938 0.2
15.308000564575195 -17.347551345825195 -0.3218498229980469 0.2
15.36240005493164 -17.283050537109375 -0.5526485443115234 0.2
15.513100624084473 -17.105751037597656 -0.6112499237060547 0.2
15.576000213623047 -16.898950576782227 -0.487548828125 0.2
15.50790023803711 -16.681751251220703 -0.40144920349121094 0.2
15.35890007019043 -16.54275131225586 -0.5292491912841797 0.2
15.221600532531738 -16.55695152282715 -0.7347488403320312 0.2
15.053400039672852 -16.72545051574707 -0.75885009765625 0.2
15.026800155639648 -16.94485092163086 -0.6453495025634766 0.2
15.112199783325195 -17.16925048828125 -0.6053485870361328 0.2
15.219300270080566 -17.29305076599121 -0.7815494537353516 0.2
15.21049976348877 -17.282751083374023 -1.0303497314453125 0.2
15.096500396728516 -17.16935157775879 -1.2123489379882812 0.2
14.989500045776367 -16.956850051879883 -1.175149917602539 0.2
15.008000373840332 -16.749950408935547 -1.0363483428955078 0.2
15.152800559997559 -16.557750701904297 -1.0236492156982422 0.2
15.2677001953125 -16.47665023803711 -1.221649169921875 0.2
15.377500534057617 -16.556251525878906 -1.4218482971191406 0.2
15.489700317382812 -16.769350051879883 -1.4153499603271484 0.2
15.47800064086914 -16.986051559448242 -1.2917499542236328 0.2
15.340900421142578 -17.18265151977539 -1.2844486236572266 0.2
15.213800430297852 -17.247650146484375 -1.4820499420166016 0.2
15.194000244140625 -17.212350845336914 -1.7274494171142578 0.2
15.31190013885498 -17.067350387573242 -1.8782501220703125 0.2
15.418900489807129 -16.85875129699707 -1.8079490661621094 0.2
15.41260051727295 -16.645851135253906 -1.683248519897461 0.2
15.256500244140625 -16.466650009155273 -1.712148666381836 0.2
15.106400489807129 -16.42945098876953 -1.9068489074707031 0.2
14.919500350952148 -16.55245018005371 -1.9895496368408203 0.2
14.858099937438965 -16.768951416015625 -1.8933486938476562 0.2
14.920400619506836 -16.992151260375977 -1.8057498931884766 0.2
15.03600025177002 -17.16425132751465 -1.9249496459960938 0.2
15.041600227355957 -17.189050674438477 -2.1700496673583984 0.2
14.942999839782715 -17.118350982666016 -2.38385009765625 0.2
14.798700332641602 -16.929349899291992 -2.414548873901367 0.2
14.785900115966797 -16.719051361083984 -2.283048629760742 0.2
14.892900466918945 -16.512651443481445 -2.21044921875 0.2
15.024900436401367 -16.383451461791992 -2.3628482818603516 0.2
15.09220027923584 -16.401350021362305 -2.600749969482422 0.2
15.226799964904785 -16.58085060119629 -2.682149887084961 0.2
15.2701997756958 -16.800251007080078 -2.5760498046875 0.2
15.185900688171387 -17.014850616455078 -2.498350143432617 0.2
15.020100593566895 -17.134450912475586 -2.624448776245117 0.2
14.94379997253418 -17.127750396728516 -2.8610496520996094 0.2
14.995100021362305 -17.02465057373047 -3.0744495391845703 0.2
15.124800682067871 -16.82215118408203 -3.083648681640625 0.2
15.174400329589844 -16.614049911499023 -2.9554500579833984 0.2
15.059700012207031 -16.409351348876953 -2.9029483795166016 0.2
14.886799812316895 -16.3205509185791 -3.0490493774414062 0.2
14.696900367736816 -16.391450881958008 -3.1795482635498047 0.2
14.58180046081543 -16.594249725341797 -3.1186485290527344 0.2
14.624500274658203 -16.81315040588379 -3.0072498321533203 0.2
14.73840045928955 -17.01905059814453 -3.0519485473632812 0.2
14.770899772644043 -17.089550018310547 -3.2821483612060547 0.2
14.689599990844727 -17.05215072631836 -3.513948440551758 0.2
14.528800010681152 -16.901750564575195 -3.6104488372802734 0.2
14.470900535583496 -16.687850952148438 -3.509248733520508 0.2
14.542699813842773 -16.47985076904297 -3.397449493408203 0.2
14.688199996948242 -16.309850692749023 -3.481649398803711 0.2
14.7406005859375 -16.273950576782227 -3.7214488983154297 0.2
14.852200508117676 -16.402650833129883 -3.8882484436035156 0.2
14.941699981689453 -16.621850967407227 -3.831348419189453 0.2
14.917500495910645 -16.838050842285156 -3.7131500244140625 0.2
14.752900123596191 -17.005950927734375 -3.7542495727539062 0.2
14.624700546264648 -17.033349990844727 -3.962749481201172 0.2
14.604400634765625 -16.968950271606445 -4.198648452758789 0.2
14.722200393676758 -16.78875160217285 -4.302848815917969 0.2
14.81290054321289 -16.5804500579834 -4.203149795532227 0.2
14.768600463867188 -16.367351531982422 -4.095449447631836 0.2
14.584600448608398 -16.230850219726562 -4.165748596191406 0.2
14.395800590515137 -16.245651245117188 -4.32444953918457 0.2
14.229900360107422 -16.41615104675293 -4.307149887084961 0.2
14.2406005859375 -16.634151458740234 -4.190849304199219 0.2
14.342100143432617 -16.853851318359375 -4.170249938964844 0.2
14.406599998474121 -16.978351593017578 -4.36454963684082 0.2
14.336899757385254 -16.969951629638672 -4.602649688720703 0.2
14.179900169372559 -16.864551544189453 -4.754949569702148 0.2
14.071900367736816 -16.65825080871582 -4.697750091552734 0.2
14.111900329589844 -16.451650619506836 -4.564949035644531 0.2
14.248300552368164 -16.25425148010254 -4.5798492431640625 0.2
14.316500663757324 -16.16655158996582 -4.794748306274414 0.2
14.378900527954102 -16.237951278686523 -5.016748428344727 0.2
14.498700141906738 -16.444150924682617 -5.043449401855469 0.2
14.526300430297852 -16.659250259399414 -4.9212493896484375 0.2
14.404600143432617 -16.860450744628906 -4.877948760986328 0.2
14.23330020904541 -16.932451248168945 -5.034448623657227 0.2
14.14739990234375 -16.898950576782227 -5.2646484375 0.2
14.213000297546387 -16.754350662231445 -5.444149017333984 0.2
14.331399917602539 -16.5445499420166 -5.408649444580078 0.2
14.356400489807129 -16.33395004272461 -5.283748626708984 0.2
14.196800231933594 -16.157751083374023 -5.262548446655273 0.2
13.998100280761719 -16.120450973510742 -5.405948638916016 0.2
13.797500610351562 -16.243650436401367 -5.440248489379883 0.2
13.764599800109863 -16.459449768066406 -5.332550048828125 0.2
13.854000091552734 -16.678850173950195 -5.262149810791016 0.2
13.940800666809082 -16.849950790405273 -5.4035491943359375 0.2
13.887800216674805 -16.87594985961914 -5.641748428344727 0.2
13.740400314331055 -16.80915069580078 -5.826448440551758 0.2
13.58530044555664 -16.62755012512207 -5.826448440551758 0.2
13.594300270080566 -16.419151306152344 -5.6936492919921875 0.2
13.70989990234375 -16.211650848388672 -5.643148422241211 0.2
13.802800178527832 -16.077251434326172 -5.817049026489258 0.2
13.814300537109375 -16.08915138244629 -6.063749313354492 0.2
13.929800033569336 -16.261150360107422 -6.1806488037109375 0.2
14.005599975585938 -16.47784996032715 -6.091348648071289 0.2
13.95009994506836 -16.693050384521484 -5.994049072265625 0.2
13.76200008392334 -16.818450927734375 -6.072248458862305 0.2
13.625200271606445 -16.81344985961914 -6.278949737548828 0.2
13.611499786376953 -16.71135139465332 -6.498048782348633 0.2
13.729100227355957 -16.508251190185547 -6.546148300170898 0.2
13.810200691223145 -16.30135154724121 -6.435150146484375 0.2
13.713500022888184 -16.100250244140625 -6.347249984741211 0.2
13.504700660705566 -16.01235008239746 -6.432849884033203 0.2
13.287300109863281 -16.082651138305664 -6.50834846496582 0.2
13.192500114440918 -16.285551071166992 -6.422048568725586 0.2
13.26830005645752 -16.502050399780273 -6.326848983764648 0.2
13.372000694274902 -16.704851150512695 -6.398748397827148 0.2
13.347400665283203 -16.77505111694336 -6.628950119018555 0.2
13.211100578308105 -16.738550186157227 -6.832649230957031 0.2
13.027200698852539 -16.595651626586914 -6.889348983764648 0.2
12.985370635986328 -16.38625144958496 -6.774448394775391 0.2
13.077000617980957 -16.179651260375977 -6.677549362182617 0.2
13.195000648498535 -16.00495147705078 -6.788549423217773 0.2
13.189499855041504 -15.963050842285156 -7.032148361206055 0.2
13.259300231933594 -16.083049774169922 -7.225149154663086 0.2
13.368599891662598 -16.297651290893555 -7.198450088500977 0.2
13.381999969482422 -16.51325035095215 -7.079050064086914 0.2
13.21880054473877 -16.686250686645508 -7.077449798583984 0.2
13.041200637817383 -16.716550827026367 -7.244150161743164 0.2
12.954680442810059 -16.652151107788086 -7.464149475097656 0.2
13.032000541687012 -16.47035026550293 -7.597448348999023 0.2
13.143199920654297 -16.261850357055664 -7.525449752807617 0.2
13.127099990844727 -16.053150177001953 -7.403949737548828 0.2
12.928160667419434 -15.921350479125977 -7.41254997253418 0.2
12.702740669250488 -15.93735122680664 -7.510950088500977 0.2
12.549349784851074 -16.109750747680664 -7.45374870300293 0.2
12.595720291137695 -16.326950073242188 -7.347648620605469 0.2
12.706940650939941 -16.541950225830078 -7.357549667358398 0.2
12.722550392150879 -16.66295051574707 -7.562849044799805 0.2
12.595250129699707 -16.653850555419922 -7.774648666381836 0.2
12.402450561523438 -16.554550170898438 -7.883150100708008 0.2
12.301380157470703 -16.355850219726562 -7.797748565673828 0.2
12.365660667419434 -16.152450561523438 -7.671548843383789 0.2
12.489049911499023 -15.95145034790039 -7.7131500244140625 0.2
12.502070426940918 -15.857851028442383 -7.935150146484375 0.2
12.510560035705566 -15.920949935913086 -8.167449951171875 0.2
12.628320693969727 -16.119251251220703 -8.230049133300781 0.2
12.694640159606934 -16.33245086669922 -8.122249603271484 0.2
12.595069885253906 -16.53765106201172 -8.053348541259766 0.2
12.392630577087402 -16.614151000976562 -8.16204833984375 0.2
12.247580528259277 -16.580350875854492 -8.35944938659668 0.2
12.25512981414795 -16.4322509765625 -8.546749114990234 0.2
12.372210502624512 -16.219951629638672 -8.54104995727539 0.2
12.42278003692627 -16.012250900268555 -8.420949935913086 0.2
12.267860412597656 -15.84575080871582 -8.351348876953125 0.2
12.035530090332031 -15.815650939941406 -8.429849624633789 0.2
11.838129997253418 -15.94525146484375 -8.408048629760742 0.2
11.844520568847656 -16.162250518798828 -8.299848556518555 0.2
11.960010528564453 -16.376750946044922 -8.264348983764648 0.2
12.010109901428223 -16.53955078125 -8.429948806762695 0.2
11.895350456237793 -16.56195068359375 -8.64484977722168 0.2
11.70166015625 -16.498750686645508 -8.78125 0.2
11.543749809265137 -16.326950073242188 -8.735349655151367 0.2
11.578780174255371 -16.12325096130371 -8.601348876953125 0.2
11.697230339050293 -15.913751602172852 -8.577348709106445 0.2
11.736370086669922 -15.774351119995117 -8.76624870300293 0.2
11.683300018310547 -15.780750274658203 -9.00684928894043 0.2
11.770009994506836 -15.943050384521484 -9.156249046325684 0.2
11.878660202026367 -16.154850006103516 -9.096649169921875 0.2
11.85968017578125 -16.372150421142578 -8.992849349975586 0.2
11.662460327148438 -16.503450393676758 -9.02134895324707 0.2
11.471779823303223 -16.500051498413086 -9.178449630737305 0.2
11.38917064666748 -16.39335060119629 -9.378748893737793 0.2
11.479310035705566 -16.184249877929688 -9.450949668884277 0.2
11.581520080566406 -15.977350234985352 -9.361549377441406 0.2
11.501319885253906 -15.787050247192383 -9.241848945617676 0.2
11.270390510559082 -15.715150833129883 -9.254949569702148 0.2
11.046460151672363 -15.800149917602539 -9.248449325561523 0.2
11.003360748291016 -16.00925064086914 -9.139849662780762 0.2
11.119800567626953 -16.22115135192871 -9.08644962310791 0.2
11.197720527648926 -16.412450790405273 -9.20414924621582 0.2
11.094810485839844 -16.474050521850586 -9.413848876953125 0.2
10.895320892333984 -16.438751220703125 -9.555249214172363 0.2
10.699119567871094 -16.303850173950195 -9.537149429321289 0.2
10.694089889526367 -16.10085105895996 -9.405549049377441 0.2
10.805950164794922 -15.892351150512695 -9.342549324035645 0.2
10.86719036102295 -15.715049743652344 -9.488248825073242 0.2
10.77694034576416 -15.675050735473633 -9.714448928833008 0.2
10.788450241088867 -15.79155158996582 -9.92034912109375 0.2
10.913089752197266 -15.998451232910156 -9.933649063110352 0.2
10.972590446472168 -16.213350296020508 -9.830449104309082 0.2
10.821490287780762 -16.390050888061523 -9.784149169921875 0.2
10.598649978637695 -16.423049926757812 -9.881548881530762 0.2
10.439189910888672 -16.35515022277832 -10.053548812866211 0.2
10.459420204162598 -16.16265106201172 -10.19114875793457 0.2
10.579509735107422 -15.950651168823242 -10.151549339294434 0.2
10.588239669799805 -15.748550415039062 -10.021149635314941 0.2
10.386329650878906 -15.639949798583984 -9.953749656677246 0.2
10.144229888916016 -15.678850173950195 -9.948749542236328 0.2
10.050809860229492 -15.867351531982422 -9.839049339294434 0.2
10.154540061950684 -16.081050872802734 -9.774748802185059 0.2
10.257989883422852 -16.284950256347656 -9.850349426269531 0.2
10.184749603271484 -16.391250610351562 -10.051349639892578 0.2
9.981130599975586 -16.381851196289062 -10.190749168395996 0.2
9.75885009765625 -16.28805160522461 -10.200949668884277 0.2
9.702400207519531 -16.096851348876953 -10.069748878479004 0.2
9.804710388183594 -15.893051147460938 -9.973849296569824 0.2
9.88422966003418 -15.68735122680664 -10.064549446105957 0.2
9.7960205078125 -15.598350524902344 -10.27134895324707 0.2
9.730119705200195 -15.664649963378906 -10.491949081420898 0.2
9.834329605102539 -15.855550765991211 -10.591049194335938 0.2
9.945480346679688 -16.064849853515625 -10.520349502563477 0.2
9.877140045166016 -16.274351119995117 -10.432449340820312 0.2
9.650690078735352 -16.35395050048828 -10.4673490524292 0.2
9.442480087280273 -16.320650100708008 -10.595048904418945 0.2
9.378280639648438 -16.159151077270508 -10.757749557495117 0.2
9.47976016998291 -15.939050674438477 -10.776549339294434 0.2
9.552480697631836 -15.732250213623047 -10.669349670410156 0.2
9.416009902954102 -15.58945083618164 -10.537049293518066 0.2
9.170720100402832 -15.586549758911133 -10.511448860168457 0.2
9.022370338439941 -15.742450714111328 -10.412649154663086 0.2
9.097490310668945 -15.960750579833984 -10.336749076843262 0.2
9.227100372314453 -16.165250778198242 -10.375349044799805 0.2
9.200870513916016 -16.31005096435547 -10.561649322509766 0.2
9.005640029907227 -16.3293514251709 -10.708449363708496 0.2
8.770740509033203 -16.272350311279297 -10.744049072265625 0.2
8.648690223693848 -16.10875129699707 -10.622549057006836 0.2
8.729730606079102 -15.908349990844727 -10.50364875793457 0.2
8.830670356750488 -15.691051483154297 -10.526649475097656 0.2
8.772290229797363 -15.551351547241211 -10.710848808288574 0.2
8.639650344848633 -15.563350677490234 -10.917149543762207 0.2
8.688760757446289 -15.720149993896484 -11.087849617004395 0.2
8.824480056762695 -15.924751281738281 -11.076249122619629 0.2
8.84473991394043 -16.147050857543945 -10.986649513244629 0.2
8.650580406188965 -16.283750534057617 -10.957549095153809 0.2
8.416930198669434 -16.28445053100586 -11.037749290466309 0.2
8.26887035369873 -16.167449951171875 -11.187149047851562 0.2
8.32151985168457 -15.946149826049805 -11.262049674987793 0.2
8.433370590209961 -15.735651016235352 -11.196148872375488 0.2
8.381930351257324 -15.563051223754883 -11.039949417114258 0.2
8.155969619750977 -15.517450332641602 -10.964049339294434 0.2
7.964110374450684 -15.630050659179688 -10.876349449157715 0.2
7.987870216369629 -15.849050521850586 -10.781349182128906 0.2
8.127440452575684 -16.052650451660156 -10.797149658203125 0.2
8.158750534057617 -16.227550506591797 -10.954648971557617 0.2
7.985000133514404 -16.28285026550293 -11.114048957824707 0.2
7.745890140533447 -16.254650115966797 -11.16784954071045 0.2
7.569400310516357 -16.130950927734375 -11.065849304199219 0.2
7.60761022567749 -15.935550689697266 -10.92704963684082 0.2
7.7205400466918945 -15.721250534057617 -10.894649505615234 0.2
7.711180210113525 -15.534551620483398 -11.041449546813965 0.2
7.547980308532715 -15.494150161743164 -11.221949577331543 0.2
7.506570339202881 -15.603250503540039 -11.427948951721191 0.2
7.633310317993164 -15.800251007080078 -11.490348815917969 0.2
7.7305803298950195 -16.016950607299805 -11.428648948669434 0.2
7.606990337371826 -16.204750061035156 -11.352849006652832 0.2
7.366120338439941 -16.24665069580078 -11.376249313354492 0.2
7.1576104164123535 -16.17675018310547 -11.481649398803711 0.2
7.126040458679199 -15.971450805664062 -11.59744930267334 0.2
7.240860462188721 -15.753551483154297 -11.579049110412598 0.2
7.278500080108643 -15.559850692749023 -11.441349029541016 0.2
7.103760242462158 -15.473550796508789 -11.302449226379395 0.2
6.882960319519043 -15.535350799560547 -11.216649055480957 0.2
6.849520206451416 -15.73965072631836 -11.100149154663086 0.2
6.980730056762695 -15.948051452636719 -11.096549034118652 0.2
7.060030460357666 -16.13865089416504 -11.220748901367188 0.2
6.926270484924316 -16.236751556396484 -11.392949104309082 0.2
6.686860084533691 -16.234149932861328 -11.453649520874023 0.2
6.471529960632324 -16.154451370239258 -11.378949165344238 0.2
6.455470085144043 -15.974651336669922 -11.222249031066895 0.2
6.572330474853516 -15.769050598144531 -11.149148941040039 0.2
6.607110023498535 -15.552051544189453 -11.24264907836914 0.2
6.452690124511719 -15.45615005493164 -11.401948928833008 0.2
6.322530269622803 -15.514249801635742 -11.594649314880371 0.2
6.397120475769043 -15.692350387573242 -11.735849380493164 0.2
6.53380012512207 -15.89834976196289 -11.723149299621582 0.2
6.509150505065918 -16.117950439453125 -11.63634967803955 0.2
6.288400173187256 -16.21215057373047 -11.600149154663086 0.2
6.047840118408203 -16.18545150756836 -11.647249221801758 0.2
5.925370216369629 -16.017850875854492 -11.764348983764648 0.2
6.003809928894043 -15.790050506591797 -11.797849655151367 0.2
6.099420547485352 -15.584150314331055 -11.707348823547363 0.2
6.012570381164551 -15.456550598144531 -11.526248931884766 0.2
5.79170036315918 -15.470251083374023 -11.41724967956543 0.2
5.693340301513672 -15.641349792480469 -11.286149024963379 0.2
5.798610210418701 -15.858650207519531 -11.257749557495117 0.2
5.917200088500977 -16.05215072631836 -11.351449012756348 0.2
5.839500427246094 -16.18975067138672 -11.52864933013916 0.2
5.607990264892578 -16.21445083618164 -11.605149269104004 0.2
5.372150421142578 -16.170551300048828 -11.558049201965332 0.2
5.288100242614746 -16.02215003967285 -11.392349243164062 0.2
5.392660140991211 -15.823249816894531 -11.29024887084961 0.2
5.473080158233643 -15.598451614379883 -11.323948860168457 0.2
5.357500076293945 -15.448249816894531 -11.468648910522461 0.2
5.165670394897461 -15.453651428222656 -11.622149467468262 0.2
5.159990310668945 -15.596351623535156 -11.81144905090332 0.2
5.298120498657227 -15.79384994506836 -11.860548973083496 0.2
5.358710289001465 -16.019651412963867 -11.801749229431152 0.2
5.193880081176758 -16.172651290893555 -11.720549583435059 0.2
4.947090148925781 -16.184249877929688 -11.719049453735352 0.2
4.751729965209961 -16.07025146484375 -11.802449226379395 0.2
4.7642903327941895 -15.842849731445312 -11.876249313354492 0.2
4.883270263671875 -15.628950119018555 -11.838748931884766 0.2
4.884790420532227 -15.463750839233398 -11.666349411010742 0.2
4.6972503662109375 -15.429250717163086 -11.516749382019043 0.2
4.543260097503662 -15.552450180053711 -11.380949020385742 0.2
4.599200248718262 -15.774450302124023 -11.309948921203613 0.2
4.735170364379883 -15.969751358032227 -11.378249168395996 0.2
4.730130195617676 -16.137651443481445 -11.546648979187012 0.2
4.520990371704102 -16.196651458740234 -11.652849197387695 0.2
4.27556037902832 -16.178050994873047 -11.63344955444336 0.2
4.129100322723389 -16.069551467895508 -11.479148864746094 0.2
4.195340156555176 -15.879251480102539 -11.344049453735352 0.2
4.306550025939941 -15.661750793457031 -11.328248977661133 0.2
4.256110191345215 -15.465351104736328 -11.45254898071289 0.2
4.048990249633789 -15.41925048828125 -11.578349113464355 0.2
3.950517177581787 -15.517351150512695 -11.770149230957031 0.2
4.056240081787109 -15.70615005493164 -11.879348754882812 0.2
4.174320220947266 -15.921051025390625 -11.863049507141113 0.2
4.088390350341797 -16.120250701904297 -11.76664924621582 0.2
3.8532590866088867 -16.1739501953125 -11.721049308776855 0.2
3.6201791763305664 -16.111249923706055 -11.757248878479004 0.2
3.5460102558135986 -15.905250549316406 -11.850349426269531 0.2
3.6538453102111816 -15.683250427246094 -11.856948852539062 0.2
3.727851152420044 -15.491350173950195 -11.731049537658691 0.2
3.602105140686035 -15.411149978637695 -11.544349670410156 0.2
3.4109292030334473 -15.478450775146484 -11.406249046325684 0.2
3.4076242446899414 -15.685750961303711 -11.2906494140625 0.2
3.539767265319824 -15.890251159667969 -11.326748847961426 0.2
3.5961451530456543 -16.074451446533203 -11.472148895263672 0.2
3.4310171604156494 -16.175350189208984 -11.61194896697998 0.2
3.184143304824829 -16.179349899291992 -11.613348960876465 0.2
2.988781690597534 -16.110750198364258 -11.48854923248291 0.2
3.00132417678833 -15.937749862670898 -11.324249267578125 0.2
3.1268091201782227 -15.731451034545898 -11.270049095153809 0.2
3.13899827003479 -15.50925064086914 -11.357449531555176 0.2
2.953425168991089 -15.408651351928711 -11.474649429321289 0.2
2.7805333137512207 -15.461050033569336 -11.63244915008545 0.2
2.818984270095825 -15.631650924682617 -11.795549392700195 0.2
2.9582712650299072 -15.834150314331055 -11.824748992919922 0.2
2.964012861251831 -16.057849884033203 -11.744349479675293 0.2
2.7626771926879883 -16.162250518798828 -11.6587495803833 0.2
2.5171732902526855 -16.143251419067383 -11.644848823547363 0.2
2.362990140914917 -15.979450225830078 -11.723749160766602 0.2
2.423537254333496 -15.748950958251953 -11.770849227905273 0.2
2.53566312789917 -15.542251586914062 -11.703449249267578 0.2
2.496399164199829 -15.417449951171875 -11.504849433898926 0.2
2.3075361251831055 -15.43545150756836 -11.347249031066895 0.2
2.240840196609497 -15.608650207519531 -11.20004940032959 0.2
2.352701187133789 -15.824150085449219 -11.198248863220215 0.2
2.4536561965942383 -16.012550354003906 -11.319249153137207 0.2
2.345132350921631 -16.1512508392334 -11.478349685668945 0.2
2.1034951210021973 -16.18185043334961 -11.503149032592773 0.2
1.8822002410888672 -16.145549774169922 -11.405448913574219 0.2
1.830300211906433 -16.003450393676758 -11.222148895263672 0.2
1.949680209159851 -15.80405044555664 -11.139549255371094 0.2
2.018489360809326 -15.577051162719727 -11.183649063110352 0.2
1.874170184135437 -15.425750732421875 -11.297749519348145 0.2
1.6531902551651 -15.43185043334961 -11.405149459838867 0.2
1.6059201955795288 -15.570850372314453 -11.591448783874512 0.2
1.732700228691101 -15.76395034790039 -11.674949645996094 0.2
1.8109902143478394 -15.988750457763672 -11.636448860168457 0.2
1.6736302375793457 -16.14834976196289 -11.523348808288574 0.2
1.4343901872634888 -16.167551040649414 -11.465249061584473 0.2
1.2219702005386353 -16.05875015258789 -11.498649597167969 0.2
1.2111902236938477 -15.830650329589844 -11.569849014282227 0.2
1.3311402797698975 -15.614450454711914 -11.558349609375 0.2
1.3694102764129639 -15.451150894165039 -11.388449668884277 0.2
1.2216602563858032 -15.423650741577148 -11.198549270629883 0.2
1.1071501970291138 -15.552249908447266 -11.032349586486816 0.2
1.183650255203247 -15.773151397705078 -10.979449272155762 0.2
1.3043901920318604 -15.963750839233398 -11.080948829650879 0.2
1.2638102769851685 -16.129850387573242 -11.246149063110352 0.2
1.037250280380249 -16.193950653076172 -11.301249504089355 0.2
0.8028903007507324 -16.182849884033203 -11.224749565124512 0.2
0.6938803195953369 -16.080249786376953 -11.038848876953125 0.2
0.7855403423309326 -15.889949798583984 -10.91974925994873 0.2
0.8923702239990234 -15.670051574707031 -10.92704963684082 0.2
0.8095002174377441 -15.474451065063477 -11.033848762512207 0.2
0.5777602195739746 -15.43375015258789 -11.107449531555176 0.2
0.4398503303527832 -15.532951354980469 -11.272549629211426 0.2
0.5223703384399414 -15.717050552368164 -11.406649589538574 0.2
0.6466002464294434 -15.928451538085938 -11.42134952545166 0.2
0.5896201133728027 -16.130651473999023 -11.311049461364746 0.2
0.3730001449584961 -16.191850662231445 -11.213249206542969 0.2
0.13656020164489746 -16.13545036315918 -11.192949295043945 0.2
0.03853011131286621 -15.930049896240234 -11.261849403381348 0.2
0.13671016693115234 -15.705249786376953 -11.289548873901367 0.2
0.23267030715942383 -15.513650894165039 -11.179649353027344 0.2
0.15137028694152832 -15.441551208496094 -10.966849327087402 0.2
0.002270221710205078 -15.518449783325195 -10.788249015808105 0.2
0.03457021713256836 -15.727651596069336 -10.680849075317383 0.2
0.15975022315979004 -15.926950454711914 -10.752649307250977 0.2
0.18194031715393066 -16.1070499420166 -10.911349296569824 0.2
-0.010699748992919922 -16.21014976501465 -11.007749557495117 0.2
-0.2502598762512207 -16.221651077270508 -10.949349403381348 0.2
-0.4105696678161621 -16.159250259399414 -10.779748916625977 0.2
-0.36180973052978516 -15.98685073852539 -10.621648788452148 0.2
-0.23271965980529785 -15.777351379394531 -10.596348762512207 0.2
-0.24974966049194336 -15.555150985717773 -10.682048797607422 0.2
-0.46115970611572266 -15.461549758911133 -10.751949310302734 0.2
-0.6620697975158691 -15.519451141357422 -10.86924934387207 0.2
-0.6545698642730713 -15.688350677490234 -11.038349151611328 0.2
-0.5208697319030762 -15.887451171875 -11.099449157714844 0.2
-0.4954497814178467 -16.110950469970703 -11.023249626159668 0.2
-0.671379804611206 -16.219751358032227 -10.89634895324707 0.2
-0.9078598022460938 -16.206951141357422 -10.828248977661133 0.2
-1.077359676361084 -16.044851303100586 -10.86984920501709 0.2
-1.0313496589660645 -15.813051223754883 -10.926448822021484 0.2
-0.9119298458099365 -15.604751586914062 -10.88124942779541 0.2
-0.9126298427581787 -15.484550476074219 -10.67604923248291 0.2
-1.0619397163391113 -15.511449813842773 -10.481749534606934 0.2
-1.0865998268127441 -15.68895149230957 -10.326848983764648 0.2
-0.9700896739959717 -15.900251388549805 -10.354649543762207 0.2
-0.8955698013305664 -16.08475112915039 -10.498148918151855 0.2
-1.0364599227905273 -16.224550247192383 -10.628349304199219 0.2
-1.2764496803283691 -16.261449813842773 -10.596348762512207 0.2
-1.4697198867797852 -16.230751037597656 -10.449849128723145 0.2
-1.48052978515625 -16.08785057067871 -10.260149002075195 0.2
-1.3515396118164062 -15.884349822998047 -10.207448959350586 0.2
-1.3037996292114258 -15.655851364135742 -10.266849517822266 0.2
-1.4765596389770508 -15.512149810791016 -10.346549034118652 0.2
-1.714289665222168 -15.527450561523438 -10.406249046325684 0.2
-1.792759895324707 -15.670450210571289 -10.578349113464355 0.2
-1.6806797981262207 -15.861551284790039 -10.68484878540039 0.2
-1.5928897857666016 -16.084449768066406 -10.660248756408691 0.2
-1.7017197608947754 -16.244150161743164 -10.519349098205566 0.2
-1.9228897094726562 -16.26835060119629 -10.412149429321289 0.2
-2.139519691467285 -16.163850784301758 -10.402349472045898 0.2
-2.1678895950317383 -15.936651229858398 -10.472249031066895 0.2
-2.0527796745300293 -15.718250274658203 -10.486848831176758 0.2
-1.9865097999572754 -15.553350448608398 -10.327649116516113 0.2
-2.094599723815918 -15.529550552368164 -10.11194896697998 0.2
-2.1656899452209473 -15.661149978637695 -9.925349235534668 0.2
-2.071280002593994 -15.87874984741211 -9.890549659729004 0.2
-1.9696297645568848 -16.06675148010254 -10.01504898071289 0.2
-2.0431699752807617 -16.23565101623535 -10.16504955291748 0.2
-2.27463960647583 -16.30605125427246 -10.166149139404297 0.2
-2.485949993133545 -16.30014991760254 -10.038949012756348 0.2
-2.552459716796875 -16.19525146484375 -9.835248947143555 0.2
-2.4427499771118164 -15.998950958251953 -9.744449615478516 0.2
-2.350109577178955 -15.775449752807617 -9.7798490524292 0.2
-2.4645895957946777 -15.587150573730469 -9.869049072265625 0.2
-2.708359718322754 -15.557950973510742 -9.891749382019043 0.2
-2.8724098205566406 -15.667350769042969 -10.02294921875 0.2
-2.8123397827148438 -15.852951049804688 -10.166949272155762 0.2
-2.6881399154663086 -16.061750411987305 -10.201748847961426 0.2
-2.7158098220825195 -16.26074981689453 -10.075448989868164 0.2
-2.9043197631835938 -16.32415008544922 -9.93134880065918 0.2
-3.132269859313965 -16.272750854492188 -9.862049102783203 0.2
-3.2470297813415527 -16.0710506439209 -9.913649559020996 0.2
-3.1633596420288086 -15.844850540161133 -9.96674919128418 0.2
-3.053229808807373 -15.64845085144043 -9.881949424743652 0.2
-3.091399669647217 -15.575550079345703 -9.657448768615723 0.2
-3.191969871520996 -15.654550552368164 -9.448649406433105 0.2
-3.1255598068237305 -15.860151290893555 -9.350249290466309 0.2
-3.013129711151123 -16.05685043334961 -9.446649551391602 0.2
-3.0253095626831055 -16.240550994873047 -9.601948738098145 0.2
-3.2328996658325195 -16.35085105895996 -9.644948959350586 0.2
-3.4504098892211914 -16.36815071105957 -9.529449462890625 0.2
-3.5653796195983887 -16.30535125732422 -9.32664966583252 0.2
-3.485069751739502 -16.12605094909668 -9.190649032592773 0.2
-3.363119602203369 -15.911149978637695 -9.203749656677246 0.2
-3.412479877471924 -15.693050384521484 -9.287549018859863 0.2
-3.6392197608947754 -15.610950469970703 -9.302948951721191 0.2
-3.859959602355957 -15.680950164794922 -9.36474895477295 0.2
-3.886469841003418 -15.854850769042969 -9.526749610900879 0.2
-3.763399600982666 -16.050451278686523 -9.615249633789062 0.2
-3.7109899520874023 -16.270151138305664 -9.541949272155762 0.2
-3.8453497886657715 -16.379850387573242 -9.372149467468262 0.2
-4.0572099685668945 -16.372150421142578 -9.24644947052002 0.2
-4.236769676208496 -16.215749740600586 -9.246849060058594 0.2
-4.214909553527832 -15.983951568603516 -9.31714916229248 0.2
-4.096859931945801 -15.770549774169922 -9.305549621582031 0.2
-4.051339626312256 -15.64725112915039 -9.107349395751953 0.2
-4.141759872436523 -15.676549911499023 -8.87984848022461 0.2
-4.1126298904418945 -15.852251052856445 -8.723848342895508 0.2
-3.9998397827148438 -16.059650421142578 -8.782148361206055 0.2
-3.962739944458008 -16.245450973510742 -8.937950134277344 0.2
-4.130970001220703 -16.391651153564453 -9.019848823547363 0.2
-4.3503899574279785 -16.43494987487793 -8.919748306274414 0.2
-4.49390983581543 -16.407550811767578 -8.723949432373047 0.2
-4.454009532928467 -16.260950088500977 -8.54104995727539 0.2
-4.3239898681640625 -16.051450729370117 -8.531148910522461 0.2
-4.3060197830200195 -15.822549819946289 -8.60474967956543 0.2
-4.500749588012695 -15.687450408935547 -8.6302490234375 0.2
-4.744549751281738 -15.713150024414062 -8.613948822021484 0.2
-4.865579605102539 -15.863151550292969 -8.751949310302734 0.2
-4.782669544219971 -16.051549911499023 -8.886348724365234 0.2
-4.68166971206665 -16.270151138305664 -8.887649536132812 0.2
-4.735579967498779 -16.430150985717773 -8.718149185180664 0.2
-4.911709785461426 -16.459150314331055 -8.54734992980957 0.2
-5.118219375610352 -16.360950469970703 -8.471948623657227 0.2
-5.174670219421387 -16.135950088500977 -8.531549453735352 0.2
-5.078829765319824 -15.913450241088867 -8.581348419189453 0.2
-4.975159645080566 -15.744649887084961 -8.448549270629883 0.2
-5.0129899978637695 -15.722650527954102 -8.209650039672852 0.2
-5.009889602661133 -15.855051040649414 -8.010648727416992 0.2
-4.898349761962891 -16.06745147705078 -8.01194953918457 0.2
-4.836119651794434 -16.253551483154297 -8.162849426269531 0.2
-4.950419902801514 -16.427350997924805 -8.277349472045898 0.2
-5.165519714355469 -16.505149841308594 -8.198049545288086 0.2
-5.319939613342285 -16.50425148010254 -8.005449295043945 0.2
-5.315090179443359 -16.397951126098633 -7.791849136352539 0.2
-5.190969467163086 -16.194250106811523 -7.746349334716797 0.2
-5.129759788513184 -15.967050552368164 -7.812950134277344 0.2
-5.279239654541016 -15.787151336669922 -7.856048583984375 0.2
-5.516160011291504 -15.770151138305664 -7.789148330688477 0.2
-5.709989547729492 -15.891050338745117 -7.851648330688477 0.2
-5.694939613342285 -16.076650619506836 -8.007148742675781 0.2
-5.58036994934082 -16.279951095581055 -8.083148956298828 0.2
-5.550799369812012 -16.476051330566406 -7.952548980712891 0.2
-5.670509338378906 -16.542551040649414 -7.748449325561523 0.2
-5.859689712524414 -16.49755096435547 -7.601449966430664 0.2
-5.992959976196289 -16.300750732421875 -7.610649108886719 0.2
-5.944859504699707 -16.072050094604492 -7.691549301147461 0.2
-5.822420120239258 -15.869951248168945 -7.647649765014648 0.2
-5.785439491271973 -15.79734992980957 -7.422048568725586 0.2
-5.7921295166015625 -15.879850387573242 -7.192150115966797 0.2
-5.677680015563965 -16.079851150512695 -7.134248733520508 0.2
-5.600429534912109 -16.270851135253906 -7.269948959350586 0.2
-5.665319442749023 -16.458850860595703 -7.405448913574219 0.2
-5.866769790649414 -16.578550338745117 -7.356849670410156 0.2
-6.01593017578125 -16.60245132446289 -7.161249160766602 0.2
-6.0380096435546875 -16.53765106201172 -6.92974853515625 0.2
-5.921710014343262 -16.346750259399414 -6.843648910522461 0.2
-5.836329460144043 -16.123149871826172 -6.907049179077148 0.2
-5.938610076904297 -15.913949966430664 -6.96044921875 0.2
-6.157070159912109 -15.851951599121094 -6.875949859619141 0.2
-6.376560211181641 -15.942150115966797 -6.843549728393555 0.2
-6.448519706726074 -16.124650955200195 -6.981149673461914 0.2
-6.356939315795898 -16.315250396728516 -7.109949111938477 0.2
-6.263679504394531 -16.527151107788086 -7.057350158691406 0.2
-6.308819770812988 -16.634550094604492 -6.84375 0.2
-6.450789451599121 -16.632450103759766 -6.642148971557617 0.2
-6.624309539794922 -16.483449935913086 -6.575448989868164 0.2
-6.646439552307129 -16.253150939941406 -6.65264892578125 0.2
-6.549059867858887 -16.031850814819336 -6.686149597167969 0.2
-6.441410064697266 -15.902950286865234 -6.517148971557617 0.2
-6.429959297180176 -15.934450149536133 -6.272850036621094 0.2
-6.320300102233887 -16.10515022277832 -6.150449752807617 0.2
-6.226880073547363 -16.303850173950195 -6.257148742675781 0.2
-6.246689796447754 -16.49285125732422 -6.41204833984375 0.2
-6.42311954498291 -16.652050018310547 -6.405149459838867 0.2
-6.571769714355469 -16.70425033569336 -6.216650009155273 0.2
-6.614150047302246 -16.673749923706055 -5.978048324584961 0.2
-6.511289596557617 -16.508251190185547 -5.840950012207031 0.2
-6.416119575500488 -16.285850524902344 -5.893548965454102 0.2
-6.466449737548828 -16.061050415039062 -5.963850021362305 0.2
-6.668839454650879 -15.954450607299805 -5.892549514770508 0.2
-6.880549430847168 -16.008649826049805 -5.7814483642578125 0.2
-7.02079963684082 -16.179851531982422 -5.867849349975586 0.2
-6.973719596862793 -16.367151260375977 -6.021648406982422 0.2
-6.861359596252441 -16.57805061340332 -6.050048828125 0.2
-6.833259582519531 -16.72625160217285 -5.863048553466797 0.2
-6.928229331970215 -16.756549835205078 -5.63654899597168 0.2
-7.100399971008301 -16.663850784301758 -5.496250152587891 0.2
-7.187600135803223 -16.44355010986328 -5.538949966430664 0.2
-7.134499549865723 -16.21525001525879 -5.61924934387207 0.2
-7.004899978637695 -16.037050247192383 -5.526948928833008 0.2
-6.958479881286621 -16.014150619506836 -5.28864860534668 0.2
-6.865240097045898 -16.14365005493164 -5.110748291015625 0.2
-6.746879577636719 -16.3470516204834 -5.162149429321289 0.2
-6.732460021972656 -16.53474998474121 -5.323450088500977 0.2
-6.8696794509887695 -16.721851348876953 -5.375249862670898 0.2
-7.027500152587891 -16.809751510620117 -5.212348937988281 0.2
-7.092199325561523 -16.808950424194336 -4.973848342895508 0.2
-7.01140022277832 -16.68144989013672 -4.78864860534668 0.2
-6.905209541320801 -16.46215057373047 -4.806049346923828 0.2
-6.90679931640625 -16.232250213623047 -4.8894500732421875 0.2
-7.085299491882324 -16.076351165771484 -4.861848831176758 0.2
-7.281099319458008 -16.087249755859375 -4.711248397827148 0.2
-7.466099739074707 -16.235549926757812 -4.715049743652344 0.2
-7.475299835205078 -16.427249908447266 -4.866249084472656 0.2
-7.37339973449707 -16.627050399780273 -4.966148376464844 0.2
-7.287099838256836 -16.809051513671875 -4.838649749755859 0.2
-7.330299377441406 -16.87135124206543 -4.603849411010742 0.2
-7.470600128173828 -16.82845115661621 -4.40934944152832 0.2
-7.611299514770508 -16.636449813842773 -4.3885498046875 0.2
-7.604999542236328 -16.406551361083984 -4.4819488525390625 0.2
-7.491199493408203 -16.194551467895508 -4.4725494384765625 0.2
-7.398599624633789 -16.1158504486084 -4.2644500732421875 0.2
-7.326999664306641 -16.196149826049805 -4.044948577880859 0.2
-7.186200141906738 -16.388151168823242 -4.031848907470703 0.2
-7.141599655151367 -16.578750610351562 -4.183948516845703 0.2
-7.2316999435424805 -16.778350830078125 -4.284448623657227 0.2
-7.396100044250488 -16.908750534057617 -4.167148590087891 0.2
-7.472299575805664 -16.93505096435547 -3.932748794555664 0.2
-7.42140007019043 -16.85395050048828 -3.710948944091797 0.2
-7.305899620056152 -16.644750595092773 -3.679048538208008 0.2
-7.271200180053711 -16.41534996032715 -3.767648696899414 0.2
-7.409799575805664 -16.22035026550293 -3.7809486389160156 0.2
-7.595099449157715 -16.180551528930664 -3.627849578857422 0.2
-7.786799430847168 -16.29505157470703 -3.5410499572753906 0.2
-7.8675994873046875 -16.490751266479492 -3.656148910522461 0.2
-7.797499656677246 -16.681150436401367 -3.799348831176758 0.2
-7.676300048828125 -16.882850646972656 -3.7631492614746094 0.2
-7.655599594116211 -16.98185157775879 -3.5404491424560547 0.2
-7.742799758911133 -16.97985076904297 -3.3093490600585938 0.2
-7.903999328613281 -16.83405113220215 -3.2101497650146484 0.2
-7.956500053405762 -16.606050491333008 -3.284149169921875 0.2
-7.8867998123168945 -16.377750396728516 -3.3385486602783203 0.2
-7.751899719238281 -16.239551544189453 -3.197549819946289 0.2
-7.675799369812012 -16.26835060119629 -2.9641494750976562 0.2
-7.523900032043457 -16.4322509765625 -2.882749557495117 0.2
-7.453299522399902 -16.62885093688965 -3.0120487213134766 0.2
-7.501199722290039 -16.827449798583984 -3.148649215698242 0.2
-7.6561994552612305 -16.997251510620117 -3.084148406982422 0.2
-7.738399505615234 -17.053050994873047 -2.8582496643066406 0.2
-7.707399368286133 -17.013151168823242 -2.619150161743164 0.2
-7.5843000411987305 -16.82845115661621 -2.528949737548828 0.2
-7.533999443054199 -16.59895133972168 -2.6105499267578125 0.2
-7.625 -16.380550384521484 -2.660348892211914 0.2
-7.803899765014648 -16.290550231933594 -2.526948928833008 0.2
-7.9670000076293945 -16.36264991760254 -2.3579483032226562 0.2
-8.106100082397461 -16.55135154724121 -2.4024486541748047 0.2
-8.08739948272705 -16.741849899291992 -2.5604496002197266 0.2
-7.971399307250977 -16.946250915527344 -2.615549087524414 0.2
-7.878499984741211 -17.08405113220215 -2.4406490325927734 0.2
-7.903800010681152 -17.113250732421875 -2.1953487396240234 0.2
-8.038800239562988 -17.023651123046875 -2.0167484283447266 0.2
-8.146499633789062 -16.807849884033203 -2.039348602294922 0.2
-8.13479995727539 -16.576650619506836 -2.1300487518310547 0.2
-7.9987993240356445 -16.38735008239746 -2.0740489959716797 0.2
-7.890199661254883 -16.358551025390625 -1.856149673461914 0.2
-7.7363996505737305 -16.4809513092041 -1.7191486358642578 0.2
-7.628999710083008 -16.67905044555664 -1.8084487915039062 0.2
-7.649799346923828 -16.873451232910156 -1.9624500274658203 0.2
-7.780900001525879 -17.072851181030273 -1.9617500305175781 0.2
-7.8694000244140625 -17.165950775146484 -1.7537498474121094 0.2
-7.850399971008301 -17.160850524902344 -1.5067501068115234 0.2
-7.723699569702148 -17.01395034790039 -1.3659496307373047 0.2
-7.656000137329102 -16.784151077270508 -1.4217491149902344 0.2
-7.708399772644043 -16.55605125427246 -1.4966487884521484 0.2
-7.880499839782715 -16.41655158996582 -1.4055500030517578 0.2
-8.010799407958984 -16.443050384521484 -1.1961498260498047 0.2
-8.17080020904541 -16.611351013183594 -1.14324951171875 0.2
-8.206600189208984 -16.81035041809082 -1.2831497192382812 0.2
-8.126199722290039 -17.00724983215332 -1.4075489044189453 0.2
-7.986499786376953 -17.176450729370117 -1.3116493225097656 0.2
-7.9477996826171875 -17.233551025390625 -1.0737495422363281 0.2
-8.026599884033203 -17.193450927734375 -0.8461494445800781 0.2
-8.16819953918457 -17.008251190185547 -0.7883491516113281 0.2
-8.2076997756958 -16.779050827026367 -0.878448486328125 0.2
-8.114799499511719 -16.55685043334961 -0.9018497467041016 0.2
-7.970399856567383 -16.467750549316406 -0.7292499542236328 0.2
-7.826899528503418 -16.540250778198242 -0.5441493988037109 0.2
-7.677599906921387 -16.72385025024414 -0.5808486938476562 0.2
-7.669499397277832 -16.917251586914062 -0.7380485534667969 0.2
-7.768899917602539 -17.128950119018555 -0.7996482849121094 0.2
-7.872300148010254 -17.26755142211914 -0.6310501098632812 0.2
-7.861000061035156 -17.292551040649414 -0.3836498260498047 0.2
-7.7428998947143555 -17.194351196289062 -0.19664955139160156 0.2
-7.650400161743164 -16.97045135498047 -0.21164894104003906 0.2
-7.673099517822266 -16.73965072631836 -0.30354881286621094 0.2
-7.826199531555176 -16.558950424194336 -0.26144981384277344 0.2
-7.9468994140625 -16.535449981689453 -0.049648284912109375 0.2
-8.08799934387207 -16.6695499420166 0.09115028381347656 0.2
-8.177399635314941 -16.87755012512207 0.00405120849609375 0.2
-8.139900207519531 -17.069150924682617 -0.1513500213623047 0.2
-7.994199752807617 -17.25885009765625 -0.15264892578125 0.2
-7.895500183105469 -17.34695053100586 0.05425071716308594 0.2
-7.910299301147461 -17.345050811767578 0.30175018310546875 0.2
-8.048999786376953 -17.20734977722168 0.4407501220703125 0.2
-8.136499404907227 -16.983251571655273 0.3847503662109375 0.2
-8.106100082397461 -16.749351501464844 0.3151512145996094 0.2
-7.948299407958984 -16.59724998474121 0.4131507873535156 0.2
-7.808599472045898 -16.617050170898438 0.6174507141113281 0.2
-7.628299713134766 -16.770050048828125 0.6511516571044922 0.2
-7.583399772644043 -16.96565055847168 0.5070514678955078 0.2
-7.649099349975586 -17.173250198364258 0.39095115661621094 0.2
-7.762999534606934 -17.354450225830078 0.4992504119873047 0.2
-7.768499374389648 -17.411651611328125 0.7404499053955078 0.2
-7.668399810791016 -17.360851287841797 0.9582500457763672 0.2
-7.544899940490723 -17.158950805664062 1.002450942993164 0.2
-7.547100067138672 -16.926050186157227 0.9114513397216797 0.2
-7.668999671936035 -16.716550827026367 0.8980503082275391 0.2
-7.802499771118164 -16.6429500579834 1.0859508514404297 0.2
-7.900699615478516 -16.730649948120117 1.2941513061523438 0.2
-8.026299476623535 -16.934650421142578 1.2843513488769531 0.2
-8.034099578857422 -17.128650665283203 1.1272506713867188 0.2
-7.920299530029297 -17.325851440429688 1.0437507629394531 0.2
-7.77079963684082 -17.44985008239746 1.188650131225586 0.2
-7.730099678039551 -17.476051330566406 1.4332504272460938 0.2
-7.826199531555176 -17.3924503326416 1.6389503479003906 0.2
-7.9496002197265625 -17.182350158691406 1.6422500610351562 0.2
-7.9770002365112305 -16.949649810791016 1.555450439453125 0.2
-7.845799446105957 -16.749351501464844 1.5805511474609375 0.2
-7.692099571228027 -16.712650299072266 1.7694511413574219 0.2
-7.502099990844727 -16.825151443481445 1.8646507263183594 0.2
-7.408199310302734 -17.018951416015625 1.7504501342773438 0.2
-7.4496002197265625 -17.219249725341797 1.6066513061523438 0.2
-7.560799598693848 -17.42905044555664 1.6405506134033203 0.2
-7.585000038146973 -17.524850845336914 1.8655509948730469 0.2
-7.500100135803223 -17.514150619506836 2.099050521850586 0.2
-7.35159969329834 -17.35205078125 2.197050094604492 0.2
-7.325399398803711 -17.116451263427734 2.1260509490966797 0.2
-7.414899826049805 -16.892250061035156 2.0739517211914062 0.2
-7.562399864196777 -16.766550064086914 2.216350555419922 0.2
-7.621699333190918 -16.80375099182129 2.4554500579833984 0.2
-7.746099472045898 -16.987051010131836 2.545551300048828 0.2
-7.8007001876831055 -17.191450119018555 2.4171504974365234 0.2
-7.74269962310791 -17.386150360107422 2.275850296020508 0.2
-7.568699836730957 -17.542251586914062 2.3323516845703125 0.2
-7.466899871826172 -17.592451095581055 2.5538501739501953 0.2
-7.492499351501465 -17.552949905395508 2.7941513061523438 0.2
-7.626399993896484 -17.371850967407227 2.8811511993408203 0.2
-7.697199821472168 -17.143251419067383 2.8062515258789062 0.2
-7.623299598693848 -16.915050506591797 2.7680511474609375 0.2
-7.446999549865723 -16.82145118713379 2.9076499938964844 0.2
-7.256899833679199 -16.88905143737793 3.0481510162353516 0.2
-7.116399765014648 -17.06745147705078 2.9677505493164062 0.2
-7.139299392700195 -17.264249801635742 2.8138504028320312 0.2
-7.237500190734863 -17.484451293945312 2.784351348876953 0.2
-7.279199600219727 -17.624351501464844 2.978351593017578 0.2
-7.1930999755859375 -17.64405059814453 3.2121505737304688 0.2
-7.028499603271484 -17.53165054321289 3.350749969482422 0.2
-6.967100143432617 -17.29905128479004 3.3073501586914062 0.2
-7.035499572753906 -17.06945037841797 3.2333507537841797 0.2
-7.177999496459961 -16.900150299072266 3.330350875854492 0.2
-7.218099594116211 -16.886051177978516 3.5730514526367188 0.2
-7.2957000732421875 -17.032649993896484 3.7480506896972656 0.2
-7.390899658203125 -17.248750686645508 3.686349868774414 0.2
-7.391900062561035 -17.441450119018555 3.526050567626953 0.2
-7.239199638366699 -17.62125015258789 3.4804515838623047 0.2
-7.076799392700195 -17.697750091552734 3.6501502990722656 0.2
-7.019899368286133 -17.69135093688965 3.8924503326416016 0.2
-7.122200012207031 -17.553251266479492 4.061250686645508 0.2
-7.229499816894531 -17.330650329589844 4.031551361083984 0.2
-7.2266998291015625 -17.093250274658203 3.9638500213623047 0.2
-7.051199913024902 -16.93885040283203 4.023651123046875 0.2
-6.85552978515625 -16.957950592041016 4.176851272583008 0.2
-6.67057991027832 -17.106950759887695 4.140951156616211 0.2
-6.670559883117676 -17.303251266479492 3.9874515533447266 0.2
-6.757329940795898 -17.518850326538086 3.90155029296875 0.2
-6.815639495849609 -17.70145034790039 4.047950744628906 0.2
-6.730559349060059 -17.751649856567383 4.276950836181641 0.2
-6.559239387512207 -17.686050415039062 4.440450668334961 0.2
-6.448869705200195 -17.47045135498047 4.433050155639648 0.2
-6.5046796798706055 -17.23685073852539 4.3576507568359375 0.2
-6.635660171508789 -17.03605079650879 4.402950286865234 0.2
-6.683469772338867 -16.97385025024414 4.63385009765625 0.2
-6.68671989440918 -17.070850372314453 4.861150741577148 0.2
-6.79103946685791 -17.286849975585938 4.887750625610352 0.2
-6.842860221862793 -17.484149932861328 4.740650177001953 0.2
-6.752900123596191 -17.676050186157227 4.620550155639648 0.2
-6.551189422607422 -17.784351348876953 4.703550338745117 0.2
-6.425939559936523 -17.801651000976562 4.920051574707031 0.2
-6.454790115356445 -17.715551376342773 5.145450592041016 0.2
-6.57819938659668 -17.50695037841797 5.187049865722656 0.2
-6.640999794006348 -17.272750854492188 5.121850967407227 0.2
-6.513289451599121 -17.06745147705078 5.1123504638671875 0.2
-6.30696964263916 -17.02845001220703 5.245151519775391 0.2
-6.090569496154785 -17.134950637817383 5.258550643920898 0.2
-6.042359352111816 -17.32645034790039 5.112150192260742 0.2
-6.120120048522949 -17.53205108642578 4.989749908447266 0.2
-6.197179794311523 -17.7486515045166 5.062551498413086 0.2
-6.125100135803223 -17.839950561523438 5.280750274658203 0.2
-5.954039573669434 -17.81705093383789 5.461750030517578 0.2
-5.793939590454102 -17.637849807739258 5.491250991821289 0.2
-5.820549964904785 -17.398151397705078 5.426549911499023 0.2
-5.936439514160156 -17.1783504486084 5.428050994873047 0.2
-6.014860153198242 -17.064350128173828 5.626750946044922 0.2
-5.962019920349121 -17.10634994506836 5.868249893188477 0.2
-6.026149749755859 -17.302249908447266 5.992250442504883 0.2
-6.111669540405273 -17.511951446533203 5.887451171875 0.2
-6.104909896850586 -17.705751419067383 5.731250762939453 0.2
-5.911109924316406 -17.848251342773438 5.707950592041016 0.2
-5.727449417114258 -17.886850357055664 5.873451232910156 0.2
-5.663990020751953 -17.846450805664062 6.107950210571289 0.2
-5.765870094299316 -17.67085075378418 6.241950988769531 0.2
-5.868009567260742 -17.442649841308594 6.207950592041016 0.2
-5.826600074768066 -17.206951141357422 6.15675163269043 0.2
-5.617849349975586 -17.101551055908203 6.2308502197265625 0.2
-5.3861894607543945 -17.157550811767578 6.29734992980957 0.2
-5.274359703063965 -17.328750610351562 6.167150497436523 0.2
-5.338839530944824 -17.52695083618164 6.0245513916015625 0.2
-5.428460121154785 -17.754751205444336 6.017250061035156 0.2
-5.392910003662109 -17.9007511138916 6.208751678466797 0.2
-5.224789619445801 -17.914051055908203 6.395650863647461 0.2
-5.026020050048828 -17.79104995727539 6.466850280761719 0.2
-4.999039649963379 -17.551651000976562 6.41615104675293 0.2
-5.099679946899414 -17.32215118408203 6.385751724243164 0.2
-5.201700210571289 -17.158151626586914 6.533851623535156 0.2
-5.142729759216309 -17.14365005493164 6.774051666259766 0.2
-5.132129669189453 -17.295551300048828 6.962850570678711 0.2
-5.228819847106934 -17.519750595092773 6.93535041809082 0.2
-5.284520149230957 -17.713951110839844 6.783651351928711 0.2
-5.157599449157715 -17.886449813842773 6.671451568603516 0.2
-4.936619758605957 -17.952150344848633 6.762151718139648 0.2
-4.792999744415283 -17.941850662231445 6.967750549316406 0.2
-4.831459999084473 -17.812049865722656 7.169252395629883 0.2
-4.947759628295898 -17.591350555419922 7.191152572631836 0.2
-4.983399868011475 -17.35015106201172 7.139852523803711 0.2
-4.809229850769043 -17.180850982666016 7.138151168823242 0.2
-4.571189880371094 -17.18575096130371 7.218050003051758 0.2
-4.399439811706543 -17.324350357055664 7.120149612426758 0.2
-4.441729545593262 -17.52225112915039 6.972051620483398 0.2
-4.541329860687256 -17.742450714111328 6.908349990844727 0.2
-4.543859958648682 -17.93305015563965 7.05775260925293 0.2
-4.383399963378906 -17.979150772094727 7.244649887084961 0.2
-4.167089939117432 -17.907251358032227 7.340150833129883 0.2
-4.071849822998047 -17.68655014038086 7.298051834106445 0.2
-4.157859802246094 -17.452150344848633 7.256052017211914 0.2
-4.265859603881836 -17.251150131225586 7.347951889038086 0.2
-4.21960973739624 -17.183250427246094 7.578950881958008 0.2
-4.1220197677612305 -17.272750854492188 7.789850234985352 0.2
-4.198249816894531 -17.492549896240234 7.857851028442383 0.2
-4.299569606781006 -17.693750381469727 7.742551803588867 0.2
-4.270009994506836 -17.886449813842773 7.593050003051758 0.2
-4.050179958343506 -17.99125099182129 7.583650588989258 0.2
-3.852139949798584 -18.001649856567383 7.739751815795898 0.2
-3.792379856109619 -17.919450759887695 7.962751388549805 0.2
-3.887589931488037 -17.711450576782227 8.055452346801758 0.2
-3.971479892730713 -17.474950790405273 8.02385139465332 0.2
-3.872659683227539 -17.259151458740234 7.966249465942383 0.2
-3.6364898681640625 -17.199750900268555 8.017049789428711 0.2
-3.417219638824463 -17.296649932861328 7.977251052856445 0.2
-3.405719757080078 -17.492450714111328 7.827951431274414 0.2
-3.5165796279907227 -17.698850631713867 7.730852127075195 0.2
-3.57850980758667 -17.92085075378418 7.807249069213867 0.2
-3.4512696266174316 -18.01715087890625 7.99635124206543 0.2
-3.233189582824707 -17.99515151977539 8.120752334594727 0.2
-3.0614399909973145 -17.82305145263672 8.101850509643555 0.2
-3.0956196784973145 -17.58085060119629 8.048051834106445 0.2
-3.1968798637390137 -17.352750778198242 8.073850631713867 0.2
-3.2083797454833984 -17.218250274658203 8.276449203491211 0.2
-3.0747900009155273 -17.24125099182129 8.489351272583008 0.2
-3.0875697135925293 -17.42595100402832 8.644250869750977 0.2
-3.203589916229248 -17.64025115966797 8.588350296020508 0.2
-3.2695398330688477 -17.8393497467041 8.449949264526367 0.2
-3.118619918823242 -17.99795150756836 8.346250534057617 0.2
-2.886699676513672 -18.040950775146484 8.428850173950195 0.2
-2.7323098182678223 -18.0080509185791 8.620950698852539 0.2
-2.7613096237182617 -17.841550827026367 8.79734992980957 0.2
-2.8607797622680664 -17.609651565551758 8.809350967407227 0.2
-2.8694796562194824 -17.368450164794922 8.751352310180664 0.2
-2.6695199012756348 -17.231050491333008 8.72545051574707 0.2
-2.421069622039795 -17.264949798583984 8.743349075317383 0.2
-2.3177499771118164 -17.434249877929688 8.604249954223633 0.2
-2.413519859313965 -17.636051177978516 8.485250473022461 0.2
-2.521449565887451 -17.85955047607422 8.470449447631836 0.2
-2.4730396270751953 -18.030349731445312 8.636152267456055 0.2
-2.2686595916748047 -18.058151245117188 8.781549453735352 0.2
-2.0432095527648926 -17.9637508392334 8.815450668334961 0.2
-1.988919734954834 -17.731950759887695 8.75575065612793 0.2
-2.075279712677002 -17.49445152282715 8.733949661254883 0.2
-2.1433796882629395 -17.29734992980957 8.863649368286133 0.2
-2.0452098846435547 -17.247751235961914 9.08384895324707 0.2
-1.961899757385254 -17.368051528930664 9.27964973449707 0.2
-2.053069591522217 -17.591350555419922 9.321550369262695 0.2
-2.162799835205078 -17.791851043701172 9.212350845336914 0.2
-2.1319098472595215 -17.984651565551758 9.064950942993164 0.2
-1.9051098823547363 -18.076351165771484 9.044252395629883 0.2
-1.6875896453857422 -18.07954978942871 9.172449111938477 0.2
-1.6146798133850098 -17.977651596069336 9.382051467895508 0.2
-1.7004799842834473 -17.762451171875 9.471052169799805 0.2
-1.7815899848937988 -17.524450302124023 9.451749801635742 0.2
-1.6804800033569336 -17.31745147705078 9.374151229858398 0.2
-1.431459903717041 -17.27935028076172 9.36924934387207 0.2
-1.2505598068237305 -17.396350860595703 9.258852005004883 0.2
-1.3004999160766602 -17.59735107421875 9.121450424194336 0.2
-1.4231195449829102 -17.81035041809082 9.063249588012695 0.2
-1.4306597709655762 -18.025449752807617 9.175352096557617 0.2
-1.245419979095459 -18.09885025024414 9.323751449584961 0.2
-1.0069198608398438 -18.053550720214844 9.380651473999023 0.2
-0.8813698291778564 -17.852951049804688 9.321649551391602 0.2
-0.954859733581543 -17.61425018310547 9.286550521850586 0.2
-1.048959732055664 -17.39535140991211 9.358049392700195 0.2
-0.9951896667480469 -17.293149948120117 9.572149276733398 0.2
-0.8500998020172119 -17.358551025390625 9.766351699829102 0.2
-0.8860197067260742 -17.572050094604492 9.875249862670898 0.2
-1.0001497268676758 -17.785051345825195 9.802652359008789 0.2
-1.0281295776367188 -17.985450744628906 9.659849166870117 0.2
-0.8356196880340576 -18.10235023498535 9.567651748657227 0.2
-0.5948798656463623 -18.115951538085938 9.64164924621582 0.2
-0.4536397457122803 -18.042951583862305 9.828950881958008 0.2
-0.5155198574066162 -17.84695053100586 9.963350296020508 0.2
-0.6284198760986328 -17.620851516723633 9.973852157592773 0.2
-0.5946497917175293 -17.392351150512695 9.893949508666992 0.2
-0.36819982528686523 -17.3072509765625 9.844449996948242 0.2
-0.1697697639465332 -17.38895034790039 9.729650497436523 0.2
-0.18942975997924805 -17.586450576782227 9.583650588989258 0.2
-0.30424976348876953 -17.80565071105957 9.52964973449707 0.2
-0.3137397766113281 -18.030250549316406 9.62135124206543 0.2
-0.12329983711242676 -18.11625099182129 9.754449844360352 0.2
0.12154030799865723 -18.07845115661621 9.79734992980957 0.2
0.2564101219177246 -17.889249801635742 9.725652694702148 0.2
0.17789030075073242 -17.653949737548828 9.688650131225586 0.2
0.06558012962341309 -17.43844985961914 9.748750686645508 0.2
0.10101032257080078 -17.313650131225586 9.95414924621582 0.2
0.28190016746520996 -17.344350814819336 10.12605094909668 0.2
0.3118002414703369 -17.54465103149414 10.258451461791992 0.2
0.2087702751159668 -17.770050048828125 10.21674919128418 0.2
0.1567401885986328 -17.97665023803711 10.086751937866211 0.2
0.3253202438354492 -18.09895133972168 9.960752487182617 0.2
0.5748403072357178 -18.111650466918945 9.990449905395508 0.2
0.749840259552002 -18.045150756835938 10.150152206420898 0.2
0.7116103172302246 -17.860950469970703 10.306352615356445 0.2
0.5823502540588379 -17.644350051879883 10.33125114440918 0.2
0.5659003257751465 -17.410751342773438 10.258550643920898 0.2
0.7725002765655518 -17.293750762939453 10.189149856567383 0.2
