25.047500610351562 -12.142250061035156 -0.9616489410400391 0.2
24.908300399780273 -12.295452117919922 -1.0809497833251953 0.2
24.787200927734375 -12.46514892578125 -0.9599494934082031 0.2
24.78190040588379 -12.601348876953125 -0.752349853515625 0.2
24.890399932861328 -12.788150787353516 -0.6515483856201172 0.2
25.014999389648438 -12.948051452636719 -0.7858486175537109 0.2
25.052900314331055 -13.021949768066406 -1.0179500579833984 0.2
24.976900100708008 -12.93585205078125 -1.2274494171142578 0.2
24.895000457763672 -12.709152221679688 -1.2714500427246094 0.2
24.902999877929688 -12.46364974975586 -1.2621498107910156 0.2
25.080801010131836 -12.317649841308594 -1.3270492553710938 0.2
25.276500701904297 -12.373851776123047 -1.4662494659423828 0.2
25.453800201416016 -12.527450561523438 -1.4279499053955078 0.2
25.46310043334961 -12.676250457763672 -1.2350482940673828 0.2
25.36709976196289 -12.826351165771484 -1.0646495819091797 0.2
25.24920082092285 -13.031150817871094 -1.0908489227294922 0.2
25.238300323486328 -13.17135238647461 -1.2925491333007812 0.2
25.327199935913086 -13.203948974609375 -1.5180492401123047 0.2
25.465299606323242 -13.048751831054688 -1.635549545288086 0.2
25.519001007080078 -12.807151794433594 -1.6227493286132812 0.2
25.45319938659668 -12.576148986816406 -1.6516494750976562 0.2
25.29129981994629 -12.508049011230469 -1.8150501251220703 0.2
25.126800537109375 -12.612049102783203 -1.9637489318847656 0.2
24.969499588012695 -12.768749237060547 -1.8758487701416016 0.2
24.962200164794922 -12.90665054321289 -1.6701488494873047 0.2
25.042499542236328 -13.085250854492188 -1.526449203491211 0.2
25.139101028442383 -13.286552429199219 -1.6141490936279297 0.2
25.13759994506836 -13.397552490234375 -1.8350486755371094 0.2
25.042301177978516 -13.371650695800781 -2.0563488006591797 0.2
24.952699661254883 -13.16094970703125 -2.1330490112304688 0.2
24.952499389648438 -12.912551879882812 -2.1199493408203125 0.2
25.091699600219727 -12.72705078125 -2.185049057006836 0.2
25.25189971923828 -12.743751525878906 -2.3656482696533203 0.2
25.410600662231445 -12.902450561523438 -2.450948715209961 0.2
25.500900268554688 -13.073749542236328 -2.307048797607422 0.2
25.462600708007812 -13.20534896850586 -2.099649429321289 0.2
25.332599639892578 -13.382850646972656 -2.004549026489258 0.2
25.221399307250977 -13.546852111816406 -2.146148681640625 0.2
25.20949935913086 -13.630550384521484 -2.3783493041992188 0.2
25.31529998779297 -13.556949615478516 -2.579549789428711 0.2
25.421199798583984 -13.339149475097656 -2.620849609375 0.2
25.438499450683594 -13.093551635742188 -2.621349334716797 0.2
25.283100128173828 -12.931449890136719 -2.7042484283447266 0.2
25.088199615478516 -12.972049713134766 -2.8509483337402344 0.2
24.89240074157715 -13.10055160522461 -2.8079490661621094 0.2
24.86400032043457 -13.241649627685547 -2.6097488403320312 0.2
24.935501098632812 -13.399551391601562 -2.4331493377685547 0.2
25.018600463867188 -13.622749328613281 -2.4508495330810547 0.2
24.99410057067871 -13.772449493408203 -2.644350051879883 0.2
24.877500534057617 -13.801849365234375 -2.8580493927001953 0.2
24.756099700927734 -13.631549835205078 -2.97454833984375 0.2
24.75469970703125 -13.383049011230469 -2.9715499877929688 0.2
24.854700088500977 -13.165351867675781 -3.0154495239257812 0.2
25.000699996948242 -13.12655258178711 -3.2008495330810547 0.2
25.091100692749023 -13.26784896850586 -3.381948471069336 0.2
25.219999313354492 -13.46445083618164 -3.3386497497558594 0.2
25.25010108947754 -13.602851867675781 -3.135549545288086 0.2
25.177101135253906 -13.747749328613281 -2.952749252319336 0.2
25.00819969177246 -13.915950775146484 -2.975248336791992 0.2
24.899700164794922 -14.025550842285156 -3.169048309326172 0.2
24.908000946044922 -14.028850555419922 -3.411548614501953 0.2
25.02429962158203 -13.857952117919922 -3.5372486114501953 0.2
25.111101150512695 -13.62554931640625 -3.5546493530273438 0.2
25.028900146484375 -13.401050567626953 -3.583648681640625 0.2
24.81100082397461 -13.354652404785156 -3.6800498962402344 0.2
24.58690071105957 -13.43905258178711 -3.661649703979492 0.2
24.521699905395508 -13.570152282714844 -3.46875 0.2
24.601999282836914 -13.718551635742188 -3.2850494384765625 0.2
24.6835994720459 -13.938650131225586 -3.2336483001708984 0.2
24.639699935913086 -14.127151489257812 -3.3816490173339844 0.2
24.49209976196289 -14.197250366210938 -3.5674495697021484 0.2
24.32590103149414 -14.078950881958008 -3.6935501098632812 0.2
24.30929946899414 -13.83475112915039 -3.7147483825683594 0.2
24.391700744628906 -13.603450775146484 -3.7460498809814453 0.2
24.520700454711914 -13.506649017333984 -3.923349380493164 0.2
24.54330062866211 -13.609451293945312 -4.147249221801758 0.2
24.629600524902344 -13.81985092163086 -4.220649719238281 0.2
24.718599319458008 -13.987951278686523 -4.067348480224609 0.2
24.72960090637207 -14.113950729370117 -3.8540496826171875 0.2
24.57859992980957 -14.265350341796875 -3.747650146484375 0.2
24.390899658203125 -14.381750106811523 -3.8563499450683594 0.2
24.28580093383789 -14.430351257324219 -4.072948455810547 0.2
24.342199325561523 -14.324750900268555 -4.280149459838867 0.2
24.46000099182129 -14.117050170898438 -4.349048614501953 0.2
24.477800369262695 -13.875049591064453 -4.369449615478516 0.2
24.28529930114746 -13.734050750732422 -4.393348693847656 0.2
24.0408992767334 -13.765949249267578 -4.385149002075195 0.2
23.935800552368164 -13.870250701904297 -4.1965484619140625 0.2
24.017900466918945 -14.019250869750977 -4.015449523925781 0.2
24.11440086364746 -14.224250793457031 -3.9235496520996094 0.2
24.072900772094727 -14.443750381469727 -4.012948989868164 0.2
23.89550018310547 -14.540050506591797 -4.156749725341797 0.2
23.686800003051758 -14.474851608276367 -4.262748718261719 0.2
23.63210105895996 -14.241750717163086 -4.295648574829102 0.2
23.71269989013672 -14.006950378417969 -4.32135009765625 0.2
23.820100784301758 -13.86075210571289 -4.48124885559082 0.2
23.806699752807617 -13.907249450683594 -4.717948913574219 0.2
23.794599533081055 -14.099050521850586 -4.864248275756836 0.2
23.8971004486084 -14.309350967407227 -4.8038482666015625 0.2
23.9773006439209 -14.445850372314453 -4.611549377441406 0.2
23.916500091552734 -14.581050872802734 -4.421449661254883 0.2
23.698999404907227 -14.689849853515625 -4.406848907470703 0.2
23.50029945373535 -14.748250961303711 -4.542949676513672 0.2
23.441801071166992 -14.698450088500977 -4.769449234008789 0.2
23.54450035095215 -14.526050567626953 -4.911548614501953 0.2
23.63719940185547 -14.30405044555664 -4.969249725341797 0.2
23.542800903320312 -14.085149765014648 -4.946748733520508 0.2
23.3031005859375 -14.038450241088867 -4.904748916625977 0.2
23.161100387573242 -14.098251342773438 -4.722049713134766 0.2
23.231700897216797 -14.244150161743164 -4.538249969482422 0.2
23.35219955444336 -14.435251235961914 -4.434749603271484 0.2
23.3302001953125 -14.672651290893555 -4.460248947143555 0.2
23.133100509643555 -14.791950225830078 -4.546148300170898 0.2
22.895099639892578 -14.764751434326172 -4.601049423217773 0.2
22.782499313354492 -14.554450988769531 -4.622949600219727 0.2
22.861600875854492 -14.322050094604492 -4.662748336791992 0.2
22.96269989013672 -14.141851425170898 -4.79374885559082 0.2
22.936901092529297 -14.125751495361328 -5.03074836730957 0.2
22.80929946899414 -14.262651443481445 -5.192850112915039 0.2
22.84469985961914 -14.497051239013672 -5.228549957275391 0.2
22.961400985717773 -14.669450759887695 -5.094549179077148 0.2
23.010499954223633 -14.805551528930664 -4.89634895324707 0.2
22.848100662231445 -14.901651382446289 -4.748249053955078 0.2
22.60460090637207 -14.94525146484375 -4.766048431396484 0.2
22.42099952697754 -14.926950454711914 -4.924049377441406 0.2
22.445100784301758 -14.798151016235352 -5.126749038696289 0.2
22.563600540161133 -14.616250991821289 -5.248849868774414 0.2
22.587200164794922 -14.376251220703125 -5.260648727416992 0.2
22.415199279785156 -14.230850219726562 -5.173349380493164 0.2
22.25320053100586 -14.229450225830078 -4.994348526000977 0.2
22.295299530029297 -14.346250534057617 -4.786649703979492 0.2
22.425899505615234 -14.534950256347656 -4.688650131225586 0.2
22.452699661254883 -14.77385139465332 -4.664949417114258 0.2
22.26580047607422 -14.926950454711914 -4.693248748779297 0.2
22.018199920654297 -14.928251266479492 -4.693449020385742 0.2
21.853599548339844 -14.754251480102539 -4.676448822021484 0.2
21.90049934387207 -14.518251419067383 -4.720949172973633 0.2
22.009000778198242 -14.326351165771484 -4.835548400878906 0.2
22.006900787353516 -14.247150421142578 -5.061550140380859 0.2
21.827499389648438 -14.314849853515625 -5.2160491943359375 0.2
21.731800079345703 -14.522050857543945 -5.290349960327148 0.2
21.82509994506836 -14.739049911499023 -5.231649398803711 0.2
21.948699951171875 -14.892850875854492 -5.08074951171875 0.2
21.90999984741211 -14.997650146484375 -4.869049072265625 0.2
21.69110107421875 -15.02655029296875 -4.761449813842773 0.2
21.448299407958984 -15.006549835205078 -4.79534912109375 0.2
21.342599868774414 -14.907649993896484 -4.984949111938477 0.2
21.4242000579834 -14.760049819946289 -5.166448593139648 0.2
21.514801025390625 -14.55405044555664 -5.261449813842773 0.2
21.464399337768555 -14.337249755859375 -5.175249099731445 0.2
21.32110023498535 -14.262550354003906 -4.988048553466797 0.2
21.3523006439209 -14.32765007019043 -4.759550094604492 0.2
21.478200912475586 -14.516651153564453 -4.661449432373047 0.2
21.543100357055664 -14.75105094909668 -4.626249313354492 0.2
21.395000457763672 -14.938350677490234 -4.603248596191406 0.2
21.156299591064453 -14.95465087890625 -4.540849685668945 0.2
20.970600128173828 -14.81825065612793 -4.461948394775391 0.2
20.97879981994629 -14.579050064086914 -4.477949142456055 0.2
21.08970069885254 -14.389450073242188 -4.595949172973633 0.2
21.106201171875 -14.262849807739258 -4.80164909362793 0.2
20.921600341796875 -14.258649826049805 -4.954448699951172 0.2
20.718700408935547 -14.386951446533203 -4.991748809814453 0.2
20.714500427246094 -14.627450942993164 -4.994649887084961 0.2
20.851499557495117 -14.817750930786133 -4.912649154663086 0.2
20.93560028076172 -14.955350875854492 -4.732049942016602 0.2
20.81450080871582 -14.98375129699707 -4.524250030517578 0.2
20.590200424194336 -14.943550109863281 -4.427448272705078 0.2
20.38680076599121 -14.846050262451172 -4.508049011230469 0.2
20.372800827026367 -14.713251113891602 -4.711948394775391 0.2
20.45599937438965 -14.55255126953125 -4.881050109863281 0.2
20.519001007080078 -14.322351455688477 -4.872650146484375 0.2
20.45319938659668 -14.177350997924805 -4.685150146484375 0.2
20.475900650024414 -14.183151245117188 -4.446849822998047 0.2
20.601900100708008 -14.35675048828125 -4.3327484130859375 0.2
20.686201095581055 -14.589851379394531 -4.314849853515625 0.2
20.591400146484375 -14.804851531982422 -4.269350051879883 0.2
20.37820053100586 -14.843950271606445 -4.155448913574219 0.2
20.205900192260742 -14.737051010131836 -4.016550064086914 0.2
20.183300018310547 -14.504150390625 -3.9689483642578125 0.2
20.281200408935547 -14.311851501464844 -4.088949203491211 0.2
20.323101043701172 -14.165550231933594 -4.280849456787109 0.2
20.1560001373291 -14.098451614379883 -4.436149597167969 0.2
19.912099838256836 -14.131450653076172 -4.419649124145508 0.2
19.78730010986328 -14.335350036621094 -4.4156494140625 0.2
19.871400833129883 -14.564350128173828 -4.390249252319336 0.2
20.005599975585938 -14.744150161743164 -4.290149688720703 0.2
20.02120018005371 -14.8072509765625 -4.060850143432617 0.2
19.87689971923828 -14.754350662231445 -3.867849349975586 0.2
19.67099952697754 -14.64215087890625 -3.801849365234375 0.2
19.550100326538086 -14.502950668334961 -3.953948974609375 0.2
19.57349967956543 -14.37405014038086 -4.164548873901367 0.2
19.66629981994629 -14.177051544189453 -4.267448425292969 0.2
19.721799850463867 -13.984451293945312 -4.135950088500977 0.2
19.770000457763672 -13.93075180053711 -3.904949188232422 0.2
19.912099838256836 -14.067850112915039 -3.768148422241211 0.2
19.98859977722168 -14.30405044555664 -3.764049530029297 0.2
19.940799713134766 -14.53754997253418 -3.7253494262695312 0.2
19.769899368286133 -14.608051300048828 -3.5698490142822266 0.2
19.64150047302246 -14.517850875854492 -3.3794498443603516 0.2
19.62809944152832 -14.307350158691406 -3.264249801635742 0.2
19.71030044555664 -14.10205078125 -3.361848831176758 0.2
19.75860023498535 -13.9593505859375 -3.558349609375 0.2
19.625 -13.844749450683594 -3.719249725341797 0.2
19.392099380493164 -13.793750762939453 -3.667949676513672 0.2
19.19729995727539 -13.902751922607422 -3.5797500610351562 0.2
19.180500030517578 -14.142749786376953 -3.5667495727539062 0.2
19.295400619506836 -14.360950469970703 -3.54534912109375 0.2
19.410400390625 -14.483650207519531 -3.376850128173828 0.2
19.391700744628906 -14.442150115966797 -3.1370487213134766 0.2
19.26919937133789 -14.319049835205078 -2.963348388671875 0.2
19.101600646972656 -14.15315055847168 -2.991548538208008 0.2
19.042499542236328 -14.025951385498047 -3.193449020385742 0.2
19.089000701904297 -13.87295150756836 -3.376850128173828 0.2
19.220800399780273 -13.676849365234375 -3.3540496826171875 0.2
19.32430076599121 -13.574249267578125 -3.1557483673095703 0.2
19.494699478149414 -13.666351318359375 -3.0166492462158203 0.2
19.571001052856445 -13.898750305175781 -3.0079498291015625 0.2
19.53849983215332 -14.140451431274414 -2.9896488189697266 0.2
19.409900665283203 -14.253850936889648 -2.8243484497070312 0.2
19.33209991455078 -14.182550430297852 -2.6023483276367188 0.2
19.347400665283203 -14.004751205444336 -2.437349319458008 0.2
19.438199996948242 -13.791351318359375 -2.489349365234375 0.2
19.482799530029297 -13.651649475097656 -2.6888484954833984 0.2
19.38330078125 -13.515350341796875 -2.860248565673828 0.2
19.175199508666992 -13.40584945678711 -2.820749282836914 0.2
18.996299743652344 -13.414749145507812 -2.6573486328125 0.2
18.88450050354004 -13.61574935913086 -2.5938491821289062 0.2
18.937801361083984 -13.856151580810547 -2.609048843383789 0.2
19.07080078125 -14.041851043701172 -2.534149169921875 0.2
19.159299850463867 -14.051151275634766 -2.310548782348633 0.2
19.13789939880371 -13.939550399780273 -2.0920486450195312 0.2
19.013500213623047 -13.757049560546875 -2.0015487670898438 0.2
18.892900466918945 -13.600650787353516 -2.140249252319336 0.2
18.871000289916992 -13.470149993896484 -2.347148895263672 0.2
19.002700805664062 -13.294849395751953 -2.4376487731933594 0.2
19.164899826049805 -13.168449401855469 -2.3049488067626953 0.2
19.3572998046875 -13.21514892578125 -2.1729488372802734 0.2
19.45090103149414 -13.43655014038086 -2.1610488891601562 0.2
19.414100646972656 -13.680450439453125 -2.164949417114258 0.2
19.311399459838867 -13.834251403808594 -2.015949249267578 0.2
19.271400451660156 -13.795848846435547 -1.7787494659423828 0.2
19.321500778198242 -13.652351379394531 -1.5870494842529297 0.2
19.437400817871094 -13.445350646972656 -1.583749771118164 0.2
19.482099533081055 -13.297649383544922 -1.7739486694335938 0.2
19.410200119018555 -13.158851623535156 -1.9595489501953125 0.2
19.22760009765625 -13.009349822998047 -1.9456501007080078 0.2
19.094600677490234 -12.941749572753906 -1.7508487701416016 0.2
18.94860076904297 -13.070751190185547 -1.6151485443115234 0.2
18.92259979248047 -13.312450408935547 -1.6198501586914062 0.2
19.013200759887695 -13.538150787353516 -1.6159496307373047 0.2
19.164600372314453 -13.623550415039062 -1.4549484252929688 0.2
19.234100341796875 -13.541950225830078 -1.2342491149902344 0.2
19.2002010345459 -13.3697509765625 -1.0674495697021484 0.2
19.06800079345703 -13.17755126953125 -1.1104488372802734 0.2
18.982200622558594 -13.045150756835938 -1.2997493743896484 0.2
19.05630111694336 -12.890151977539062 -1.4655494689941406 0.2
19.252500534057617 -12.75775146484375 -1.431650161743164 0.2
19.46269989013672 -12.762752532958984 -1.3153495788574219 0.2
19.5935001373291 -12.961250305175781 -1.298849105834961 0.2
19.55109977722168 -13.203750610351562 -1.312448501586914 0.2
19.453899383544922 -13.390850067138672 -1.2008495330810547 0.2
19.43400001525879 -13.396949768066406 -0.9611492156982422 0.2
19.51460075378418 -13.286251068115234 -0.7573490142822266 0.2
19.659099578857422 -13.103752136230469 -0.7056484222412109 0.2
19.724300384521484 -12.94124984741211 -0.8702487945556641 0.2
19.66699981689453 -12.806949615478516 -1.0668487548828125 0.2
19.507600784301758 -12.634349822998047 -1.0952491760253906 0.2
19.41320037841797 -12.513450622558594 -0.9059486389160156 0.2
19.299301147460938 -12.558052062988281 -0.7019500732421875 0.2
19.20829963684082 -12.774349212646484 -0.6549491882324219 0.2
19.230100631713867 -13.016952514648438 -0.686248779296875 0.2
19.385000228881836 -13.175750732421875 -0.604949951171875 0.2
19.534000396728516 -13.145050048828125 -0.41504859924316406 0.2
19.598899841308594 -13.002449035644531 -0.22774887084960938 0.2
19.517200469970703 -12.787651062011719 -0.17384910583496094 0.2
19.389801025390625 -12.632049560546875 -0.31334877014160156 0.2
19.3789005279541 -12.490550994873047 -0.5073490142822266 0.2
19.565099716186523 -12.364151000976562 -0.5801486968994141 0.2
19.797399520874023 -12.337852478027344 -0.5078487396240234 0.2
19.961200714111328 -12.508651733398438 -0.5049495697021484 0.2
19.925701141357422 -12.749149322509766 -0.5199489593505859 0.2
19.823999404907227 -12.951751708984375 -0.4369487762451172 0.2
19.814800262451172 -13.009449005126953 -0.2068500518798828 0.2
19.934900283813477 -12.932750701904297 -0.007549285888671875 0.2
20.110599517822266 -12.787551879882812 0.07125091552734375 0.2
20.206199645996094 -12.620651245117188 -0.06694984436035156 0.2
20.15089988708496 -12.486652374267578 -0.2659492492675781 0.2
20.011600494384766 -12.30324935913086 -0.3273487091064453 0.2
19.942100524902344 -12.143051147460938 -0.1647491455078125 0.2
19.903900146484375 -12.120849609375 0.07145118713378906 0.2
19.793001174926758 -12.287750244140625 0.1990509033203125 0.2
19.74850082397461 -12.528251647949219 0.17455101013183594 0.2
19.851699829101562 -12.742149353027344 0.18214988708496094 0.2
20.050500869750977 -12.780349731445312 0.3123512268066406 0.2
20.199501037597656 -12.680850982666016 0.4795513153076172 0.2
20.20949935913086 -12.473651885986328 0.5943508148193359 0.2
20.07859992980957 -12.28165054321289 0.5308513641357422 0.2
19.99030113220215 -12.135551452636719 0.35755157470703125 0.2
20.111600875854492 -12.010150909423828 0.198150634765625 0.2
20.352100372314453 -11.964649200439453 0.2010517120361328 0.2
20.54640007019043 -12.097652435302734 0.18415069580078125 0.2
20.533300399780273 -12.336250305175781 0.1600513458251953 0.2
20.421300888061523 -12.54635238647461 0.2176513671875 0.2
20.404699325561523 -12.654949188232422 0.42675018310546875 0.2
20.54560089111328 -12.617950439453125 0.6216506958007812 0.2
20.745800018310547 -12.511150360107422 0.7102508544921875 0.2
20.884000778198242 -12.351852416992188 0.6037502288818359 0.2
20.83500099182129 -12.208549499511719 0.4114513397216797 0.2
20.705801010131836 -12.029949188232422 0.31565093994140625 0.2
20.64190101623535 -11.840950012207031 0.441650390625 0.2
20.683799743652344 -11.766551971435547 0.671051025390625 0.2
20.611101150512695 -11.871051788330078 0.8701515197753906 0.2
20.515100479125977 -12.09305191040039 0.8931503295898438 0.2
20.530799865722656 -12.331649780273438 0.8622512817382812 0.2
20.725299835205078 -12.456649780273438 0.9131507873535156 0.2
20.933300018310547 -12.410652160644531 1.034250259399414 0.2
21.052499771118164 -12.244251251220703 1.1609516143798828 0.2
20.973400115966797 -12.020950317382812 1.17755126953125 0.2
20.83679962158203 -11.852851867675781 1.0617504119873047 0.2
20.8617000579834 -11.715751647949219 0.8696498870849609 0.2
21.076200485229492 -11.659751892089844 0.7770500183105469 0.2
21.286399841308594 -11.757949829101562 0.7226505279541016 0.2
21.30299949645996 -11.990852355957031 0.6760501861572266 0.2
21.1820011138916 -12.199249267578125 0.7258510589599609 0.2
21.140199661254883 -12.34885025024414 0.9046516418457031 0.2
21.290199279785156 -12.364051818847656 1.0922508239746094 0.2
21.51259994506836 -12.299850463867188 1.1724510192871094 0.2
21.693099975585938 -12.172149658203125 1.0856513977050781 0.2
21.671600341796875 -12.018352508544922 0.9016513824462891 0.2
21.54669952392578 -11.84375 0.786651611328125 0.2
21.481399536132812 -11.630851745605469 0.8665504455566406 0.2
21.577899932861328 -11.518451690673828 1.0606498718261719 0.2
21.599000930786133 -11.56085205078125 1.2923507690429688 0.2
21.491600036621094 -11.749252319335938 1.393850326538086 0.2
21.416799545288086 -11.981552124023438 1.373849868774414 0.2
21.541400909423828 -12.180549621582031 1.3556499481201172 0.2
21.778600692749023 -12.206951141357422 1.403350830078125 0.2
21.98390007019043 -12.10245132446289 1.4827499389648438 0.2
22.01650047302246 -11.87655258178711 1.5420513153076172 0.2
21.885400772094727 -11.674152374267578 1.4983501434326172 0.2
21.80940055847168 -11.515552520751953 1.3364505767822266 0.2
21.94070053100586 -11.455249786376953 1.1477508544921875 0.2
22.139400482177734 -11.529850006103516 1.0291500091552734 0.2
22.162799835205078 -11.751350402832031 0.9501514434814453 0.2
22.04290008544922 -11.955150604248047 1.0120506286621094 0.2
21.983600616455078 -12.118148803710938 1.1780509948730469 0.2
22.135601043701172 -12.190650939941406 1.3460502624511719 0.2
22.377399444580078 -12.176849365234375 1.3825511932373047 0.2
22.581199645996094 -12.101150512695312 1.2799510955810547 0.2
22.580299377441406 -11.953350067138672 1.0935516357421875 0.2
22.45039939880371 -11.77764892578125 0.9804515838623047 0.2
22.394001007080078 -11.549652099609375 1.020050048828125 0.2
22.527999877929688 -11.407649993896484 1.1585502624511719 0.2
22.667301177978516 -11.413349151611328 1.3530502319335938 0.2
22.620901107788086 -11.55794906616211 1.5357513427734375 0.2
22.496000289916992 -11.764152526855469 1.582550048828125 0.2
22.502599716186523 -11.998149871826172 1.5455513000488281 0.2
22.708900451660156 -12.1114501953125 1.493051528930664 0.2
22.950700759887695 -12.084152221679688 1.4648513793945312 0.2
23.096799850463867 -11.899051666259766 1.4824504852294922 0.2
23.032899856567383 -11.665550231933594 1.4993515014648438 0.2
22.91080093383789 -11.472148895263672 1.419851303100586 0.2
22.90220069885254 -11.391651153564453 1.196950912475586 0.2
23.022300720214844 -11.458751678466797 0.9946498870849609 0.2
23.01449966430664 -11.663349151611328 0.8774509429931641 0.2
22.902700424194336 -11.860851287841797 0.9619503021240234 0.2
22.847400665283203 -12.017051696777344 1.141550064086914 0.2
22.999799728393555 -12.14215087890625 1.2729511260986328 0.2
23.234399795532227 -12.193351745605469 1.2290515899658203 0.2
23.413799285888672 -12.18265151977539 1.0652503967285156 0.2
23.409400939941406 -12.058250427246094 0.8635501861572266 0.2
23.276199340820312 -11.866451263427734 0.7849502563476562 0.2
23.226999282836914 -11.632251739501953 0.8038501739501953 0.2
23.39419937133789 -11.474250793457031 0.8631515502929688 0.2
23.627399444580078 -11.477352142333984 0.9358501434326172 0.2
23.701601028442383 -11.59305191040039 1.1285514831542969 0.2
23.59480094909668 -11.76675033569336 1.2645511627197266 0.2
23.50550079345703 -11.989151000976562 1.286651611328125 0.2
23.599599838256836 -12.176849365234375 1.1738510131835938 0.2
23.80229949951172 -12.2281494140625 1.0445499420166016 0.2
24.006099700927734 -12.125850677490234 0.9695510864257812 0.2
24.042200088500977 -11.889251708984375 0.9874515533447266 0.2
23.946300506591797 -11.66244888305664 0.9902515411376953 0.2
23.84469985961914 -11.522750854492188 0.8263511657714844 0.2
23.87030029296875 -11.552650451660156 0.5873508453369141 0.2
23.844499588012695 -11.726348876953125 0.42654991149902344 0.2
23.729700088500977 -11.928852081298828 0.48525047302246094 0.2
23.670000076293945 -12.077949523925781 0.6730499267578125 0.2
23.7760009765625 -12.235549926757812 0.8151512145996094 0.2
23.984800338745117 -12.343250274658203 0.7550506591796875 0.2
24.140600204467773 -12.384952545166016 0.5697517395019531 0.2
24.146499633789062 -12.304351806640625 0.3460502624511719 0.2
24.032499313354492 -12.105949401855469 0.2617511749267578 0.2
23.96969985961914 -11.869949340820312 0.2704505920410156 0.2
24.113500595092773 -11.681652069091797 0.2931499481201172 0.2
24.3572998046875 -11.675750732421875 0.2617511749267578 0.2
24.53420066833496 -11.78125 0.3787498474121094 0.2
24.496200561523438 -11.935649871826172 0.5617504119873047 0.2
24.373300552368164 -12.117851257324219 0.6715507507324219 0.2
24.343299865722656 -12.341449737548828 0.5989513397216797 0.2
24.467500686645508 -12.460651397705078 0.4243507385253906 0.2
24.655500411987305 -12.450450897216797 0.2694511413574219 0.2
24.78619956970215 -12.256950378417969 0.2250499725341797 0.2
24.758899688720703 -12.013252258300781 0.25535011291503906 0.2
24.650800704956055 -11.810150146484375 0.18525123596191406 0.2
24.579500198364258 -11.77655029296875 -0.04074859619140625 0.2
24.539499282836914 -11.90625 -0.24324989318847656 0.2
24.404199600219727 -12.101551055908203 -0.23324966430664062 0.2
24.3351993560791 -12.248451232910156 -0.04734992980957031 0.2
24.386699676513672 -12.408851623535156 0.12575149536132812 0.2
24.56220054626465 -12.569652557373047 0.10065078735351562 0.2
24.69300079345703 -12.65875244140625 -0.08824920654296875 0.2
24.710399627685547 -12.640949249267578 -0.3285484313964844 0.2
24.614900588989258 -12.456851959228516 -0.45024871826171875 0.2
24.5447998046875 -12.21915054321289 -0.44934844970703125 0.2
24.649799346923828 -12.00345230102539 -0.4477500915527344 0.2
24.87420082092285 -11.967052459716797 -0.5291500091552734 0.2
25.089200973510742 -12.072349548339844 -0.5217494964599609 0.2
25.143800735473633 -12.223350524902344 -0.3432483673095703 0.2
25.04490089416504 -12.372650146484375 -0.17204856872558594 0.2
24.93429946899414 -12.582351684570312 -0.14534950256347656 0.2
24.9507999420166 -12.754352569580078 -0.31584930419921875 0.2
25.06909942626953 -12.817150115966797 -0.5227489471435547 0.2
25.23270034790039 -12.705150604248047 -0.6549491882324219 0.2
25.289600372314453 -12.467151641845703 -0.6498489379882812 0.2
25.23870086669922 -12.22774887084961 -0.6541500091552734 0.2
25.102699279785156 -12.108451843261719 -0.8098487854003906 0.2
