25.157100677490234 -8.114051818847656 -2.7421493530273438 0.2
25.027299880981445 -8.29745101928711 -2.829448699951172 0.2
24.943700790405273 -8.482051849365234 -2.6865501403808594 0.2
24.953399658203125 -8.65264892578125 -2.503049850463867 0.2
25.10219955444336 -8.839851379394531 -2.4725494384765625 0.2
25.225400924682617 -8.954551696777344 -2.6560497283935547 0.2
25.23069953918457 -8.9781494140625 -2.90264892578125 0.2
25.125999450683594 -8.822151184082031 -3.0546493530273438 0.2
25.06559944152832 -8.577949523925781 -3.04534912109375 0.2
25.11549949645996 -8.33584976196289 -3.0326499938964844 0.2
25.306499481201172 -8.233451843261719 -3.1411495208740234 0.2
25.486900329589844 -8.321052551269531 -3.28704833984375 0.2
25.633100509643555 -8.49835205078125 -3.211648941040039 0.2
25.61009979248047 -8.665851593017578 -3.026548385620117 0.2
25.51110076904297 -8.855548858642578 -2.9013500213623047 0.2
25.413999557495117 -9.048648834228516 -3.0126495361328125 0.2
25.442399978637695 -9.146949768066406 -3.241849899291992 0.2
25.58300018310547 -9.110950469970703 -3.439149856567383 0.2
25.691499710083008 -8.895950317382812 -3.4820499420166016 0.2
25.693099975585938 -8.645648956298828 -3.450349807739258 0.2
25.582799911499023 -8.438152313232422 -3.515850067138672 0.2
25.464900970458984 -8.426349639892578 -3.7331485748291016 0.2
25.324199676513672 -8.568851470947266 -3.8734493255615234 0.2
25.207700729370117 -8.752849578857422 -3.7613487243652344 0.2
25.207000732421875 -8.91415023803711 -3.565948486328125 0.2
25.30579948425293 -9.117252349853516 -3.4725494384765625 0.2
25.407699584960938 -9.28485107421875 -3.6209487915039062 0.2
25.390300750732422 -9.357749938964844 -3.860149383544922 0.2
25.267799377441406 -9.262950897216797 -4.048648834228516 0.2
25.211700439453125 -9.020950317382812 -4.070348739624023 0.2
25.241500854492188 -8.77115249633789 -4.0538482666015625 0.2
25.39940071105957 -8.615951538085938 -4.155550003051758 0.2
25.5221004486084 -8.667850494384766 -4.366649627685547 0.2
25.674301147460938 -8.84844970703125 -4.42194938659668 0.2
25.7268009185791 -9.030651092529297 -4.261348724365234 0.2
25.68280029296875 -9.193550109863281 -4.073049545288086 0.2
25.538700103759766 -9.385650634765625 -4.038448333740234 0.2
25.447200775146484 -9.52145004272461 -4.227048873901367 0.2
25.481201171875 -9.569751739501953 -4.470249176025391 0.2
25.61400032043457 -9.432151794433594 -4.619749069213867 0.2
25.682899475097656 -9.189151763916016 -4.620748519897461 0.2
25.657800674438477 -8.940849304199219 -4.624948501586914 0.2
25.490400314331055 -8.819751739501953 -4.753349304199219 0.2
25.32430076599121 -8.901248931884766 -4.922048568725586 0.2
25.154399871826172 -9.065052032470703 -4.863248825073242 0.2
25.146499633789062 -9.2281494140625 -4.671148300170898 0.2
25.211400985717773 -9.414749145507812 -4.51664924621582 0.2
25.300600051879883 -9.630352020263672 -4.588748931884766 0.2
25.265300750732422 -9.750350952148438 -4.806449890136719 0.2
25.122100830078125 -9.732250213623047 -5.007049560546875 0.2
25.025800704956055 -9.517349243164062 -5.075550079345703 0.2
25.05470085144043 -9.265251159667969 -5.064149856567383 0.2
25.169401168823242 -9.056949615478516 -5.1329498291015625 0.2
25.27079963684082 -9.04465103149414 -5.356149673461914 0.2
25.339500427246094 -9.20315170288086 -5.535249710083008 0.2
25.449501037597656 -9.410449981689453 -5.466848373413086 0.2
25.47369956970215 -9.569049835205078 -5.270648956298828 0.2
25.39240074157715 -9.74045181274414 -5.111949920654297 0.2
25.212800979614258 -9.896251678466797 -5.171649932861328 0.2
25.121200561523438 -9.988349914550781 -5.387948989868164 0.2
25.17180061340332 -9.952949523925781 -5.625450134277344 0.2
25.277299880981445 -9.743549346923828 -5.708950042724609 0.2
25.33530044555664 -9.497451782226562 -5.714048385620117 0.2
25.22450065612793 -9.282451629638672 -5.752748489379883 0.2
25.013099670410156 -9.270950317382812 -5.882648468017578 0.2
24.80120086669922 -9.390350341796875 -5.869150161743164 0.2
24.75950050354004 -9.551551818847656 -5.684450149536133 0.2
24.83049964904785 -9.72085189819336 -5.508150100708008 0.2
24.912399291992188 -9.949851989746094 -5.4819488525390625 0.2
24.865800857543945 -10.121551513671875 -5.655550003051758 0.2
24.69890022277832 -10.16965103149414 -5.8381500244140625 0.2
24.533599853515625 -10.014350891113281 -5.928249359130859 0.2
24.54720115661621 -9.762451171875 -5.9418487548828125 0.2
24.633501052856445 -9.528251647949219 -5.98444938659668 0.2
24.73080062866211 -9.432449340820312 -6.186748504638672 0.2
24.699100494384766 -9.533950805664062 -6.416248321533203 0.2
24.768301010131836 -9.755050659179688 -6.489349365234375 0.2
24.85379981994629 -9.938751220703125 -6.341449737548828 0.2
24.879199981689453 -10.094650268554688 -6.14484977722168 0.2
24.723100662231445 -10.248649597167969 -6.038249969482422 0.2
24.523300170898438 -10.351150512695312 -6.149349212646484 0.2
24.424699783325195 -10.389549255371094 -6.374750137329102 0.2
24.490400314331055 -10.258251190185547 -6.570348739624023 0.2
24.589200973510742 -10.03125 -6.62394905090332 0.2
24.598899841308594 -9.782550811767578 -6.641748428344727 0.2
24.39859962463379 -9.64794921875 -6.677549362182617 0.2
24.153600692749023 -9.704551696777344 -6.698450088500977 0.2
24.04669952392578 -9.838451385498047 -6.523748397827148 0.2
24.12339973449707 -10.006450653076172 -6.348749160766602 0.2
24.217700958251953 -10.2176513671875 -6.252948760986328 0.2
24.189800262451172 -10.43844985961914 -6.355449676513672 0.2
24.003000259399414 -10.530651092529297 -6.499149322509766 0.2
23.780500411987305 -10.457149505615234 -6.577548980712891 0.2
23.733200073242188 -10.215652465820312 -6.599849700927734 0.2
23.8169002532959 -9.977851867675781 -6.636249542236328 0.2
23.90329933166504 -9.809452056884766 -6.795549392700195 0.2
23.8435001373291 -9.828449249267578 -7.032949447631836 0.2
23.776100158691406 -10.008049011230469 -7.187250137329102 0.2
23.864601135253906 -10.235851287841797 -7.15464973449707 0.2
23.960500717163086 -10.40264892578125 -6.989248275756836 0.2
23.938100814819336 -10.556751251220703 -6.797048568725586 0.2
23.720300674438477 -10.65985107421875 -6.743549346923828 0.2
23.506099700927734 -10.720149993896484 -6.864049911499023 0.2
23.43280029296875 -10.681652069091797 -7.094148635864258 0.2
23.516700744628906 -10.49435043334961 -7.236349105834961 0.2
23.605899810791016 -10.264049530029297 -7.294748306274414 0.2
23.533300399780273 -10.030952453613281 -7.2823486328125 0.2
23.286699295043945 -9.981849670410156 -7.270750045776367 0.2
23.101299285888672 -10.061248779296875 -7.132049560546875 0.2
23.142900466918945 -10.21915054321289 -6.943248748779297 0.2
23.262100219726562 -10.407352447509766 -6.820348739624023 0.2
23.28849983215332 -10.651248931884766 -6.829750061035156 0.2
23.11359977722168 -10.797550201416016 -6.928449630737305 0.2
22.86709976196289 -10.797149658203125 -6.9754486083984375 0.2
22.72100067138672 -10.600849151611328 -6.971748352050781 0.2
22.783300399780273 -10.360149383544922 -7.016048431396484 0.2
22.876501083374023 -10.152549743652344 -7.125148773193359 0.2
22.847900390625 -10.08115005493164 -7.356048583984375 0.2
22.668800354003906 -10.172351837158203 -7.5090484619140625 0.2
22.642499923706055 -10.40365219116211 -7.582048416137695 0.2
22.75629997253418 -10.608348846435547 -7.489248275756836 0.2
22.850799560546875 -10.775150299072266 -7.324150085449219 0.2
22.749000549316406 -10.888751983642578 -7.134248733520508 0.2
22.503799438476562 -10.939250946044922 -7.106449127197266 0.2
22.2908992767334 -10.945152282714844 -7.236349105834961 0.2
22.268301010131836 -10.820850372314453 -7.445249557495117 0.2
22.366600036621094 -10.621150970458984 -7.567348480224609 0.2
22.41080093383789 -10.37955093383789 -7.60624885559082 0.2
22.25279998779297 -10.209449768066406 -7.532649993896484 0.2
22.041099548339844 -10.21805191040039 -7.4017486572265625 0.2
22.033000946044922 -10.332649230957031 -7.18494987487793 0.2
22.16029930114746 -10.518749237060547 -7.068748474121094 0.2
22.242000579833984 -10.750450134277344 -7.023948669433594 0.2
22.106901168823242 -10.949748992919922 -7.071449279785156 0.2
21.85810089111328 -10.98965072631836 -7.076148986816406 0.2
21.658000946044922 -10.855449676513672 -7.0256500244140625 0.2
21.66349983215332 -10.609748840332031 -7.046148300170898 0.2
21.761301040649414 -10.398151397705078 -7.147649765014648 0.2
21.771400451660156 -10.259151458740234 -7.349849700927734 0.2
21.57859992980957 -10.274749755859375 -7.503448486328125 0.2
21.41080093383789 -10.4427490234375 -7.570949554443359 0.2
21.467899322509766 -10.682048797607422 -7.55994987487793 0.2
21.60569953918457 -10.867450714111328 -7.456150054931641 0.2
21.643301010131836 -11.009052276611328 -7.259748458862305 0.2
21.46380043029785 -11.055049896240234 -7.096649169921875 0.2
21.212800979614258 -11.054851531982422 -7.085248947143555 0.2
21.052000045776367 -10.970550537109375 -7.247249603271484 0.2
21.097700119018555 -10.799652099609375 -7.424249649047852 0.2
21.181699752807617 -10.59115219116211 -7.536048889160156 0.2
21.14859962463379 -10.359352111816406 -7.473249435424805 0.2
20.975000381469727 -10.285652160644531 -7.307949066162109 0.2
20.95560073852539 -10.344852447509766 -7.072750091552734 0.2
21.081300735473633 -10.527851104736328 -6.956949234008789 0.2
21.18869972229004 -10.75345230102539 -6.919149398803711 0.2
21.10099983215332 -10.980152130126953 -6.919849395751953 0.2
20.865100860595703 -11.042152404785156 -6.865348815917969 0.2
20.66189956665039 -10.950450897216797 -6.753950119018555 0.2
20.63050079345703 -10.712852478027344 -6.715950012207031 0.2
20.716899871826172 -10.50155258178711 -6.825048446655273 0.2
20.746601104736328 -10.331649780273438 -7.004749298095703 0.2
20.569700241088867 -10.277549743652344 -7.161149978637695 0.2
20.33139991760254 -10.352352142333984 -7.160148620605469 0.2
20.26340103149414 -10.584949493408203 -7.177148818969727 0.2
20.38599967956543 -10.801250457763672 -7.141048431396484 0.2
20.511600494384766 -10.977851867675781 -7.019248962402344 0.2
20.465900421142578 -11.042350769042969 -6.78904914855957 0.2
20.261699676513672 -11.021751403808594 -6.645050048828125 0.2
20.02899932861328 -10.94784927368164 -6.668149948120117 0.2
19.962200164794922 -10.7978515625 -6.849449157714844 0.2
20.024799346923828 -10.620849609375 -7.01824951171875 0.2
20.082399368286133 -10.385452270507812 -7.04224967956543 0.2
20.00710105895996 -10.230949401855469 -6.865549087524414 0.2
19.97599983215332 -10.229949951171875 -6.622348785400391 0.2
20.103700637817383 -10.38705062866211 -6.48444938659668 0.2
20.218900680541992 -10.611549377441406 -6.470149993896484 0.2
20.186399459838867 -10.8531494140625 -6.457149505615234 0.2
19.981201171875 -10.950752258300781 -6.36414909362793 0.2
19.80030059814453 -10.887649536132812 -6.203248977661133 0.2
19.752099990844727 -10.678451538085938 -6.088850021362305 0.2
19.822599411010742 -10.457950592041016 -6.178348541259766 0.2
19.868999481201172 -10.282451629638672 -6.351848602294922 0.2
19.72249984741211 -10.170150756835938 -6.508548736572266 0.2
19.479000091552734 -10.158950805664062 -6.465950012207031 0.2
19.307199478149414 -10.325050354003906 -6.426948547363281 0.2
19.350299835205078 -10.567951202392578 -6.433149337768555 0.2
19.48710060119629 -10.77505111694336 -6.396249771118164 0.2
19.569799423217773 -10.889049530029297 -6.200748443603516 0.2
19.47100067138672 -10.866451263427734 -5.974048614501953 0.2
19.270599365234375 -10.784252166748047 -5.852348327636719 0.2
19.104299545288086 -10.639751434326172 -5.94944953918457 0.2
19.10140037536621 -10.481849670410156 -6.144350051879883 0.2
19.168001174926758 -10.276752471923828 -6.263149261474609 0.2
19.215200424194336 -10.072052001953125 -6.144649505615234 0.2
19.22089958190918 -10.01285171508789 -5.904548645019531 0.2
19.363201141357422 -10.127552032470703 -5.745849609375 0.2
19.46929931640625 -10.354549407958984 -5.74744987487793 0.2
19.47130012512207 -10.601348876953125 -5.748649597167969 0.2
19.308500289916992 -10.733650207519531 -5.626749038696289 0.2
19.17099952697754 -10.687149047851562 -5.4241485595703125 0.2
19.145599365234375 -10.512550354003906 -5.254650115966797 0.2
19.214399337768555 -10.284049987792969 -5.29844856262207 0.2
19.253000259399414 -10.113349914550781 -5.4790496826171875 0.2
19.140199661254883 -9.96725082397461 -5.636650085449219 0.2
18.915699005126953 -9.892650604248047 -5.579448699951172 0.2
18.72450065612793 -9.964752197265625 -5.443849563598633 0.2
18.66900062561035 -10.200252532958984 -5.43134880065918 0.2
18.764999389648438 -10.43075180053711 -5.452749252319336 0.2
18.90410041809082 -10.594852447509766 -5.342248916625977 0.2
18.93470001220703 -10.594051361083984 -5.099649429321289 0.2
18.83100128173828 -10.50345230102539 -4.8923492431640625 0.2
18.648700714111328 -10.349651336669922 -4.858949661254883 0.2
18.56599998474121 -10.193950653076172 -5.031848907470703 0.2
18.586299896240234 -10.023151397705078 -5.21044921875 0.2
18.697399139404297 -9.81155014038086 -5.193948745727539 0.2
18.775299072265625 -9.704952239990234 -4.9837493896484375 0.2
18.94369888305664 -9.77804946899414 -4.828350067138672 0.2
19.0492000579834 -10.00094985961914 -4.8298492431640625 0.2
19.050800323486328 -10.248851776123047 -4.848348617553711 0.2
18.93000030517578 -10.411251068115234 -4.719549179077148 0.2
18.842899322509766 -10.381649017333984 -4.489849090576172 0.2
18.854400634765625 -10.2364501953125 -4.291248321533203 0.2
18.942501068115234 -10.013751983642578 -4.293548583984375 0.2
18.971799850463867 -9.842350006103516 -4.472349166870117 0.2
18.879798889160156 -9.685050964355469 -4.635549545288086 0.2
18.67530059814453 -9.567249298095703 -4.592748641967773 0.2
18.522300720214844 -9.562549591064453 -4.399648666381836 0.2
18.403499603271484 -9.754150390625 -4.317348480224609 0.2
18.439899444580078 -9.99734878540039 -4.354249954223633 0.2
18.569700241088867 -10.202751159667969 -4.330148696899414 0.2
18.694000244140625 -10.249950408935547 -4.128749847412109 0.2
18.692298889160156 -10.169151306152344 -3.893848419189453 0.2
18.567501068115234 -10.014251708984375 -3.7560501098632812 0.2
18.42840003967285 -9.842849731445312 -3.854848861694336 0.2
18.386600494384766 -9.69124984741211 -4.047849655151367 0.2
18.48710060119629 -9.493049621582031 -4.137048721313477 0.2
18.627601623535156 -9.353252410888672 -3.99224853515625 0.2
18.8114013671875 -9.377750396728516 -3.8385486602783203 0.2
18.93939971923828 -9.583148956298828 -3.8353500366210938 0.2
18.937700271606445 -9.829750061035156 -3.8722496032714844 0.2
18.847599029541016 -10.024951934814453 -3.765949249267578 0.2
18.792600631713867 -10.03165054321289 -3.528348922729492 0.2
18.835100173950195 -9.917049407958984 -3.313549041748047 0.2
18.947999954223633 -9.711349487304688 -3.263948440551758 0.2
18.98150062561035 -9.530250549316406 -3.4265499114990234 0.2
18.907800674438477 -9.37405014038086 -3.602449417114258 0.2
18.721900939941406 -9.225051879882812 -3.590749740600586 0.2
18.607500076293945 -9.15985107421875 -3.382749557495117 0.2
18.48189926147461 -9.28375244140625 -3.221149444580078 0.2
18.450401306152344 -9.52585220336914 -3.2296485900878906 0.2
18.533000946044922 -9.75564956665039 -3.2633495330810547 0.2
18.704299926757812 -9.868850708007812 -3.142549514770508 0.2
18.794300079345703 -9.814750671386719 -2.9193496704101562 0.2
18.76580047607422 -9.674049377441406 -2.721149444580078 0.2
18.620100021362305 -9.485851287841797 -2.7159500122070312 0.2
18.515201568603516 -9.336750030517578 -2.884248733520508 0.2
18.552799224853516 -9.157451629638672 -3.041349411010742 0.2
18.728099822998047 -8.998851776123047 -3.002748489379883 0.2
18.92889976501465 -8.978649139404297 -2.8674488067626953 0.2
19.093900680541992 -9.152050018310547 -2.8576488494873047 0.2
19.089399337768555 -9.396549224853516 -2.899749755859375 0.2
19.013200759887695 -9.614749908447266 -2.8299484252929688 0.2
18.980899810791016 -9.664852142333984 -2.5964488983154297 0.2
19.053199768066406 -9.577949523925781 -2.3765487670898438 0.2
19.192501068115234 -9.40114974975586 -2.2906494140625 0.2
19.25040054321289 -9.210151672363281 -2.4249496459960938 0.2
19.18090057373047 -9.058250427246094 -2.6077499389648438 0.2
19.0132999420166 -8.89065170288086 -2.63385009765625 0.2
18.9237003326416 -8.780250549316406 -2.436349868774414 0.2
18.846799850463867 -8.828948974609375 -2.2135486602783203 0.2
18.765499114990234 -9.04825210571289 -2.159648895263672 0.2
18.784900665283203 -9.288951873779297 -2.2149486541748047 0.2
18.945999145507812 -9.459949493408203 -2.1765499114990234 0.2
19.112199783325195 -9.449649810791016 -1.9986495971679688 0.2
19.18130111694336 -9.331851959228516 -1.7940483093261719 0.2
19.092199325561523 -9.134651184082031 -1.6953487396240234 0.2
18.948101043701172 -8.970951080322266 -1.8076496124267578 0.2
18.907001495361328 -8.80984878540039 -1.9850482940673828 0.2
19.068599700927734 -8.64895248413086 -2.050048828125 0.2
19.29210090637207 -8.595050811767578 -1.9612483978271484 0.2
19.484800338745117 -8.734748840332031 -1.9640483856201172 0.2
19.488399505615234 -8.975349426269531 -2.007049560546875 0.2
19.41010093688965 -9.201652526855469 -1.9612483978271484 0.2
19.39389991760254 -9.297752380371094 -1.7438488006591797 0.2
19.505599975585938 -9.239349365234375 -1.5325489044189453 0.2
19.67609977722168 -9.09885025024414 -1.4313488006591797 0.2
19.76849937438965 -8.91054916381836 -1.5426483154296875 0.2
19.698299407958984 -8.757949829101562 -1.7242488861083984 0.2
19.545700073242188 -8.58005142211914 -1.7770500183105469 0.2
19.471399307250977 -8.431449890136719 -1.6058483123779297 0.2
19.47319984436035 -8.417350769042969 -1.3635482788085938 0.2
19.38840103149414 -8.590351104736328 -1.2235488891601562 0.2
19.344999313354492 -8.830650329589844 -1.2603492736816406 0.2
19.445301055908203 -9.046051025390625 -1.2903499603271484 0.2
19.657100677490234 -9.096149444580078 -1.187448501586914 0.2
19.81369972229004 -9.01034927368164 -1.0174484252929688 0.2
19.82539939880371 -8.821949005126953 -0.8711490631103516 0.2
19.683799743652344 -8.629150390625 -0.900848388671875 0.2
19.573999404907227 -8.472148895263672 -1.05364990234375 0.2
19.67180061340332 -8.316051483154297 -1.2030487060546875 0.2
19.906600952148438 -8.244152069091797 -1.1943492889404297 0.2
20.117401123046875 -8.350151062011719 -1.2202491760253906 0.2
20.13249969482422 -8.585651397705078 -1.2692489624023438 0.2
20.041799545288086 -8.812149047851562 -1.2353496551513672 0.2
20.031700134277344 -8.945449829101562 -1.0391483306884766 0.2
20.173999786376953 -8.919750213623047 -0.8427486419677734 0.2
20.374900817871094 -8.814949035644531 -0.75054931640625 0.2
20.50860023498535 -8.644451141357422 -0.8477497100830078 0.2
20.441299438476562 -8.486251831054688 -1.0227489471435547 0.2
20.295700073242188 -8.308349609375 -1.0989494323730469 0.2
20.233800888061523 -8.128150939941406 -0.958648681640625 0.2
20.309600830078125 -8.062751770019531 -0.7340488433837891 0.2
20.274900436401367 -8.178150177001953 -0.5297489166259766 0.2
20.187299728393555 -8.404350280761719 -0.5066490173339844 0.2
20.20240020751953 -8.640750885009766 -0.5572490692138672 0.2
20.405200958251953 -8.763050079345703 -0.5393486022949219 0.2
20.621601104736328 -8.717552185058594 -0.431549072265625 0.2
20.743200302124023 -8.558052062988281 -0.29654884338378906 0.2
20.6564998626709 -8.339950561523438 -0.2565498352050781 0.2
20.506099700927734 -8.170452117919922 -0.35434913635253906 0.2
20.51650047302246 -8.016448974609375 -0.5358486175537109 0.2
20.726499557495117 -7.939949035644531 -0.6262493133544922 0.2
20.94029998779297 -8.023151397705078 -0.6933498382568359 0.2
20.966800689697266 -8.25265121459961 -0.7557487487792969 0.2
20.863399505615234 -8.47275161743164 -0.7123489379882812 0.2
20.844200134277344 -8.632450103759766 -0.5374488830566406 0.2
21.008800506591797 -8.645751953125 -0.3610496520996094 0.2
21.2362003326416 -8.576652526855469 -0.2978496551513672 0.2
21.402999877929688 -8.440650939941406 -0.400848388671875 0.2
21.35300064086914 -8.277950286865234 -0.5725498199462891 0.2
21.208600997924805 -8.100452423095703 -0.659149169921875 0.2
21.151399612426758 -7.8941497802734375 -0.5566501617431641 0.2
21.279600143432617 -7.791450500488281 -0.37434959411621094 0.2
21.3385009765625 -7.850349426269531 -0.15224838256835938 0.2
21.24850082397461 -8.049449920654297 -0.05074882507324219 0.2
21.181499481201172 -8.284549713134766 -0.074249267578125 0.2
21.321500778198242 -8.470550537109375 -0.11664962768554688 0.2
21.564899444580078 -8.480152130126953 -0.09184837341308594 0.2
21.765899658203125 -8.36355209350586 -0.01744842529296875 0.2
21.775400161743164 -8.136550903320312 0.05014991760253906 0.2
21.626699447631836 -7.943450927734375 0.011751174926757812 0.2
21.552000045776367 -7.783851623535156 -0.15054893493652344 0.2
21.69930076599121 -7.708751678466797 -0.32415008544921875 0.2
21.899200439453125 -7.775852203369141 -0.4447498321533203 0.2
21.916799545288086 -7.997749328613281 -0.5279483795166016 0.2
21.807600021362305 -8.20975112915039 -0.46595001220703125 0.2
21.779300689697266 -8.3802490234375 -0.2991485595703125 0.2
21.95669937133789 -8.438251495361328 -0.1486492156982422 0.2
22.201400756835938 -8.409950256347656 -0.14064979553222656 0.2
22.38249969482422 -8.320549011230469 -0.2720489501953125 0.2
22.34280014038086 -8.161651611328125 -0.44714927673339844 0.2
22.19700050354004 -7.977352142333984 -0.5244483947753906 0.2
22.15839958190918 -7.752052307128906 -0.45405006408691406 0.2
22.325700759887695 -7.624351501464844 -0.3358497619628906 0.2
22.488500595092773 -7.649749755859375 -0.1622486114501953 0.2
22.45330047607422 -7.813152313232422 0.009151458740234375 0.2
22.33530044555664 -8.026050567626953 0.05255126953125 0.2
22.364099502563477 -8.254352569580078 -0.0044498443603515625 0.2
22.579599380493164 -8.339351654052734 -0.07944869995117188 0.2
22.81760025024414 -8.284751892089844 -0.11024856567382812 0.2
22.93280029296875 -8.079849243164062 -0.0760498046875 0.2
22.83839988708496 -7.854148864746094 -0.056949615478515625 0.2
22.715999603271484 -7.668849945068359 -0.154449462890625 0.2
22.749799728393555 -7.589252471923828 -0.377349853515625 0.2
22.887399673461914 -7.6551513671875 -0.5682487487792969 0.2
22.867700576782227 -7.867549896240234 -0.6729488372802734 0.2
22.758399963378906 -8.066852569580078 -0.5786495208740234 0.2
22.7278995513916 -8.23604965209961 -0.40524864196777344 0.2
22.912700653076172 -8.344852447509766 -0.2993488311767578 0.2
23.148399353027344 -8.371150970458984 -0.3666496276855469 0.2
23.302000045776367 -8.333850860595703 -0.5515499114990234 0.2
23.258100509643555 -8.182750701904297 -0.7320499420166016 0.2
23.125499725341797 -7.976951599121094 -0.7746486663818359 0.2
23.109800338745117 -7.741451263427734 -0.726348876953125 0.2
23.3075008392334 -7.609352111816406 -0.6850490570068359 0.2
23.539899826049805 -7.634349822998047 -0.6169490814208984 0.2
23.58970069885254 -7.780551910400391 -0.4349498748779297 0.2
23.47800064086914 -7.969951629638672 -0.319549560546875 0.2
23.414400100708008 -8.201251983642578 -0.3339500427246094 0.2
23.537399291992188 -8.354148864746094 -0.47514915466308594 0.2
23.751399993896484 -8.367752075195312 -0.5989494323730469 0.2
23.93910026550293 -8.22195053100586 -0.6350498199462891 0.2
23.9281005859375 -7.981052398681641 -0.5979499816894531 0.2
23.813800811767578 -7.762149810791016 -0.6116485595703125 0.2
23.744199752807617 -7.6376495361328125 -0.8038482666015625 0.2
23.815401077270508 -7.672950744628906 -1.0372486114501953 0.2
23.7814998626709 -7.859951019287109 -1.1819496154785156 0.2
23.676799774169922 -8.0655517578125 -1.101449966430664 0.2
23.633800506591797 -8.236148834228516 -0.9260482788085938 0.2
23.780099868774414 -8.39065170288086 -0.8183498382568359 0.2
23.9960994720459 -8.46554946899414 -0.9098491668701172 0.2
24.134201049804688 -8.472450256347656 -1.113748550415039 0.2
24.09819984436035 -8.346649169921875 -1.3141498565673828 0.2
23.980899810791016 -8.131351470947266 -1.3529491424560547 0.2
23.94930076599121 -7.890449523925781 -1.3198490142822266 0.2
24.127700805664062 -7.729652404785156 -1.3092498779296875 0.2
24.371299743652344 -7.746452331542969 -1.3440494537353516 0.2
24.514699935913086 -7.881050109863281 -1.2081489562988281 0.2
24.448400497436523 -8.058849334716797 -1.0490493774414062 0.2
24.339799880981445 -8.26865005493164 -0.9806499481201172 0.2
24.351299285888672 -8.470451354980469 -1.110849380493164 0.2
24.503400802612305 -8.543251037597656 -1.2933483123779297 0.2
24.705299377441406 -8.47344970703125 -1.4111499786376953 0.2
24.785999298095703 -8.245849609375 -1.4058494567871094 0.2
24.7185001373291 -8.007251739501953 -1.3736495971679688 0.2
24.603599548339844 -7.823551177978516 -1.4805488586425781 0.2
24.589000701904297 -7.810749053955078 -1.7247486114501953 0.2
24.558799743652344 -7.957252502441406 -1.9154491424560547 0.2
24.443300247192383 -8.166149139404297 -1.8764495849609375 0.2
24.3887996673584 -8.335350036621094 -1.6995487213134766 0.2
24.478700637817383 -8.514850616455078 -1.564748764038086 0.2
24.67490005493164 -8.639450073242188 -1.6388492584228516 0.2
24.798099517822266 -8.688251495361328 -1.8493499755859375 0.2
24.773399353027344 -8.612751007080078 -2.078248977661133 0.2
24.669300079345703 -8.39794921875 -2.139148712158203 0.2
24.619300842285156 -8.154850006103516 -2.111448287963867 0.2
24.761301040649414 -7.959449768066406 -2.114948272705078 0.2
24.98419952392578 -7.952449798583984 -2.2219486236572266 0.2
25.18480110168457 -8.079452514648438 -2.1836490631103516 0.2
25.19460105895996 -8.254249572753906 -2.011049270629883 0.2
25.096900939941406 -8.437950134277344 -1.8719501495361328 0.2
25.015199661254883 -8.657649993896484 -1.9236488342285156 0.2
25.074199676513672 -8.782051086425781 -2.1301498413085938 0.2
25.231599807739258 -8.785449981689453 -2.3215484619140625 0.2
25.375600814819336 -8.602649688720703 -2.3834495544433594 0.2
25.371601104736328 -8.354949951171875 -2.3458499908447266 0.2
25.278100967407227 -8.129749298095703 -2.378049850463867 0.2
25.177000045776367 -8.05765151977539 -2.5857486724853516 0.2
