-19.331600189208984 9.996448516845703 4.526950836181641 0.2
-19.372400283813477 10.173648834228516 4.419851303100586 0.2
-19.506799697875977 10.330047607421875 4.3603515625 0.2
-19.67099952697754 10.465950012207031 4.375551223754883 0.2
-19.794300079345703 10.527549743652344 4.530851364135742 0.2
-19.747499465942383 10.466850280761719 4.723150253295898 0.2
-19.57550048828125 10.418548583984375 4.846050262451172 0.2
-19.383100509643555 10.344749450683594 4.891651153564453 0.2
-19.2549991607666 10.206748962402344 4.792449951171875 0.2
-19.205400466918945 10.018051147460938 4.711450576782227 0.2
-19.14069938659668 9.83504867553711 4.797950744628906 0.2
-19.089099884033203 9.70465087890625 4.96135139465332 0.2
-19.16200065612793 9.595550537109375 5.129951477050781 0.2
-19.34160041809082 9.617149353027344 5.239650726318359 0.2
-19.515199661254883 9.74374771118164 5.254251480102539 0.2
-19.646400451660156 9.913948059082031 5.231651306152344 0.2
-19.691999435424805 10.117950439453125 5.189849853515625 0.2
-19.56290054321289 10.273548126220703 5.138250350952148 0.2
-19.357200622558594 10.239948272705078 5.14995002746582 0.2
-19.2367000579834 10.10104751586914 5.267250061035156 0.2
-19.18079948425293 9.917850494384766 5.364250183105469 0.2
-19.154399871826172 9.705150604248047 5.360050201416016 0.2
-18.989200592041016 9.577247619628906 5.319950103759766 0.2
-18.773300170898438 9.562549591064453 5.29734992980957 0.2
-18.605100631713867 9.65005111694336 5.202451705932617 0.2
-18.588199615478516 9.840450286865234 5.108551025390625 0.2
-18.67729949951172 10.033050537109375 5.066650390625 0.2
-18.829500198364258 10.16455078125 5.13385009765625 0.2
-18.9414005279541 10.12234878540039 5.304950714111328 0.2
-18.90180015563965 9.967948913574219 5.44795036315918 0.2
-18.77750015258789 9.844348907470703 5.577451705932617 0.2
-18.62470054626465 9.763050079345703 5.708551406860352 0.2
-18.451900482177734 9.735748291015625 5.836750030517578 0.2
-18.243499755859375 9.747150421142578 5.877450942993164 0.2
-18.104799270629883 9.730049133300781 5.722751617431641 0.2
-18.147600173950195 9.69594955444336 5.516550064086914 0.2
-18.28849983215332 9.646747589111328 5.3603515625 0.2
-18.470600128173828 9.545047760009766 5.329551696777344 0.2
-18.581600189208984 9.42245101928711 5.464550018310547 0.2
-18.61050033569336 9.345050811767578 5.665349960327148 0.2
-18.59600067138672 9.422348022460938 5.85984992980957 0.2
-18.49880027770996 9.578250885009766 5.973451614379883 0.2
-18.349599838256836 9.60715103149414 6.122550964355469 0.2
-18.25040054321289 9.5677490234375 6.30994987487793 0.2
-18.315500259399414 9.453750610351562 6.468950271606445 0.2
-18.478700637817383 9.328948974609375 6.433750152587891 0.2
-18.5846004486084 9.255847930908203 6.262050628662109 0.2
-18.56220054626465 9.136749267578125 6.090751647949219 0.2
-18.4114990234375 8.992847442626953 6.07655143737793 0.2
-18.216699600219727 8.948150634765625 6.160449981689453 0.2
-18.007099151611328 8.987449645996094 6.158050537109375 0.2
-17.922199249267578 9.168048858642578 6.098451614379883 0.2
-17.989700317382812 9.370048522949219 6.076051712036133 0.2
-18.046899795532227 9.516448974609375 6.211750030517578 0.2
-18.024999618530273 9.497947692871094 6.42125129699707 0.2
-17.95279884338379 9.38814926147461 6.593950271606445 0.2
-17.818599700927734 9.248149871826172 6.673851013183594 0.2
-17.731800079345703 9.10744857788086 6.547750473022461 0.2
-17.77899932861328 9.00204849243164 6.368249893188477 0.2
-17.908899307250977 8.84524917602539 6.334251403808594 0.2
-18.000099182128906 8.72494888305664 6.48484992980957 0.2
-18.142900466918945 8.680248260498047 6.653350830078125 0.2
-18.30769920349121 8.811050415039062 6.713251113891602 0.2
-18.341299057006836 9.022449493408203 6.641651153564453 0.2
-18.25269889831543 9.224449157714844 6.601350784301758 0.2
-18.102100372314453 9.311847686767578 6.733251571655273 0.2
-18.016599655151367 9.249549865722656 6.9360504150390625 0.2
-18.020999908447266 9.121349334716797 7.124452590942383 0.2
-18.13129997253418 8.93735122680664 7.166452407836914 0.2
-18.22089958190918 8.79494857788086 7.0144500732421875 0.2
-18.142398834228516 8.633750915527344 6.887851715087891 0.2
-17.96299934387207 8.509349822998047 6.945550918579102 0.2
-17.755300521850586 8.471649169921875 7.05164909362793 0.2
-17.58930015563965 8.632949829101562 7.050249099731445 0.2
-17.599699020385742 8.86214828491211 6.977750778198242 0.2
-17.72249984741211 9.057849884033203 7.018350601196289 0.2
-17.830299377441406 9.071048736572266 7.224248886108398 0.2
-17.845399856567383 8.966751098632812 7.442850112915039 0.2
-17.780500411987305 8.804450988769531 7.606149673461914 0.2
-17.661100387573242 8.61465072631836 7.540750503540039 0.2
-17.64069938659668 8.475048065185547 7.346052169799805 0.2
-17.810199737548828 8.343948364257812 7.262250900268555 0.2
-18.016698837280273 8.266349792480469 7.366250991821289 0.2
-18.22249984741211 8.334148406982422 7.454950332641602 0.2
-18.278400421142578 8.56094741821289 7.43174934387207 0.2
-18.167600631713867 8.773548126220703 7.409250259399414 0.2
-18.03499984741211 8.871349334716797 7.570749282836914 0.2
-18.03059959411621 8.79134750366211 7.79694938659668 0.2
-18.134199142456055 8.665451049804688 7.976652145385742 0.2
-18.307300567626953 8.510948181152344 7.987051010131836 0.2
-18.378398895263672 8.385848999023438 7.795652389526367 0.2
-18.299400329589844 8.230350494384766 7.636350631713867 0.2
-18.16309928894043 8.05154800415039 7.704950332641602 0.2
-18.051198959350586 7.946750640869141 7.892049789428711 0.2
-17.881999969482422 8.04104995727539 8.019250869750977 0.2
-17.81089973449707 8.26974868774414 7.996652603149414 0.2
-17.88319969177246 8.49544906616211 8.003850936889648 0.2
-18.046899795532227 8.553848266601562 8.161352157592773 0.2
-18.167999267578125 8.448749542236328 8.344949722290039 0.2
-18.189699172973633 8.262748718261719 8.491849899291992 0.2
-18.08609962463379 8.057647705078125 8.44365119934082 0.2
-18.018600463867188 7.925750732421875 8.25255012512207 0.2
-18.148799896240234 7.816650390625 8.092351913452148 0.2
-18.38469886779785 7.753547668457031 8.109251022338867 0.2
-18.598800659179688 7.844749450683594 8.134252548217773 0.2
-18.612699508666992 8.079048156738281 8.114652633666992 0.2
-18.476099014282227 8.27874755859375 8.142850875854492 0.2
-18.3976993560791 8.377948760986328 8.338449478149414 0.2
-18.486799240112305 8.316650390625 8.553251266479492 0.2
-18.66309928894043 8.201248168945312 8.67664909362793 0.2
-18.84619903564453 8.064849853515625 8.619852066040039 0.2
-18.86009979248047 7.938148498535156 8.414850234985352 0.2
-18.757999420166016 7.773948669433594 8.272150039672852 0.2
-18.68039894104004 7.565349578857422 8.35004997253418 0.2
-18.680599212646484 7.4306488037109375 8.554750442504883 0.2
-18.56909942626953 7.484348297119141 8.753549575805664 0.2
-18.455699920654297 7.694549560546875 8.785749435424805 0.2
-18.454999923706055 7.935447692871094 8.767251968383789 0.2
-18.628799438476562 8.070049285888672 8.847650527954102 0.2
-18.821800231933594 8.006248474121094 8.982049942016602 0.2
-18.93400001525879 7.837749481201172 9.115751266479492 0.2
-18.875598907470703 7.609149932861328 9.127050399780273 0.2
-18.761699676513672 7.444450378417969 8.985849380493164 0.2
-18.797100067138672 7.318550109863281 8.787252426147461 0.2
-19.011098861694336 7.243247985839844 8.706552505493164 0.2
-19.239200592041016 7.305950164794922 8.683050155639648 0.2
-19.280799865722656 7.537147521972656 8.653749465942383 0.2
-19.14739990234375 7.741447448730469 8.687650680541992 0.2
-19.05769920349121 7.888149261474609 8.851949691772461 0.2
-19.16429901123047 7.886051177978516 9.065549850463867 0.2
-19.36479949951172 7.791450500488281 9.171850204467773 0.2
-19.56239891052246 7.666248321533203 9.116849899291992 0.2
-19.58919906616211 7.51934814453125 8.927949905395508 0.2
-19.492799758911133 7.351848602294922 8.776948928833008 0.2
-19.4158992767334 7.127750396728516 8.806249618530273 0.2
-19.47410011291504 6.962848663330078 8.980051040649414 0.2
-19.4468994140625 6.961448669433594 9.213850021362305 0.2
-19.328899383544922 7.146450042724609 9.312051773071289 0.2
-19.254199981689453 7.381450653076172 9.300649642944336 0.2
-19.362899780273438 7.590747833251953 9.315950393676758 0.2
-19.592599868774414 7.604450225830078 9.394250869750977 0.2
-19.77720069885254 7.477348327636719 9.494550704956055 0.2
-19.804698944091797 7.2469482421875 9.554651260375977 0.2
-19.693199157714844 7.041950225830078 9.476751327514648 0.2
-19.629899978637695 6.880748748779297 9.305150985717773 0.2
-19.764999389648438 6.7839508056640625 9.131650924682617 0.2
-19.99880027770996 6.796150207519531 9.057249069213867 0.2
-20.087600708007812 7.007049560546875 8.99424934387207 0.2
-19.980499267578125 7.226047515869141 9.030851364135742 0.2
-19.86750030517578 7.405750274658203 9.155351638793945 0.2
-19.93739891052246 7.485050201416016 9.367551803588867 0.2
-20.152599334716797 7.436649322509766 9.478052139282227 0.2
-20.375 7.3399505615234375 9.44365119934082 0.2
-20.44529914855957 7.191047668457031 9.268049240112305 0.2
-20.359800338745117 7.021148681640625 9.10725212097168 0.2
-20.270299911499023 6.797950744628906 9.067251205444336 0.2
-20.322500228881836 6.595550537109375 9.189451217651367 0.2
-20.41309928894043 6.532447814941406 9.404352188110352 0.2
-20.343399047851562 6.663349151611328 9.593351364135742 0.2
-20.230100631713867 6.881950378417969 9.629949569702148 0.2
-20.210399627685547 7.125450134277344 9.62755012512207 0.2
-20.40920066833496 7.260650634765625 9.637151718139648 0.2
-20.648500442504883 7.2131500244140625 9.685850143432617 0.2
-20.789199829101562 7.027347564697266 9.756452560424805 0.2
-20.73710060119629 6.789051055908203 9.740350723266602 0.2
-20.627899169921875 6.589847564697266 9.636751174926758 0.2
-20.635000228881836 6.453147888183594 9.436651229858398 0.2
-20.82939910888672 6.427848815917969 9.284051895141602 0.2
-20.96809959411621 6.5874481201171875 9.172052383422852 0.2
-20.899700164794922 6.821647644042969 9.18745231628418 0.2
-20.773799896240234 7.0097503662109375 9.295949935913086 0.2
-20.774999618530273 7.160648345947266 9.484350204467773 0.2
-20.98150062561035 7.187248229980469 9.613351821899414 0.2
-21.22450065612793 7.141448974609375 9.588850021362305 0.2
-21.355998992919922 7.024448394775391 9.420351028442383 0.2
-21.291799545288086 6.842548370361328 9.262948989868164 0.2
-21.193599700927734 6.630748748779297 9.174352645874023 0.2
-21.20949935913086 6.3968505859375 9.239652633666992 0.2
-21.38290023803711 6.2879486083984375 9.381452560424805 0.2
-21.43239974975586 6.351650238037109 9.60835075378418 0.2
-21.32939910888672 6.547248840332031 9.722349166870117 0.2
-21.223899841308594 6.772850036621094 9.75935173034668 0.2
-21.291399002075195 7.002250671386719 9.732950210571289 0.2
-21.53059959411621 7.063549041748047 9.701051712036133 0.2
-21.760299682617188 6.968448638916016 9.717451095581055 0.2
-21.820899963378906 6.73394775390625 9.73735237121582 0.2
-21.731599807739258 6.502449035644531 9.69365119934082 0.2
-21.65329933166504 6.3056488037109375 9.564149856567383 0.2
-21.72749900817871 6.232349395751953 9.343549728393555 0.2
-21.88119888305664 6.325950622558594 9.175649642944336 0.2
-21.85140037536621 6.560947418212891 9.120450973510742 0.2
-21.734800338745117 6.755348205566406 9.229551315307617 0.2
-21.666099548339844 6.935249328613281 9.388849258422852 0.2
-21.8179988861084 7.051448822021484 9.538850784301758 0.2
-22.067699432373047 7.067447662353516 9.524251937866211 0.2
-22.246299743652344 7.012348175048828 9.362249374389648 0.2
-22.231698989868164 6.838649749755859 9.188352584838867 0.2
-22.133399963378906 6.62554931640625 9.093549728393555 0.2
-22.104900360107422 6.379749298095703 9.092050552368164 0.2
-22.276599884033203 6.224750518798828 9.177850723266602 0.2
-22.46470069885254 6.239948272705078 9.335851669311523 0.2
-22.43549919128418 6.397647857666016 9.521249771118164 0.2
-22.308198928833008 6.597850799560547 9.610052108764648 0.2
-22.239500045776367 6.834949493408203 9.63075065612793 0.2
-22.38279914855957 7.015148162841797 9.549051284790039 0.2
-22.62649917602539 7.0267486572265625 9.487852096557617 0.2
-22.812999725341797 6.866447448730469 9.484750747680664 0.2
-22.797800064086914 6.61724853515625 9.471651077270508 0.2
-22.71739959716797 6.383949279785156 9.418752670288086 0.2
-22.678298950195312 6.232448577880859 9.228750228881836 0.2
-22.787399291992188 6.259250640869141 9.006650924682617 0.2
-22.798999786376953 6.458148956298828 8.86775016784668 0.2
-22.69059944152832 6.671150207519531 8.940351486206055 0.2
-22.590200424194336 6.845249176025391 9.095949172973633 0.2
-22.635000228881836 7.016948699951172 9.264852523803711 0.2
-22.86479949951172 7.110248565673828 9.286050796508789 0.2
-23.071699142456055 7.131450653076172 9.144651412963867 0.2
-23.121999740600586 7.0202484130859375 8.932851791381836 0.2
-23.04450035095215 6.80364990234375 8.826848983764648 0.2
-22.981698989868164 6.56304931640625 8.778650283813477 0.2
-23.093799591064453 6.348850250244141 8.819551467895508 0.2
-23.34119987487793 6.325950622558594 8.863950729370117 0.2
-23.459199905395508 6.437648773193359 9.044549942016602 0.2
-23.368200302124023 6.615047454833984 9.19725227355957 0.2
-23.240798950195312 6.808349609375 9.297151565551758 0.2
-23.219600677490234 7.048248291015625 9.261251449584961 0.2
-23.38800048828125 7.180049896240234 9.132452011108398 0.2
-23.620698928833008 7.158451080322266 9.044549942016602 0.2
-23.74340057373047 6.948448181152344 9.018152236938477 0.2
-23.70989990234375 6.6990509033203125 8.99894905090332 0.2
-23.644498825073242 6.471748352050781 8.915952682495117 0.2
-23.621000289916992 6.400550842285156 8.683549880981445 0.2
-23.667400360107422 6.527149200439453 8.470552444458008 0.2
-23.56290054321289 6.745948791503906 8.439550399780273 0.2
-23.45870018005371 6.918750762939453 8.594049453735352 0.2
-23.40679931640625 7.085750579833984 8.776849746704102 0.2
-23.5487003326416 7.255847930908203 8.877752304077148 0.2
-23.754499435424805 7.3576507568359375 8.775751113891602 0.2
-23.866600036621094 7.367450714111328 8.553750991821289 0.2
-23.833200454711914 7.196647644042969 8.380151748657227 0.2
-23.76259994506836 6.960948944091797 8.317949295043945 0.2
-23.778499603271484 6.712749481201172 8.298250198364258 0.2
-23.99090003967285 6.592948913574219 8.295049667358398 0.2
-24.223800659179688 6.671150207519531 8.32444953918457 0.2
-24.27869987487793 6.82244873046875 8.50975227355957 0.2
-24.17009925842285 6.982448577880859 8.671449661254883 0.2
-24.048999786376953 7.1770477294921875 8.771551132202148 0.2
-24.04170036315918 7.4024505615234375 8.677549362182617 0.2
-24.188798904418945 7.5162506103515625 8.508050918579102 0.2
-24.392499923706055 7.459148406982422 8.383150100708008 0.2
-24.473299026489258 7.2279510498046875 8.346250534057617 0.2
-24.4606990814209 6.975948333740234 8.328149795532227 0.2
-24.385398864746094 6.776451110839844 8.20515251159668 0.2
-24.33300018310547 6.794548034667969 7.964349746704102 0.2
-24.247499465942383 6.971748352050781 7.817049026489258 0.2
-24.11669921875 7.157051086425781 7.914751052856445 0.2
-24.051599502563477 7.3020477294921875 8.112051010131836 0.2
-24.085500717163086 7.4808502197265625 8.27855110168457 0.2
-24.251998901367188 7.6589508056640625 8.24744987487793 0.2
-24.367700576782227 7.761447906494141 8.049951553344727 0.2
-24.365999221801758 7.70574951171875 7.811552047729492 0.2
-24.30699920654297 7.483650207519531 7.713350296020508 0.2
-24.274599075317383 7.236351013183594 7.677850723266602 0.2
-24.413299560546875 7.036350250244141 7.65245246887207 0.2
-24.648799896240234 7.0610504150390625 7.583250045776367 0.2
-24.827199935913086 7.207347869873047 7.660348892211914 0.2
-24.80929946899414 7.360649108886719 7.854452133178711 0.2
-24.699100494384766 7.5079498291015625 8.02705192565918 0.2
-24.584299087524414 7.7189483642578125 8.06505012512207 0.2
-24.595699310302734 7.907848358154297 7.904550552368164 0.2
-24.725399017333984 7.986248016357422 7.706048965454102 0.2
-24.886798858642578 7.85675048828125 7.582052230834961 0.2
-24.9429988861084 7.612449645996094 7.563451766967773 0.2
-24.92840003967285 7.3663482666015625 7.52385139465332 0.2
-24.804100036621094 7.249248504638672 7.35255241394043 0.2
-24.695600509643555 7.359050750732422 7.156450271606445 0.2
-24.52440071105957 7.530147552490234 7.164449691772461 0.2
-24.449100494384766 7.671348571777344 7.355550765991211 0.2
-24.446399688720703 7.816551208496094 7.558752059936523 0.2
-24.55270004272461 8.027347564697266 7.611551284790039 0.2
-24.641698837280273 8.194648742675781 7.45195198059082 0.2
-24.637800216674805 8.250450134277344 7.211751937866211 0.2
-24.571399688720703 8.093250274658203 7.040952682495117 0.2
-24.538700103759766 7.84735107421875 7.0050506591796875 0.2
-24.604598999023438 7.612449645996094 6.971351623535156 0.2
-24.817899703979492 7.556148529052734 6.877250671386719 0.2
-25.00149917602539 7.7030487060546875 6.795351028442383 0.2
-25.109498977661133 7.873348236083984 6.92864990234375 0.2
-25.05929946899414 8.000850677490234 7.137350082397461 0.2
-24.9414005279541 8.151348114013672 7.293149948120117 0.2
-24.8218994140625 8.352951049804688 7.237051010131836 0.2
-24.81719970703125 8.49945068359375 7.036251068115234 0.2
-24.923599243164062 8.516548156738281 6.81825065612793 0.2
-25.056798934936523 8.333450317382812 6.729351043701172 0.2
-25.12339973449707 8.093448638916016 6.7176513671875 0.2
-25.0497989654541 7.877449035644531 6.637750625610352 0.2
-24.875900268554688 7.8681488037109375 6.47075080871582 0.2
-24.681299209594727 7.9978485107421875 6.407951354980469 0.2
-24.550800323486328 8.128250122070312 6.566051483154297 0.2
-24.554500579833984 8.251350402832031 6.783050537109375 0.2
-24.622900009155273 8.446949005126953 6.907350540161133 0.2
-24.673500061035156 8.659748077392578 6.801151275634766 0.2
-24.635700225830078 8.781848907470703 6.589651107788086 0.2
-24.535600662231445 8.719249725341797 6.381650924682617 0.2
-24.49370002746582 8.487648010253906 6.315650939941406 0.2
-24.538000106811523 8.244548797607422 6.2969512939453125 0.2
-24.71660041809082 8.122650146484375 6.196451187133789 0.2
-24.859800338745117 8.23904800415039 6.035650253295898 0.2
-24.987199783325195 8.442550659179688 6.024351119995117 0.2
-25.032400131225586 8.590351104736328 6.211551666259766 0.2
-24.971500396728516 8.697547912597656 6.425750732421875 0.2
-24.81089973449707 8.858848571777344 6.4967498779296875 0.2
-24.68869972229004 9.017250061035156 6.356250762939453 0.2
-24.66429901123047 9.108848571777344 6.130550384521484 0.2
-24.777799606323242 9.031349182128906 5.937950134277344 0.2
-24.90850067138672 8.826850891113281 5.8948516845703125 0.2
-24.929899215698242 8.587749481201172 5.866451263427734 0.2
-24.751298904418945 8.461250305175781 5.777250289916992 0.2
-24.529800415039062 8.532649993896484 5.698150634765625 0.2
-24.350799560546875 8.632949829101562 5.82025146484375 0.2
-24.348400115966797 8.74625015258789 6.0368499755859375 0.2
-24.42259979248047 8.919750213623047 6.189050674438477 0.2
-24.45009994506836 9.150848388671875 6.137050628662109 0.2
-24.365999221801758 9.301849365234375 5.963251113891602 0.2
-24.223600387573242 9.312049865722656 5.769350051879883 0.2
-24.13759994506836 9.111747741699219 5.677249908447266 0.2
-24.180299758911133 8.869049072265625 5.676250457763672 0.2
-24.332199096679688 8.711849212646484 5.581850051879883 0.2
-24.45240020751953 8.778549194335938 5.388851165771484 0.2
-24.513898849487305 8.980449676513672 5.271251678466797 0.2
-24.617399215698242 9.17184829711914 5.366250991821289 0.2
-24.63249969482422 9.273250579833984 5.588850021362305 0.2
-24.50510025024414 9.39215087890625 5.749351501464844 0.2
-24.31869888305664 9.532550811767578 5.69005012512207 0.2
-24.194900512695312 9.643150329589844 5.51085090637207 0.2
-24.209400177001953 9.633949279785156 5.276950836181641 0.2
-24.357799530029297 9.480949401855469 5.166049957275391 0.2
-24.44700050354004 9.257549285888672 5.146450042724609 0.2
-24.314800262451172 9.065349578857422 5.125051498413086 0.2
-24.072599411010742 9.067649841308594 5.092851638793945 0.2
-23.875699996948242 9.130847930908203 5.206550598144531 0.2
-23.877500534057617 9.233551025390625 5.422750473022461 0.2
-23.97679901123047 9.401451110839844 5.5657501220703125 0.2
-23.98110008239746 9.631149291992188 5.519550323486328 0.2
-23.848899841308594 9.780250549316406 5.378850936889648 0.2
-23.658100128173828 9.808948516845703 5.235651016235352 0.2
-23.53849983215332 9.626548767089844 5.155450820922852 0.2
-23.595199584960938 9.390148162841797 5.161550521850586 0.2
-23.744199752807617 9.23434829711914 5.066551208496094 0.2
-23.827999114990234 9.289947509765625 4.856550216674805 0.2
-23.825698852539062 9.475650787353516 4.696550369262695 0.2
-23.919599533081055 9.688247680664062 4.715051651000977 0.2
-23.992700576782227 9.804847717285156 4.913150787353516 0.2
-23.902599334716797 9.902748107910156 5.106050491333008 0.2
-23.686500549316406 10.001049041748047 5.102750778198242 0.2
-23.50160026550293 10.097850799560547 4.977651596069336 0.2
-23.431900024414062 10.105449676513672 4.7550506591796875 0.2
-23.564599990844727 9.98965072631836 4.597551345825195 0.2
-23.696699142456055 9.792247772216797 4.564950942993164 0.2
-23.608400344848633 9.58034896850586 4.589750289916992 0.2
-23.37540054321289 9.534347534179688 4.631450653076172 0.2
-23.189599990844727 9.550148010253906 4.774650573730469 0.2
-23.215700149536133 9.647350311279297 4.987251281738281 0.2
-23.33099937438965 9.827949523925781 5.094449996948242 0.2
-23.296998977661133 10.050350189208984 5.041250228881836 0.2
-23.114099502563477 10.16994857788086 4.93535041809082 0.2
-22.888198852539062 10.18124771118164 4.85875129699707 0.2
-22.765199661254883 9.990348815917969 4.821050643920898 0.2
-22.850000381469727 9.765449523925781 4.82805061340332 0.2
-22.99329948425293 9.636348724365234 4.696550369262695 0.2
-23.004899978637695 9.70174789428711 4.473051071166992 0.2
-22.93589973449707 9.872650146484375 4.312351226806641 0.2
-23.00659942626953 10.089347839355469 4.287351608276367 0.2
-23.129499435424805 10.211849212646484 4.4537506103515625 0.2
-23.07979965209961 10.29425048828125 4.665349960327148 0.2
-22.851499557495117 10.350448608398438 4.701751708984375 0.2
-22.635299682617188 10.418148040771484 4.612649917602539 0.2
-22.525100708007812 10.381549835205078 4.411251068115234 0.2
-22.634899139404297 10.25455093383789 4.244350433349609 0.2
-22.713199615478516 10.036048889160156 4.22235107421875 0.2
-22.5718994140625 9.873249053955078 4.313850402832031 0.2
-22.385099411010742 9.820549011230469 4.461151123046875 0.2
-22.366899490356445 9.863048553466797 4.688051223754883 0.2
-22.494998931884766 10.022148132324219 4.817150115966797 0.2
-22.539899826049805 10.251251220703125 4.799951553344727 0.2
-22.37849998474121 10.364151000976562 4.671649932861328 0.2
-22.14430046081543 10.38344955444336 4.606651306152344 0.2
-21.90019989013672 10.393447875976562 4.620550155639648 0.2
-21.731800079345703 10.25054931640625 4.689750671386719 0.2
-21.81060028076172 10.03194808959961 4.72035026550293 0.2
-22.011999130249023 9.90694808959961 4.669450759887695 0.2
-22.15130043029785 9.874248504638672 4.483449935913086 0.2
-22.0939998626709 9.956550598144531 4.267850875854492 0.2
-21.96500015258789 10.105548858642578 4.128049850463867 0.2
-21.92840003967285 10.328750610351562 4.1748504638671875 0.2
-21.883899688720703 10.45644760131836 4.3717498779296875 0.2
-21.67329978942871 10.511848449707031 4.463350296020508 0.2
-21.435298919677734 10.53125 4.41455078125 0.2
-21.284099578857422 10.546947479248047 4.238151550292969 0.2
-21.370399475097656 10.467449188232422 4.037250518798828 0.2
-21.570199966430664 10.347747802734375 3.973051071166992 0.2
-21.707500457763672 10.162349700927734 4.023050308227539 0.2
-21.641698837280273 10.000049591064453 4.180450439453125 0.2
-21.48270034790039 9.938350677490234 4.356550216674805 0.2
-21.41069984436035 10.021549224853516 4.560649871826172 0.2
-21.40369987487793 10.256248474121094 4.601449966430664 0.2
-21.283899307250977 10.457149505615234 4.567150115966797 0.2
-21.055999755859375 10.533950805664062 4.587850570678711 0.2
-20.833799362182617 10.498748779296875 4.671850204467773 0.2
-20.770000457763672 10.301948547363281 4.771251678466797 0.2
-20.912799835205078 10.110549926757812 4.777250289916992 0.2
-21.103500366210938 9.980148315429688 4.704050064086914 0.2
-21.21150016784668 9.897850036621094 4.513551712036133 0.2
-21.10449981689453 9.932647705078125 4.317750930786133 0.2
-20.929899215698242 10.032848358154297 4.239450454711914 0.2
-20.828899383544922 10.21004867553711 4.185050964355469 0.2
-20.857398986816406 10.407848358154297 4.25145149230957 0.2
-20.833999633789062 10.544147491455078 4.407751083374023 0.2
-20.66349983215332 10.578548431396484 4.527950286865234 0.2
-20.453899383544922 10.557350158691406 4.572351455688477 0.2
-20.25860023498535 10.509147644042969 4.509851455688477 0.2
-20.228500366210938 10.430950164794922 4.322351455688477 0.2
-20.36009979248047 10.335147857666016 4.186750411987305 0.2
-20.44499969482422 10.149749755859375 4.187450408935547 0.2
-20.376399993896484 9.972248077392578 4.290651321411133 0.2
-20.32390022277832 9.829547882080078 4.437551498413086 0.2
-20.39229965209961 9.836849212646484 4.631650924682617 0.2
-20.498899459838867 9.995250701904297 4.721050262451172 0.2
-20.55699920654297 10.200748443603516 4.729850769042969 0.2
-20.475900650024414 10.391948699951172 4.733051300048828 0.2
-20.272600173950195 10.453849792480469 4.7409515380859375 0.2
-20.061800003051758 10.418750762939453 4.747350692749023 0.2
-19.92409896850586 10.264850616455078 4.785150527954102 0.2
-19.912099838256836 10.050251007080078 4.765251159667969 0.2
-19.781700134277344 9.891548156738281 4.733650207519531 0.2
-19.571699142456055 9.856147766113281 4.715950012207031 0.2
-19.387699127197266 9.903148651123047 4.6197509765625 0.2
