-6.202659606933594 -10.09334945678711 6.650951385498047 0.2
-6.165589332580566 -10.164451599121094 6.832550048828125 0.2
-6.239640235900879 -10.328849792480469 6.920351028442383 0.2
-6.299980163574219 -10.514850616455078 6.872350692749023 0.2
-6.314069747924805 -10.69525146484375 6.783550262451172 0.2
-6.209099769592285 -10.85274887084961 6.714151382446289 0.2
-6.03931999206543 -10.93014907836914 6.779951095581055 0.2
-5.928249359130859 -10.934551239013672 6.947851181030273 0.2
-5.936059951782227 -10.85824966430664 7.130449295043945 0.2
-6.035869598388672 -10.695549011230469 7.193052291870117 0.2
-6.108449935913086 -10.512649536132812 7.145849227905273 0.2
-6.121039390563965 -10.323650360107422 7.075952529907227 0.2
-6.000189781188965 -10.165950775146484 7.049951553344727 0.2
-5.843629837036133 -10.111751556396484 7.160951614379883 0.2
-5.749849319458008 -10.145149230957031 7.344350814819336 0.2
-5.78971004486084 -10.286849975585938 7.492551803588867 0.2
-5.866909980773926 -10.484451293945312 7.481050491333008 0.2
-5.901979446411133 -10.675350189208984 7.392549514770508 0.2
-5.827289581298828 -10.852550506591797 7.304952621459961 0.2
-5.6470794677734375 -10.948749542236328 7.344751358032227 0.2
-5.515089988708496 -10.960651397705078 7.510751724243164 0.2
-5.507390022277832 -10.886951446533203 7.705350875854492 0.2
-5.608570098876953 -10.716651916503906 7.77964973449707 0.2
-5.685759544372559 -10.524650573730469 7.728952407836914 0.2
-5.691869735717773 -10.32564926147461 7.656049728393555 0.2
-5.54932975769043 -10.1728515625 7.645051956176758 0.2
-5.389609336853027 -10.135250091552734 7.77745246887207 0.2
-5.311860084533691 -10.187751770019531 7.966150283813477 0.2
-5.367639541625977 -10.34804916381836 8.089151382446289 0.2
-5.438220024108887 -10.545051574707031 8.052850723266602 0.2
-5.464749336242676 -10.735050201416016 7.960248947143555 0.2
-5.360119819641113 -10.902252197265625 7.884050369262695 0.2
-5.178170204162598 -10.97854995727539 7.952051162719727 0.2
-5.057079315185547 -10.976348876953125 8.126951217651367 0.2
-5.068860054016113 -10.88344955444336 8.313249588012695 0.2
-5.169039726257324 -10.703250885009766 8.359052658081055 0.2
-5.2423295974731445 -10.511051177978516 8.300649642944336 0.2
-5.225059509277344 -10.312252044677734 8.227949142456055 0.2
-5.064359664916992 -10.17905044555664 8.238950729370117 0.2
-4.906899929046631 -10.15945053100586 8.386049270629883 0.2
-4.843050003051758 -10.239551544189453 8.583150863647461 0.2
-4.9137396812438965 -10.431652069091797 8.667551040649414 0.2
-4.981599807739258 -10.636051177978516 8.599752426147461 0.2
-4.972289562225342 -10.834949493408203 8.496450424194336 0.2
-4.8009796142578125 -10.96915054321289 8.462850570678711 0.2
-4.619489669799805 -10.99365234375 8.59214973449707 0.2
-4.525579929351807 -10.913349151611328 8.780252456665039 0.2
-4.586309909820557 -10.725849151611328 8.879049301147461 0.2
-4.698769569396973 -10.530349731445312 8.858251571655273 0.2
-4.719729900360107 -10.322952270507812 8.780050277709961 0.2
-4.550959587097168 -10.196949005126953 8.714349746704102 0.2
-4.339959621429443 -10.233650207519531 8.667951583862305 0.2
-4.271629810333252 -10.394752502441406 8.550851821899414 0.2
-4.342489719390869 -10.584850311279297 8.483152389526367 0.2
-4.42048978805542 -10.782951354980469 8.481351852416992 0.2
-4.391019821166992 -10.944450378417969 8.61345100402832 0.2
-4.247259616851807 -10.985252380371094 8.767049789428711 0.2
-4.057119846343994 -10.927749633789062 8.838750839233398 0.2
-3.947939872741699 -10.757251739501953 8.780149459838867 0.2
-3.9970498085021973 -10.558952331542969 8.716650009155273 0.2
-4.091839790344238 -10.367252349853516 8.706850051879883 0.2
-4.14886999130249 -10.216850280761719 8.84425163269043 0.2
-4.05109977722168 -10.166450500488281 9.024751663208008 0.2
-3.866109848022461 -10.182750701904297 9.131052017211914 0.2
-3.6892499923706055 -10.287750244140625 9.089349746704102 0.2
-3.67264986038208 -10.470451354980469 8.981351852416992 0.2
-3.7452898025512695 -10.661750793457031 8.913850784301758 0.2
-3.81227970123291 -10.857749938964844 8.963750839233398 0.2
-3.7536497116088867 -10.968952178955078 9.13224983215332 0.2
-3.5787196159362793 -10.975349426269531 9.256750106811523 0.2
-3.3861398696899414 -10.889450073242188 9.27345085144043 0.2
-3.3304595947265625 -10.702449798583984 9.190851211547852 0.2
-3.41025972366333 -10.507152557373047 9.144750595092773 0.2
-3.504349708557129 -10.318649291992188 9.185850143432617 0.2
-3.4909796714782715 -10.195850372314453 9.357450485229492 0.2
-3.326629638671875 -10.165752410888672 9.492452621459961 0.2
-3.1182899475097656 -10.199748992919922 9.526948928833008 0.2
-2.9982895851135254 -10.337249755859375 9.419351577758789 0.2
-3.043219566345215 -10.527751922607422 9.328752517700195 0.2
-3.126929759979248 -10.725650787353516 9.306852340698242 0.2
-3.1354098320007324 -10.899452209472656 9.427850723266602 0.2
-2.9850597381591797 -10.956050872802734 9.56865119934082 0.2
-2.779439926147461 -10.923648834228516 9.624750137329102 0.2
-2.6381096839904785 -10.781452178955078 9.556352615356445 0.2
-2.675759792327881 -10.581649780273438 9.487051010131836 0.2
-2.7796096801757812 -10.391151428222656 9.485250473022461 0.2
-2.8250298500061035 -10.22774887084961 9.614450454711914 0.2
-2.6953296661376953 -10.162052154541016 9.770452499389648 0.2
-2.490389823913574 -10.159252166748047 9.841550827026367 0.2
-2.2955799102783203 -10.226150512695312 9.777151107788086 0.2
-2.273249626159668 -10.407051086425781 9.645650863647461 0.2
-2.3675599098205566 -10.610252380371094 9.595449447631836 0.2
-2.422759532928467 -10.817451477050781 9.66254997253418 0.2
-2.3031296730041504 -10.925048828125 9.817651748657227 0.2
-2.0855698585510254 -10.922050476074219 9.888650894165039 0.2
-1.9001898765563965 -10.81195068359375 9.828649520874023 0.2
-1.9042696952819824 -10.605449676513672 9.739252090454102 0.2
-2.0077896118164062 -10.400550842285156 9.727151870727539 0.2
-2.0588598251342773 -10.215652465820312 9.843950271606445 0.2
-1.9142799377441406 -10.136150360107422 9.995550155639648 0.2
-1.688929557800293 -10.104251861572266 10.030252456665039 0.2
-1.4611296653747559 -10.079551696777344 10.049650192260742 0.2
-1.2673697471618652 -10.10634994506836 10.160551071166992 0.2
-1.3019099235534668 -10.243148803710938 10.333250045776367 0.2
-1.4679899215698242 -10.401752471923828 10.342950820922852 0.2
-1.6381797790527344 -10.549049377441406 10.303152084350586 0.2
-1.7747197151184082 -10.715450286865234 10.22865104675293 0.2
-1.71589994430542 -10.880451202392578 10.093252182006836 0.2
-1.4968695640563965 -10.932750701904297 10.078851699829102 0.2
-1.2975897789001465 -10.90114974975586 10.182550430297852 0.2
-1.210709571838379 -10.75345230102539 10.330949783325195 0.2
-1.1707496643066406 -10.53525161743164 10.387552261352539 0.2
-1.1192097663879395 -10.312751770019531 10.397748947143555 0.2
-1.0096797943115234 -10.13814926147461 10.310552597045898 0.2
-0.810269832611084 -10.112751007080078 10.237951278686523 0.2
-0.6168098449707031 -10.197151184082031 10.280149459838867 0.2
-0.6072697639465332 -10.372051239013672 10.406351089477539 0.2
-0.7606897354125977 -10.524650573730469 10.436250686645508 0.2
-0.927919864654541 -10.66025161743164 10.41505241394043 0.2
-1.029019832611084 -10.8238525390625 10.316350936889648 0.2
-0.9115097522735596 -10.947551727294922 10.193849563598633 0.2
-0.6989097595214844 -10.951251983642578 10.225950241088867 0.2
-0.5597498416900635 -10.846752166748047 10.354349136352539 0.2
-0.5070497989654541 -10.648750305175781 10.431451797485352 0.2
-0.45198988914489746 -10.43735122680664 10.432352066040039 0.2
-0.3350198268890381 -10.277751922607422 10.343050003051758 0.2
-0.13064980506896973 -10.268051147460938 10.278051376342773 0.2
0.040740251541137695 -10.36614990234375 10.35255241394043 0.2
-0.037599802017211914 -10.50265121459961 10.49165153503418 0.2
-0.21269989013671875 -10.636249542236328 10.479249954223633 0.2
-0.350719690322876 -10.796749114990234 10.431951522827148 0.2
-0.3868696689605713 -10.963748931884766 10.296552658081055 0.2
-0.22912979125976562 -11.076652526855469 10.211549758911133 0.2
-0.04063987731933594 -11.096549987792969 10.302549362182617 0.2
-0.037349700927734375 -10.967151641845703 10.474149703979492 0.2
-0.05456972122192383 -10.754852294921875 10.529748916625977 0.2
0.07239031791687012 -10.586051940917969 10.61235237121582 0.2
0.05175018310546875 -10.546749114990234 10.813451766967773 0.2
-0.15796971321105957 -10.541450500488281 10.853849411010742 0.2
-0.3129298686981201 -10.666950225830078 10.76875114440918 0.2
-0.27391982078552246 -10.859149932861328 10.670949935913086 0.2
-0.15815973281860352 -11.027149200439453 10.597051620483398 0.2
0.019990205764770508 -11.155250549316406 10.593450546264648 0.2
0.14178013801574707 -11.222450256347656 10.755849838256836 0.2
0.04763031005859375 -11.242450714111328 10.947351455688477 0.2
-0.14071965217590332 -11.14255142211914 10.976251602172852 0.2
-0.2878596782684326 -10.988948822021484 10.93174934387207 0.2
-0.420029878616333 -10.825149536132812 10.879549026489258 0.2
-0.47696971893310547 -10.623851776123047 10.828851699829102 0.2
-0.4258997440338135 -10.410152435302734 10.836450576782227 0.2
-0.33360981941223145 -10.291252136230469 10.983449935913086 0.2
-0.26118969917297363 -10.422950744628906 11.137350082397461 0.2
-0.1769697666168213 -10.623851776123047 11.150949478149414 0.2
-0.09203982353210449 -10.822250366210938 11.134950637817383 0.2
0.001440286636352539 -11.015151977539062 11.106252670288086 0.2
0.1539602279663086 -11.129249572753906 10.998750686645508 0.2
0.3234102725982666 -11.051448822021484 10.885652542114258 0.2
0.3994901180267334 -10.859149932861328 10.941251754760742 0.2
0.2914702892303467 -10.687950134277344 11.033651351928711 0.2
0.1360001564025879 -10.54465103149414 11.078950881958008 0.2
-0.022499799728393555 -10.401050567626953 11.111650466918945 0.2
-0.16446971893310547 -10.252250671386719 11.037050247192383 0.2
-0.10295987129211426 -10.125850677490234 10.876951217651367 0.2
0.10245013236999512 -10.061149597167969 10.87495231628418 0.2
0.278400182723999 -10.090751647949219 10.993951797485352 0.2
0.3572702407836914 -10.261749267578125 11.098249435424805 0.2
0.4311401844024658 -10.465450286865234 11.093050003051758 0.2
0.5135502815246582 -10.662052154541016 11.056051254272461 0.2
0.5693502426147461 -10.849052429199219 10.959150314331055 0.2
0.6945102214813232 -10.926952362060547 10.802549362182617 0.2
0.898280143737793 -10.891250610351562 10.746850967407227 0.2
1.0071101188659668 -10.777851104736328 10.883951187133789 0.2
0.9038703441619873 -10.632251739501953 11.013849258422852 0.2
0.7594401836395264 -10.480350494384766 11.063852310180664 0.2
0.6140701770782471 -10.324050903320312 11.093851089477539 0.2
0.5122201442718506 -10.153751373291016 11.009252548217773 0.2
0.624340295791626 -10.065750122070312 10.856550216674805 0.2
0.8379602432250977 -10.084251403808594 10.828851699829102 0.2
1.0475902557373047 -10.124252319335938 10.859949111938477 0.2
1.1686701774597168 -10.235149383544922 10.995149612426758 0.2
1.1508302688598633 -10.437950134277344 11.064950942993164 0.2
1.1263902187347412 -10.644851684570312 11.00575065612793 0.2
1.2331602573394775 -10.79854965209961 10.892450332641602 0.2
1.429610252380371 -10.833351135253906 10.961050033569336 0.2
1.5199902057647705 -10.750751495361328 11.137151718139648 0.2
1.4767202138900757 -10.557151794433594 11.218648910522461 0.2
1.3799302577972412 -10.370948791503906 11.165151596069336 0.2
1.36745023727417 -10.203948974609375 11.029748916625977 0.2
1.5373002290725708 -10.123851776123047 10.932950973510742 0.2
1.748230218887329 -10.1302490234375 10.979249954223633 0.2
1.8670802116394043 -10.215251922607422 11.133150100708008 0.2
1.8103501796722412 -10.385749816894531 11.250349044799805 0.2
1.7104601860046387 -10.577850341796875 11.261251449584961 0.2
1.715050220489502 -10.780052185058594 11.183950424194336 0.2
1.8816301822662354 -10.901050567626953 11.127649307250977 0.2
2.087423324584961 -10.90945053100586 11.182649612426758 0.2
2.1725363731384277 -10.759552001953125 11.30525016784668 0.2
2.1188411712646484 -10.551250457763672 11.31825065612793 0.2
2.0540871620178223 -10.354049682617188 11.256452560424805 0.2
2.112039089202881 -10.201652526855469 11.116449356079102 0.2
2.31205415725708 -10.158451080322266 11.054750442504883 0.2
2.5183072090148926 -10.187149047851562 11.110651016235352 0.2
2.5978972911834717 -10.321151733398438 11.265649795532227 0.2
2.5055770874023438 -10.517349243164062 11.333951950073242 0.2
2.3906521797180176 -10.71514892578125 11.322351455688477 0.2
2.4009313583374023 -10.909648895263672 11.208452224731445 0.2
2.594027280807495 -11.002552032470703 11.138650894165039 0.2
2.8153772354125977 -10.998649597167969 11.188352584838867 0.2
2.9194719791412354 -10.851150512695312 11.319650650024414 0.2
2.8735551834106445 -10.629951477050781 11.350851058959961 0.2
2.81160831451416 -10.412952423095703 11.310251235961914 0.2
2.8715741634368896 -10.241950988769531 11.176149368286133 0.2
3.080899238586426 -10.196052551269531 11.100149154663086 0.2
3.2875382900238037 -10.25155258178711 11.023550033569336 0.2
3.3308472633361816 -10.425552368164062 10.902650833129883 0.2
3.2413291931152344 -10.62234878540039 10.882650375366211 0.2
3.149646282196045 -10.81624984741211 10.918050765991211 0.2
3.1834471225738525 -10.983348846435547 11.046651840209961 0.2
3.3748083114624023 -11.042251586914062 11.125650405883789 0.2
3.5926692485809326 -11.04384994506836 11.123449325561523 0.2
3.7874252796173096 -10.99365234375 11.04585075378418 0.2
3.8283653259277344 -10.833751678466797 10.910551071166992 0.2
3.741838216781616 -10.636749267578125 10.87394905090332 0.2
3.653430223464966 -10.437850952148438 10.896051406860352 0.2
3.689725160598755 -10.260848999023438 11.010351181030273 0.2
3.8848111629486084 -10.196849822998047 11.07695198059082 0.2
4.100800514221191 -10.208450317382812 11.047151565551758 0.2
4.230930328369141 -10.322650909423828 10.921049118041992 0.2
4.192580223083496 -10.523250579833984 10.849851608276367 0.2
4.102140426635742 -10.722148895263672 10.864252090454102 0.2
4.078000068664551 -10.915752410888672 10.956552505493164 0.2
4.2316999435424805 -11.0135498046875 11.068952560424805 0.2
4.4501800537109375 -11.015251159667969 11.066652297973633 0.2
4.623300075531006 -10.945049285888672 10.959150314331055 0.2
4.627340316772461 -10.770751953125 10.833150863647461 0.2
4.533470153808594 -10.5738525390625 10.816652297973633 0.2
4.470300197601318 -10.371551513671875 10.866949081420898 0.2
4.576030254364014 -10.222850799560547 10.979951858520508 0.2
4.790520191192627 -10.186649322509766 10.993951797485352 0.2
4.986350059509277 -10.226451873779297 10.908651351928711 0.2
5.034339904785156 -10.387550354003906 10.77495002746582 0.2
4.952690124511719 -10.589550018310547 10.757951736450195 0.2
4.879310131072998 -10.788749694824219 10.810850143432617 0.2
4.9604902267456055 -10.94375228881836 10.935552597045898 0.2
5.1726202964782715 -10.9781494140625 10.966150283813477 0.2
5.371540069580078 -10.93905258178711 10.88585090637207 0.2
5.431830406188965 -10.795848846435547 10.737249374389648 0.2
5.349890232086182 -10.597850799560547 10.694952011108398 0.2
5.270590305328369 -10.3968505859375 10.732049942016602 0.2
5.345360279083252 -10.226551055908203 10.840749740600586 0.2
5.554730415344238 -10.171249389648438 10.862951278686523 0.2
5.7625203132629395 -10.184249877929688 10.793851852416992 0.2
5.859300136566162 -10.317852020263672 10.64375114440918 0.2
5.787520408630371 -10.532649993896484 10.603551864624023 0.2
5.709860324859619 -10.743751525878906 10.660051345825195 0.2
5.805049896240234 -10.908050537109375 10.782651901245117 0.2
6.031650543212891 -10.943851470947266 10.792749404907227 0.2
6.225250244140625 -10.891551971435547 10.682050704956055 0.2
6.247610092163086 -10.713451385498047 10.543649673461914 0.2
6.160099983215332 -10.498550415039062 10.529951095581055 0.2
6.1418304443359375 -10.282150268554688 10.60255241394043 0.2
6.320420265197754 -10.165050506591797 10.678750991821289 0.2
6.550080299377441 -10.144851684570312 10.646051406860352 0.2
6.77517032623291 -10.136749267578125 10.595151901245117 0.2
7.000460147857666 -10.130550384521484 10.545049667358398 0.2
7.232020378112793 -10.147651672363281 10.541952133178711 0.2
7.3373703956604 -10.264350891113281 10.701452255249023 0.2
7.211750030517578 -10.428150177001953 10.803850173950195 0.2
7.04140043258667 -10.57925033569336 10.844350814819336 0.2
6.882260322570801 -10.748249053955078 10.845651626586914 0.2
6.870500564575195 -10.922950744628906 10.705949783325195 0.2
7.067270278930664 -10.982250213623047 10.603952407836914 0.2
7.293460369110107 -10.947952270507812 10.629049301147461 0.2
7.418750286102295 -10.780349731445312 10.724752426147461 0.2
7.476720333099365 -10.55685043334961 10.741552352905273 0.2
7.528810024261475 -10.333148956298828 10.711648941040039 0.2
7.612210273742676 -10.181652069091797 10.576650619506836 0.2
7.791590213775635 -10.18545150756836 10.45265007019043 0.2
7.987100124359131 -10.278350830078125 10.465150833129883 0.2
8.01653003692627 -10.423351287841797 10.625452041625977 0.2
7.875950336456299 -10.57564926147461 10.69944953918457 0.2
7.71690034866333 -10.723251342773438 10.717752456665039 0.2
7.575860023498535 -10.885051727294922 10.679849624633789 0.2
7.591750144958496 -11.038749694824219 10.532049179077148 0.2
7.787160396575928 -11.107452392578125 10.473649978637695 0.2
7.983260154724121 -11.058151245117188 10.559152603149414 0.2
8.077199935913086 -10.8780517578125 10.641851425170898 0.2
8.126779556274414 -10.66775131225586 10.668050765991211 0.2
8.176790237426758 -10.466251373291016 10.604150772094727 0.2
8.266730308532715 -10.439552307128906 10.41505241394043 0.2
8.398019790649414 -10.605350494384766 10.379549026489258 0.2
8.44221019744873 -10.805252075195312 10.452051162719727 0.2
8.344230651855469 -10.980449676513672 10.532251358032227 0.2
8.185770034790039 -11.12485122680664 10.569551467895508 0.2
8.033430099487305 -11.235252380371094 10.46565055847168 0.2
8.029170036315918 -11.284351348876953 10.25575065612793 0.2
8.179670333862305 -11.216949462890625 10.125249862670898 0.2
8.310649871826172 -11.060550689697266 10.208551406860352 0.2
8.347200393676758 -10.872550964355469 10.311552047729492 0.2
8.203580856323242 -10.707450866699219 10.343149185180664 0.2
7.986630439758301 -10.717849731445312 10.318849563598633 0.2
7.801630020141602 -10.67715072631836 10.222452163696289 0.2
7.858580112457275 -10.514949798583984 10.130151748657227 0.2
8.058330535888672 -10.604652404785156 10.137552261352539 0.2
8.134960174560547 -10.811450958251953 10.119749069213867 0.2
8.195280075073242 -11.012649536132812 10.047151565551758 0.2
8.28799057006836 -11.061050415039062 9.860452651977539 0.2
8.435660362243652 -10.924152374267578 9.791452407836914 0.2
8.459989547729492 -10.746749877929688 9.907251358032227 0.2
8.323470115661621 -10.611549377441406 10.022050857543945 0.2
8.188949584960938 -10.470149993896484 10.11414909362793 0.2
8.003020286560059 -10.372550964355469 10.166051864624023 0.2
7.854220390319824 -10.273651123046875 10.05095100402832 0.2
7.94782018661499 -10.124752044677734 9.93535041809082 0.2
8.147790908813477 -10.050651550292969 9.960851669311523 0.2
8.304630279541016 -10.142749786376953 10.07655143737793 0.2
8.402440071105957 -10.335151672363281 10.08995246887207 0.2
8.494790077209473 -10.524848937988281 10.043149948120117 0.2
8.600360870361328 -10.702751159667969 9.962549209594727 0.2
8.781370162963867 -10.755149841308594 9.858549118041992 0.2
8.93358039855957 -10.614051818847656 9.882551193237305 0.2
8.850120544433594 -10.426349639892578 9.960649490356445 0.2
8.683210372924805 -10.292152404785156 9.991350173950195 0.2
8.506540298461914 -10.167049407958984 10.007349014282227 0.2
8.362890243530273 -10.046150207519531 9.890352249145508 0.2
8.465259552001953 -9.960552215576172 9.728849411010742 0.2
8.67789077758789 -9.946151733398438 9.700651168823242 0.2
8.851579666137695 -10.02764892578125 9.789651870727539 0.2
8.949090003967285 -10.201751708984375 9.876852035522461 0.2
9.053020477294922 -10.38705062866211 9.911951065063477 0.2
9.098899841308594 -10.594852447509766 9.886350631713867 0.2
9.115680694580078 -10.746551513671875 9.734552383422852 0.2
9.226550102233887 -10.778152465820312 9.55885124206543 0.2
9.383859634399414 -10.635749816894531 9.558752059936523 0.2
9.352970123291016 -10.44205093383789 9.647249221801758 0.2
9.222129821777344 -10.291648864746094 9.726449966430664 0.2
9.071260452270508 -10.140151977539062 9.74894905090332 0.2
9.020450592041016 -10.010452270507812 9.589349746704102 0.2
9.184040069580078 -10.010848999023438 9.458349227905273 0.2
9.385990142822266 -10.074649810791016 9.42445182800293 0.2
9.584020614624023 -10.154949188232422 9.445051193237305 0.2
9.671319961547852 -10.324050903320312 9.540952682495117 0.2
9.623860359191895 -10.532951354980469 9.561952590942383 0.2
9.529390335083008 -10.721050262451172 9.51515007019043 0.2
9.475709915161133 -10.857349395751953 9.35944938659668 0.2
9.617469787597656 -10.924652099609375 9.217451095581055 0.2
9.830850601196289 -10.930252075195312 9.214448928833008 0.2
9.953229904174805 -10.832649230957031 9.356752395629883 0.2
9.929519653320312 -10.648651123046875 9.466650009155273 0.2
9.869100570678711 -10.447551727294922 9.516050338745117 0.2
9.848930358886719 -10.242351531982422 9.454351425170898 0.2
9.983480453491211 -10.139949798583984 9.326848983764648 0.2
10.190120697021484 -10.157249450683594 9.270051956176758 0.2
10.336650848388672 -10.298450469970703 9.324552536010742 0.2
10.29911994934082 -10.501949310302734 9.38075065612793 0.2
10.181440353393555 -10.682048797607422 9.366449356079102 0.2
10.107600212097168 -10.84735107421875 9.249250411987305 0.2
10.209030151367188 -10.944351196289062 9.089849472045898 0.2
10.416650772094727 -10.967552185058594 9.041849136352539 0.2
10.585420608520508 -10.887752532958984 9.138750076293945 0.2
10.60287094116211 -10.704551696777344 9.248250961303711 0.2
10.552020072937012 -10.501651763916016 9.299951553344727 0.2
10.518250465393066 -10.29465103149414 9.255849838256836 0.2
10.612890243530273 -10.173648834228516 9.111051559448242 0.2
10.805480003356934 -10.168048858642578 9.01555061340332 0.2
10.997119903564453 -10.277950286865234 9.029851913452148 0.2
11.007530212402344 -10.485649108886719 9.111150741577148 0.2
10.887410163879395 -10.676651000976562 9.136751174926758 0.2
10.77202033996582 -10.85995101928711 9.074350357055664 0.2
10.80370044708252 -10.980152130126953 8.89055061340332 0.2
10.992589950561523 -11.015949249267578 8.770849227905273 0.2
11.211060523986816 -10.971649169921875 8.783349990844727 0.2
11.302630424499512 -10.801151275634766 8.892549514770508 0.2
11.264490127563477 -10.592350006103516 8.972551345825195 0.2
11.21226978302002 -10.373249053955078 8.976251602172852 0.2
11.241740226745605 -10.218849182128906 8.820249557495117 0.2
11.355230331420898 -10.217052459716797 8.623250961303711 0.2
11.324419975280762 -10.341548919677734 8.456449508666992 0.2
11.218720436096191 -10.527149200439453 8.437349319458008 0.2
11.128080368041992 -10.717449188232422 8.484052658081055 0.2
11.160079956054688 -10.915550231933594 8.549551010131836 0.2
11.344710350036621 -11.018749237060547 8.538450241088867 0.2
11.531789779663086 -11.022350311279297 8.43275260925293 0.2
11.633330345153809 -10.932048797607422 8.27134895324707 0.2
11.59669017791748 -10.74005126953125 8.189851760864258 0.2
11.528910636901855 -10.542652130126953 8.240949630737305 0.2
11.508440017700195 -10.351852416992188 8.335851669311523 0.2
11.64542007446289 -10.217151641845703 8.422849655151367 0.2
11.847070693969727 -10.178749084472656 8.367151260375977 0.2
11.998120307922363 -10.198051452636719 8.216951370239258 0.2
12.00436019897461 -10.307151794433594 8.037851333618164 0.2
11.90803050994873 -10.491352081298828 7.992250442504883 0.2
11.81758975982666 -10.6822509765625 8.033052444458008 0.2
11.825050354003906 -10.882450103759766 8.10474967956543 0.2
11.99375057220459 -11.007152557373047 8.115152359008789 0.2
12.175260543823242 -11.022750854492188 8.002351760864258 0.2
12.283100128173828 -10.954349517822266 7.833349227905273 0.2
12.247380256652832 -10.777450561523438 7.724451065063477 0.2
12.178500175476074 -10.578350067138672 7.76555061340332 0.2
12.145319938659668 -10.387149810791016 7.857851028442383 0.2
12.253870010375977 -10.230949401855469 7.949151992797852 0.2
12.450420379638672 -10.171649932861328 7.899351119995117 0.2
12.599100112915039 -10.177650451660156 7.74525260925293 0.2
12.6154203414917 -10.265750885009766 7.555749893188477 0.2
12.518779754638672 -10.442352294921875 7.488252639770508 0.2
12.430620193481445 -10.633251190185547 7.531652450561523 0.2
12.423120498657227 -10.834449768066406 7.599851608276367 0.2
12.57761001586914 -10.97555160522461 7.608152389526367 0.2
12.749919891357422 -11.00014877319336 7.485349655151367 0.2
12.849140167236328 -10.940750122070312 7.307851791381836 0.2
12.81117057800293 -10.773551940917969 7.186552047729492 0.2
12.7424898147583 -10.575450897216797 7.225149154663086 0.2
12.711259841918945 -10.38705062866211 7.322050094604492 0.2
12.816889762878418 -10.226051330566406 7.40894889831543 0.2
13.007120132446289 -10.157352447509766 7.352449417114258 0.2
13.146699905395508 -10.159950256347656 7.175352096557617 0.2
13.140399932861328 -10.253250122070312 6.976251602172852 0.2
13.031700134277344 -10.441452026367188 6.928251266479492 0.2
12.949979782104492 -10.644050598144531 6.98805046081543 0.2
12.992219924926758 -10.85274887084961 7.054052352905273 0.2
13.174200057983398 -10.964149475097656 7.001350402832031 0.2
13.321800231933594 -10.952049255371094 6.831750869750977 0.2
13.371700286865234 -10.816650390625 6.661251068115234 0.2
13.306300163269043 -10.604850769042969 6.644750595092773 0.2
13.236499786376953 -10.405448913574219 6.725551605224609 0.2
13.307000160217285 -10.228450775146484 6.838850021362305 0.2
13.521100044250488 -10.175750732421875 6.857749938964844 0.2
13.71049976348877 -10.286251068115234 6.880451202392578 0.2
13.722800254821777 -10.492851257324219 6.959751129150391 0.2
13.6156005859375 -10.687549591064453 7.00105094909668 0.2
13.522600173950195 -10.874950408935547 6.929750442504883 0.2
13.563700675964355 -10.96514892578125 6.729249954223633 0.2
13.710700035095215 -10.952152252197266 6.55994987487793 0.2
13.900099754333496 -10.843551635742188 6.539751052856445 0.2
13.958399772644043 -10.654850006103516 6.643251419067383 0.2
13.911900520324707 -10.45534896850586 6.737850189208984 0.2
13.82919979095459 -10.2530517578125 6.704250335693359 0.2
13.83750057220459 -10.147048950195312 6.511751174926758 0.2
13.964000701904297 -10.148151397705078 6.326051712036133 0.2
14.128600120544434 -10.257049560546875 6.259450912475586 0.2
14.186100006103516 -10.451950073242188 6.316450119018555 0.2
14.125800132751465 -10.643951416015625 6.386451721191406 0.2
14.019700050354004 -10.8260498046875 6.378650665283203 0.2
13.9527006149292 -10.933448791503906 6.213451385498047 0.2
14.0285005569458 -10.947650909423828 6.016351699829102 0.2
14.189400672912598 -10.895851135253906 5.892250061035156 0.2
14.339099884033203 -10.754051208496094 5.929349899291992 0.2
14.352499961853027 -10.569549560546875 6.032951354980469 0.2
14.299500465393066 -10.377552032470703 6.106250762939453 0.2
14.217400550842285 -10.198551177978516 6.03325080871582 0.2
14.23960018157959 -10.120250701904297 5.840751647949219 0.2
14.360899925231934 -10.133750915527344 5.667449951171875 0.2
14.519200325012207 -10.256549835205078 5.61305046081543 0.2
14.559700012207031 -10.453449249267578 5.675750732421875 0.2
14.49690055847168 -10.644752502441406 5.7447509765625 0.2
14.385300636291504 -10.822250366210938 5.719551086425781 0.2
14.329700469970703 -10.916851043701172 5.542951583862305 0.2
14.414100646972656 -10.922752380371094 5.348649978637695 0.2
14.57960033416748 -10.856849670410156 5.239950180053711 0.2
14.709500312805176 -10.701351165771484 5.294851303100586 0.2
14.709600448608398 -10.51565170288086 5.3977508544921875 0.2
14.648200035095215 -10.32135009765625 5.456050872802734 0.2
14.567200660705566 -10.155349731445312 5.357950210571289 0.2
14.604400634765625 -10.095951080322266 5.159950256347656 0.2
14.731900215148926 -10.127151489257812 4.994649887084961 0.2
14.879899978637695 -10.271549224853516 4.967950820922852 0.2
14.898799896240234 -10.470050811767578 5.038351058959961 0.2
14.830100059509277 -10.66094970703125 5.101449966430664 0.2
14.714200019836426 -10.828849792480469 5.051250457763672 0.2
14.682600021362305 -10.903850555419922 4.8603515625 0.2
14.778800010681152 -10.896350860595703 4.672050476074219 0.2
14.949299812316895 -10.808151245117188 4.594449996948242 0.2
15.052300453186035 -10.638351440429688 4.665950775146484 0.2
15.036700248718262 -10.452251434326172 4.766351699829102 0.2
14.962699890136719 -10.257949829101562 4.799350738525391 0.2
14.892399787902832 -10.114452362060547 4.666950225830078 0.2
14.94640064239502 -10.07855224609375 4.466850280761719 0.2
15.084500312805176 -10.135452270507812 4.321550369262695 0.2
15.211800575256348 -10.301849365234375 4.326150894165039 0.2
15.205300331115723 -10.498649597167969 4.402250289916992 0.2
15.12720012664795 -10.688549041748047 4.452350616455078 0.2
15.010200500488281 -10.838550567626953 4.363851547241211 0.2
15.005400657653809 -10.888648986816406 4.162351608276367 0.2
15.11620044708252 -10.860950469970703 3.985750198364258 0.2
15.28320026397705 -10.7447509765625 3.946950912475586 0.2
15.349300384521484 -10.564750671386719 4.03285026550293 0.2
15.321499824523926 -10.377449035644531 4.127651214599609 0.2
15.230100631713867 -10.18764877319336 4.122150421142578 0.2
15.179400444030762 -10.074851989746094 3.9566516876220703 0.2
15.248800277709961 -10.0655517578125 3.757650375366211 0.2
15.39330005645752 -10.157649993896484 3.641550064086914 0.2
15.484399795532227 -10.343551635742188 3.676450729370117 0.2
15.457300186157227 -10.537849426269531 3.755849838256836 0.2
15.361599922180176 -10.723949432373047 3.7810516357421875 0.2
15.251800537109375 -10.845550537109375 3.652851104736328 0.2
15.273300170898438 -10.866851806640625 3.44525146484375 0.2
15.398200035095215 -10.811450958251953 3.2876510620117188 0.2
15.548800468444824 -10.666149139404297 3.292449951171875 0.2
15.584000587463379 -10.481948852539062 3.388551712036133 0.2
15.542400360107422 -10.291549682617188 3.469350814819336 0.2
15.437600135803223 -10.116950988769531 3.420551300048828 0.2
15.4128999710083 -10.040351867675781 3.229351043701172 0.2
15.493400573730469 -10.059951782226562 3.0362510681152344 0.2
15.6358003616333 -10.190849304199219 2.9619503021240234 0.2
15.68910026550293 -10.386951446533203 3.0174503326416016 0.2
15.646400451660156 -10.578948974609375 3.094449996948242 0.2
15.528900146484375 -10.752449035644531 3.0859508514404297 0.2
15.440999984741211 -10.837650299072266 2.920450210571289 0.2
15.481500625610352 -10.831352233886719 2.7144508361816406 0.2
15.622300148010254 -10.74365234375 2.5926513671875 0.2
15.744800567626953 -10.576950073242188 2.6319503784179688 0.2
15.75730037689209 -10.392650604248047 2.7333507537841797 0.2
15.694000244140625 -10.200950622558594 2.7897510528564453 0.2
15.5871000289917 -10.053451538085938 2.691751480102539 0.2
15.583200454711914 -10.0113525390625 2.487649917602539 0.2
15.678199768066406 -10.065052032470703 2.3117504119873047 0.2
15.805700302124023 -10.227649688720703 2.2801513671875 0.2
15.825600624084473 -10.424251556396484 2.3511505126953125 0.2
15.766200065612793 -10.614749908447266 2.4171504974365234 0.2
15.630499839782715 -10.765449523925781 2.364950180053711 0.2
15.570199966430664 -10.814651489257812 2.1743507385253906 0.2
15.630000114440918 -10.780750274658203 1.9771499633789062 0.2
15.77869987487793 -10.660152435302734 1.9002513885498047 0.2
15.864900588989258 -10.481449127197266 1.9672508239746094 0.2
15.861499786376953 -10.296249389648438 2.0669498443603516 0.2
15.767000198364258 -10.109649658203125 2.088550567626953 0.2
15.671100616455078 -9.997051239013672 1.946451187133789 0.2
15.684599876403809 -9.987751007080078 1.7375507354736328 0.2
15.79419994354248 -10.081249237060547 1.5907516479492188 0.2
15.893099784851074 -10.265850067138672 1.5997505187988281 0.2
15.891300201416016 -10.460052490234375 1.680450439453125 0.2
15.80459976196289 -10.645751953125 1.7256507873535156 0.2
15.665300369262695 -10.764549255371094 1.629150390625 0.2
15.632200241088867 -10.7801513671875 1.4239501953125 0.2
15.71250057220459 -10.715049743652344 1.2444515228271484 0.2
15.855199813842773 -10.564651489257812 1.2172508239746094 0.2
15.911300659179688 -10.381851196289062 1.3031501770019531 0.2
15.886600494384766 -10.193649291992188 1.3923511505126953 0.2
15.76550006866455 -10.024650573730469 1.3734512329101562 0.2
15.689300537109375 -9.951652526855469 1.1962509155273438 0.2
15.716400146484375 -9.975151062011719 0.9906501770019531 0.2
15.835800170898438 -10.108650207519531 0.8870506286621094 0.2
15.903800010681152 -10.30324935913086 0.9261512756347656 0.2
15.885900497436523 -10.495849609375 1.0080509185791016 0.2
15.768099784851074 -10.667652130126953 1.0252513885498047 0.2
15.642000198364258 -10.747249603271484 0.8852500915527344 0.2
15.627799987792969 -10.73105239868164 0.67755126953125 0.2
15.731900215148926 -10.630451202392578 0.5327510833740234 0.2
15.854000091552734 -10.459548950195312 0.5467510223388672 0.2
15.887800216674805 -10.276752471923828 0.6437511444091797 0.2
15.82960033416748 -10.088951110839844 0.7137508392333984 0.2
15.696200370788574 -9.950450897216797 0.6416511535644531 0.2
15.644499778747559 -9.917549133300781 0.4436511993408203 0.2
15.698400497436523 -9.98065185546875 0.25565147399902344 0.2
15.81470012664795 -10.145751953125 0.20035171508789062 0.2
15.854700088500977 -10.341049194335938 0.2635517120361328 0.2
15.813899993896484 -10.532051086425781 0.3377513885498047 0.2
15.667500495910645 -10.678150177001953 0.31475067138671875 0.2
15.565400123596191 -10.716049194335938 0.14165115356445312 0.2
15.578200340270996 -10.665451049804688 -0.05904960632324219 0.2
15.700799942016602 -10.531349182128906 -0.1575489044189453 0.2
15.794500350952148 -10.351551055908203 -0.10844993591308594 0.2
15.808700561523438 -10.16775131225586 -0.009248733520507812 0.2
15.707600593566895 -9.98855209350586 0.030550003051757812 0.2
15.583399772644043 -9.890949249267578 -0.096649169921875 0.2
15.565600395202637 -9.903350830078125 -0.30364990234375 0.2
15.649700164794922 -10.011249542236328 -0.45744895935058594 0.2
15.74690055847168 -10.196552276611328 -0.46595001220703125 0.2
15.768600463867188 -10.389949798583984 -0.3891487121582031 0.2
15.694499969482422 -10.574951171875 -0.3266487121582031 0.2
15.535500526428223 -10.685249328613281 -0.3927497863769531 0.2
15.46820068359375 -10.676750183105469 -0.587249755859375 0.2
15.516200065612793 -10.587650299072266 -0.7680492401123047 0.2
15.642900466918945 -10.42864990234375 -0.8206501007080078 0.2
15.714400291442871 -10.245948791503906 -0.7498493194580078 0.2
15.702199935913086 -10.059749603271484 -0.65625 0.2
15.5693998336792 -9.901351928710938 -0.6520500183105469 0.2
15.46660041809082 -9.849849700927734 -0.8199501037597656 0.2
15.473899841308594 -9.901248931884766 -1.0214500427246094 0.2
15.574299812316895 -10.04384994506836 -1.135549545288086 0.2
15.651599884033203 -10.2364501953125 -1.110849380493164 0.2
15.65719985961914 -10.427848815917969 -1.0268497467041016 0.2
15.545000076293945 -10.59625244140625 -0.9819488525390625 0.2
15.393799781799316 -10.662551879882812 -1.0977497100830078 0.2
15.361800193786621 -10.615150451660156 -1.2967491149902344 0.2
15.441800117492676 -10.497451782226562 -1.446249008178711 0.2
15.559900283813477 -10.323749542236328 -1.4606494903564453 0.2
15.614200592041016 -10.140850067138672 -1.3754501342773438 0.2
15.567700386047363 -9.956649780273438 -1.291849136352539 0.2
15.415900230407715 -9.829952239990234 -1.3382492065429688 0.2
15.339500427246094 -9.824451446533203 -1.528249740600586 0.2
15.373900413513184 -9.91244888305664 -1.7118492126464844 0.2
15.476900100708008 -10.080451965332031 -1.7857494354248047 0.2
15.534900665283203 -10.27395248413086 -1.7338485717773438 0.2
15.51669979095459 -10.463150024414062 -1.6488494873046875 0.2
15.367199897766113 -10.604549407958984 -1.6342487335205078 0.2
15.237000465393066 -10.62514877319336 -1.7867488861083984 0.2
15.239800453186035 -10.546150207519531 -1.9783496856689453 0.2
15.343600273132324 -10.406749725341797 -2.09375 0.2
15.446900367736816 -10.226348876953125 -2.0743484497070312 0.2
15.485300064086914 -10.041751861572266 -1.984649658203125 0.2
15.397200584411621 -9.865650177001953 -1.9182491302490234 0.2
15.244900703430176 -9.774150848388672 -2.0131492614746094 0.2
15.197600364685059 -9.805549621582031 -2.211750030517578 0.2
15.255300521850586 -9.921749114990234 -2.3735485076904297 0.2
15.352499961853027 -10.104652404785156 -2.4072494506835938 0.2
15.397000312805176 -10.295951843261719 -2.3364486694335938 0.2
15.342599868774414 -10.479251861572266 -2.2543487548828125 0.2
15.173100471496582 -10.588150024414062 -2.283048629760742 0.2
15.077799797058105 -10.568851470947266 -2.462148666381836 0.2
15.10669994354248 -10.468551635742188 -2.641948699951172 0.2
15.221700668334961 -10.310550689697266 -2.7206497192382812 0.2
15.308700561523438 -10.127552032470703 -2.672149658203125 0.2
15.321200370788574 -9.941551208496094 -2.5786495208740234 0.2
15.194000244140625 -9.784351348876953 -2.5426483154296875 0.2
15.058300018310547 -9.738250732421875 -2.6847496032714844 0.2
15.037799835205078 -9.804248809814453 -2.8806495666503906 0.2
15.115099906921387 -9.948749542236328 -3.010549545288086 0.2
15.1983003616333 -10.140449523925781 -3.006349563598633 0.2
15.225500106811523 -10.330852508544922 -2.924348831176758 0.2
15.128900527954102 -10.498550415039062 -2.852548599243164 0.2
14.955599784851074 -10.563251495361328 -2.9313488006591797 0.2
14.895600318908691 -10.507152557373047 -3.120149612426758 0.2
14.954899787902832 -10.387248992919922 -3.278249740600586 0.2
15.070000648498535 -10.215751647949219 -3.3208484649658203 0.2
15.142300605773926 -10.031848907470703 -3.253049850463867 0.2
15.119500160217285 -9.84775161743164 -3.1605491638183594 0.2
14.962800025939941 -9.718952178955078 -3.1702499389648438 0.2
14.851600646972656 -9.714252471923828 -3.340848922729492 0.2
14.857999801635742 -9.806251525878906 -3.525848388671875 0.2
14.946900367736816 -9.971351623535156 -3.6221485137939453 0.2
15.019100189208984 -10.163349151611328 -3.5853500366210938 0.2
15.02280044555664 -10.35165023803711 -3.4968490600585938 0.2
14.8818998336792 -10.495552062988281 -3.453350067138672 0.2
14.725700378417969 -10.517250061035156 -3.5781497955322266 0.2
14.698500633239746 -10.434650421142578 -3.765949249267578 0.2
14.780600547790527 -10.294551849365234 -3.8976497650146484 0.2
14.885700225830078 -10.114051818847656 -3.899648666381836 0.2
14.940899848937988 -9.929950714111328 -3.818248748779297 0.2
14.86709976196289 -9.755050659179688 -3.7348499298095703 0.2
14.69890022277832 -9.666149139404297 -3.7996482849121094 0.2
14.623100280761719 -9.704849243164062 -3.9867496490478516 0.2
14.658599853515625 -9.825252532958984 -4.15264892578125 0.2
14.749300003051758 -10.007652282714844 -4.204448699951172 0.2
14.80780029296875 -10.198650360107422 -4.144548416137695 0.2
14.771599769592285 -10.381549835205078 -4.0527496337890625 0.2
14.600000381469727 -10.489952087402344 -4.048749923706055 0.2
14.477499961853027 -10.467552185058594 -4.20884895324707 0.2
14.484800338745117 -10.364349365234375 -4.389148712158203 0.2
14.5871000289917 -10.207950592041016 -4.486448287963867 0.2
14.681400299072266 -10.024551391601562 -4.456548690795898 0.2
14.711000442504883 -9.83905029296875 -4.36614990234375 0.2
14.594600677490234 -9.681251525878906 -4.306549072265625 0.2
14.438000679016113 -9.63275146484375 -4.4230499267578125 0.2
14.395800590515137 -9.70064926147461 -4.613948822021484 0.2
14.456900596618652 -9.841949462890625 -4.755649566650391 0.2
14.544500350952148 -10.031150817871094 -4.769649505615234 0.2
14.589600563049316 -10.220149993896484 -4.692949295043945 0.2
14.510700225830078 -10.390350341796875 -4.608249664306641 0.2
14.328300476074219 -10.458549499511719 -4.658149719238281 0.2
14.239399909973145 -10.401351928710938 -4.834148406982422 0.2
14.273300170898438 -10.27865219116211 -4.9978485107421875 0.2
14.376900672912598 -10.105548858642578 -5.058649063110352 0.2
14.458900451660156 -9.922149658203125 -5.00214958190918 0.2
14.449999809265137 -9.739749908447266 -4.904850006103516 0.2
14.290900230407715 -9.615348815917969 -4.887849807739258 0.2
14.15470027923584 -9.617549896240234 -5.038349151611328 0.2
14.14050006866455 -9.715850830078125 -5.219749450683594 0.2
14.214500427246094 -9.881149291992188 -5.328149795532227 0.2
14.293399810791016 -10.072551727294922 -5.306148529052734 0.2
14.314200401306152 -10.260749816894531 -5.220449447631836 0.2
14.183500289916992 -10.403450012207031 -5.151449203491211 0.2
14.0068998336792 -10.422550201416016 -5.245048522949219 0.2
13.951600074768066 -10.336151123046875 -5.424348831176758 0.2
14.011600494384766 -10.19565200805664 -5.567049026489258 0.2
14.114299774169922 -10.014949798583984 -5.589149475097656 0.2
14.182499885559082 -9.83074951171875 -5.519350051879883 0.2
14.126299858093262 -9.657051086425781 -5.421848297119141 0.2
13.949000358581543 -9.567852020263672 -5.451848983764648 0.2
13.845300674438477 -9.60675048828125 -5.623748779296875 0.2
13.858799934387207 -9.725349426269531 -5.794349670410156 0.2
13.942299842834473 -9.903850555419922 -5.866649627685547 0.2
14.015900611877441 -10.093151092529297 -5.820549011230469 0.2
14.001500129699707 -10.277050018310547 -5.726049423217773 0.2
13.83530044555664 -10.388351440429688 -5.692449569702148 0.2
13.684200286865234 -10.365348815917969 -5.8251495361328125 0.2
13.656700134277344 -10.25775146484375 -6.000648498535156 0.2
13.733400344848633 -10.096752166748047 -6.113149642944336 0.2
13.829899787902832 -9.913249969482422 -6.098749160766602 0.2
13.873400688171387 -9.728950500488281 -6.012449264526367 0.2
13.763500213623047 -9.57815170288086 -5.928949356079102 0.2
13.584099769592285 -9.540950775146484 -6.011249542236328 0.2
13.508100509643555 -9.61655044555664 -6.187950134277344 0.2
13.542600631713867 -9.76095199584961 -6.335849761962891 0.2
13.625900268554688 -9.949748992919922 -6.366249084472656 0.2
13.685400009155273 -10.139549255371094 -6.302949905395508 0.2
13.6225004196167 -10.30685043334961 -6.201648712158203 0.2
13.43220043182373 -10.369449615478516 -6.212848663330078 0.2
13.311600685119629 -10.307750701904297 -6.366748809814453 0.2
13.31570053100586 -10.184150695800781 -6.532649993896484 0.2
13.407500267028809 -10.011550903320312 -6.611549377441406 0.2
13.498300552368164 -9.827751159667969 -6.573148727416992 0.2
13.508299827575684 -9.646251678466797 -6.474849700927734 0.2
13.35669994354248 -9.521652221679688 -6.424648284912109 0.2
13.196200370788574 -9.520648956298828 -6.547548294067383 0.2
13.156400680541992 -9.615852355957031 -6.72654914855957 0.2
13.214600563049316 -9.775352478027344 -6.85154914855957 0.2
13.30150032043457 -9.964149475097656 -6.848348617553711 0.2
13.341700553894043 -10.152050018310547 -6.769748687744141 0.2
13.227900505065918 -10.299751281738281 -6.684148788452148 0.2
13.039100646972656 -10.323348999023438 -6.7478485107421875 0.2
12.955010414123535 -10.235450744628906 -6.914148330688477 0.2
12.98760986328125 -10.090751647949219 -7.062049865722656 0.2
13.081900596618652 -9.908248901367188 -7.097148895263672 0.2
13.159000396728516 -9.72494888305664 -7.035549163818359 0.2
13.113100051879883 -9.555648803710938 -6.92664909362793 0.2
12.929240226745605 -9.47555160522461 -6.925849914550781 0.2
12.799240112304688 -9.521049499511719 -7.076848983764648 0.2
12.78700065612793 -9.641651153564453 -7.245849609375 0.2
12.85968017578125 -9.820049285888672 -7.329549789428711 0.2
12.939680099487305 -10.009651184082031 -7.2991485595703125 0.2
12.939209938049316 -10.193050384521484 -7.202949523925781 0.2
12.780560493469238 -10.30324935913086 -7.142148971557617 0.2
12.612370491027832 -10.28125 -7.251649856567383 0.2
12.563360214233398 -10.176250457763672 -7.423749923706055 0.2
12.628890037536621 -10.019149780273438 -7.54694938659668 0.2
12.726950645446777 -9.83544921875 -7.548149108886719 0.2
12.781320571899414 -9.650951385498047 -7.469348907470703 0.2
12.69126033782959 -9.495651245117188 -7.370649337768555 0.2
12.507110595703125 -9.443550109863281 -7.429248809814453 0.2
12.419950485229492 -9.507652282714844 -7.604148864746094 0.2
12.447430610656738 -9.639152526855469 -7.763948440551758 0.2
12.534810066223145 -9.821449279785156 -7.815349578857422 0.2
12.607979774475098 -10.008651733398438 -7.760250091552734 0.2
12.566920280456543 -10.184650421142578 -7.663049697875977 0.2
12.38306999206543 -10.26565170288086 -7.657949447631836 0.2
12.247779846191406 -10.212249755859375 -7.800849914550781 0.2
12.235429763793945 -10.086750030517578 -7.965549468994141 0.2
12.310649871826172 -9.910652160644531 -8.052448272705078 0.2
12.402609825134277 -9.72705078125 -8.018449783325195 0.2
12.419750213623047 -9.547752380371094 -7.918048858642578 0.2
12.270750045776367 -9.430351257324219 -7.846349716186523 0.2
12.093600273132324 -9.43735122680664 -7.943048477172852 0.2
12.030389785766602 -9.53525161743164 -8.113349914550781 0.2
12.071090698242188 -9.694652557373047 -8.245149612426758 0.2
12.16023063659668 -9.881950378417969 -8.258548736572266 0.2
12.213359832763672 -10.070350646972656 -8.190549850463867 0.2
12.115690231323242 -10.216949462890625 -8.085948944091797 0.2
11.918560028076172 -10.23855209350586 -8.115049362182617 0.2
11.807760238647461 -10.149250030517578 -8.263948440551758 0.2
11.81644058227539 -10.004749298095703 -8.41404914855957 0.2
11.903070449829102 -9.82135009765625 -8.464149475097656 0.2
11.98568058013916 -9.636951446533203 -8.41524887084961 0.2
11.960249900817871 -9.468849182128906 -8.298049926757812 0.2
11.781510353088379 -9.38534927368164 -8.263248443603516 0.2
11.631319999694824 -9.423648834228516 -8.39484977722168 0.2
11.598730087280273 -9.535350799560547 -8.567150115966797 0.2
11.661540031433105 -9.705249786376953 -8.672548294067383 0.2
11.75510025024414 -9.890350341796875 -8.661449432373047 0.2
11.778130531311035 -10.076549530029297 -8.575248718261719 0.2
11.634920120239258 -10.19594955444336 -8.496149063110352 0.2
11.449480056762695 -10.174949645996094 -8.57244873046875 0.2
11.367959976196289 -10.061851501464844 -8.725849151611328 0.2
11.397809982299805 -9.893852233886719 -8.848949432373047 0.2
11.48926067352295 -9.708049774169922 -8.85824966430664 0.2
11.551230430603027 -9.52585220336914 -8.780948638916016 0.2
11.465889930725098 -9.387248992919922 -8.658149719238281 0.2
11.267470359802246 -9.36355209350586 -8.673749923706055 0.2
11.14231014251709 -9.443050384521484 -8.817049026489258 0.2
11.131730079650879 -9.58475112915039 -8.971049308776855 0.2
11.206910133361816 -9.768352508544922 -9.03394889831543 0.2
11.289090156555176 -9.956951141357422 -9.002549171447754 0.2
11.265390396118164 -10.12554931640625 -8.888448715209961 0.2
11.0826997756958 -10.188549041748047 -8.836149215698242 0.2
10.917390823364258 -10.123249053955078 -8.937250137329102 0.2
10.86460018157959 -9.994449615478516 -9.089949607849121 0.2
10.921159744262695 -9.816650390625 -9.18764877319336 0.2
11.0145902633667 -9.631050109863281 -9.17544937133789 0.2
11.051460266113281 -9.453449249267578 -9.07754898071289 0.2
10.92258071899414 -9.338050842285156 -8.972649574279785 0.2
10.730920791625977 -9.340751647949219 -9.03454875946045 0.2
10.640939712524414 -9.432449340820312 -9.19594955444336 0.2
10.656970024108887 -9.584449768066406 -9.34114933013916 0.2
10.748330116271973 -9.767051696777344 -9.377549171447754 0.2
10.820470809936523 -9.95425033569336 -9.326249122619629 0.2
10.744230270385742 -10.106849670410156 -9.213648796081543 0.2
10.545040130615234 -10.128150939941406 -9.204449653625488 0.2
10.405120849609375 -10.030448913574219 -9.319048881530762 0.2
10.371950149536133 -9.871650695800781 -9.453449249267578 0.2
10.44021987915039 -9.683151245117188 -9.50624942779541 0.2
10.530550003051758 -9.49985122680664 -9.468449592590332 0.2
10.517280578613281 -9.346351623535156 -9.332649230957031 0.2
10.340900421142578 -9.299850463867188 -9.249249458312988 0.2
10.162710189819336 -9.367252349853516 -9.324748992919922 0.2
10.083990097045898 -9.496452331542969 -9.468249320983887 0.2
10.120950698852539 -9.674049377441406 -9.572349548339844 0.2
10.210870742797852 -9.860851287841797 -9.588849067687988 0.2
10.251130104064941 -10.04104995727539 -9.496149063110352 0.2
10.126310348510742 -10.138450622558594 -9.372049331665039 0.2
9.928540229797363 -10.10205078125 -9.396149635314941 0.2
9.808830261230469 -9.98685073852539 -9.520149230957031 0.2
9.815380096435547 -9.817352294921875 -9.644549369812012 0.2
9.897970199584961 -9.628650665283203 -9.674049377441406 0.2
9.972410202026367 -9.445152282714844 -9.611749649047852 0.2
9.923870086669922 -9.306049346923828 -9.470048904418945 0.2
9.728719711303711 -9.270149230957031 -9.446048736572266 0.2
9.581899642944336 -9.337749481201172 -9.573049545288086 0.2
9.545390129089355 -9.465652465820312 -9.735448837280273 0.2
9.610309600830078 -9.641349792480469 -9.825249671936035 0.2
9.707509994506836 -9.825450897216797 -9.818849563598633 0.2
9.708970069885254 -10.004451751708984 -9.720149040222168 0.2
9.540399551391602 -10.08034896850586 -9.64224910736084 0.2
9.35731029510498 -10.011852264404297 -9.701949119567871 0.2
9.268350601196289 -9.866050720214844 -9.82284927368164 0.2
9.29166030883789 -9.67605209350586 -9.90524959564209 0.2
9.386880874633789 -9.490650177001953 -9.902849197387695 0.2
9.434009552001953 -9.322551727294922 -9.795148849487305 0.2
9.315000534057617 -9.246650695800781 -9.651049613952637 0.2
9.116430282592773 -9.292449951171875 -9.650349617004395 0.2
8.983949661254883 -9.406551361083984 -9.759849548339844 0.2
8.972490310668945 -9.575252532958984 -9.886049270629883 0.2
9.050580024719238 -9.7613525390625 -9.93744945526123 0.2
9.125749588012695 -9.947551727294922 -9.888548851013184 0.2
9.072620391845703 -10.078052520751953 -9.742249488830566 0.2
8.875960350036621 -10.087852478027344 -9.701249122619629 0.2
8.717269897460938 -9.998050689697266 -9.798849105834961 0.2
8.673179626464844 -9.851852416992188 -9.938448905944824 0.2
8.739850044250488 -9.66495132446289 -10.008049011230469 0.2
8.824710845947266 -9.476951599121094 -9.981449127197266 0.2
8.839540481567383 -9.311351776123047 -9.856749534606934 0.2
8.684760093688965 -9.217849731445312 -9.77234935760498 0.2
8.508270263671875 -9.239849090576172 -9.868749618530273 0.2
8.441570281982422 -9.337451934814453 -10.04024887084961 0.2
8.47743034362793 -9.494651794433594 -10.174249649047852 0.2
8.577340126037598 -9.675350189208984 -10.195448875427246 0.2
8.632209777832031 -9.864749908447266 -10.13344955444336 0.2
8.521940231323242 -10.004352569580078 -10.035248756408691 0.2
8.32252025604248 -9.994251251220703 -10.060548782348633 0.2
8.199580192565918 -9.873149871826172 -10.176548957824707 0.2
8.17788028717041 -9.69375228881836 -10.28334903717041 0.2
8.256959915161133 -9.503349304199219 -10.305449485778809 0.2
8.335540771484375 -9.322650909423828 -10.241048812866211 0.2
8.287050247192383 -9.203250885009766 -10.083549499511719 0.2
8.09850025177002 -9.214252471923828 -10.013949394226074 0.2
7.931710243225098 -9.31405258178711 -10.084548950195312 0.2
7.867040157318115 -9.465850830078125 -10.215449333190918 0.2
7.919400215148926 -9.646350860595703 -10.304449081420898 0.2
8.009440422058105 -9.833450317382812 -10.312748908996582 0.2
8.035510063171387 -9.993450164794922 -10.18764877319336 0.2
7.884360313415527 -10.043251037597656 -10.066049575805664 0.2
7.692620277404785 -9.972148895263672 -10.087849617004395 0.2
7.581690311431885 -9.836349487304688 -10.196048736572266 0.2
7.59867000579834 -9.649349212646484 -10.29284954071045 0.2
7.679000377655029 -9.457351684570312 -10.303949356079102 0.2
7.7458600997924805 -9.284549713134766 -10.212248802185059 0.2
7.663110256195068 -9.180850982666016 -10.060249328613281 0.2
7.4616804122924805 -9.18655014038086 -10.054348945617676 0.2
7.325740337371826 -9.270851135253906 -10.185249328613281 0.2
7.296250343322754 -9.409950256347656 -10.34174919128418 0.2
7.377870082855225 -9.583351135253906 -10.421449661254883 0.2
7.470060348510742 -9.768951416015625 -10.413249015808105 0.2
7.436380386352539 -9.936050415039062 -10.299849510192871 0.2
7.249180316925049 -9.970550537109375 -10.236248970031738 0.2
7.07981014251709 -9.867950439453125 -10.2931489944458 0.2
6.999190330505371 -9.695152282714844 -10.384949684143066 0.2
7.04109001159668 -9.496551513671875 -10.427549362182617 0.2
7.132410049438477 -9.311649322509766 -10.400548934936523 0.2
7.160280227661133 -9.177349090576172 -10.247448921203613 0.2
7.024620056152344 -9.164249420166016 -10.099349021911621 0.2
6.836350440979004 -9.248149871826172 -10.100449562072754 0.2
6.7175703048706055 -9.381050109863281 -10.207549095153809 0.2
6.727080345153809 -9.554351806640625 -10.325749397277832 0.2
6.8089399337768555 -9.738349914550781 -10.377049446105957 0.2
6.8841705322265625 -9.915851593017578 -10.299348831176758 0.2
6.799230575561523 -10.019649505615234 -10.151248931884766 0.2
6.598930358886719 -9.994548797607422 -10.129749298095703 0.2
6.446030139923096 -9.88595199584961 -10.218949317932129 0.2
6.421840190887451 -9.714649200439453 -10.336749076843262 0.2
6.489990234375 -9.519851684570312 -10.372049331665039 0.2
6.569550514221191 -9.336051940917969 -10.315349578857422 0.2
6.555150032043457 -9.196052551269531 -10.165148735046387 0.2
6.370650291442871 -9.142250061035156 -10.110349655151367 0.2
6.208810329437256 -9.189250946044922 -10.22714900970459 0.2
6.15539026260376 -9.297248840332031 -10.399349212646484 0.2
6.205730438232422 -9.462852478027344 -10.515349388122559 0.2
6.308600425720215 -9.643852233886719 -10.532249450683594 0.2
6.336299896240234 -9.833850860595703 -10.459649085998535 0.2
6.188700199127197 -9.939151763916016 -10.371249198913574 0.2
5.993960380554199 -9.886951446533203 -10.403749465942383 0.2
5.878390312194824 -9.741352081298828 -10.501648902893066 0.2
5.87777042388916 -9.545650482177734 -10.572349548339844 0.2
5.968520164489746 -9.357551574707031 -10.576249122619629 0.2
6.034490585327148 -9.188652038574219 -10.479349136352539 0.2
5.955060005187988 -9.11935043334961 -10.30614948272705 0.2
5.767840385437012 -9.175048828125 -10.246949195861816 0.2
5.612170219421387 -9.292949676513672 -10.313749313354492 0.2
5.569240570068359 -9.459152221679688 -10.436649322509766 0.2
5.6359405517578125 -9.64175033569336 -10.511149406433105 0.2
5.725970268249512 -9.826148986816406 -10.484148979187012 0.2
5.712160110473633 -9.960350036621094 -10.332448959350586 0.2
5.529290199279785 -9.976348876953125 -10.24994945526123 0.2
5.350350379943848 -9.888450622558594 -10.305449485778809 0.2
5.273850440979004 -9.735149383544922 -10.422649383544922 0.2
5.316380500793457 -9.541252136230469 -10.492149353027344 0.2
5.400150299072266 -9.351051330566406 -10.476149559020996 0.2
5.444260120391846 -9.193050384521484 -10.347949028015137 0.2
5.313450336456299 -9.115550994873047 -10.218449592590332 0.2
5.1175103187561035 -9.147449493408203 -10.262248992919922 0.2
5.005030155181885 -9.244251251220703 -10.410248756408691 0.2
5.005810260772705 -9.399051666259766 -10.551249504089355 0.2
5.100140571594238 -9.576751708984375 -10.606849670410156 0.2
5.164150238037109 -9.769550323486328 -10.56554889678955 0.2
5.071310043334961 -9.905952453613281 -10.44594955444336 0.2
4.869170188903809 -9.896652221679688 -10.41154956817627 0.2
4.702450275421143 -9.779949188232422 -10.461249351501465 0.2
4.661240100860596 -9.587650299072266 -10.52704906463623 0.2
4.737600326538086 -9.39535140991211 -10.559948921203613 0.2
4.829390525817871 -9.214950561523438 -10.512749671936035 0.2
4.842780113220215 -9.115951538085938 -10.333649635314941 0.2
4.721090316772461 -9.139850616455078 -10.168549537658691 0.2
4.548530101776123 -9.236652374267578 -10.109048843383789 0.2
4.449560165405273 -9.394451141357422 -10.202649116516113 0.2
4.488500118255615 -9.57135009765625 -10.307649612426758 0.2
4.58896017074585 -9.753150939941406 -10.326949119567871 0.2
4.636930465698242 -9.918350219726562 -10.213149070739746 0.2
4.487680435180664 -9.990951538085938 -10.101049423217773 0.2
4.289100170135498 -9.939151763916016 -10.120649337768555 0.2
4.162130355834961 -9.814350128173828 -10.223149299621582 0.2
4.174620151519775 -9.62874984741211 -10.322049140930176 0.2
4.24962043762207 -9.434150695800781 -10.320348739624023 0.2
4.314070224761963 -9.260250091552734 -10.225648880004883 0.2
4.240060329437256 -9.136951446533203 -10.082049369812012 0.2
4.041780471801758 -9.105449676513672 -10.092148780822754 0.2
3.9178922176361084 -9.164451599121094 -10.246048927307129 0.2
3.9009432792663574 -9.283649444580078 -10.420248985290527 0.2
3.9789822101593018 -9.456050872802734 -10.504949569702148 0.2
4.074940204620361 -9.641349792480469 -10.498449325561523 0.2
4.054120063781738 -9.826549530029297 -10.410749435424805 0.2
3.8722422122955322 -9.89615249633789 -10.358149528503418 0.2
3.6919572353363037 -9.816852569580078 -10.419349670410156 0.2
3.5973432064056396 -9.654552459716797 -10.516348838806152 0.2
3.634164333343506 -9.456748962402344 -10.564848899841309 0.2
3.729450225830078 -9.271652221679688 -10.548849105834961 0.2
3.763463258743286 -9.119152069091797 -10.41524887084961 0.2
3.6444013118743896 -9.091850280761719 -10.253748893737793 0.2
3.4591143131256104 -9.17715072631836 -10.22404956817627 0.2
3.326977252960205 -9.315052032470703 -10.307748794555664 0.2
3.3199071884155273 -9.490650177001953 -10.421749114990234 0.2
3.3983471393585205 -9.673149108886719 -10.483649253845215 0.2
3.4859893321990967 -9.850151062011719 -10.418449401855469 0.2
3.4295432567596436 -9.95254898071289 -10.25584888458252 0.2
3.2374212741851807 -9.926250457763672 -10.194449424743652 0.2
3.0693180561065674 -9.81705093383789 -10.248748779296875 0.2
3.020965099334717 -9.64284896850586 -10.355849266052246 0.2
3.0756125450134277 -9.446151733398438 -10.40204906463623 0.2
3.1621222496032715 -9.260250091552734 -10.364249229431152 0.2
3.1755902767181396 -9.124351501464844 -10.210848808288574 0.2
3.0047993659973145 -9.087749481201172 -10.113049507141113 0.2
2.8209571838378906 -9.149150848388672 -10.182848930358887 0.2
2.7273311614990234 -9.265449523925781 -10.332249641418457 0.2
2.757476329803467 -9.433349609375 -10.451048851013184 0.2
2.8570122718811035 -9.613250732421875 -10.49074935913086 0.2
2.895106315612793 -9.80105209350586 -10.41624927520752 0.2
2.7620952129364014 -9.896350860595703 -10.297449111938477 0.2
2.5613603591918945 -9.849651336669922 -10.278449058532715 0.2
2.418652296066284 -9.70465087890625 -10.33014965057373 0.2
2.4149723052978516 -9.504650115966797 -10.385549545288086 0.2
2.498636245727539 -9.313850402832031 -10.409249305725098 0.2
2.5837392807006836 -9.14725112915039 -10.323049545288086 0.2
2.566254138946533 -9.095451354980469 -10.12614917755127 0.2
2.432704210281372 -9.155250549316406 -9.979249000549316 0.2
2.2703301906585693 -9.277450561523438 -9.960948944091797 0.2
2.2071712017059326 -9.444751739501953 -10.073549270629883 0.2
2.265557289123535 -9.621452331542969 -10.167049407958984 0.2
2.370547294616699 -9.801651000976562 -10.157349586486816 0.2
2.372800350189209 -9.947650909423828 -10.018448829650879 0.2
2.1956710815429688 -9.978050231933594 -9.925748825073242 0.2
2.0067901611328125 -9.89895248413086 -9.958748817443848 0.2
1.9113001823425293 -9.748149871826172 -10.061749458312988 0.2
1.948000192642212 -9.551651000976562 -10.128748893737793 0.2
2.028304100036621 -9.36104965209961 -10.10274887084961 0.2
2.0789332389831543 -9.203849792480469 -9.974148750305176 0.2
1.9592502117156982 -9.112449645996094 -9.842649459838867 0.2
1.7630501985549927 -9.117950439453125 -9.892148971557617 0.2
1.6559702157974243 -9.193450927734375 -10.054248809814453 0.2
1.6556302309036255 -9.331451416015625 -10.213648796081543 0.2
1.743650197982788 -9.508651733398438 -10.277949333190918 0.2
1.8200901746749878 -9.701351165771484 -10.258849143981934 0.2
1.755480170249939 -9.865249633789062 -10.155049324035645 0.2
1.5571402311325073 -9.885051727294922 -10.117249488830566 0.2
1.3853602409362793 -9.780448913574219 -10.173149108886719 0.2
1.3183602094650269 -9.59775161743164 -10.249849319458008 0.2
1.3844102621078491 -9.403350830078125 -10.283848762512207 0.2
1.4777902364730835 -9.220149993896484 -10.249649047851562 0.2
1.4917402267456055 -9.098651885986328 -10.085948944091797 0.2
1.3569002151489258 -9.11574935913086 -9.935349464416504 0.2
1.1791502237319946 -9.219451904296875 -9.908148765563965 0.2
1.069750189781189 -9.37445068359375 -9.997149467468262 0.2
1.0911802053451538 -9.555850982666016 -10.098249435424805 0.2
1.1824002265930176 -9.739952087402344 -10.129949569702148 0.2
1.2561402320861816 -9.899951934814453 -10.021649360656738 0.2
1.1416501998901367 -9.968849182128906 -9.873048782348633 0.2
0.9432501792907715 -9.917949676513672 -9.854049682617188 0.2
0.799910306930542 -9.794849395751953 -9.936049461364746 0.2
0.783710241317749 -9.610450744628906 -10.038549423217773 0.2
0.852100133895874 -9.415050506591797 -10.065149307250977 0.2
0.9355401992797852 -9.236751556396484 -9.998148918151855 0.2
0.8979401588439941 -9.121551513671875 -9.835248947143555 0.2
0.7044003009796143 -9.117149353027344 -9.778948783874512 0.2
0.5385301113128662 -9.198348999023438 -9.873148918151855 0.2
0.4689602851867676 -9.335651397705078 -10.018949508666992 0.2
0.5297203063964844 -9.511150360107422 -10.11294937133789 0.2
0.6235401630401611 -9.696849822998047 -10.126349449157715 0.2
0.6201901435852051 -9.867450714111328 -10.011149406433105 0.2
0.4603002071380615 -9.919448852539062 -9.8954496383667 0.2
0.2646901607513428 -9.853351593017578 -9.870849609375 0.2
0.14875030517578125 -9.686649322509766 -9.917649269104004 0.2
0.1799302101135254 -9.49074935913086 -9.98124885559082 0.2
0.2658402919769287 -9.301952362060547 -10.001449584960938 0.2
0.3432803153991699 -9.158248901367188 -9.875449180603027 0.2
0.3196902275085449 -9.140552520751953 -9.671449661254883 0.2
0.20165014266967773 -9.21514892578125 -9.518649101257324 0.2
0.061170339584350586 -9.363250732421875 -9.526948928833008 0.2
0.037310123443603516 -9.539649963378906 -9.63914966583252 0.2
0.11218023300170898 -9.718250274658203 -9.71514892578125 0.2
0.22179031372070312 -9.89004898071289 -9.663549423217773 0.2
0.17776012420654297 -10.002750396728516 -9.505549430847168 0.2
-0.011359691619873047 -9.990951538085938 -9.429849624633789 0.2
-0.19125986099243164 -9.89255142211914 -9.462849617004395 0.2
-0.2560298442840576 -9.720748901367188 -9.561749458312988 0.2
-0.20749974250793457 -9.52145004272461 -9.605449676513672 0.2
-0.12243986129760742 -9.335250854492188 -9.56464958190918 0.2
-0.09774971008300781 -9.193851470947266 -9.416549682617188 0.2
-0.26059985160827637 -9.137950897216797 -9.314048767089844 0.2
-0.44856977462768555 -9.179351806640625 -9.385549545288086 0.2
-0.5417897701263428 -9.277351379394531 -9.544548988342285 0.2
-0.5187897682189941 -9.433151245117188 -9.683849334716797 0.2
-0.4208798408508301 -9.6114501953125 -9.731649398803711 0.2
-0.36241984367370605 -9.80405044555664 -9.686049461364746 0.2
-0.4673497676849365 -9.936649322509766 -9.57404899597168 0.2
-0.6694498062133789 -9.915451049804688 -9.557649612426758 0.2
-0.8197698593139648 -9.787849426269531 -9.6277494430542 0.2
-0.8543498516082764 -9.59735107421875 -9.706048965454102 0.2
-0.7702896595001221 -9.408149719238281 -9.732949256896973 0.2
-0.6889498233795166 -9.231151580810547 -9.665148735046387 0.2
-0.7314097881317139 -9.141151428222656 -9.487548828125 0.2
-0.9061696529388428 -9.185749053955078 -9.393749237060547 0.2
-1.0709495544433594 -9.304649353027344 -9.432848930358887 0.2
-1.139899730682373 -9.472949981689453 -9.541049003601074 0.2
-1.0901498794555664 -9.658050537109375 -9.623048782348633 0.2
-0.9924497604370117 -9.84115219116211 -9.625749588012695 0.2
-0.9491996765136719 -9.97854995727539 -9.4806489944458 0.2
-1.0902099609375 -10.006050109863281 -9.34014892578125 0.2
-1.2822198867797852 -9.929450988769531 -9.337149620056152 0.2
-1.4039297103881836 -9.78635025024414 -9.427948951721191 0.2
-1.4021697044372559 -9.595451354980469 -9.51564884185791 0.2
-1.3289299011230469 -9.40195083618164 -9.543549537658691 0.2
-1.2538599967956543 -9.23284912109375 -9.449249267578125 0.2
-1.328669548034668 -9.160850524902344 -9.277249336242676 0.2
-1.520059585571289 -9.211551666259766 -9.224848747253418 0.2
-1.6802196502685547 -9.326850891113281 -9.296049118041992 0.2
-1.7224397659301758 -9.492752075195312 -9.4156494140625 0.2
-1.6455698013305664 -9.668449401855469 -9.499049186706543 0.2
-1.5607795715332031 -9.855449676513672 -9.470349311828613 0.2
-1.5957698822021484 -9.978649139404297 -9.311948776245117 0.2
-1.7664599418640137 -9.970050811767578 -9.196249008178711 0.2
-1.9424796104431152 -9.85995101928711 -9.174949645996094 0.2
-2.007009983062744 -9.66965103149414 -9.22594928741455 0.2
-1.9578299522399902 -9.47555160522461 -9.287649154663086 0.2
-1.860999584197998 -9.292949676513672 -9.270349502563477 0.2
-1.7814598083496094 -9.19594955444336 -9.106549263000488 0.2
-1.8149499893188477 -9.206249237060547 -8.901548385620117 0.2
-1.945509910583496 -9.29425048828125 -8.770549774169922 0.2
-2.071439743041992 -9.446052551269531 -8.829050064086914 0.2
-2.068999767303467 -9.620552062988281 -8.947750091552734 0.2
-1.9827098846435547 -9.802349090576172 -9.003849029541016 0.2
-1.8938798904418945 -9.974349975585938 -8.927949905395508 0.2
-1.991959571838379 -10.074050903320312 -8.784049987792969 0.2
-2.1930198669433594 -10.046749114990234 -8.752349853515625 0.2
-2.3523497581481934 -9.936752319335938 -8.823749542236328 0.2
-2.3849496841430664 -9.758350372314453 -8.930549621582031 0.2
-2.3164596557617188 -9.562950134277344 -8.956249237060547 0.2
-2.232800006866455 -9.383552551269531 -8.89124870300293 0.2
-2.2601399421691895 -9.255851745605469 -8.733148574829102 0.2
-2.4500298500061035 -9.226852416992188 -8.675249099731445 0.2
-2.6171998977661133 -9.29024887084961 -8.77804946899414 0.2
-2.6884799003601074 -9.41305160522461 -8.934648513793945 0.2
-2.6401195526123047 -9.58645248413086 -9.03744888305664 0.2
-2.5429296493530273 -9.769752502441406 -9.060049057006836 0.2
-2.5225396156311035 -9.952251434326172 -8.96674919128418 0.2
-2.6666598320007324 -10.029151916503906 -8.847249984741211 0.2
-2.863889694213867 -9.969951629638672 -8.831949234008789 0.2
-3.001229763031006 -9.821250915527344 -8.890249252319336 0.2
-2.9947400093078613 -9.626251220703125 -8.95844841003418 0.2
-2.906949996948242 -9.439449310302734 -8.98954963684082 0.2
-2.832249641418457 -9.27545166015625 -8.890249252319336 0.2
-2.879889965057373 -9.233051300048828 -8.697649002075195 0.2
-3.0362296104431152 -9.31155014038086 -8.588150024414062 0.2
-3.1866097450256348 -9.453449249267578 -8.600648880004883 0.2
-3.226830005645752 -9.637550354003906 -8.692548751831055 0.2
-3.1602697372436523 -9.822250366210938 -8.761049270629883 0.2
-3.0432796478271484 -9.990150451660156 -8.718549728393555 0.2
-3.0383195877075195 -10.09054946899414 -8.545848846435547 0.2
-3.207509994506836 -10.080150604248047 -8.434648513793945 0.2
-3.394059658050537 -9.990249633789062 -8.448848724365234 0.2
-3.491039752960205 -9.831748962402344 -8.54694938659668 0.2
-3.4684295654296875 -9.638648986816406 -8.623149871826172 0.2
-3.386240005493164 -9.447250366210938 -8.63385009765625 0.2
-3.3289098739624023 -9.297149658203125 -8.506050109863281 0.2
-3.447969913482666 -9.262752532958984 -8.348348617553711 0.2
-3.6385397911071777 -9.338550567626953 -8.321949005126953 0.2
-3.778749942779541 -9.47304916381836 -8.403749465942383 0.2
-3.784209728240967 -9.649650573730469 -8.512849807739258 0.2
-3.6969099044799805 -9.828948974609375 -8.5760498046875 0.2
-3.622199535369873 -10.0052490234375 -8.500749588012695 0.2
-3.688619613647461 -10.087249755859375 -8.3271484375 0.2
-3.858459949493408 -10.054351806640625 -8.211849212646484 0.2
-4.018189907073975 -9.921951293945312 -8.200149536132812 0.2
-4.053469657897949 -9.729450225830078 -8.268449783325195 0.2
-3.9996695518493652 -9.539649963378906 -8.338249206542969 0.2
-3.8957695960998535 -9.366851806640625 -8.29574966430664 0.2
-3.823729991912842 -9.293048858642578 -8.116449356079102 0.2
-3.850679874420166 -9.313751220703125 -7.9118499755859375 0.2
-3.9831695556640625 -9.425651550292969 -7.808549880981445 0.2
-4.07742977142334 -9.595451354980469 -7.887350082397461 0.2
-4.051719665527344 -9.776851654052734 -7.988048553466797 0.2
-3.946659564971924 -9.955650329589844 -8.01664924621582 0.2
-3.8803796768188477 -10.10784912109375 -7.89954948425293 0.2
-4.007449626922607 -10.167652130126953 -7.755048751831055 0.2
-4.206369876861572 -10.11574935913086 -7.7337493896484375 0.2
-4.352489948272705 -9.991950988769531 -7.812049865722656 0.2
-4.365679740905762 -9.806652069091797 -7.910549163818359 0.2
-4.291119575500488 -9.613349914550781 -7.933649063110352 0.2
-4.217099666595459 -9.43655014038086 -7.851648330688477 0.2
-4.287649631500244 -9.330852508544922 -7.6954498291015625 0.2
-4.487039566040039 -9.346752166748047 -7.665849685668945 0.2
-4.64316987991333 -9.444049835205078 -7.763750076293945 0.2
-4.695709705352783 -9.600250244140625 -7.89324951171875 0.2
-4.621419906616211 -9.778152465820312 -7.970348358154297 0.2
-4.525969982147217 -9.962451934814453 -7.963249206542969 0.2
-4.5318498611450195 -10.112152099609375 -7.824748992919922 0.2
-4.692649841308594 -10.133251190185547 -7.702049255371094 0.2
-4.880279541015625 -10.045452117919922 -7.677949905395508 0.2
-4.989449977874756 -9.875751495361328 -7.728048324584961 0.2
-4.962709903717041 -9.685649871826172 -7.807849884033203 0.2
-4.88068962097168 -9.496452331542969 -7.8298492431640625 0.2
-4.8080596923828125 -9.364952087402344 -7.691549301147461 0.2
-4.852419853210449 -9.381050109863281 -7.493549346923828 0.2
-4.977089881896973 -9.492950439453125 -7.372049331665039 0.2
-5.094699859619141 -9.666149139404297 -7.38654899597168 0.2
-5.106269836425781 -9.853050231933594 -7.476848602294922 0.2
-5.025479316711426 -10.032852172851562 -7.541149139404297 0.2
-4.889519691467285 -10.169849395751953 -7.470048904418945 0.2
-4.8996195793151855 -10.211151123046875 -7.274648666381836 0.2
-5.051109313964844 -10.15555191040039 -7.146148681640625 0.2
-5.220890045166016 -10.0406494140625 -7.134649276733398 0.2
-5.302020072937012 -9.864849090576172 -7.218648910522461 0.2
-5.277400016784668 -9.671649932861328 -7.2926483154296875 0.2
-5.184419631958008 -9.486751556396484 -7.2868499755859375 0.2
-5.145709991455078 -9.368949890136719 -7.128149032592773 0.2
-5.2811994552612305 -9.380950927734375 -6.9790496826171875 0.2
-5.459750175476074 -9.483951568603516 -6.966949462890625 0.2
-5.576939582824707 -9.638751983642578 -7.050548553466797 0.2
-5.559239387512207 -9.818252563476562 -7.153148651123047 0.2
-5.466609954833984 -9.996849060058594 -7.205049514770508 0.2
-5.387259483337402 -10.155952453613281 -7.102048873901367 0.2
-5.4678497314453125 -10.205551147460938 -6.925348281860352 0.2
-5.643829345703125 -10.129951477050781 -6.850248336791992 0.2
-5.79341983795166 -9.98175048828125 -6.870149612426758 0.2
-5.825249671936035 -9.791149139404297 -6.944849014282227 0.2
-5.768139839172363 -9.600650787353516 -7.00684928894043 0.2
-5.664389610290527 -9.438251495361328 -6.9353485107421875 0.2
-5.653519630432129 -9.403949737548828 -6.737148284912109 0.2
-5.774059295654297 -9.496051788330078 -6.598249435424805 0.2
-5.919260025024414 -9.64535140991211 -6.57874870300293 0.2
-5.984609603881836 -9.829051971435547 -6.655649185180664 0.2
-5.954090118408203 -10.012149810791016 -6.749948501586914 0.2
-5.834650039672852 -10.180850982666016 -6.759849548339844 0.2
-5.7514495849609375 -10.270950317382812 -6.600349426269531 0.2
-5.844439506530762 -10.244449615478516 -6.421649932861328 0.2
-6.010529518127441 -10.144351959228516 -6.347648620605469 0.2
-6.137889862060547 -9.982349395751953 -6.392648696899414 0.2
-6.152259826660156 -9.79104995727539 -6.473949432373047 0.2
-6.083680152893066 -9.599052429199219 -6.514949798583984 0.2
-5.981329917907715 -9.454551696777344 -6.412149429321289 0.2
-6.03494930267334 -9.433052062988281 -6.220449447631836 0.2
-6.198629379272461 -9.523250579833984 -6.133249282836914 0.2
-6.3472795486450195 -9.66965103149414 -6.162448883056641 0.2
-6.385489463806152 -9.851348876953125 -6.256248474121094 0.2
-6.3263702392578125 -10.031150817871094 -6.344249725341797 0.2
-6.213809967041016 -10.198951721191406 -6.3103485107421875 0.2
-6.194230079650879 -10.272552490234375 -6.1246490478515625 0.2
-6.321549415588379 -10.216350555419922 -5.974248886108398 0.2
-6.479700088500977 -10.084850311279297 -5.929948806762695 0.2
-6.564189910888672 -9.901851654052734 -5.980449676513672 0.2
-6.550909996032715 -9.713451385498047 -6.069648742675781 0.2
-6.452320098876953 -9.533550262451172 -6.073749542236328 0.2
-6.3620100021362305 -9.457550048828125 -5.909948348999023 0.2
-6.412519454956055 -9.524452209472656 -5.723348617553711 0.2
-6.536399841308594 -9.66495132446289 -5.634449005126953 0.2
-6.632259368896484 -9.851150512695312 -5.66254997253418 0.2
-6.636630058288574 -10.038951873779297 -5.7532501220703125 0.2
-6.544639587402344 -10.21364974975586 -5.814849853515625 0.2
-6.398920059204102 -10.31985092163086 -5.721649169921875 0.2
-6.402629852294922 -10.315849304199219 -5.519649505615234 0.2
-6.535530090332031 -10.23105239868164 -5.3858489990234375 0.2
-6.6892499923706055 -10.089149475097656 -5.373449325561523 0.2
-6.757709503173828 -9.905052185058594 -5.446249008178711 0.2
-6.737759590148926 -9.712249755859375 -5.522348403930664 0.2
-6.623689651489258 -9.54104995727539 -5.497348785400391 0.2
-6.579949378967285 -9.475452423095703 -5.313848495483398 0.2
-6.688920021057129 -9.546150207519531 -5.15574836730957 0.2
-6.840310096740723 -9.684452056884766 -5.113548278808594 0.2
-6.925119400024414 -9.866050720214844 -5.175048828125 0.2
-6.904210090637207 -10.047351837158203 -5.275848388671875 0.2
-6.798069953918457 -10.22275161743164 -5.304149627685547 0.2
-6.703350067138672 -10.327751159667969 -5.159448623657227 0.2
-6.7729902267456055 -10.302650451660156 -4.970649719238281 0.2
-6.922379493713379 -10.1905517578125 -4.877649307250977 0.2
-7.042699813842773 -10.018550872802734 -4.889949798583984 0.2
-7.06619930267334 -9.829349517822266 -4.973649978637695 0.2
-7.0 -9.640151977539062 -5.027050018310547 0.2
-6.871079444885254 -9.51605224609375 -4.929649353027344 0.2
-6.863359451293945 -9.537151336669922 -4.728849411010742 0.2
-6.967319488525391 -9.655250549316406 -4.593349456787109 0.2
-7.0901994705200195 -9.826549530029297 -4.579349517822266 0.2
-7.132999420166016 -10.015850067138672 -4.656648635864258 0.2
-7.0901994705200195 -10.200450897216797 -4.743549346923828 0.2
-6.94536018371582 -10.34524917602539 -4.728748321533203 0.2
-6.879010200500488 -10.388851165771484 -4.544649124145508 0.2
-6.972089767456055 -10.326751708984375 -4.371250152587891 0.2
-7.126099586486816 -10.20465087890625 -4.305349349975586 0.2
-7.2322998046875 -10.028350830078125 -4.353948593139648 0.2
-7.241000175476074 -9.837150573730469 -4.437549591064453 0.2
-7.155499458312988 -9.651050567626953 -4.467048645019531 0.2
-7.059100151062012 -9.538249969482422 -4.330148696899414 0.2
-7.119799613952637 -9.56595230102539 -4.138648986816406 0.2
-7.265999794006348 -9.684249877929688 -4.05204963684082 0.2
-7.389200210571289 -9.854751586914062 -4.07914924621582 0.2
-7.401899337768555 -10.040351867675781 -4.17344856262207 0.2
-7.329799652099609 -10.221549987792969 -4.245149612426758 0.2
-7.203700065612793 -10.363849639892578 -4.167449951171875 0.2
-7.209400177001953 -10.392051696777344 -3.9688491821289062 0.2
-7.345399856567383 -10.309452056884766 -3.8375492095947266 0.2
-7.495299339294434 -10.161651611328125 -3.813549041748047 0.2
-7.555899620056152 -9.973949432373047 -3.8802490234375 0.2
-7.530499458312988 -9.783050537109375 -3.9602489471435547 0.2
-7.412099838256836 -9.61614990234375 -3.932849884033203 0.2
-7.34630012512207 -9.569549560546875 -3.748849868774414 0.2
-7.425799369812012 -9.655651092529297 -3.5797500610351562 0.2
-7.559399604797363 -9.805351257324219 -3.5180492401123047 0.2
-7.639499664306641 -9.993148803710938 -3.5667495727539062 0.2
-7.632800102233887 -10.179450988769531 -3.6607494354248047 0.2
-7.522500038146973 -10.350250244140625 -3.7023487091064453 0.2
-7.396299362182617 -10.440250396728516 -3.5732498168945312 0.2
-7.430899620056152 -10.407852172851562 -3.3751487731933594 0.2
-7.56559944152832 -10.299751281738281 -3.2589492797851562 0.2
-7.696800231933594 -10.133750915527344 -3.262248992919922 0.2
-7.739199638366699 -9.944549560546875 -3.339550018310547 0.2
-7.691999435424805 -9.752849578857422 -3.4059486389160156 0.2
-7.559000015258789 -9.612152099609375 -3.3403491973876953 0.2
-7.532899856567383 -9.607650756835938 -3.140748977661133 0.2
-7.634099960327148 -9.711849212646484 -2.9925498962402344 0.2
-7.767999649047852 -9.872150421142578 -2.9603500366210938 0.2
-7.825499534606934 -10.059951782226562 -3.031148910522461 0.2
-7.797299385070801 -10.244548797607422 -3.124948501586914 0.2
-7.666399955749512 -10.403251647949219 -3.1254501342773438 0.2
-7.585000038146973 -10.461650848388672 -2.951648712158203 0.2
-7.659699440002441 -10.400550842285156 -2.7696495056152344 0.2
-7.8003997802734375 -10.269248962402344 -2.6861495971679688 0.2
-7.898399353027344 -10.085948944091797 -2.7153491973876953 0.2
-7.911399841308594 -9.895450592041016 -2.8008499145507812 0.2
-7.820899963378906 -9.713951110839844 -2.839550018310547 0.2
-7.69219970703125 -9.623451232910156 -2.712848663330078 0.2
-7.703299522399902 -9.67354965209961 -2.5149497985839844 0.2
-7.8147993087768555 -9.802249908447266 -2.396249771118164 0.2
-7.929599761962891 -9.980751037597656 -2.397348403930664 0.2
-7.961199760437012 -10.169448852539062 -2.4818496704101562 0.2
-7.902799606323242 -10.35165023803711 -2.5629501342773438 0.2
-7.752399444580078 -10.480350494384766 -2.5116500854492188 0.2
-7.709799766540527 -10.491950988769531 -2.314849853515625 0.2
-7.807299613952637 -10.404949188232422 -2.154449462890625 0.2
-7.947999954223633 -10.25564956665039 -2.102649688720703 0.2
-8.021900177001953 -10.067550659179688 -2.1564483642578125 0.2
-8.01509952545166 -9.875850677490234 -2.238849639892578 0.2
-7.8933000564575195 -9.708251953125 -2.2420482635498047 0.2
-7.7947998046875 -9.653949737548828 -2.0757484436035156 0.2
-7.8466997146606445 -9.730548858642578 -1.8916492462158203 0.2
-7.973499298095703 -9.873050689697266 -1.8041496276855469 0.2
-8.067399978637695 -10.058349609375 -1.8363494873046875 0.2
-8.078999519348145 -10.2447509765625 -1.930349349975586 0.2
-7.9847002029418945 -10.420848846435547 -1.9878482818603516 0.2
-7.846799850463867 -10.521049499511719 -1.8788490295410156 0.2
-7.852999687194824 -10.493549346923828 -1.676748275756836 0.2
-7.965700149536133 -10.382251739501953 -1.5408496856689453 0.2
-8.08650016784668 -10.20975112915039 -1.5222492218017578 0.2
-8.131599426269531 -10.018951416015625 -1.5946483612060547 0.2
-8.087699890136719 -9.828750610351562 -1.6679496765136719 0.2
-7.939499855041504 -9.696552276611328 -1.6193485260009766 0.2
-7.879199981689453 -9.702651977539062 -1.426248550415039 0.2
-7.948599815368652 -9.80984878540039 -1.2618484497070312 0.2
-8.072400093078613 -9.973548889160156 -1.209848403930664 0.2
-8.138199806213379 -10.1634521484375 -1.2687492370605469 0.2
-8.126799583435059 -10.350650787353516 -1.3615493774414062 0.2
-7.995499610900879 -10.507949829101562 -1.3854484558105469 0.2
-7.88640022277832 -10.564849853515625 -1.2267494201660156 0.2
-7.9303998947143555 -10.505050659179688 -1.0338497161865234 0.2
-8.057899475097656 -10.376350402832031 -0.9294490814208984 0.2
-8.162099838256836 -10.193550109863281 -0.9453487396240234 0.2
-8.186100006103516 -10.001850128173828 -1.026449203491211 0.2
-8.107099533081055 -9.817852020263672 -1.0805492401123047 0.2
-7.9670000076293945 -9.71554946899414 -0.9761486053466797 0.2
-7.9593000411987305 -9.751449584960938 -0.7752494812011719 0.2
-8.06309986114502 -9.871849060058594 -0.641448974609375 0.2
-8.182799339294434 -10.046749114990234 -0.6260490417480469 0.2
-8.22439956665039 -10.235851287841797 -0.7052497863769531 0.2
-8.182099342346191 -10.420551300048828 -0.7920494079589844 0.2
-8.033199310302734 -10.558650970458984 -0.7607498168945312 0.2
-7.964200019836426 -10.579750061035156 -0.5718498229980469 0.2
-8.031999588012695 -10.49835205078125 -0.3937492370605469 0.2
-8.159500122070312 -10.34695053100586 -0.3184490203857422 0.2
-8.234700202941895 -10.157051086425781 -0.3634490966796875 0.2
-8.23699951171875 -9.965351104736328 -0.4470500946044922 0.2
-8.11460018157959 -9.798450469970703 -0.4644489288330078 0.2
-7.993800163269043 -9.748451232910156 -0.3114490509033203 0.2
-8.017600059509277 -9.826251983642578 -0.12125015258789062 0.2
-8.127699851989746 -9.971649169921875 -0.0173492431640625 0.2
-8.218400001525879 -10.160850524902344 -0.0379486083984375 0.2
-8.23799991607666 -10.35055160522461 -0.12444877624511719 0.2
-8.14989948272705 -10.525749206542969 -0.1956501007080078 0.2
-7.995100021362305 -10.624149322509766 -0.11044883728027344 0.2
-7.97189998626709 -10.600349426269531 0.09155082702636719 0.2
-8.066399574279785 -10.496452331542969 0.24575042724609375 0.2
-8.192399978637695 -10.328849792480469 0.2785511016845703 0.2
-8.247900009155273 -10.13705062866211 0.21555137634277344 0.2
-8.220399856567383 -9.944351196289062 0.13865089416503906 0.2
-8.077499389648438 -9.798851013183594 0.16464996337890625 0.2
-8.004199981689453 -9.785049438476562 0.35265159606933594 0.2
-8.06659984588623 -9.8802490234375 0.5271511077880859 0.2
-8.188699722290039 -10.039451599121094 0.59375 0.2
-8.257100105285645 -10.230751037597656 0.5421504974365234 0.2
-8.252699851989746 -10.418449401855469 0.44845008850097656 0.2
-8.130800247192383 -10.581649780273438 0.4122505187988281 0.2
-8.002099990844727 -10.64895248413086 0.5531501770019531 0.2
-8.00629997253418 -10.60605239868164 0.7562503814697266 0.2
-8.11240005493164 -10.483451843261719 0.8878517150878906 0.2
-8.215999603271484 -10.299449920654297 0.8848514556884766 0.2
-8.248799324035645 -10.107452392578125 0.8067512512207031 0.2
-8.177599906921387 -9.920951843261719 0.7473506927490234 0.2
-8.027999877929688 -9.817451477050781 0.8369503021240234 0.2
-7.996500015258789 -9.851749420166016 1.0369510650634766 0.2
-8.07819938659668 -9.97195053100586 1.1854515075683594 0.2
-8.185799598693848 -10.153450012207031 1.2103500366210938 0.2
-8.224699974060059 -10.346050262451172 1.137350082397461 0.2
-8.184800148010254 -10.531150817871094 1.0488510131835938 0.2
-8.02750015258789 -10.663349151611328 1.0610504150390625 0.2
-7.934100151062012 -10.683849334716797 1.2404499053955078 0.2
-7.976499557495117 -10.611351013183594 1.430450439453125 0.2
-8.10099983215332 -10.465850830078125 1.5180511474609375 0.2
-8.181699752807617 -10.27545166015625 1.48175048828125 0.2
-8.187399864196777 -10.08074951171875 1.4038505554199219 0.2
-8.071599960327148 -9.907951354980469 1.3784503936767578 0.2
-7.953399658203125 -9.839950561523438 1.5267505645751953 0.2
-7.976300239562988 -9.895648956298828 1.7256507873535156 0.2
-8.088299751281738 -10.029350280761719 1.840850830078125 0.2
-8.178899765014648 -10.217750549316406 1.819650650024414 0.2
-8.194099426269531 -10.407051086425781 1.7297515869140625 0.2
-8.111000061035156 -10.586151123046875 1.6605510711669922 0.2
-7.954799652099609 -10.695449829101562 1.7359504699707031 0.2
-7.894000053405762 -10.701950073242188 1.9348506927490234 0.2
-7.95319938659668 -10.620750427246094 2.1151504516601562 0.2
-8.076799392700195 -10.453250885009766 2.152750015258789 0.2
-8.125899314880371 -10.260250091552734 2.0870513916015625 0.2
-8.087800025939941 -10.06624984741211 2.0157508850097656 0.2
-7.947400093078613 -9.918048858642578 2.053050994873047 0.2
-7.8837995529174805 -9.891952514648438 2.245950698852539 0.2
-7.939099311828613 -9.96514892578125 2.4335498809814453 0.2
-8.061399459838867 -10.122150421142578 2.4992504119873047 0.2
-8.119400024414062 -10.314350128173828 2.438751220703125 0.2
-8.108099937438965 -10.502952575683594 2.3463516235351562 0.2
-7.985499382019043 -10.667850494384766 2.3104515075683594 0.2
-7.844900131225586 -10.747051239013672 2.4372501373291016 0.2
-7.80620002746582 -10.737449645996094 2.64215087890625 0.2
-7.900400161743164 -10.63064956665039 2.7897510528564453 0.2
-8.008999824523926 -10.449050903320312 2.7833499908447266 0.2
-8.033599853515625 -10.255550384521484 2.7056503295898438 0.2
-7.957300186157227 -10.06595230102539 2.65625 0.2
-7.8227996826171875 -9.947551727294922 2.7545509338378906 0.2
-7.787400245666504 -9.943649291992188 2.9595508575439453 0.2
-7.862799644470215 -10.033649444580078 3.1283512115478516 0.2
-7.977899551391602 -10.20865249633789 3.146350860595703 0.2
-8.008299827575684 -10.398448944091797 3.0622501373291016 0.2
-7.96150016784668 -10.58475112915039 2.9786510467529297 0.2
-7.8130998611450195 -10.730049133300781 2.998149871826172 0.2
-7.706999778747559 -10.78915023803711 3.165651321411133 0.2
-7.715799331665039 -10.762550354003906 3.3697509765625 0.2
-7.842299461364746 -10.62765121459961 3.4643516540527344 0.2
-7.918999671936035 -10.437549591064453 3.4200515747070312 0.2
-7.921699523925781 -10.242050170898438 3.343351364135742 0.2
-7.811200141906738 -10.06235122680664 3.3298511505126953 0.2
-7.6869001388549805 -9.977851867675781 3.4692516326904297 0.2
-7.658599853515625 -9.995349884033203 3.6754512786865234 0.2
-7.750199317932129 -10.119251251220703 3.811450958251953 0.2
-7.837200164794922 -10.308250427246094 3.785449981689453 0.2
-7.847799301147461 -10.496150970458984 3.691150665283203 0.2
-7.760899543762207 -10.676448822021484 3.6248512268066406 0.2
-7.60569953918457 -10.792152404785156 3.6968517303466797 0.2
-7.529199600219727 -10.819049835205078 3.889850616455078 0.2
-7.5802001953125 -10.753250122070312 4.077751159667969 0.2
-7.70319938659668 -10.588451385498047 4.120250701904297 0.2
-7.757900238037109 -10.395549774169922 4.055749893188477 0.2
-7.73390007019043 -10.198249816894531 3.986551284790039 0.2
-7.5954999923706055 -10.043251037597656 4.011251449584961 0.2
-7.485599517822266 -9.99945068359375 4.182849884033203 0.2
-7.477999687194824 -10.05405044555664 4.383550643920898 0.2
-7.580699920654297 -10.214149475097656 4.469951629638672 0.2
-7.6402997970581055 -10.407649993896484 4.411750793457031 0.2
-7.631599426269531 -10.595352172851562 4.316450119018555 0.2
-7.506099700927734 -10.75885009765625 4.273351669311523 0.2
-7.357600212097168 -10.838150024414062 4.393251419067383 0.2
-7.303400039672852 -10.8343505859375 4.595651626586914 0.2
-7.388999938964844 -10.730049133300781 4.752050399780273 0.2
-7.494999885559082 -10.547550201416016 4.7550506591796875 0.2
-7.536600112915039 -10.353950500488281 4.681850433349609 0.2
-7.477199554443359 -10.160449981689453 4.624950408935547 0.2
-7.324099540710449 -10.040950775146484 4.694751739501953 0.2
-7.2281999588012695 -10.031551361083984 4.881250381469727 0.2
-7.250199317932129 -10.12405014038086 5.06395149230957 0.2
-7.347999572753906 -10.306652069091797 5.103851318359375 0.2
-7.389299392700195 -10.49795150756836 5.025251388549805 0.2
-7.354700088500977 -10.684249877929688 4.933549880981445 0.2
-7.198399543762207 -10.822551727294922 4.926851272583008 0.2
-7.062199592590332 -10.869850158691406 5.077051162719727 0.2
-7.033599853515625 -10.836051940917969 5.279951095581055 0.2
-7.137599945068359 -10.698749542236328 5.398250579833984 0.2
-7.224100112915039 -10.508949279785156 5.369150161743164 0.2
-7.251899719238281 -10.31344985961914 5.294651031494141 0.2
-7.150699615478516 -10.132049560546875 5.256351470947266 0.2
-6.9944000244140625 -10.05044937133789 5.363750457763672 0.2
-6.91195011138916 -10.071052551269531 5.556051254272461 0.2
-6.95950984954834 -10.198551177978516 5.711750030517578 0.2
-7.042900085449219 -10.391849517822266 5.707651138305664 0.2
-7.07349967956543 -10.581851959228516 5.619251251220703 0.2
-7.003299713134766 -10.761951446533203 5.533349990844727 0.2
-6.830820083618164 -10.871749877929688 5.567251205444336 0.2
-6.709349632263184 -10.89324951171875 5.738151550292969 0.2
-6.7099199295043945 -10.82925033569336 5.93535041809082 0.2
-6.8201398849487305 -10.666549682617188 6.01045036315918 0.2
-6.894519805908203 -10.474449157714844 5.960750579833984 0.2
-6.898969650268555 -10.276351928710938 5.886850357055664 0.2
-6.764889717102051 -10.115550994873047 5.874050140380859 0.2
-6.614919662475586 -10.067451477050781 6.011951446533203 0.2
-6.551300048828125 -10.119651794433594 6.213951110839844 0.2
-6.629059791564941 -10.290550231933594 6.329050064086914 0.2
-6.697110176086426 -10.497249603271484 6.2774505615234375 0.2
-6.699219703674316 -10.697250366210938 6.177249908447266 0.2
-6.555939674377441 -10.857749938964844 6.125650405883789 0.2
-6.384329795837402 -10.915950775146484 6.251951217651367 0.2
-6.315099716186523 -10.88595199584961 6.460550308227539 0.2
-6.405459403991699 -10.74155044555664 6.60004997253418 0.2
-6.499919891357422 -10.54024887084961 6.575151443481445 0.2
-6.53223991394043 -10.332252502441406 6.498250961303711 0.2
-6.412839889526367 -10.149650573730469 6.460550308227539 0.2
-6.242380142211914 -10.088951110839844 6.58795166015625 0.2
