-19.97049903869629 11.130451202392578 5.303550720214844 0.2
-19.766599655151367 11.20064926147461 5.1907501220703125 0.2
-19.583999633789062 11.346050262451172 5.165349960327148 0.2
-19.572399139404297 11.537147521972656 5.299350738525391 0.2
-19.565898895263672 11.609050750732422 5.527050018310547 0.2
-19.40679931640625 11.55904769897461 5.698251724243164 0.2
-19.186199188232422 11.512847900390625 5.787351608276367 0.2
-18.987499237060547 11.471847534179688 5.679651260375977 0.2
-18.999799728393555 11.416748046875 5.449951171875 0.2
-19.143999099731445 11.364448547363281 5.263250350952148 0.2
-19.332698822021484 11.264747619628906 5.157251358032227 0.2
-19.479900360107422 11.119449615478516 5.259450912475586 0.2
-19.463899612426758 11.023651123046875 5.479949951171875 0.2
-19.378700256347656 11.01614761352539 5.699550628662109 0.2
-19.366899490356445 11.20574951171875 5.838050842285156 0.2
-19.25149917602539 11.378250122070312 5.942649841308594 0.2
-19.05660057067871 11.393848419189453 6.083250045776367 0.2
-18.903600692749023 11.280349731445312 6.228351593017578 0.2
-18.916500091552734 11.058250427246094 6.277851104736328 0.2
-19.034799575805664 10.90224838256836 6.142950057983398 0.2
-18.949800491333008 10.78594970703125 5.967750549316406 0.2
-18.71109962463379 10.760047912597656 5.944950103759766 0.2
-18.490699768066406 10.835750579833984 5.898151397705078 0.2
-18.45509910583496 11.051349639892578 5.822750091552734 0.2
-18.599599838256836 11.24264907836914 5.8110504150390625 0.2
-18.740299224853516 11.365047454833984 5.952051162719727 0.2
-18.69969940185547 11.343250274658203 6.178750991821289 0.2
-18.528099060058594 11.285449981689453 6.339750289916992 0.2
-18.31909942626953 11.190349578857422 6.393850326538086 0.2
-18.21489906311035 11.055049896240234 6.235651016235352 0.2
-18.276599884033203 10.907447814941406 6.058750152587891 0.2
-18.38279914855957 10.707847595214844 6.099750518798828 0.2
-18.4197998046875 10.596847534179688 6.311550140380859 0.2
-18.539600372314453 10.590248107910156 6.512350082397461 0.2
-18.68720054626465 10.765548706054688 6.560951232910156 0.2
-18.71269989013672 10.997550964355469 6.507450103759766 0.2
-18.551898956298828 11.157848358154297 6.542051315307617 0.2
-18.359399795532227 11.124748229980469 6.682651519775391 0.2
-18.24489974975586 11.043750762939453 6.878749847412109 0.2
-18.24970054626465 10.868450164794922 7.032451629638672 0.2
-18.386499404907227 10.68804931640625 6.976051330566406 0.2
-18.463499069213867 10.580448150634766 6.777750015258789 0.2
-18.321300506591797 10.481849670410156 6.624549865722656 0.2
-18.0851993560791 10.435749053955078 6.657751083374023 0.2
-17.868999481201172 10.517448425292969 6.697351455688477 0.2
-17.83799934387207 10.74734878540039 6.668550491333008 0.2
-17.95870018005371 10.95064926147461 6.704750061035156 0.2
-18.015899658203125 11.022048950195312 6.916049957275391 0.2
-17.94339942932129 10.95684814453125 7.138849258422852 0.2
-17.795299530029297 10.84225082397461 7.28904914855957 0.2
-17.646799087524414 10.682647705078125 7.217351913452148 0.2
-17.645299911499023 10.570549011230469 7.004951477050781 0.2
-17.785600662231445 10.424549102783203 6.890251159667969 0.2
-17.93280029296875 10.293251037597656 7.020351409912109 0.2
-18.050899505615234 10.243350982666016 7.225751876831055 0.2
-18.199800491333008 10.388248443603516 7.324251174926758 0.2
-18.21649932861328 10.621349334716797 7.272649765014648 0.2
-18.083999633789062 10.806049346923828 7.314050674438477 0.2
-17.94529914855957 10.80624771118164 7.506650924682617 0.2
-17.90570068359375 10.712749481201172 7.726251602172852 0.2
-17.981300354003906 10.543750762939453 7.871049880981445 0.2
-18.114299774169922 10.377948760986328 7.773351669311523 0.2
-18.135700225830078 10.260848999023438 7.565450668334961 0.2
-17.968799591064453 10.125049591064453 7.486452102661133 0.2
-17.776899337768555 10.038848876953125 7.60725212097168 0.2
-17.576099395751953 10.084850311279297 7.717752456665039 0.2
-17.488399505615234 10.300251007080078 7.698049545288086 0.2
-17.569599151611328 10.523250579833984 7.666051864624023 0.2
-17.699499130249023 10.643150329589844 7.813749313354492 0.2
-17.7455997467041 10.588050842285156 8.044149398803711 0.2
-17.71299934387207 10.463050842285156 8.247549057006836 0.2
-17.588600158691406 10.270450592041016 8.273252487182617 0.2
-17.504798889160156 10.130550384521484 8.097452163696289 0.2
-17.5856990814209 9.99264907836914 7.926752090454102 0.2
-17.788700103759766 9.8802490234375 7.959352493286133 0.2
-17.986799240112305 9.84914779663086 8.093950271606445 0.2
-18.151599884033203 10.005748748779297 8.131952285766602 0.2
-18.12470054626465 10.237751007080078 8.07695198059082 0.2
-17.993200302124023 10.426448822021484 8.126951217651367 0.2
-17.924299240112305 10.452049255371094 8.349752426147461 0.2
-17.976200103759766 10.364151000976562 8.56974983215332 0.2
-18.119199752807617 10.225650787353516 8.701051712036133 0.2
-18.250499725341797 10.061649322509766 8.601751327514648 0.2
-18.239500045776367 9.933147430419922 8.39735221862793 0.2
-18.101299285888672 9.758251190185547 8.33165168762207 0.2
-17.989900588989258 9.618949890136719 8.493650436401367 0.2
-17.867799758911133 9.59634780883789 8.695451736450195 0.2
-17.723600387573242 9.768348693847656 8.757749557495117 0.2
-17.700599670410156 10.001350402832031 8.696950912475586 0.2
-17.822500228881836 10.196548461914062 8.73265266418457 0.2
-17.98110008239746 10.210250854492188 8.909849166870117 0.2
-18.079999923706055 10.105247497558594 9.106149673461914 0.2
-18.05900001525879 9.905048370361328 9.225751876831055 0.2
-17.938899993896484 9.717647552490234 9.138952255249023 0.2
-17.904800415039062 9.572349548339844 8.951749801635742 0.2
-18.07900047302246 9.462749481201172 8.842649459838867 0.2
-18.317800521850586 9.430850982666016 8.881650924682617 0.2
-18.49989891052246 9.576950073242188 8.874151229858398 0.2
-18.465599060058594 9.809150695800781 8.833051681518555 0.2
-18.32859992980957 10.002147674560547 8.878450393676758 0.2
-18.29159927368164 10.090450286865234 9.090551376342773 0.2
-18.409700393676758 10.039749145507812 9.295351028442383 0.2
-18.59779930114746 9.934249877929688 9.405149459838867 0.2
-18.74880027770996 9.781047821044922 9.313852310180664 0.2
-18.72949981689453 9.6385498046875 9.118051528930664 0.2
-18.616600036621094 9.448150634765625 9.032548904418945 0.2
-18.556798934936523 9.265750885009766 9.170751571655273 0.2
-18.545000076293945 9.191349029541016 9.399148941040039 0.2
-18.42180061340332 9.302947998046875 9.563852310180664 0.2
-18.32040023803711 9.522647857666016 9.547052383422852 0.2
-18.348100662231445 9.75735092163086 9.512151718139648 0.2
-18.53689956665039 9.869148254394531 9.598249435424805 0.2
-18.72410011291504 9.812850952148438 9.744550704956055 0.2
-18.82159996032715 9.643749237060547 9.883352279663086 0.2
-18.749300003051758 9.418148040771484 9.889249801635742 0.2
-18.643600463867188 9.243949890136719 9.754949569702148 0.2
-18.705400466918945 9.112350463867188 9.569150924682617 0.2
-18.933799743652344 9.06304931640625 9.502050399780273 0.2
-19.141698837280273 9.167049407958984 9.458951950073242 0.2
-19.13920021057129 9.398948669433594 9.413652420043945 0.2
-18.997900009155273 9.596748352050781 9.448652267456055 0.2
-18.93560028076172 9.741748809814453 9.623849868774414 0.2
-19.06719970703125 9.754447937011719 9.824151992797852 0.2
-19.28030014038086 9.683650970458984 9.921049118041992 0.2
-19.4689998626709 9.55364990234375 9.855249404907227 0.2
-19.472599029541016 9.396247863769531 9.671751022338867 0.2
-19.373199462890625 9.212448120117188 9.546152114868164 0.2
-19.31410026550293 8.995147705078125 9.62025260925293 0.2
-19.375999450683594 8.870750427246094 9.821249008178711 0.2
-19.332599639892578 8.914249420166016 10.049249649047852 0.2
-19.208799362182617 9.109249114990234 10.116949081420898 0.2
-19.141799926757812 9.342849731445312 10.08275032043457 0.2
-19.265499114990234 9.542747497558594 10.087751388549805 0.2
-19.492799758911133 9.562149047851562 10.173650741577148 0.2
-19.67729949951172 9.448749542236328 10.286550521850586 0.2
-19.695899963378906 9.220951080322266 10.350252151489258 0.2
-19.583398818969727 9.012748718261719 10.284650802612305 0.2
-19.537399291992188 8.843151092529297 10.119352340698242 0.2
-19.690099716186523 8.761150360107422 9.954450607299805 0.2
-19.912199020385742 8.81195068359375 9.872652053833008 0.2
-19.967899322509766 9.029350280761719 9.796152114868164 0.2
-19.842500686645508 9.238349914550781 9.825750350952148 0.2
-19.73430061340332 9.415149688720703 9.953149795532227 0.2
-19.827098846435547 9.502948760986328 10.153749465942383 0.2
-20.0497989654541 9.479949951171875 10.255552291870117 0.2
-20.27199935913086 9.39004898071289 10.216852188110352 0.2
-20.329500198364258 9.228347778320312 10.049551010131836 0.2
-20.24169921875 9.046947479248047 9.905450820922852 0.2
-20.163000106811523 8.819950103759766 9.902551651000977 0.2
-20.230899810791016 8.651248931884766 10.062551498413086 0.2
-20.301898956298828 8.631851196289062 10.291952133178711 0.2
-20.2096004486084 8.784549713134766 10.450151443481445 0.2
-20.089599609375 9.001449584960938 10.456949234008789 0.2
-20.08839988708496 9.241050720214844 10.430749893188477 0.2
-20.29199981689453 9.36764907836914 10.445852279663086 0.2
-20.527099609375 9.329948425292969 10.51154899597168 0.2
-20.663299560546875 9.148849487304688 10.593450546264648 0.2
-20.603899002075195 8.912250518798828 10.589250564575195 0.2
-20.502899169921875 8.706748962402344 10.49635124206543 0.2
-20.538999557495117 8.573749542236328 10.29945182800293 0.2
-20.735700607299805 8.573650360107422 10.153348922729492 0.2
-20.83989906311035 8.74985122680664 10.030752182006836 0.2
-20.748300552368164 8.975349426269531 10.035348892211914 0.2
-20.617000579833984 9.159648895263672 10.13945198059082 0.2
-20.63399887084961 9.311847686767578 10.322351455688477 0.2
-20.847400665283203 9.351749420166016 10.435651779174805 0.2
-21.090599060058594 9.314849853515625 10.413450241088867 0.2
-21.212600708007812 9.182849884033203 10.254949569702148 0.2
-21.146699905395508 8.995250701904297 10.106851577758789 0.2
-21.058799743652344 8.774250030517578 10.043050765991211 0.2
-21.09510040283203 8.561248779296875 10.149251937866211 0.2
-21.254098892211914 8.495250701904297 10.325551986694336 0.2
-21.2593994140625 8.590351104736328 10.544549942016602 0.2
-21.131999969482422 8.78664779663086 10.621850967407227 0.2
-21.02869987487793 9.011348724365234 10.622949600219727 0.2
-21.129600524902344 9.224647521972656 10.58704948425293 0.2
-21.371700286865234 9.274349212646484 10.581449508666992 0.2
-21.59239959716797 9.174247741699219 10.61815071105957 0.2
-21.638399124145508 8.938949584960938 10.645051956176758 0.2
-21.550800323486328 8.708549499511719 10.607950210571289 0.2
-21.494699478149414 8.52145004272461 10.462751388549805 0.2
-21.59779930114746 8.479351043701172 10.247049331665039 0.2
-21.725299835205078 8.602848052978516 10.079648971557617 0.2
-21.661399841308594 8.830848693847656 10.03685188293457 0.2
-21.531099319458008 9.014949798583984 10.144651412963867 0.2
-21.47949981689453 9.187747955322266 10.310152053833008 0.2
-21.649499893188477 9.298049926757812 10.440549850463867 0.2
-21.896099090576172 9.316650390625 10.420450210571289 0.2
-22.07159996032715 9.248550415039062 10.265951156616211 0.2
-22.046998977661133 9.070247650146484 10.100351333618164 0.2
-21.95039939880371 8.85995101928711 10.006551742553711 0.2
-21.948598861694336 8.619148254394531 10.038751602172852 0.2
-22.12529945373535 8.497550964355469 10.154352188110352 0.2
-22.259599685668945 8.53554916381836 10.350751876831055 0.2
-22.187700271606445 8.698047637939453 10.516851425170898 0.2
-22.046899795532227 8.895347595214844 10.577852249145508 0.2
-22.006799697875977 9.133750915527344 10.56505012512207 0.2
-22.1875 9.283649444580078 10.497949600219727 0.2
-22.43280029296875 9.279548645019531 10.457551956176758 0.2
-22.59549903869629 9.102249145507812 10.45985221862793 0.2
-22.568300247192383 8.855751037597656 10.454450607299805 0.2
-22.490299224853516 8.628948211669922 10.38945198059082 0.2
-22.46969985961914 8.515750885009766 10.177251815795898 0.2
-22.567699432373047 8.583549499511719 9.959650039672852 0.2
-22.531999588012695 8.791248321533203 9.84575080871582 0.2
-22.410600662231445 8.983848571777344 9.941049575805664 0.2
-22.319700241088867 9.145347595214844 10.107549667358398 0.2
-22.412899017333984 9.307048797607422 10.258352279663086 0.2
-22.644899368286133 9.389949798583984 10.244951248168945 0.2
-22.839099884033203 9.39474868774414 10.093252182006836 0.2
-22.87019920349121 9.261749267578125 9.894449234008789 0.2
-22.781700134277344 9.051048278808594 9.79475212097168 0.2
-22.738100051879883 8.810050964355469 9.767850875854492 0.2
-22.883899688720703 8.630550384521484 9.835248947143555 0.2
-23.113500595092773 8.631050109863281 9.928850173950195 0.2
-23.17129898071289 8.751350402832031 10.128652572631836 0.2
-23.052900314331055 8.926651000976562 10.259950637817383 0.2
-22.928298950195312 9.132549285888672 10.320550918579102 0.2
-22.964799880981445 9.356948852539062 10.246149063110352 0.2
-23.16029930114746 9.450248718261719 10.125051498413086 0.2
-23.382999420166016 9.388748168945312 10.042352676391602 0.2
-23.466100692749023 9.16094970703125 10.03394889831543 0.2
-23.423799514770508 8.914749145507812 10.032449722290039 0.2
-23.34749984741211 8.716350555419922 9.913652420043945 0.2
-23.33799934387207 8.700748443603516 9.672151565551758 0.2
-23.318199157714844 8.855350494384766 9.48695182800293 0.2
-23.189899444580078 9.0594482421875 9.513551712036133 0.2
-23.09589958190918 9.213748931884766 9.685850143432617 0.2
-23.103599548339844 9.385250091552734 9.860052108764648 0.2
-23.29010009765625 9.539348602294922 9.877752304077148 0.2
-23.477399826049805 9.610450744628906 9.731550216674805 0.2
-23.549699783325195 9.556549072265625 9.507452011108398 0.2
-23.48740005493164 9.35675048828125 9.379152297973633 0.2
-23.419700622558594 9.120147705078125 9.338251113891602 0.2
-23.504499435424805 8.895748138427734 9.364049911499023 0.2
-23.74530029296875 8.851150512695312 9.379152297973633 0.2
-23.936500549316406 8.949150085449219 9.488649368286133 0.2
-23.909799575805664 9.107349395751953 9.671049118041992 0.2
-23.774799346923828 9.27254867553711 9.79985237121582 0.2
-23.681499481201172 9.494548797607422 9.807352066040039 0.2
-23.75909996032715 9.67144775390625 9.659452438354492 0.2
-23.939599990844727 9.7198486328125 9.496850967407227 0.2
-24.11789894104004 9.584850311279297 9.409551620483398 0.2
-24.155899047851562 9.341049194335938 9.420450210571289 0.2
-24.116498947143555 9.098247528076172 9.402551651000977 0.2
-24.02050018310547 8.970649719238281 9.223352432250977 0.2
-23.969600677490234 9.048851013183594 8.995149612426758 0.2
-23.82390022277832 9.228347778320312 8.930551528930664 0.2
-23.718599319458008 9.392448425292969 9.080652236938477 0.2
-23.690099716186523 9.546150207519531 9.274148941040039 0.2
-23.804800033569336 9.74074935913086 9.350851058959961 0.2
-23.963199615478516 9.87405014038086 9.217550277709961 0.2
-24.045000076293945 9.902748107910156 8.988149642944336 0.2
-24.003299713134766 9.750747680664062 8.807649612426758 0.2
-23.933700561523438 9.515647888183594 8.765050888061523 0.2
-23.96500015258789 9.273651123046875 8.76515007019043 0.2
-24.178998947143555 9.166549682617188 8.751249313354492 0.2
-24.406400680541992 9.253650665283203 8.727849960327148 0.2
-24.510900497436523 9.408950805664062 8.877351760864258 0.2
-24.424699783325195 9.555747985839844 9.055849075317383 0.2
-24.291399002075195 9.730548858642578 9.163251876831055 0.2
-24.233699798583984 9.941650390625 9.067949295043945 0.2
-24.312299728393555 10.06155014038086 8.867452621459961 0.2
-24.468299865722656 10.043548583984375 8.683351516723633 0.2
-24.595800399780273 9.845848083496094 8.633649826049805 0.2
-24.62619972229004 9.600948333740234 8.655950546264648 0.2
-24.54509925842285 9.386947631835938 8.58485221862793 0.2
-24.41390037536621 9.364250183105469 8.383649826049805 0.2
-24.258699417114258 9.49184799194336 8.249151229858398 0.2
-24.11039924621582 9.651847839355469 8.348451614379883 0.2
-24.081600189208984 9.793548583984375 8.549650192260742 0.2
-24.14579963684082 9.983749389648438 8.683050155639648 0.2
-24.259599685668945 10.174449920654297 8.591451644897461 0.2
-24.30739974975586 10.266948699951172 8.368852615356445 0.2
-24.264999389648438 10.20145034790039 8.142251968383789 0.2
-24.194398880004883 9.979049682617188 8.073152542114258 0.2
-24.18720054626465 9.733047485351562 8.079252243041992 0.2
-24.355600357055664 9.566947937011719 8.047552108764648 0.2
-24.565898895263672 9.614849090576172 7.938352584838867 0.2
-24.739900588989258 9.777950286865234 7.95414924621582 0.2
-24.76289939880371 9.934650421142578 8.135652542114258 0.2
-24.66390037536621 10.06985092163086 8.316251754760742 0.2
-24.526100158691406 10.260948181152344 8.339052200317383 0.2
-24.47760009765625 10.418548583984375 8.160249710083008 0.2
-24.520999908447266 10.480247497558594 7.927850723266602 0.2
-24.659500122070312 10.372947692871094 7.76984977722168 0.2
-24.766199111938477 10.152450561523438 7.768350601196289 0.2
-24.763700485229492 9.910747528076172 7.768152236938477 0.2
-24.601900100708008 9.777950286865234 7.656850814819336 0.2
-24.415699005126953 9.838550567626953 7.511152267456055 0.2
-24.221599578857422 9.966449737548828 7.557451248168945 0.2
-24.17919921875 10.104949951171875 7.752351760864258 0.2
-24.23740005493164 10.27254867553711 7.919050216674805 0.2
-24.31920051574707 10.491249084472656 7.883050918579102 0.2
-24.32040023803711 10.626148223876953 7.680452346801758 0.2
-24.248199462890625 10.635848999023438 7.449949264526367 0.2
-24.15250015258789 10.455650329589844 7.330850601196289 0.2
-24.137699127197266 10.211250305175781 7.347749710083008 0.2
-24.257699966430664 10.007148742675781 7.325349807739258 0.2
-24.446800231933594 9.99625015258789 7.18425178527832 0.2
-24.588899612426758 10.149150848388672 7.059549331665039 0.2
-24.70599937438965 10.333450317382812 7.149351119995117 0.2
-24.688098907470703 10.460350036621094 7.356649398803711 0.2
-24.559799194335938 10.61104965209961 7.489049911499023 0.2
-24.41699981689453 10.776649475097656 7.395849227905273 0.2
-24.35219955444336 10.872650146484375 7.180952072143555 0.2
-24.40019989013672 10.850749969482422 6.949951171875 0.2
-24.54520034790039 10.679649353027344 6.8688507080078125 0.2
-24.628299713134766 10.4521484375 6.888551712036133 0.2
-24.513898849487305 10.248950958251953 6.85984992980957 0.2
-24.29629898071289 10.22964859008789 6.759851455688477 0.2
-24.075199127197266 10.31195068359375 6.781150817871094 0.2
-24.000999450683594 10.436149597167969 6.969350814819336 0.2
-24.07509994506836 10.59054946899414 7.142351150512695 0.2
-24.14539909362793 10.813949584960938 7.145452499389648 0.2
-24.102100372314453 10.975749969482422 6.972249984741211 0.2
-23.984699249267578 11.028247833251953 6.767250061035156 0.2
-23.852100372314453 10.89114761352539 6.633251190185547 0.2
-23.832799911499023 10.651050567626953 6.646751403808594 0.2
-23.943099975585938 10.439949035644531 6.636451721191406 0.2
-24.112998962402344 10.3968505859375 6.481349945068359 0.2
-24.195798873901367 10.53274917602539 6.297151565551758 0.2
-24.311599731445312 10.734249114990234 6.271051406860352 0.2
-24.369800567626953 10.880050659179688 6.451650619506836 0.2
-24.29629898071289 11.00014877319336 6.6448516845703125 0.2
-24.109800338745117 11.140949249267578 6.644250869750977 0.2
-23.956998825073242 11.243549346923828 6.484750747680664 0.2
-23.896699905395508 11.269950866699219 6.256750106811523 0.2
-24.012300491333008 11.155448913574219 6.090250015258789 0.2
-24.15869903564453 10.963348388671875 6.077751159667969 0.2
-24.132400512695312 10.73284912109375 6.097249984741211 0.2
-23.915599822998047 10.642547607421875 6.075950622558594 0.2
-23.67770004272461 10.672649383544922 6.101449966430664 0.2
-23.577899932861328 10.765449523925781 6.2904510498046875 0.2
-23.65959930419922 10.91244888305664 6.463451385498047 0.2
-23.72679901123047 11.134651184082031 6.486949920654297 0.2
-23.644800186157227 11.306549072265625 6.345251083374023 0.2
-23.47640037536621 11.37984848022461 6.187450408935547 0.2
-23.301300048828125 11.28194808959961 6.069150924682617 0.2
-23.27790069580078 11.04684829711914 6.075151443481445 0.2
-23.396699905395508 10.839149475097656 6.075550079345703 0.2
-23.545400619506836 10.777950286865234 5.909950256347656 0.2
-23.57509994506836 10.896350860595703 5.703550338745117 0.2
-23.629798889160156 11.092948913574219 5.587551116943359 0.2
-23.728599548339844 11.27334976196289 5.6990509033203125 0.2
-23.726200103759766 11.38134765625 5.912351608276367 0.2
-23.546600341796875 11.48965072631836 6.008050918579102 0.2
-23.336999893188477 11.567550659179688 5.915851593017578 0.2
-23.185298919677734 11.615650177001953 5.737550735473633 0.2
-23.222299575805664 11.549449920654297 5.520551681518555 0.2
-23.393600463867188 11.401649475097656 5.4425506591796875 0.2
-23.456199645996094 11.177749633789062 5.463651657104492 0.2
-23.288799285888672 11.023250579833984 5.51045036315918 0.2
-23.054800033569336 10.998847961425781 5.571550369262695 0.2
-22.93779945373535 11.046947479248047 5.762950897216797 0.2
-23.024700164794922 11.19124984741211 5.931751251220703 0.2
-23.097700119018555 11.41204833984375 5.961750030517578 0.2
-22.981599807739258 11.583148956298828 5.849451065063477 0.2
-22.776399612426758 11.646049499511719 5.73845100402832 0.2
-22.566598892211914 11.566349029541016 5.670650482177734 0.2
-22.53179931640625 11.337249755859375 5.6795501708984375 0.2
-22.66860008239746 11.141250610351562 5.676549911499023 0.2
-22.797500610351562 11.066650390625 5.501251220703125 0.2
-22.766399383544922 11.162651062011719 5.284950256347656 0.2
-22.73379898071289 11.338951110839844 5.126550674438477 0.2
-22.83009910583496 11.546150207519531 5.1636505126953125 0.2
-22.89940071105957 11.666648864746094 5.358650207519531 0.2
-22.7632999420166 11.753150939941406 5.520450592041016 0.2
-22.525299072265625 11.790847778320312 5.505250930786133 0.2
-22.316200256347656 11.814849853515625 5.386951446533203 0.2
-22.271799087524414 11.761650085449219 5.169351577758789 0.2
-22.429399490356445 11.64004898071289 5.038751602172852 0.2
-22.529199600219727 11.429649353027344 5.039951324462891 0.2
-22.397499084472656 11.258148193359375 5.124351501464844 0.2
-22.195199966430664 11.190750122070312 5.24315071105957 0.2
-22.135299682617188 11.218250274658203 5.463651657104492 0.2
-22.24370002746582 11.374347686767578 5.605051040649414 0.2
-22.290199279785156 11.602550506591797 5.6076507568359375 0.2
-22.134300231933594 11.748847961425781 5.513250350952148 0.2
-21.906599044799805 11.782249450683594 5.442850112915039 0.2
-21.677499771118164 11.716350555419922 5.434350967407227 0.2
-21.628299713134766 11.492950439453125 5.4584503173828125 0.2
-21.777099609375 11.305648803710938 5.459051132202148 0.2
-21.93079948425293 11.216148376464844 5.309350967407227 0.2
-21.90920066833496 11.276348114013672 5.084850311279297 0.2
-21.7903995513916 11.409149169921875 4.917751312255859 0.2
-21.787399291992188 11.631549835205078 4.871551513671875 0.2
-21.877599716186523 11.792549133300781 5.022150039672852 0.2
-21.807600021362305 11.877449035644531 5.224651336669922 0.2
-21.575300216674805 11.890251159667969 5.280851364135742 0.2
-21.342899322509766 11.873550415039062 5.222650527954102 0.2
-21.231698989868164 11.808849334716797 5.032951354980469 0.2
-21.344999313354492 11.699249267578125 4.856151580810547 0.2
-21.40760040283203 11.482048034667969 4.814350128173828 0.2
-21.255800247192383 11.321147918701172 4.889751434326172 0.2
-21.103199005126953 11.24224853515625 5.0592498779296875 0.2
-21.115699768066406 11.229549407958984 5.290349960327148 0.2
-21.276899337768555 11.347148895263672 5.4201507568359375 0.2
-21.388399124145508 11.555049896240234 5.433950424194336 0.2
-21.27050018310547 11.740447998046875 5.374950408935547 0.2
-21.0310001373291 11.764549255371094 5.347949981689453 0.2
-20.80739974975586 11.691947937011719 5.3948516845703125 0.2
-20.734800338745117 11.473148345947266 5.402650833129883 0.2
-20.835800170898438 11.274650573730469 5.315549850463867 0.2
-20.793899536132812 11.188549041748047 5.108251571655273 0.2
-20.619600296020508 11.236549377441406 4.94365119934082 0.2
-20.5487003326416 11.396747589111328 4.791049957275391 0.2
-20.646900177001953 11.609748840332031 4.792150497436523 0.2
-20.784500122070312 11.75634765625 4.924449920654297 0.2
-20.79010009765625 11.824348449707031 5.146251678466797 0.2
-20.602699279785156 11.786750793457031 5.2839508056640625 0.2
-20.36389923095703 11.771350860595703 5.323951721191406 0.2
-20.168800354003906 11.711849212646484 5.212850570678711 0.2
-20.186599731445312 11.629947662353516 4.9920501708984375 0.2
-20.312299728393555 11.475048065185547 4.866350173950195 0.2
-20.336200714111328 11.264850616455078 4.957151412963867 0.2
-20.233699798583984 11.144248962402344 5.1430511474609375 0.2
-20.231599807739258 11.140647888183594 5.375751495361328 0.2
-20.374300003051758 11.284347534179688 5.498350143432617 0.2
-20.423200607299805 11.514549255371094 5.50775146484375 0.2
-20.2372989654541 11.649749755859375 5.493350982666016 0.2
-19.998498916625977 11.622447967529297 5.523950576782227 0.2
-19.784299850463867 11.568550109863281 5.622751235961914 0.2
-19.662399291992188 11.430950164794922 5.76915168762207 0.2
-19.751100540161133 11.218547821044922 5.792350769042969 0.2
-19.930299758911133 11.117450714111328 5.667051315307617 0.2
-20.027000427246094 11.097148895263672 5.451351165771484 0.2
