-18.8705997467041 8.848949432373047 1.9022502899169922 0.2
-18.702899932861328 8.79134750366211 2.000551223754883 0.2
-18.63279914855957 8.685150146484375 2.1588516235351562 0.2
-18.69219970703125 8.507949829101562 2.2236499786376953 0.2
-18.747299194335938 8.315250396728516 2.170351028442383 0.2
-18.718599319458008 8.132648468017578 2.241250991821289 0.2
-18.687599182128906 8.110050201416016 2.435649871826172 0.2
-18.742799758911133 8.227249145507812 2.5904502868652344 0.2
-18.806798934936523 8.408451080322266 2.6579513549804688 0.2
-18.777999877929688 8.600948333740234 2.607351303100586 0.2
-18.677400588989258 8.693450927734375 2.457550048828125 0.2
-18.501399993896484 8.705249786376953 2.357250213623047 0.2
-18.310998916625977 8.637248992919922 2.3706512451171875 0.2
-18.17889976501465 8.53125 2.484050750732422 0.2
-18.12649917602539 8.504348754882812 2.6761512756347656 0.2
-18.23029899597168 8.552947998046875 2.8406505584716797 0.2
-18.415300369262695 8.628948211669922 2.875650405883789 0.2
-18.61479949951172 8.631851196289062 2.841350555419922 0.2
-18.735300064086914 8.475749969482422 2.8286514282226562 0.2
-18.673398971557617 8.285747528076172 2.8603515625 0.2
-18.51259994506836 8.190250396728516 2.9402503967285156 0.2
-18.327499389648438 8.218448638916016 3.0163516998291016 0.2
-18.176300048828125 8.335750579833984 2.9484500885009766 0.2
-17.99810028076172 8.384147644042969 2.868551254272461 0.2
-17.821300506591797 8.30215072631836 2.9114513397216797 0.2
-17.707799911499023 8.22024917602539 3.057849884033203 0.2
-17.690500259399414 8.262149810791016 3.2592506408691406 0.2
-17.847400665283203 8.351348876953125 3.3694515228271484 0.2
-18.05500030517578 8.364349365234375 3.3230514526367188 0.2
-18.223400115966797 8.2718505859375 3.2303504943847656 0.2
-18.269899368286133 8.06814956665039 3.2308502197265625 0.2
-18.20009994506836 7.918548583984375 3.3675498962402344 0.2
-18.111799240112305 7.894248962402344 3.561250686645508 0.2
-17.997600555419922 8.023448944091797 3.682849884033203 0.2
-17.872699737548828 8.179248809814453 3.609050750732422 0.2
-17.707698822021484 8.216949462890625 3.476449966430664 0.2
-17.515600204467773 8.128250122070312 3.450450897216797 0.2
-17.375 8.003547668457031 3.5540504455566406 0.2
-17.307300567626953 8.003650665283203 3.7531509399414062 0.2
-17.4247989654541 8.090747833251953 3.9059505462646484 0.2
-17.628700256347656 8.15694808959961 3.9083499908447266 0.2
-17.831298828125 8.114349365234375 3.859251022338867 0.2
-17.910499572753906 7.919849395751953 3.8575515747070312 0.2
-17.806400299072266 7.760250091552734 3.9549503326416016 0.2
-17.64259910583496 7.724647521972656 4.0926513671875 0.2
-17.459999084472656 7.825748443603516 4.127450942993164 0.2
-17.32309913635254 7.9129486083984375 3.984651565551758 0.2
-17.128700256347656 7.869449615478516 3.9119510650634766 0.2
-17.00899887084961 7.756549835205078 4.041749954223633 0.2
-17.0093994140625 7.71405029296875 4.254350662231445 0.2
-17.13949966430664 7.714649200439453 4.424051284790039 0.2
-17.350799560546875 7.690849304199219 4.420650482177734 0.2
-17.51729965209961 7.635547637939453 4.294651031494141 0.2
-17.541000366210938 7.507049560546875 4.128351211547852 0.2
-17.409900665283203 7.343151092529297 4.092851638793945 0.2
-17.337400436401367 7.187450408935547 4.2214508056640625 0.2
-17.298398971557617 7.127750396728516 4.422451019287109 0.2
-17.212799072265625 7.246150970458984 4.575450897216797 0.2
-17.134199142456055 7.4465484619140625 4.598850250244141 0.2
-17.010000228881836 7.595149993896484 4.509550094604492 0.2
-16.859800338745117 7.5556488037109375 4.363550186157227 0.2
-16.755699157714844 7.368350982666016 4.349851608276367 0.2
-16.709999084472656 7.176948547363281 4.44795036315918 0.2
-16.836999893188477 7.081550598144531 4.5881500244140625 0.2
-17.051599502563477 7.054149627685547 4.606651306152344 0.2
-17.18000030517578 6.911350250244141 4.5180511474609375 0.2
-17.122400283813477 6.726848602294922 4.422651290893555 0.2
-17.004600524902344 6.546848297119141 4.433750152587891 0.2
-16.928298950195312 6.460849761962891 4.610151290893555 0.2
-16.871299743652344 6.600151062011719 4.759651184082031 0.2
-16.787700653076172 6.794750213623047 4.722949981689453 0.2
-16.695199966430664 6.923347473144531 4.574750900268555 0.2
-16.592599868774414 6.879447937011719 4.394250869750977 0.2
-16.497699737548828 6.699249267578125 4.313751220703125 0.2
-16.367399215698242 6.538047790527344 4.3670501708984375 0.2
-16.320899963378906 6.500648498535156 4.570350646972656 0.2
-16.44770050048828 6.540550231933594 4.739250183105469 0.2
-16.64929962158203 6.530448913574219 4.808950424194336 0.2
-16.78849983215332 6.3735504150390625 4.7633514404296875 0.2
-16.774200439453125 6.159549713134766 4.724451065063477 0.2
-16.645898818969727 5.987751007080078 4.744251251220703 0.2
-16.435298919677734 6.00164794921875 4.756750106811523 0.2
-16.31290054321289 6.156047821044922 4.671150207519531 0.2
-16.298099517822266 6.300048828125 4.511951446533203 0.2
-16.37779998779297 6.2955474853515625 4.31355094909668 0.2
-16.4148006439209 6.1188507080078125 4.192951202392578 0.2
-16.360898971557617 5.922050476074219 4.153350830078125 0.2
-16.276500701904297 5.7843475341796875 4.277950286865234 0.2
-16.254899978637695 5.789947509765625 4.479249954223633 0.2
-16.362499237060547 5.830650329589844 4.644451141357422 0.2
-16.551700592041016 5.767047882080078 4.670351028442383 0.2
-16.636199951171875 5.603748321533203 4.580251693725586 0.2
-16.600099563598633 5.420650482177734 4.495151519775391 0.2
-16.44879913330078 5.3121490478515625 4.415750503540039 0.2
-16.292400360107422 5.387847900390625 4.312450408935547 0.2
-16.239500045776367 5.556449890136719 4.208751678466797 0.2
-16.31529998779297 5.693248748779297 4.080350875854492 0.2
-16.472700119018555 5.658050537109375 3.96295166015625 0.2
-16.514299392700195 5.474647521972656 3.889251708984375 0.2
-16.412599563598633 5.284049987792969 3.8666515350341797 0.2
-16.309200286865234 5.147350311279297 3.9892501831054688 0.2
-16.319398880004883 5.133548736572266 4.204750061035156 0.2
-16.46109962463379 5.113948822021484 4.362951278686523 0.2
-16.60300064086914 4.9519500732421875 4.361650466918945 0.2
-16.612998962402344 4.743747711181641 4.30255126953125 0.2
-16.471099853515625 4.5921478271484375 4.249351501464844 0.2
-16.279699325561523 4.645347595214844 4.1795501708984375 0.2
-16.215599060058594 4.835350036621094 4.098051071166992 0.2
-16.259899139404297 4.973148345947266 3.941650390625 0.2
-16.35219955444336 4.907447814941406 3.7639503479003906 0.2
-16.340299606323242 4.70574951171875 3.6906509399414062 0.2
-16.23509979248047 4.517448425292969 3.7176513671875 0.2
-16.201900482177734 4.397251129150391 3.888551712036133 0.2
-16.30340003967285 4.415149688720703 4.079851150512695 0.2
-16.49359893798828 4.365447998046875 4.162050247192383 0.2
-16.601499557495117 4.180549621582031 4.1197509765625 0.2
-16.56559944152832 3.9709510803222656 4.077951431274414 0.2
-16.371000289916992 3.88494873046875 4.071250915527344 0.2
-16.20789909362793 4.016651153564453 4.0274505615234375 0.2
-16.16390037536621 4.182350158691406 3.895650863647461 0.2
-16.16189956665039 4.162548065185547 3.6850509643554688 0.2
-16.14389991760254 3.9719505310058594 3.581850051879883 0.2
-16.098899841308594 3.7595481872558594 3.606851577758789 0.2
-16.10070037841797 3.6389503479003906 3.7833499908447266 0.2
-16.216899871826172 3.673450469970703 3.9639511108398438 0.2
-16.420799255371094 3.7022476196289062 4.034749984741211 0.2
-16.59079933166504 3.5816497802734375 3.981250762939453 0.2
-16.624099731445312 3.373149871826172 3.921550750732422 0.2
-16.49919891357422 3.1993484497070312 3.918050765991211 0.2
-16.285400390625 3.2295494079589844 3.9155502319335938 0.2
-16.151199340820312 3.3852500915527344 3.837350845336914 0.2
-16.09000015258789 3.464649200439453 3.644451141357422 0.2
-16.082300186157227 3.3446502685546875 3.4657516479492188 0.2
-16.072099685668945 3.1305503845214844 3.414051055908203 0.2
-16.064199447631836 2.9509506225585938 3.5316505432128906 0.2
-16.14189910888672 2.936248779296875 3.7226505279541016 0.2
-16.298900604248047 3.001049041748047 3.8453502655029297 0.2
-16.507099151611328 2.9921493530273438 3.8577499389648438 0.2
-16.63599967956543 2.8389511108398438 3.8057498931884766 0.2
-16.64299964904785 2.6319503784179688 3.777151107788086 0.2
-16.489599227905273 2.4972496032714844 3.776651382446289 0.2
-16.290599822998047 2.5473480224609375 3.7448501586914062 0.2
-16.15850067138672 2.6847496032714844 3.6551513671875 0.2
-16.097000122070312 2.766448974609375 3.4719505310058594 0.2
-16.102800369262695 2.6766510009765625 3.2863502502441406 0.2
-16.117300033569336 2.480449676513672 3.2115516662597656 0.2
-16.12190055847168 2.290149688720703 3.2904510498046875 0.2
-16.177499771118164 2.2395477294921875 3.4855499267578125 0.2
-16.309099197387695 2.28955078125 3.643350601196289 0.2
-16.505199432373047 2.3227500915527344 3.7150516510009766 0.2
-16.689800262451172 2.231250762939453 3.681051254272461 0.2
-16.760799407958984 2.037750244140625 3.6328506469726562 0.2
-16.6697998046875 1.8544502258300781 3.604351043701172 0.2
-16.46380043029785 1.8416481018066406 3.567350387573242 0.2
-16.30340003967285 1.9552497863769531 3.486051559448242 0.2
-16.19999885559082 2.073150634765625 3.343351364135742 0.2
-16.2007999420166 2.0745506286621094 3.13275146484375 0.2
-16.241100311279297 1.9150505065917969 2.998950958251953 0.2
-16.266698837280273 1.7065505981445312 3.0010509490966797 0.2
-16.302200317382812 1.5907478332519531 3.173351287841797 0.2
-16.408599853515625 1.6061477661132812 3.3576507568359375 0.2
-16.56369972229004 1.6536483764648438 3.4967498779296875 0.2
-16.775699615478516 1.650848388671875 3.514850616455078 0.2
-16.919599533081055 1.5087509155273438 3.4480514526367188 0.2
-16.928998947143555 1.3080482482910156 3.3800506591796875 0.2
-16.754199981689453 1.2014503479003906 3.3287506103515625 0.2
-16.565500259399414 1.2668495178222656 3.2509498596191406 0.2
-16.4153995513916 1.3826484680175781 3.1490516662597656 0.2
-16.354598999023438 1.4790496826171875 2.9679508209228516 0.2
-16.40959930419922 1.4200477600097656 2.7720508575439453 0.2
-16.4739990234375 1.2383499145507812 2.676950454711914 0.2
-16.51140022277832 1.0479507446289062 2.7604503631591797 0.2
-16.58930015563965 0.9950485229492188 2.953950881958008 0.2
-16.706998825073242 1.0197486877441406 3.133150100708008 0.2
-16.879899978637695 1.0607490539550781 3.255250930786133 0.2
-17.08930015563965 1.0301475524902344 3.2271499633789062 0.2
-17.206899642944336 0.8752479553222656 3.1330509185791016 0.2
-17.152700424194336 0.6908493041992188 3.043750762939453 0.2
-16.956298828125 0.6579475402832031 2.9609508514404297 0.2
-16.78070068359375 0.7453498840332031 2.8693504333496094 0.2
-16.635099411010742 0.8547477722167969 2.751750946044922 0.2
-16.620800018310547 0.9390487670898438 2.5534515380859375 0.2
-16.712600708007812 0.8575477600097656 2.376750946044922 0.2
-16.79279899597168 0.6675491333007812 2.314451217651367 0.2
-16.851999282836914 0.5071487426757812 2.445650100708008 0.2
-16.949399948120117 0.4833488464355469 2.639150619506836 0.2
-17.066999435424805 0.49794769287109375 2.821950912475586 0.2
-17.253799438476562 0.5386505126953125 2.9273509979248047 0.2
-17.456899642944336 0.4969482421875 2.8676509857177734 0.2
-17.556699752807617 0.3417510986328125 2.7497501373291016 0.2
-17.4596004486084 0.18795013427734375 2.6341514587402344 0.2
-17.266599655151367 0.207550048828125 2.532350540161133 0.2
-17.09119987487793 0.29544830322265625 2.434051513671875 0.2
-16.953699111938477 0.40814971923828125 2.303750991821289 0.2
-16.97949981689453 0.49034881591796875 2.1039505004882812 0.2
-17.098800659179688 0.40274810791015625 1.9403514862060547 0.2
-17.19529914855957 0.21004867553710938 1.9034500122070312 0.2
-17.274700164794922 0.08034896850585938 2.061450958251953 0.2
-17.374799728393555 0.0594482421875 2.258150100708008 0.2
-17.492300033569336 0.061649322509765625 2.4465503692626953 0.2
-17.6875 0.10384750366210938 2.539051055908203 0.2
-17.886098861694336 0.06005096435546875 2.452850341796875 0.2
-17.975200653076172 -0.08645248413085938 2.3116512298583984 0.2
-17.850500106811523 -0.20204925537109375 2.1736507415771484 0.2
-17.66119956970215 -0.15475082397460938 2.064451217651367 0.2
-17.48309898376465 -0.07125091552734375 1.9614505767822266 0.2
-17.353500366210938 0.046649932861328125 1.8242511749267578 0.2
-17.412899017333984 0.12965011596679688 1.6290512084960938 0.2
-17.55109977722168 0.04644775390625 1.4738502502441406 0.2
-17.658100128173828 -0.14564895629882812 1.4591503143310547 0.2
-17.74959945678711 -0.2582511901855469 1.6286506652832031 0.2
-17.8439998626709 -0.2884521484375 1.8156509399414062 0.2
-17.951398849487305 -0.301849365234375 1.9980506896972656 0.2
-18.132999420166016 -0.2612495422363281 2.1001510620117188 0.2
-18.33099937438965 -0.272552490234375 2.0251502990722656 0.2
-18.444398880004883 -0.38355255126953125 1.882150650024414 0.2
-18.364299774169922 -0.5025520324707031 1.7269515991210938 0.2
-18.187700271606445 -0.4732513427734375 1.6107501983642578 0.2
-18.01599884033203 -0.39965057373046875 1.508951187133789 0.2
-17.857799530029297 -0.3068504333496094 1.3971500396728516 0.2
-17.829500198364258 -0.1712493896484375 1.2353515625 0.2
-17.959699630737305 -0.15985107421875 1.0646514892578125 0.2
-18.09709930419922 -0.2824516296386719 0.9531517028808594 0.2
-18.19999885559082 -0.4541511535644531 1.0270500183105469 0.2
-18.290800094604492 -0.5214500427246094 1.2019500732421875 0.2
-18.381000518798828 -0.5591506958007812 1.3801498413085938 0.2
-18.4872989654541 -0.5757522583007812 1.5534515380859375 0.2
-18.665199279785156 -0.5235519409179688 1.639251708984375 0.2
-18.851699829101562 -0.5141525268554688 1.5552501678466797 0.2
-18.968000411987305 -0.5934524536132812 1.4056510925292969 0.2
-18.903799057006836 -0.6931495666503906 1.2396507263183594 0.2
-18.738399505615234 -0.6709518432617188 1.1210498809814453 0.2
-18.572099685668945 -0.6104507446289062 1.0199508666992188 0.2
-18.410200119018555 -0.5380516052246094 0.9168510437011719 0.2
-18.32029914855957 -0.4051513671875 0.7883510589599609 0.2
-18.415199279785156 -0.3098487854003906 0.6319503784179688 0.2
-18.56570053100586 -0.3470497131347656 0.49445152282714844 0.2
-18.700698852539062 -0.5002517700195312 0.47265052795410156 0.2
-18.80109977722168 -0.609649658203125 0.6156501770019531 0.2
-18.89099884033203 -0.6669502258300781 0.7898502349853516 0.2
-18.983299255371094 -0.7120513916015625 0.9663505554199219 0.2
-19.110198974609375 -0.7001495361328125 1.1282501220703125 0.2
-19.296998977661133 -0.6157493591308594 1.1412506103515625 0.2
-19.460599899291992 -0.6015510559082031 1.0145511627197266 0.2
-19.5226993560791 -0.6713523864746094 0.8303508758544922 0.2
-19.396099090576172 -0.7063522338867188 0.6718502044677734 0.2
-19.22679901123047 -0.6675491333007812 0.5612506866455078 0.2
-19.058500289916992 -0.6165504455566406 0.4562511444091797 0.2
-18.90329933166504 -0.5343513488769531 0.3487510681152344 0.2
-18.874399185180664 -0.3701515197753906 0.22705078125 0.2
-19.00429916381836 -0.28295135498046875 0.09015083312988281 0.2
-19.171899795532227 -0.32685089111328125 -0.024549484252929688 0.2
-19.315500259399414 -0.4655494689941406 0.02845001220703125 0.2
-19.41309928894043 -0.547149658203125 0.19065093994140625 0.2
-19.504899978637695 -0.612548828125 0.36264991760253906 0.2
-19.60260009765625 -0.6606521606445312 0.53955078125 0.2
-19.74370002746582 -0.5957489013671875 0.6767501831054688 0.2
-19.912500381469727 -0.4855499267578125 0.6223506927490234 0.2
-20.053600311279297 -0.4493522644042969 0.47224998474121094 0.2
-20.057600021362305 -0.4974517822265625 0.2707500457763672 0.2
-19.906299591064453 -0.4980506896972656 0.1275501251220703 0.2
-19.736400604248047 -0.4636497497558594 0.016050338745117188 0.2
-19.5669002532959 -0.41915130615234375 -0.09244918823242188 0.2
-19.426000595092773 -0.30644989013671875 -0.1961498260498047 0.2
-19.456298828125 -0.13125228881835938 -0.3040485382080078 0.2
-19.602399826049805 -0.051250457763671875 -0.43214988708496094 0.2
-19.785900115966797 -0.11225128173828125 -0.5122489929199219 0.2
-19.923799514770508 -0.22764968872070312 -0.4059486389160156 0.2
-20.02519989013672 -0.3039512634277344 -0.24164962768554688 0.2
-20.12470054626465 -0.373748779296875 -0.07404899597167969 0.2
-20.23579978942871 -0.39794921875 0.1011505126953125 0.2
-20.383399963378906 -0.2714500427246094 0.17625045776367188 0.2
-20.5314998626709 -0.15735244750976562 0.07945060729980469 0.2
-20.66349983215332 -0.09614944458007812 -0.07234954833984375 0.2
-20.656099319458008 -0.12445068359375 -0.27864837646484375 0.2
-20.49880027770996 -0.12105178833007812 -0.4156494140625 0.2
-20.32499885559082 -0.095550537109375 -0.5254497528076172 0.2
-20.149900436401367 -0.060352325439453125 -0.6325492858886719 0.2
-20.009300231933594 0.06314849853515625 -0.7255496978759766 0.2
-20.054100036621094 0.24464797973632812 -0.8212490081787109 0.2
-20.20359992980957 0.33374786376953125 -0.9395484924316406 0.2
-20.396400451660156 0.2714500427246094 -0.9881496429443359 0.2
-20.535900115966797 0.17255020141601562 -0.8669490814208984 0.2
-20.6466007232666 0.0975494384765625 -0.7088489532470703 0.2
-20.755599975585938 0.030147552490234375 -0.5461483001708984 0.2
-20.873899459838867 0.043048858642578125 -0.3741493225097656 0.2
-21.008699417114258 0.19844818115234375 -0.3396492004394531 0.2
-21.141599655151367 0.3235511779785156 -0.44174957275390625 0.2
-21.247798919677734 0.38465118408203125 -0.6123485565185547 0.2
-21.176599502563477 0.3592491149902344 -0.8069496154785156 0.2
-21.00429916381836 0.36135101318359375 -0.9253482818603516 0.2
-20.826499938964844 0.372650146484375 -1.0299491882324219 0.2
-20.646900177001953 0.4049491882324219 -1.128448486328125 0.2
-20.529199600219727 0.5597496032714844 -1.2010498046875 0.2
-20.59869956970215 0.7358474731445312 -1.2885494232177734 0.2
-20.76020050048828 0.81195068359375 -1.3965492248535156 0.2
-20.953800201416016 0.7379493713378906 -1.394449234008789 0.2
-21.08449935913086 0.6520500183105469 -1.258749008178711 0.2
-21.19969940185547 0.5766487121582031 -1.1053485870361328 0.2
-21.314300537109375 0.5133476257324219 -0.9435501098632812 0.2
-21.426198959350586 0.56884765625 -0.7773494720458984 0.2
-21.53809928894043 0.7452507019042969 -0.7759494781494141 0.2
-21.649900436401367 0.8873481750488281 -0.8797492980957031 0.2
-21.71489906311035 0.944549560546875 -1.0684490203857422 0.2
-21.604999542236328 0.9216499328613281 -1.2429485321044922 0.2
-21.430500030517578 0.9124488830566406 -1.3515491485595703 0.2
-21.250999450683594 0.9094505310058594 -1.4516487121582031 0.2
-21.06519889831543 0.9466476440429688 -1.5369491577148438 0.2
-20.965900421142578 1.1212501525878906 -1.5833492279052734 0.2
-21.043699264526367 1.3002510070800781 -1.6558494567871094 0.2
-21.212099075317383 1.3811492919921875 -1.747049331665039 0.2
-21.40570068359375 1.3138504028320312 -1.7205486297607422 0.2
-21.54199981689453 1.2321510314941406 -1.5877494812011719 0.2
-21.667200088500977 1.1571502685546875 -1.4436492919921875 0.2
-21.78890037536621 1.1066474914550781 -1.285348892211914 0.2
-21.886600494384766 1.2048492431640625 -1.1333484649658203 0.2
-21.974899291992188 1.3915481567382812 -1.148550033569336 0.2
-22.06399917602539 1.530548095703125 -1.2740497589111328 0.2
-22.049400329589844 1.5510482788085938 -1.4786491394042969 0.2
-21.894699096679688 1.5284500122070312 -1.6129493713378906 0.2
-21.71820068359375 1.5121498107910156 -1.7153491973876953 0.2
-21.535600662231445 1.5080490112304688 -1.8107490539550781 0.2
-21.36199951171875 1.6053504943847656 -1.8604488372802734 0.2
-21.348299026489258 1.8085479736328125 -1.892049789428711 0.2
-21.462099075317383 1.9652481079101562 -1.9643497467041016 0.2
-21.661100387573242 1.9793510437011719 -2.0113487243652344 0.2
-21.827899932861328 1.898651123046875 -1.9214496612548828 0.2
-21.96030044555664 1.8194503784179688 -1.7883491516113281 0.2
-22.087799072265625 1.7495498657226562 -1.6456489562988281 0.2
-22.191499710083008 1.7712478637695312 -1.4705486297607422 0.2
-22.260700225830078 1.949249267578125 -1.3982486724853516 0.2
-22.3351993560791 2.1246490478515625 -1.4759483337402344 0.2
-22.362600326538086 2.2035484313964844 -1.6627483367919922 0.2
-22.24139976501465 2.184650421142578 -1.8267498016357422 0.2
-22.070199966430664 2.160747528076172 -1.9346485137939453 0.2
-21.893600463867188 2.1429481506347656 -2.0333499908447266 0.2
-21.691099166870117 2.2042503356933594 -2.0893497467041016 0.2
-21.628599166870117 2.4189491271972656 -2.097148895263672 0.2
-21.7362003326416 2.6095504760742188 -2.1558494567871094 0.2
-21.954500198364258 2.6324501037597656 -2.1925487518310547 0.2
-22.13319969177246 2.5421485900878906 -2.0886497497558594 0.2
-22.281599044799805 2.4489479064941406 -1.9499492645263672 0.2
-22.41510009765625 2.3917503356933594 -1.7792491912841797 0.2
-22.484600067138672 2.5183486938476562 -1.6122493743896484 0.2
-22.53820037841797 2.7354507446289062 -1.6296501159667969 0.2
-22.571800231933594 2.8741493225097656 -1.798849105834961 0.2
-22.462200164794922 2.8707504272460938 -1.9929485321044922 0.2
-22.28059959411621 2.8389511108398438 -2.11724853515625 0.2
-22.086000442504883 2.8186492919921875 -2.222949981689453 0.2
-21.885000228881836 2.9076499938964844 -2.244548797607422 0.2
-21.84600067138672 3.1248512268066406 -2.235349655151367 0.2
-21.96419906616211 3.3068504333496094 -2.280149459838867 0.2
-22.184799194335938 3.31304931640625 -2.28594970703125 0.2
-22.355100631713867 3.2188491821289062 -2.17974853515625 0.2
-22.504499435424805 3.1212501525878906 -2.049449920654297 0.2
-22.61709976196289 3.0868492126464844 -1.8624496459960938 0.2
-22.64889907836914 3.2436485290527344 -1.71514892578125 0.2
-22.67289924621582 3.462047576904297 -1.7462501525878906 0.2
-22.666900634765625 3.590351104736328 -1.9237499237060547 0.2
-22.537399291992188 3.5798492431640625 -2.1022491455078125 0.2
-22.360700607299805 3.5427474975585938 -2.2290496826171875 0.2
-22.159000396728516 3.528148651123047 -2.3186492919921875 0.2
-21.973899841308594 3.6404495239257812 -2.2968482971191406 0.2
-21.952899932861328 3.8587493896484375 -2.271749496459961 0.2
-22.084299087524414 4.032249450683594 -2.294048309326172 0.2
-22.301700592041016 4.0173492431640625 -2.270448684692383 0.2
-22.46969985961914 3.915050506591797 -2.1704483032226562 0.2
-22.619298934936523 3.8149490356445312 -2.042949676513672 0.2
-22.694000244140625 3.8098487854003906 -1.8393497467041016 0.2
-22.685100555419922 3.9912490844726562 -1.7211494445800781 0.2
-22.675100326538086 4.206348419189453 -1.7632484436035156 0.2
-22.632699966430664 4.3132476806640625 -1.9470500946044922 0.2
-22.494400024414062 4.294147491455078 -2.116048812866211 0.2
-22.323299407958984 4.254249572753906 -2.2466487884521484 0.2
-22.1122989654541 4.254447937011719 -2.2986488342285156 0.2
-21.963600158691406 4.399349212646484 -2.242948532104492 0.2
-21.96649932861328 4.614448547363281 -2.2078495025634766 0.2
-22.12969970703125 4.753547668457031 -2.208749771118164 0.2
-22.336700439453125 4.707347869873047 -2.1599483489990234 0.2
-22.499399185180664 4.596549987792969 -2.0677490234375 0.2
-22.627399444580078 4.505550384521484 -1.9188499450683594 0.2
-22.63909912109375 4.558048248291016 -1.7130489349365234 0.2
-22.59819984436035 4.756649017333984 -1.6401500701904297 0.2
-22.566699981689453 4.953548431396484 -1.7179489135742188 0.2
-22.494600296020508 5.020748138427734 -1.9100494384765625 0.2
-22.35249900817871 4.9884490966796875 -2.070049285888672 0.2
-22.172300338745117 4.951549530029297 -2.183248519897461 0.2
-21.964799880981445 4.999050140380859 -2.1694488525390625 0.2
-21.875200271606445 5.1817474365234375 -2.1044483184814453 0.2
-21.932100296020508 5.383750915527344 -2.0679492950439453 0.2
-22.13399887084961 5.448947906494141 -2.0421485900878906 0.2
-22.315799713134766 5.357349395751953 -1.9730491638183594 0.2
-22.462299346923828 5.2391510009765625 -1.8693485260009766 0.2
-22.515399932861328 5.187248229980469 -1.6698493957519531 0.2
-22.462200164794922 5.314849853515625 -1.5122489929199219 0.2
-22.403200149536133 5.519649505615234 -1.497049331665039 0.2
-22.362499237060547 5.676250457763672 -1.6331501007080078 0.2
-22.269498825073242 5.693347930908203 -1.824850082397461 0.2
-22.125699996948242 5.65374755859375 -1.9787483215332031 0.2
-21.920499801635742 5.638450622558594 -2.0332489013671875 0.2
-21.756999969482422 5.755748748779297 -1.9744491577148438 0.2
-21.723899841308594 5.9555511474609375 -1.9078483581542969 0.2
-21.856300354003906 6.1098480224609375 -1.8588485717773438 0.2
-22.059200286865234 6.082550048828125 -1.8054485321044922 0.2
-22.217599868774414 5.959850311279297 -1.7314491271972656 0.2
-22.307600021362305 5.8468475341796875 -1.5765495300292969 0.2
-22.262399673461914 5.871849060058594 -1.3756484985351562 0.2
-22.17449951171875 6.0451507568359375 -1.2927494049072266 0.2
-22.119400024414062 6.242649078369141 -1.3392486572265625 0.2
-22.074199676513672 6.34014892578125 -1.521249771118164 0.2
-21.970800399780273 6.326549530029297 -1.7059497833251953 0.2
-21.79949951171875 6.288150787353516 -1.8239498138427734 0.2
-21.597000122070312 6.330448150634766 -1.8038482666015625 0.2
-21.49340057373047 6.495647430419922 -1.7232494354248047 0.2
-21.527599334716797 6.683849334716797 -1.6407489776611328 0.2
-21.717100143432617 6.748050689697266 -1.579050064086914 0.2
-21.896499633789062 6.652149200439453 -1.5237483978271484 0.2
-22.018400192260742 6.513050079345703 -1.4237499237060547 0.2
-22.01099967956543 6.437549591064453 -1.2303485870361328 0.2
-21.909299850463867 6.542850494384766 -1.0851497650146484 0.2
-21.827600479125977 6.7337493896484375 -1.0493488311767578 0.2
-21.797199249267578 6.906349182128906 -1.1610488891601562 0.2
-21.7367000579834 6.950248718261719 -1.3570499420166016 0.2
-21.611099243164062 6.919750213623047 -1.522348403930664 0.2
-21.407699584960938 6.905750274658203 -1.5591487884521484 0.2
-21.255399703979492 7.01715087890625 -1.4720497131347656 0.2
-21.215200424194336 7.191551208496094 -1.364248275756836 0.2
-21.34600067138672 7.319549560546875 -1.269449234008789 0.2
-21.542699813842773 7.282051086425781 -1.2115497589111328 0.2
-21.690099716186523 7.1452484130859375 -1.1525497436523438 0.2
-21.72640037536621 7.007450103759766 -1.0032501220703125 0.2
-21.628599166870117 7.016147613525391 -0.8259487152099609 0.2
-21.518098831176758 7.166851043701172 -0.7322483062744141 0.2
-21.469200134277344 7.36614990234375 -0.7473487854003906 0.2
-21.43939971923828 7.486248016357422 -0.9145488739013672 0.2
-21.361299514770508 7.487850189208984 -1.1079483032226562 0.2
-21.186100006103516 7.452548980712891 -1.2109489440917969 0.2
-20.995800018310547 7.497550964355469 -1.1410484313964844 0.2
-20.900400161743164 7.642448425292969 -1.005350112915039 0.2
-20.975299835205078 7.789249420166016 -0.8688488006591797 0.2
-21.17889976501465 7.787849426269531 -0.7911491394042969 0.2
-21.340499877929688 7.646747589111328 -0.7450485229492188 0.2
-21.36949920654297 7.4772491455078125 -0.6147499084472656 0.2
-21.25149917602539 7.4624481201171875 -0.43884849548339844 0.2
-21.13800048828125 7.609951019287109 -0.3231487274169922 0.2
-21.104999542236328 7.821849822998047 -0.3210487365722656 0.2
-21.088199615478516 7.948249816894531 -0.4974498748779297 0.2
-20.999099731445312 7.945850372314453 -0.6961498260498047 0.2
-20.795799255371094 7.916049957275391 -0.7575492858886719 0.2
-20.63089942932129 7.988349914550781 -0.6374492645263672 0.2
-20.5856990814209 8.136947631835938 -0.4839496612548828 0.2
-20.7185001373291 8.260250091552734 -0.36894989013671875 0.2
-20.926000595092773 8.215648651123047 -0.3253498077392578 0.2
-21.062999725341797 8.055648803710938 -0.27264976501464844 0.2
-21.047500610351562 7.917148590087891 -0.110748291015625 0.2
-20.940500259399414 7.978649139404297 0.06455039978027344 0.2
-20.866300582885742 8.162147521972656 0.1589508056640625 0.2
-20.824499130249023 8.360649108886719 0.08425140380859375 0.2
-20.771699905395508 8.419448852539062 -0.11644935607910156 0.2
-20.62380027770996 8.37704849243164 -0.2671489715576172 0.2
-20.4197998046875 8.350749969482422 -0.21464920043945312 0.2
-20.31679916381836 8.439350128173828 -0.04534912109375 0.2
-20.349199295043945 8.57204818725586 0.12244987487792969 0.2
-20.535799026489258 8.599250793457031 0.22695159912109375 0.2
-20.704299926757812 8.472949981689453 0.27915000915527344 0.2
-20.762100219726562 8.267547607421875 0.3095512390136719 0.2
-20.632699966430664 8.104248046875 0.35465049743652344 0.2
-20.449298858642578 8.08224868774414 0.46865081787109375 0.2
-20.364200592041016 8.17544937133789 0.6414508819580078 0.2
-20.439199447631836 8.366649627685547 0.6959514617919922 0.2
-20.500598907470703 8.534347534179688 0.5736503601074219 0.2
-20.45439910888672 8.651050567626953 0.39985084533691406 0.2
-20.261199951171875 8.683948516845703 0.3104515075683594 0.2
-20.067298889160156 8.718048095703125 0.4037513732910156 0.2
-19.974300384521484 8.78704833984375 0.5850505828857422 0.2
-20.077299118041992 8.786750793457031 0.7702503204345703 0.2
-20.228300094604492 8.641048431396484 0.8089504241943359 0.2
-20.26959991455078 8.436050415039062 0.7551498413085938 0.2
-20.148500442504883 8.259349822998047 0.7725505828857422 0.2
-20.000099182128906 8.24544906616211 0.9268512725830078 0.2
-19.944900512695312 8.342948913574219 1.1128501892089844 0.2
-19.967199325561523 8.542247772216797 1.1853504180908203 0.2
-20.021799087524414 8.719947814941406 1.0772514343261719 0.2
-19.960800170898438 8.827449798583984 0.903350830078125 0.2
-19.75589942932129 8.834049224853516 0.8460502624511719 0.2
-19.576398849487305 8.815349578857422 0.9597511291503906 0.2
-19.51129913330078 8.791748046875 1.1518516540527344 0.2
-19.612998962402344 8.701148986816406 1.3008499145507812 0.2
-19.74970054626465 8.548851013183594 1.3098506927490234 0.2
-19.7810001373291 8.356147766113281 1.2507514953613281 0.2
-19.65530014038086 8.216449737548828 1.1758499145507812 0.2
-19.462099075317383 8.14834976196289 1.1687507629394531 0.2
-19.3080997467041 8.12554931640625 1.294851303100586 0.2
-19.313899993896484 8.211349487304688 1.4732513427734375 0.2
-19.417699813842773 8.382747650146484 1.5075511932373047 0.2
-19.462900161743164 8.557147979736328 1.4101505279541016 0.2
-19.368499755859375 8.708648681640625 1.3118515014648438 0.2
-19.184799194335938 8.783748626708984 1.3524513244628906 0.2
-19.058500289916992 8.841350555419922 1.5242500305175781 0.2
-19.101900100708008 8.827049255371094 1.7418498992919922 0.2
-19.257999420166016 8.680950164794922 1.8075504302978516 0.2
-19.30900001525879 8.49114990234375 1.6943511962890625 0.2
-19.21809959411621 8.288349151611328 1.6522502899169922 0.2
-19.046100616455078 8.191848754882812 1.7600517272949219 0.2
-18.92259979248047 8.206050872802734 1.9507503509521484 0.2
-18.933399200439453 8.34415054321289 2.127450942993164 0.2
-19.053199768066406 8.533950805664062 2.149250030517578 0.2
-19.142099380493164 8.713447570800781 2.0445499420166016 0.2
-19.023799896240234 8.847549438476562 1.9160499572753906 0.2
