0.32523012161254883 12.692649841308594 5.213350296020508 0.2
0.41245031356811523 12.599647521972656 5.358449935913086 0.2
0.3259701728820801 12.459247589111328 5.470951080322266 0.2
0.17745018005371094 12.326648712158203 5.4779510498046875 0.2
0.04635024070739746 12.183650970458984 5.433750152587891 0.2
0.03314018249511719 12.01675033569336 5.32295036315918 0.2
0.18719029426574707 11.913150787353516 5.266651153564453 0.2
0.37882018089294434 11.905048370361328 5.318950653076172 0.2
0.5237503051757812 11.962348937988281 5.4407501220703125 0.2
0.5644402503967285 12.121749877929688 5.548551559448242 0.2
0.5552802085876465 12.320850372314453 5.548551559448242 0.2
0.5628502368927002 12.507049560546875 5.476449966430664 0.2
0.6569201946258545 12.636249542236328 5.358051300048828 0.2
0.8455402851104736 12.681449890136719 5.323251724243164 0.2
1.038830280303955 12.668647766113281 5.392551422119141 0.2
1.1125202178955078 12.574249267578125 5.5581512451171875 0.2
1.0076401233673096 12.43124771118164 5.667051315307617 0.2
0.8480303287506104 12.293750762939453 5.664649963378906 0.2
0.7649002075195312 12.115150451660156 5.602350234985352 0.2
0.8725202083587646 11.956348419189453 5.533151626586914 0.2
1.0768102407455444 11.918548583984375 5.552751541137695 0.2
1.2646301984786987 11.963550567626953 5.634050369262695 0.2
1.3450002670288086 12.117347717285156 5.744451522827148 0.2
1.3087701797485352 12.322750091552734 5.751150131225586 0.2
1.2807402610778809 12.50954818725586 5.660449981689453 0.2
1.384020209312439 12.62874984741211 5.527151107788086 0.2
1.5880802869796753 12.653949737548828 5.4985504150390625 0.2
1.7779102325439453 12.622749328613281 5.578550338745117 0.2
1.831870198249817 12.520248413085938 5.7467498779296875 0.2
1.7213802337646484 12.37405014038086 5.843450546264648 0.2
1.5788302421569824 12.219551086425781 5.83745002746582 0.2
1.5490602254867554 12.029251098632812 5.761251449584961 0.2
1.698100209236145 11.898548126220703 5.7093505859375 0.2
1.9033302068710327 11.872947692871094 5.744550704956055 0.2
2.0699682235717773 11.94124984741211 5.8464508056640625 0.2
2.0947251319885254 12.124950408935547 5.9378509521484375 0.2
2.0312161445617676 12.32284927368164 5.910551071166992 0.2
2.018468141555786 12.495948791503906 5.794750213623047 0.2
2.156513214111328 12.58755111694336 5.673250198364258 0.2
2.37239933013916 12.59054946899414 5.683250427246094 0.2
2.5508601665496826 12.51894760131836 5.812551498413086 0.2
2.5266292095184326 12.35995101928711 5.974851608276367 0.2
2.3724751472473145 12.186050415039062 6.007350921630859 0.2
2.2964820861816406 11.982349395751953 5.928850173950195 0.2
2.4394803047180176 11.832450866699219 5.835451126098633 0.2
2.6736812591552734 11.812747955322266 5.84065055847168 0.2
2.859328269958496 11.935150146484375 5.9042510986328125 0.2
2.85317325592041 12.157947540283203 5.96925163269043 0.2
2.77687931060791 12.376949310302734 5.939849853515625 0.2
2.789903163909912 12.50885009765625 5.7521514892578125 0.2
2.873455286026001 12.475547790527344 5.536550521850586 0.2
2.827963352203369 12.309150695800781 5.405750274658203 0.2
2.720224142074585 12.121150970458984 5.446750640869141 0.2
2.6646082401275635 11.944648742675781 5.567251205444336 0.2
2.7882351875305176 11.804450988769531 5.677450180053711 0.2
3.0061771869659424 11.761947631835938 5.6907501220703125 0.2
3.199263334274292 11.792747497558594 5.593151092529297 0.2
3.2291581630706787 11.923450469970703 5.42234992980957 0.2
3.134033203125 12.110847473144531 5.353450775146484 0.2
3.057337760925293 12.315048217773438 5.382450103759766 0.2
3.1335623264312744 12.480247497558594 5.501850128173828 0.2
3.3420071601867676 12.5240478515625 5.558549880981445 0.2
3.5523393154144287 12.475349426269531 5.516550064086914 0.2
3.6239593029022217 12.327049255371094 5.392450332641602 0.2
3.5501723289489746 12.137348175048828 5.345251083374023 0.2
3.453291177749634 11.958248138427734 5.397050857543945 0.2
3.4635162353515625 11.811050415039062 5.542751312255859 0.2
3.63499116897583 11.745647430419922 5.636951446533203 0.2
3.844578266143799 11.738948822021484 5.616250991821289 0.2
3.9998512268066406 11.791748046875 5.490650177001953 0.2
3.992661237716675 11.93375015258789 5.339651107788086 0.2
3.8913722038269043 12.11465072631836 5.305749893188477 0.2
3.8209571838378906 12.303749084472656 5.360950469970703 0.2
3.9008452892303467 12.456050872802734 5.475151062011719 0.2
4.101099967956543 12.507247924804688 5.497350692749023 0.2
4.296350479125977 12.480548858642578 5.425251007080078 0.2
4.380060195922852 12.357048034667969 5.2839508056640625 0.2
4.317190170288086 12.168548583984375 5.222051620483398 0.2
4.225830078125 11.98434829711914 5.269250869750977 0.2
4.229750156402588 11.822151184082031 5.400550842285156 0.2
4.392760276794434 11.73904800415039 5.495550155639648 0.2
4.600340366363525 11.721748352050781 5.463350296020508 0.2
4.7630205154418945 11.753349304199219 5.3370513916015625 0.2
4.764389991760254 11.871650695800781 5.167850494384766 0.2
4.6571502685546875 12.04534912109375 5.120950698852539 0.2
4.567620277404785 12.229949951171875 5.167051315307617 0.2
4.621190071105957 12.403949737548828 5.266550064086914 0.2
4.812430381774902 12.480449676513672 5.279750823974609 0.2
5.019090175628662 12.46405029296875 5.184450149536133 0.2
5.105210304260254 12.328048706054688 5.021051406860352 0.2
5.036890029907227 12.110347747802734 4.978250503540039 0.2
4.964509963989258 11.905750274658203 5.07025146484375 0.2
5.04872989654541 11.752750396728516 5.220451354980469 0.2
5.273119926452637 11.692447662353516 5.233650207519531 0.2
5.486820220947266 11.685348510742188 5.132951736450195 0.2
5.582390308380127 11.782550811767578 4.948051452636719 0.2
5.488230228424072 11.969650268554688 4.850151062011719 0.2
5.347590446472168 12.159748077392578 4.865350723266602 0.2
5.311540126800537 12.349849700927734 4.988851547241211 0.2
5.471600532531738 12.418750762939453 5.134250640869141 0.2
5.640210151672363 12.333747863769531 5.248950958251953 0.2
5.694700241088867 12.132648468017578 5.32135009765625 0.2
5.692020416259766 11.910747528076172 5.297651290893555 0.2
5.732370376586914 11.737850189208984 5.169151306152344 0.2
5.872000217437744 11.690048217773438 5.004150390625 0.2
6.077070236206055 11.711349487304688 4.920751571655273 0.2
6.229380130767822 11.843650817871094 4.995349884033203 0.2
6.173160552978516 12.008049011230469 5.131050109863281 0.2
6.014630317687988 12.1385498046875 5.219350814819336 0.2
5.856679916381836 12.292449951171875 5.217050552368164 0.2
5.827840328216553 12.432048797607422 5.054050445556641 0.2
5.988620281219482 12.46364974975586 4.913249969482422 0.2
6.189690113067627 12.414947509765625 4.880651473999023 0.2
6.334510326385498 12.274650573730469 4.944250106811523 0.2
6.394229888916016 12.075748443603516 4.983251571655273 0.2
6.411360263824463 11.86655044555664 4.962650299072266 0.2
6.434340476989746 11.71364974975586 4.822851181030273 0.2
6.553500175476074 11.67824935913086 4.653251647949219 0.2
6.715450286865234 11.75994873046875 4.5534515380859375 0.2
6.7735700607299805 11.953849792480469 4.607351303100586 0.2
6.6768903732299805 12.115249633789062 4.705150604248047 0.2
6.539210319519043 12.24985122680664 4.793251037597656 0.2
6.379549980163574 12.383548736572266 4.771350860595703 0.2
6.329629898071289 12.458049774169922 4.588350296020508 0.2
6.458400249481201 12.441047668457031 4.425050735473633 0.2
6.643630027770996 12.360649108886719 4.37645149230957 0.2
6.781559944152832 12.204948425292969 4.432750701904297 0.2
6.849570274353027 12.006050109863281 4.461650848388672 0.2
6.917340278625488 11.823848724365234 4.376951217651367 0.2
7.0928802490234375 11.823448181152344 4.275850296020508 0.2
7.236560344696045 11.951950073242188 4.348451614379883 0.2
7.244630336761475 12.079849243164062 4.514751434326172 0.2
7.098850250244141 12.1844482421875 4.617351531982422 0.2
6.93310022354126 12.299449920654297 4.54155158996582 0.2
6.8231401443481445 12.440650939941406 4.424150466918945 0.2
6.79641056060791 12.571548461914062 4.262750625610352 0.2
6.93125057220459 12.718151092529297 4.225250244140625 0.2
7.041500091552734 12.79024887084961 4.384851455688477 0.2
7.031350135803223 12.769649505615234 4.594350814819336 0.2
6.917220115661621 12.64394760131836 4.722949981689453 0.2
6.830610275268555 12.4521484375 4.70625114440918 0.2
6.879520416259766 12.249549865722656 4.713750839233398 0.2
7.021700382232666 12.183147430419922 4.850551605224609 0.2
7.082790374755859 12.272750854492188 5.032649993896484 0.2
7.080150127410889 12.473350524902344 5.093250274658203 0.2
7.040250301361084 12.653247833251953 4.989850997924805 0.2
7.045130252838135 12.794548034667969 4.833150863647461 0.2
7.182750225067139 12.862850189208984 4.686851501464844 0.2
7.388339996337891 12.859447479248047 4.644950866699219 0.2
7.532540321350098 12.799747467041016 4.779951095581055 0.2
7.493030071258545 12.680347442626953 4.949451446533203 0.2
7.368910312652588 12.542949676513672 5.0534515380859375 0.2
7.264580249786377 12.362049102783203 5.080350875854492 0.2
7.290630340576172 12.174148559570312 4.982749938964844 0.2
7.458890438079834 12.082347869873047 4.896650314331055 0.2
7.658700466156006 12.134449005126953 4.895750045776367 0.2
7.737180233001709 12.328548431396484 4.919351577758789 0.2
7.711580276489258 12.532051086425781 4.865251541137695 0.2
7.674480438232422 12.698650360107422 4.738851547241211 0.2
7.716030120849609 12.770050048828125 4.544651031494141 0.2
7.880470275878906 12.769248962402344 4.413450241088867 0.2
8.075360298156738 12.70644760131836 4.433650970458984 0.2
8.129819869995117 12.582950592041016 4.595149993896484 0.2
8.03423023223877 12.44894790649414 4.728351593017578 0.2
7.909600257873535 12.298347473144531 4.809850692749023 0.2
7.840090274810791 12.10824966430664 4.748050689697266 0.2
7.945280075073242 11.996448516845703 4.609050750732422 0.2
8.137969970703125 11.988548278808594 4.522350311279297 0.2
8.320819854736328 12.087947845458984 4.531850814819336 0.2
8.370880126953125 12.29024887084961 4.557651519775391 0.2
8.332110404968262 12.4947509765625 4.514650344848633 0.2
8.284200668334961 12.66094970703125 4.39055061340332 0.2
8.339330673217773 12.741950988769531 4.205951690673828 0.2
8.514739990234375 12.766250610351562 4.089351654052734 0.2
8.717450141906738 12.729850769042969 4.1114501953125 0.2
8.78302001953125 12.607349395751953 4.2680511474609375 0.2
8.700820922851562 12.454750061035156 4.3912506103515625 0.2
8.59000015258789 12.288948059082031 4.465950012207031 0.2
8.532620429992676 12.09735107421875 4.406650543212891 0.2
8.640560150146484 11.998950958251953 4.259950637817383 0.2
8.831130027770996 12.016048431396484 4.166950225830078 0.2
9.017060279846191 12.113048553466797 4.161251068115234 0.2
9.07761001586914 12.305950164794922 4.218450546264648 0.2
9.022199630737305 12.510749816894531 4.205850601196289 0.2
8.950580596923828 12.687549591064453 4.112251281738281 0.2
8.972600936889648 12.792747497558594 3.9323501586914062 0.2
9.136199951171875 12.84164810180664 3.8081512451171875 0.2
9.345880508422852 12.846050262451172 3.8022499084472656 0.2
9.46371078491211 12.75674819946289 3.9491500854492188 0.2
9.410850524902344 12.599048614501953 4.079450607299805 0.2
9.307140350341797 12.427448272705078 4.151950836181641 0.2
9.265399932861328 12.22414779663086 4.113151550292969 0.2
9.386770248413086 12.107250213623047 3.9916515350341797 0.2
9.588190078735352 12.124549865722656 3.925149917602539 0.2
9.764350891113281 12.238849639892578 3.9370498657226562 0.2
9.793930053710938 12.441749572753906 3.9854507446289062 0.2
9.718230247497559 12.639450073242188 3.9584503173828125 0.2
9.638750076293945 12.808448791503906 3.8554515838623047 0.2
9.665780067443848 12.910350799560547 3.673450469970703 0.2
9.833869934082031 12.963550567626953 3.5553512573242188 0.2
10.061100006103516 12.972949981689453 3.5670509338378906 0.2
10.159120559692383 12.861549377441406 3.7451515197753906 0.2
10.078849792480469 12.67654800415039 3.8734512329101562 0.2
9.991470336914062 12.460647583007812 3.922250747680664 0.2
10.056440353393555 12.262950897216797 3.819650650024414 0.2
10.272489547729492 12.245750427246094 3.723051071166992 0.2
10.470319747924805 12.37514877319336 3.692350387573242 0.2
10.491689682006836 12.60894775390625 3.6944503784179688 0.2
10.397960662841797 12.828750610351562 3.672151565551758 0.2
10.306830406188965 12.987247467041016 3.523550033569336 0.2
10.33961009979248 13.00094985961914 3.2899513244628906 0.2
10.333550453186035 12.829948425292969 3.1387500762939453 0.2
10.269350051879883 12.625049591064453 3.2015514373779297 0.2
10.224729537963867 12.457950592041016 3.3488502502441406 0.2
10.305970191955566 12.311450958251953 3.4933509826660156 0.2
10.527080535888672 12.265750885009766 3.504150390625 0.2
10.716659545898438 12.291950225830078 3.3847503662109375 0.2
10.744460105895996 12.369850158691406 3.1795501708984375 0.2
10.636280059814453 12.532447814941406 3.0668506622314453 0.2
10.527900695800781 12.729148864746094 3.0338516235351562 0.2
10.543010711669922 12.950149536132812 3.061450958251953 0.2
10.726530075073242 13.075248718261719 3.040651321411133 0.2
10.924800872802734 13.074050903320312 2.9319515228271484 0.2
11.008840560913086 12.913349151611328 2.8115501403808594 0.2
10.970560073852539 12.704948425292969 2.8399505615234375 0.2
10.91627025604248 12.530750274658203 2.9543514251708984 0.2
10.936700820922852 12.388450622558594 3.112051010131836 0.2
11.113470077514648 12.338848114013672 3.2150516510009766 0.2
11.31974983215332 12.342147827148438 3.1559505462646484 0.2
11.443260192871094 12.3697509765625 2.986051559448242 0.2
11.393020629882812 12.47195053100586 2.806550979614258 0.2
11.278170585632324 12.640449523925781 2.7379512786865234 0.2
11.19044017791748 12.83584976196289 2.7177505493164062 0.2
11.25178050994873 13.038448333740234 2.739450454711914 0.2
11.440910339355469 13.121448516845703 2.688751220703125 0.2
11.614500045776367 13.084548950195312 2.5686511993408203 0.2
11.663710594177246 12.907249450683594 2.4649505615234375 0.2
11.62405014038086 12.703449249267578 2.5202503204345703 0.2
11.58828067779541 12.533248901367188 2.6483516693115234 0.2
11.639220237731934 12.399848937988281 2.8088512420654297 0.2
11.830659866333008 12.343849182128906 2.8810501098632812 0.2
12.027910232543945 12.319049835205078 2.7961502075195312 0.2
12.11952018737793 12.331249237060547 2.6051502227783203 0.2
12.0385103225708 12.448047637939453 2.445751190185547 0.2
11.919500350952148 12.6219482421875 2.393850326538086 0.2
11.832610130310059 12.819747924804688 2.376251220703125 0.2
11.90587043762207 13.020347595214844 2.3902511596679688 0.2
12.10265064239502 13.075950622558594 2.3259506225585938 0.2
12.265020370483398 12.999248504638672 2.2066516876220703 0.2
12.29425048828125 12.796749114990234 2.1388511657714844 0.2
12.267800331115723 12.595951080322266 2.217050552368164 0.2
12.252610206604004 12.41884994506836 2.3417510986328125 0.2
12.331430435180664 12.284549713134766 2.49005126953125 0.2
12.527020454406738 12.20465087890625 2.523151397705078 0.2
12.709370613098145 12.144550323486328 2.421649932861328 0.2
12.80935001373291 12.177047729492188 2.231851577758789 0.2
12.744750022888184 12.333148956298828 2.102550506591797 0.2
12.62384033203125 12.509449005126953 2.07135009765625 0.2
12.506370544433594 12.690250396728516 2.058351516723633 0.2
12.474249839782715 12.899650573730469 2.1041507720947266 0.2
12.621500015258789 13.028450012207031 2.1889514923095703 0.2
12.838330268859863 13.026248931884766 2.221250534057617 0.2
12.99528980255127 12.879051208496094 2.1631507873535156 0.2
12.954370498657227 12.661148071289062 2.17755126953125 0.2
12.858779907226562 12.529449462890625 2.338451385498047 0.2
12.820250511169434 12.352348327636719 2.4709510803222656 0.2
12.93613052368164 12.165050506591797 2.4202499389648438 0.2
13.135200500488281 12.143749237060547 2.3091506958007812 0.2
13.254400253295898 12.308448791503906 2.214550018310547 0.2
13.244100570678711 12.532249450683594 2.138151168823242 0.2
13.395899772644043 12.650550842285156 2.222249984741211 0.2
13.477700233459473 12.46944808959961 2.291749954223633 0.2
13.39780044555664 12.369247436523438 2.120349884033203 0.2
13.423100471496582 12.539947509765625 2.008951187133789 0.2
13.587699890136719 12.56195068359375 2.094449996948242 0.2
13.63640022277832 12.38924789428711 2.1642513275146484 0.2
13.575699806213379 12.20064926147461 2.167051315307617 0.2
13.574700355529785 12.045948028564453 2.0498504638671875 0.2
13.703700065612793 12.013648986816406 1.9064502716064453 0.2
13.871399879455566 12.065250396728516 1.8160514831542969 0.2
14.00890064239502 12.202850341796875 1.803750991821289 0.2
13.990699768066406 12.387847900390625 1.8633499145507812 0.2
13.862600326538086 12.53194808959961 1.9072513580322266 0.2
13.70460033416748 12.649848937988281 1.9194507598876953 0.2
13.545499801635742 12.704547882080078 1.8205509185791016 0.2
13.527400016784668 12.72705078125 1.6280498504638672 0.2
13.632699966430664 12.775848388671875 1.4685516357421875 0.2
13.794400215148926 12.842750549316406 1.3853511810302734 0.2
13.968900680541992 12.863449096679688 1.4475517272949219 0.2
14.073200225830078 12.758750915527344 1.562551498413086 0.2
14.121100425720215 12.595550537109375 1.6447505950927734 0.2
14.154800415039062 12.414249420166016 1.6868515014648438 0.2
14.178199768066406 12.248249053955078 1.6027507781982422 0.2
14.237100601196289 12.209049224853516 1.4288501739501953 0.2
14.32289981842041 12.252250671386719 1.2658500671386719 0.2
14.424799919128418 12.343250274658203 1.1348514556884766 0.2
14.507100105285645 12.510948181152344 1.1360511779785156 0.2
14.467900276184082 12.650848388671875 1.255950927734375 0.2
14.3548002243042 12.759750366210938 1.361551284790039 0.2
14.201200485229492 12.866447448730469 1.3529510498046875 0.2
14.111400604248047 12.84735107421875 1.1976509094238281 0.2
14.244500160217285 12.758949279785156 1.1164512634277344 0.2
14.391300201416016 12.873748779296875 1.2117500305175781 0.2
14.256400108337402 13.031349182128906 1.1879501342773438 0.2
14.226900100708008 12.938350677490234 0.9997501373291016 0.2
14.409900665283203 12.797050476074219 0.9926509857177734 0.2
14.572600364685059 12.645149230957031 0.9446506500244141 0.2
14.658699989318848 12.665149688720703 0.7343502044677734 0.2
14.686699867248535 12.849647521972656 0.5992507934570312 0.2
14.589500427246094 13.044349670410156 0.6626510620117188 0.2
14.377099990844727 13.074748992919922 0.7503509521484375 0.2
14.173999786376953 13.121849060058594 0.8472499847412109 0.2
14.075600624084473 13.320148468017578 0.8953514099121094 0.2
14.038100242614746 13.48965072631836 0.7438507080078125 0.2
14.111599922180176 13.600151062011719 0.5687503814697266 0.2
14.327199935913086 13.589347839355469 0.5435504913330078 0.2
14.480400085449219 13.432147979736328 0.5631504058837891 0.2
14.611200332641602 13.255050659179688 0.5679512023925781 0.2
14.717000007629395 13.110748291015625 0.44445037841796875 0.2
14.770299911499023 13.16524887084961 0.24155044555664062 0.2
14.795000076293945 13.350151062011719 0.1266498565673828 0.2
14.740500450134277 13.553749084472656 0.1768512725830078 0.2
14.574700355529785 13.657051086425781 0.2776508331298828 0.2
14.385200500488281 13.723148345947266 0.36495018005371094 0.2
14.170599937438965 13.753448486328125 0.3930511474609375 0.2
14.018500328063965 13.785247802734375 0.24534988403320312 0.2
14.028800010681152 13.906749725341797 0.06495094299316406 0.2
14.161700248718262 14.045650482177734 -0.03214836120605469 0.2
14.376999855041504 14.047950744628906 -0.000148773193359375 0.2
14.547100067138672 13.91604995727539 0.03745079040527344 0.2
14.701800346374512 13.76314926147461 0.05705070495605469 0.2
14.8193998336792 13.608749389648438 -0.042449951171875 0.2
14.878000259399414 13.618049621582031 -0.24914932250976562 0.2
14.914400100708008 13.779251098632812 -0.3912487030029297 0.2
14.87090015411377 13.98965072631836 -0.37004852294921875 0.2
14.706700325012207 14.097450256347656 -0.2736492156982422 0.2
14.515299797058105 14.156848907470703 -0.1869487762451172 0.2
14.300200462341309 14.194747924804688 -0.1710491180419922 0.2
14.163200378417969 14.24374771118164 -0.32864952087402344 0.2
14.200799942016602 14.360248565673828 -0.5093498229980469 0.2
14.370100021362305 14.467948913574219 -0.5881500244140625 0.2
14.579999923706055 14.420150756835938 -0.5530490875244141 0.2
14.745699882507324 14.28125 -0.5176486968994141 0.2
14.895000457763672 14.12044906616211 -0.5172500610351562 0.2
14.983400344848633 13.985748291015625 -0.6612491607666016 0.2
15.031800270080566 14.033149719238281 -0.8684482574462891 0.2
15.055500030517578 14.211849212646484 -0.9892482757568359 0.2
14.967700004577637 14.402549743652344 -0.9341487884521484 0.2
14.792699813842773 14.489448547363281 -0.8339500427246094 0.2
14.60010051727295 14.5489501953125 -0.7474498748779297 0.2
14.386500358581543 14.57244873046875 -0.7792491912841797 0.2
14.305500030517578 14.62234878540039 -0.9726486206054688 0.2
14.382599830627441 14.72304916381836 -1.1499500274658203 0.2
14.586299896240234 14.779949188232422 -1.1925487518310547 0.2
14.782700538635254 14.689350128173828 -1.1563491821289062 0.2
14.949999809265137 14.55215072631836 -1.1239490509033203 0.2
15.081000328063965 14.381649017333984 -1.1605491638183594 0.2
15.134500503540039 14.290847778320312 -1.3481483459472656 0.2
15.16610050201416 14.370548248291016 -1.5487499237060547 0.2
15.153900146484375 14.57204818725586 -1.6210498809814453 0.2
15.023200035095215 14.726150512695312 -1.5379486083984375 0.2
14.84689998626709 14.800647735595703 -1.4334487915039062 0.2
14.646300315856934 14.851249694824219 -1.3634490966796875 0.2
14.454800605773926 14.85894775390625 -1.4623489379882812 0.2
14.430299758911133 14.91455078125 -1.6700496673583984 0.2
14.5556001663208 15.005847930908203 -1.8191490173339844 0.2
14.773300170898438 15.003547668457031 -1.8271484375 0.2
14.956100463867188 14.88895034790039 -1.7938499450683594 0.2
15.120100021362305 14.745750427246094 -1.7756500244140625 0.2
15.211800575256348 14.574249267578125 -1.872049331665039 0.2
15.23740005493164 14.544548034667969 -2.0840492248535156 0.2
15.249100685119629 14.66925048828125 -2.2607498168945312 0.2
15.187000274658203 14.87594985961914 -2.264148712158203 0.2
15.029300689697266 14.986351013183594 -2.1605491638183594 0.2
14.851900100708008 15.054950714111328 -2.0538482666015625 0.2
14.636099815368652 15.079849243164062 -2.0280494689941406 0.2
14.495699882507324 15.088150024414062 -2.1895484924316406 0.2
14.521900177001953 15.15625 -2.3946495056152344 0.2
14.698800086975098 15.224349975585938 -2.4971485137939453 0.2
14.907700538635254 15.160747528076172 -2.4827499389648438 0.2
15.086199760437012 15.038150787353516 -2.453350067138672 0.2
15.230000495910645 14.873649597167969 -2.4698486328125 0.2
15.272900581359863 14.739749908447266 -2.632749557495117 0.2
15.276100158691406 14.777050018310547 -2.8481483459472656 0.2
15.253499984741211 14.953948974609375 -2.9690494537353516 0.2
15.136799812316895 15.125450134277344 -2.902050018310547 0.2
14.969600677490234 15.209049224853516 -2.7868499755859375 0.2
14.780500411987305 15.265548706054688 -2.6899490356445312 0.2
14.56860065460205 15.258949279785156 -2.7356491088867188 0.2
14.491499900817871 15.284950256347656 -2.937349319458008 0.2
14.571700096130371 15.3636474609375 -3.123149871826172 0.2
14.783900260925293 15.378547668457031 -3.1701488494873047 0.2
14.979599952697754 15.280948638916016 -3.1476497650146484 0.2
15.156900405883789 15.152050018310547 -3.1298484802246094 0.2
15.256199836730957 14.97414779663086 -3.206249237060547 0.2
15.255300521850586 14.914649963378906 -3.4148483276367188 0.2
15.231400489807129 15.012451171875 -3.6087493896484375 0.2
15.157899856567383 15.21364974975586 -3.636148452758789 0.2
15.00670051574707 15.332847595214844 -3.5297489166259766 0.2
14.837300300598145 15.406047821044922 -3.411348342895508 0.2
14.628900527954102 15.42824935913086 -3.3475494384765625 0.2
14.45300006866455 15.4073486328125 -3.4708499908447266 0.2
14.421100616455078 15.449649810791016 -3.682849884033203 0.2
14.564599990844727 15.523548126220703 -3.825349807739258 0.2
14.780600547790527 15.484649658203125 -3.8368492126464844 0.2
14.97450065612793 15.385047912597656 -3.8157501220703125 0.2
15.140399932861328 15.241950988769531 -3.8257484436035156 0.2
15.183199882507324 15.0865478515625 -3.9697494506835938 0.2
15.148200035095215 15.09124755859375 -4.1853485107421875 0.2
15.089300155639648 15.24435043334961 -4.324949264526367 0.2
14.965900421142578 15.41714859008789 -4.272548675537109 0.2
14.80270004272461 15.50054931640625 -4.152750015258789 0.2
14.624300003051758 15.557647705078125 -4.038749694824219 0.2
14.407500267028809 15.533149719238281 -4.031148910522461 0.2
14.277000427246094 15.520851135253906 -4.203350067138672 0.2
14.29580020904541 15.58475112915039 -4.409248352050781 0.2
14.488100051879883 15.627750396728516 -4.502748489379883 0.2
14.696100234985352 15.557647705078125 -4.4996490478515625 0.2
14.891900062561035 15.45975112915039 -4.488649368286133 0.2
15.025500297546387 15.293148040771484 -4.539649963378906 0.2
15.014100074768066 15.1822509765625 -4.724649429321289 0.2
14.951000213623047 15.236747741699219 -4.927448272705078 0.2
14.856900215148926 15.42034912109375 -4.993549346923828 0.2
14.706700325012207 15.546749114990234 -4.893949508666992 0.2
14.541500091552734 15.619049072265625 -4.768449783325195 0.2
14.347800254821777 15.64725112915039 -4.666049957275391 0.2
14.143799781799316 15.598548889160156 -4.72144889831543 0.2
14.051000595092773 15.608348846435547 -4.920249938964844 0.2
14.129899978637695 15.684547424316406 -5.107149124145508 0.2
14.344099998474121 15.680450439453125 -5.158048629760742 0.2
14.549600601196289 15.600650787353516 -5.153749465942383 0.2
14.742500305175781 15.49114990234375 -5.157449722290039 0.2
14.825799942016602 15.312450408935547 -5.251949310302734 0.2
14.770899772644043 15.253349304199219 -5.456348419189453 0.2
14.684800148010254 15.354248046875 -5.6311492919921875 0.2
14.56290054321289 15.535747528076172 -5.61884880065918 0.2
14.404500007629395 15.633049011230469 -5.498048782348633 0.2
14.237800598144531 15.702449798583984 -5.370550155639648 0.2
14.031100273132324 15.69485092163086 -5.294048309326172 0.2
13.852900505065918 15.64725112915039 -5.410449981689453 0.2
13.799200057983398 15.679248809814453 -5.621349334716797 0.2
13.943099975585938 15.744949340820312 -5.770849227905273 0.2
14.159200668334961 15.701248168945312 -5.797248840332031 0.2
14.363900184631348 15.61935043334961 -5.798349380493164 0.2
14.539199829101562 15.486248016357422 -5.821849822998047 0.2
14.560100555419922 15.318450927734375 -5.9595489501953125 0.2
14.478500366210938 15.305549621582031 -6.164249420166016 0.2
14.376900672912598 15.453948974609375 -6.286249160766602 0.2
14.236800193786621 15.609848022460938 -6.214948654174805 0.2
14.078900337219238 15.69594955444336 -6.087749481201172 0.2
13.906499862670898 15.755950927734375 -5.9631500244140625 0.2
13.692500114440918 15.714347839355469 -5.936948776245117 0.2
13.549300193786621 15.684349060058594 -6.099048614501953 0.2
13.55679988861084 15.73714828491211 -6.309648513793945 0.2
13.748100280761719 15.763347625732422 -6.415248870849609 0.2
13.956700325012207 15.69384765625 -6.430549621582031 0.2
14.157899856567383 15.604450225830078 -6.438650131225586 0.2
14.293100357055664 15.436248779296875 -6.485849380493164 0.2
14.25610065460205 15.298347473144531 -6.64995002746582 0.2
14.155500411987305 15.326648712158203 -6.843849182128906 0.2
14.035799980163574 15.499549865722656 -6.904048919677734 0.2
13.888299942016602 15.627849578857422 -6.799949645996094 0.2
13.734600067138672 15.718250274658203 -6.670148849487305 0.2
13.55210018157959 15.758647918701172 -6.549949645996094 0.2
13.345399856567383 15.69234848022461 -6.572149276733398 0.2
13.231800079345703 15.667549133300781 -6.760149002075195 0.2
13.298299789428711 15.710250854492188 -6.96354866027832 0.2
13.506800651550293 15.68804931640625 -7.0350494384765625 0.2
13.713800430297852 15.611351013183594 -7.049949645996094 0.2
13.910500526428223 15.507747650146484 -7.064048767089844 0.2
13.991700172424316 15.31264877319336 -7.125450134277344 0.2
13.90719985961914 15.200847625732422 -7.296649932861328 0.2
13.78439998626709 15.257450103759766 -7.470949172973633 0.2
13.648900032043457 15.431648254394531 -7.472249984741211 0.2
13.503600120544434 15.552947998046875 -7.354949951171875 0.2
13.354100227355957 15.654449462890625 -7.226049423217773 0.2
13.163300514221191 15.668251037597656 -7.113748550415039 0.2
12.971630096435547 15.581748962402344 -7.177249908447266 0.2
12.884530067443848 15.547950744628906 -7.378049850463867 0.2
13.003080368041992 15.565948486328125 -7.56144905090332 0.2
13.214000701904297 15.515148162841797 -7.613748550415039 0.2
13.420400619506836 15.438648223876953 -7.634849548339844 0.2
13.605000495910645 15.316047668457031 -7.652349472045898 0.2
13.633500099182129 15.109447479248047 -7.720548629760742 0.2
13.524300575256348 15.00954818725586 -7.885549545288086 0.2
13.38539981842041 15.090248107910156 -8.033849716186523 0.2
13.242199897766113 15.25634765625 -7.998048782348633 0.2
13.102900505065918 15.381248474121094 -7.880048751831055 0.2
12.95619010925293 15.48904800415039 -7.753849029541016 0.2
12.761750221252441 15.47604751586914 -7.648550033569336 0.2
12.586530685424805 15.371448516845703 -7.728649139404297 0.2
12.523730278015137 15.324447631835938 -7.933948516845703 0.2
12.667970657348633 15.319351196289062 -8.10114860534668 0.2
12.8754301071167 15.25455093383789 -8.147649765014648 0.2
13.0802001953125 15.17464828491211 -8.175849914550781 0.2
13.25570011138916 15.037349700927734 -8.192150115966797 0.2
13.264200210571289 14.82754898071289 -8.256448745727539 0.2
13.150899887084961 14.72344970703125 -8.418249130249023 0.2
13.000639915466309 14.810050964355469 -8.554048538208008 0.2
12.854820251464844 14.969551086425781 -8.49744987487793 0.2
12.7195405960083 15.100849151611328 -8.379749298095703 0.2
12.576620101928711 15.217449188232422 -8.252449035644531 0.2
12.388879776000977 15.19955062866211 -8.134649276733398 0.2
12.224900245666504 15.070148468017578 -8.20884895324707 0.2
12.157509803771973 15.000350952148438 -8.428949356079102 0.2
12.323019981384277 15.00094985961914 -8.608749389648438 0.2
12.55482006072998 14.918548583984375 -8.658048629760742 0.2
12.779610633850098 14.815948486328125 -8.693048477172852 0.2
12.947919845581055 14.633350372314453 -8.697549819946289 0.2
12.906390190124512 14.404449462890625 -8.782949447631836 0.2
12.7604398727417 14.324951171875 -8.968648910522461 0.2
12.58882999420166 14.490047454833984 -9.026549339294434 0.2
12.45659065246582 14.676849365234375 -8.922248840332031 0.2
12.32190990447998 14.852848052978516 -8.802949905395508 0.2
12.10243034362793 14.880748748779297 -8.696849822998047 0.2
11.956140518188477 14.767047882080078 -8.83854866027832 0.2
11.921350479125977 14.647148132324219 -8.995649337768555 0.2
11.970419883728027 14.459648132324219 -9.04594898223877 0.2
12.140729904174805 14.353748321533203 -9.05734920501709 0.2
12.335949897766113 14.336349487304688 -9.1031494140625 0.2
12.528600692749023 14.288948059082031 -9.138849258422852 0.2
12.625969886779785 14.113349914550781 -9.148249626159668 0.2
12.557829856872559 13.94744873046875 -9.23854923248291 0.2
12.424050331115723 13.895748138427734 -9.379549026489258 0.2
12.269020080566406 14.011650085449219 -9.430249214172363 0.2
12.14778995513916 14.123550415039062 -9.307748794555664 0.2
11.997830390930176 14.241249084472656 -9.259248733520508 0.2
11.971429824829102 14.31344985961914 -9.428749084472656 0.2
12.050180435180664 14.15625 -9.482648849487305 0.2
11.933740615844727 14.08144760131836 -9.361248970031738 0.2
11.813380241394043 14.180248260498047 -9.434349060058594 0.2
11.882760047912598 14.151748657226562 -9.595648765563965 0.2
12.024749755859375 14.040050506591797 -9.632948875427246 0.2
12.161410331726074 13.919448852539062 -9.602949142456055 0.2
12.199220657348633 13.747249603271484 -9.549649238586426 0.2
12.080039978027344 13.608448028564453 -9.569549560546875 0.2
11.928510665893555 13.54854965209961 -9.656649589538574 0.2
11.78009033203125 13.535049438476562 -9.7660493850708 0.2
11.675080299377441 13.646648406982422 -9.867249488830566 0.2
11.640130043029785 13.825950622558594 -9.845648765563965 0.2
11.62816047668457 13.984550476074219 -9.75364875793457 0.2
11.613249778747559 14.12765121459961 -9.639049530029297 0.2
11.557840347290039 14.195049285888672 -9.478049278259277 0.2
11.41692066192627 14.149749755859375 -9.37044906616211 0.2
11.242119789123535 14.094047546386719 -9.384849548339844 0.2
11.071510314941406 14.06094741821289 -9.467649459838867 0.2
10.996520042419434 14.061450958251953 -9.642748832702637 0.2
11.093500137329102 14.013851165771484 -9.80044937133789 0.2
11.2333402633667 13.902851104736328 -9.872849464416504 0.2
11.370100021362305 13.777851104736328 -9.92354965209961 0.2
11.465670585632324 13.611351013183594 -9.930449485778809 0.2
11.394579887390137 13.4427490234375 -9.875449180603027 0.2
11.213129997253418 13.377849578857422 -9.860949516296387 0.2
11.022200584411621 13.356449127197266 -9.874249458312988 0.2
10.852560043334961 13.414249420166016 -9.941549301147461 0.2
10.821390151977539 13.589149475097656 -10.01094913482666 0.2
10.881759643554688 13.771549224853516 -9.991949081420898 0.2
10.886190414428711 13.931648254394531 -9.887248992919922 0.2
10.79326057434082 13.908050537109375 -9.733149528503418 0.2
10.722860336303711 13.77294921875 -9.82974910736084 0.2
10.699970245361328 13.906848907470703 -9.969449043273926 0.2
10.627639770507812 13.993148803710938 -9.816749572753906 0.2
10.548589706420898 13.813949584960938 -9.78434944152832 0.2
10.561479568481445 13.641651153564453 -9.91874885559082 0.2
10.447770118713379 13.472648620605469 -9.946748733520508 0.2
10.237910270690918 13.475547790527344 -9.925048828125 0.2
10.072799682617188 13.605648040771484 -9.928149223327637 0.2
10.074100494384766 13.810749053955078 -9.888249397277832 0.2
10.162110328674316 13.939350128173828 -9.74484920501709 0.2
10.250120162963867 14.079750061035156 -9.614449501037598 0.2
10.243009567260742 14.28445053100586 -9.571949005126953 0.2
10.088510513305664 14.418148040771484 -9.527949333190918 0.2
9.903280258178711 14.454948425292969 -9.431249618530273 0.2
9.69678020477295 14.475948333740234 -9.486449241638184 0.2
9.678970336914062 14.37044906616211 -9.67824935913086 0.2
9.761510848999023 14.19384765625 -9.783049583435059 0.2
9.844659805297852 14.010047912597656 -9.874349594116211 0.2
9.833320617675781 13.79425048828125 -9.917649269104004 0.2
9.635990142822266 13.705947875976562 -9.888749122619629 0.2
9.431100845336914 13.791950225830078 -9.884248733520508 0.2
9.330300331115723 13.986549377441406 -9.903549194335938 0.2
9.368120193481445 14.192951202392578 -9.831648826599121 0.2
9.426650047302246 14.365550994873047 -9.70514965057373 0.2
9.481969833374023 14.512950897216797 -9.547248840332031 0.2
9.427709579467773 14.561649322509766 -9.340249061584473 0.2
9.222339630126953 14.59225082397461 -9.26414966583252 0.2
9.01731014251709 14.641548156738281 -9.332749366760254 0.2
8.96272087097168 14.607948303222656 -9.542549133300781 0.2
9.031030654907227 14.45465087890625 -9.690049171447754 0.2
9.109530448913574 14.282649993896484 -9.805849075317383 0.2
9.128509521484375 14.073348999023438 -9.875649452209473 0.2
8.961240768432617 13.935249328613281 -9.849848747253418 0.2
8.744250297546387 13.98284912109375 -9.8462495803833 0.2
8.62716007232666 14.1656494140625 -9.871949195861816 0.2
8.661319732666016 14.373649597167969 -9.804149627685547 0.2
8.727380752563477 14.541648864746094 -9.67704963684082 0.2
8.768790245056152 14.681949615478516 -9.51094913482666 0.2
8.660560607910156 14.733348846435547 -9.328848838806152 0.2
8.444259643554688 14.76395034790039 -9.301849365234375 0.2
8.2724609375 14.78554916381836 -9.433349609375 0.2
8.274280548095703 14.69594955444336 -9.633949279785156 0.2
8.35177993774414 14.52874755859375 -9.754749298095703 0.2
8.420709609985352 14.34334945678711 -9.852249145507812 0.2
8.36577033996582 14.132247924804688 -9.864048957824707 0.2
8.157590866088867 14.070350646972656 -9.847848892211914 0.2
7.963000297546387 14.164447784423828 -9.88184928894043 0.2
7.918720245361328 14.377948760986328 -9.893548965454102 0.2
7.979140281677246 14.564048767089844 -9.791949272155762 0.2
8.04481029510498 14.725948333740234 -9.65834903717041 0.2
8.031190872192383 14.83144760131836 -9.466548919677734 0.2
7.849830150604248 14.861148834228516 -9.352249145507812 0.2
7.637600421905518 14.885948181152344 -9.40324878692627 0.2
7.544400215148926 14.861949920654297 -9.597249031066895 0.2
7.599850177764893 14.71944808959961 -9.7552490234375 0.2
7.679230213165283 14.543449401855469 -9.859748840332031 0.2
7.712510108947754 14.334247589111328 -9.919049263000488 0.2
7.575750350952148 14.168750762939453 -9.896749496459961 0.2
7.356550216674805 14.172649383544922 -9.90894889831543 0.2
7.208850383758545 14.32244873046875 -9.961249351501465 0.2
7.228760242462158 14.537651062011719 -9.927449226379395 0.2
7.2997002601623535 14.710750579833984 -9.81144905090332 0.2
7.352190017700195 14.86214828491211 -9.660248756408691 0.2
7.269550323486328 14.929950714111328 -9.471749305725098 0.2
7.055870056152344 14.948348999023438 -9.429348945617676 0.2
6.869870185852051 14.955650329589844 -9.542749404907227 0.2
6.850130081176758 14.87594985961914 -9.744049072265625 0.2
6.923020362854004 14.711151123046875 -9.87044906616211 0.2
6.99606990814209 14.52614974975586 -9.964348793029785 0.2
6.977980136871338 14.309749603271484 -9.97554874420166 0.2
6.789999961853027 14.20644760131836 -9.947149276733398 0.2
6.578190326690674 14.25455093383789 -9.972848892211914 0.2
6.491270065307617 14.447948455810547 -10.013249397277832 0.2
6.543430328369141 14.649749755859375 -9.94494915008545 0.2
6.617549896240234 14.820751190185547 -9.829849243164062 0.2
6.640570163726807 14.951950073242188 -9.657049179077148 0.2
6.4944000244140625 14.987247467041016 -9.503149032592773 0.2
6.276090145111084 14.99264907836914 -9.510748863220215 0.2
6.137180328369141 14.967048645019531 -9.6725492477417 0.2
6.164279937744141 14.840049743652344 -9.848249435424805 0.2
6.241650581359863 14.667350769042969 -9.956648826599121 0.2
6.297070503234863 14.467147827148438 -10.024048805236816 0.2
6.213380336761475 14.27225112915039 -9.987449645996094 0.2
6.002650260925293 14.226348876953125 -9.964749336242676 0.2
5.815609931945801 14.325248718261719 -10.003849029541016 0.2
5.789299964904785 14.54024887084961 -10.016549110412598 0.2
5.859300136566162 14.7281494140625 -9.93074893951416 0.2
5.928680419921875 14.896148681640625 -9.810249328613281 0.2
5.899499893188477 14.993148803710938 -9.618549346923828 0.2
5.70973014831543 15.007648468017578 -9.51884937286377 0.2
5.501330375671387 15.001850128173828 -9.578248977661133 0.2
5.423340320587158 14.93294906616211 -9.766949653625488 0.2
5.48075008392334 14.7740478515625 -9.904949188232422 0.2
5.557440280914307 14.593048095703125 -9.998848915100098 0.2
5.575750350952148 14.376750946044922 -10.01414966583252 0.2
5.4265899658203125 14.234848022460938 -9.956549644470215 0.2
5.209010124206543 14.242847442626953 -9.953049659729004 0.2
5.0710601806640625 14.39944839477539 -10.002348899841309 0.2
5.101090431213379 14.613349914550781 -9.976449012756348 0.2
5.180200576782227 14.79494857788086 -9.884749412536621 0.2
5.230040550231934 14.949150085449219 -9.738348960876465 0.2
5.13040018081665 15.00735092163086 -9.557549476623535 0.2
4.9161200523376465 15.00994873046875 -9.519549369812012 0.2
4.7376604080200195 14.982349395751953 -9.63654899597168 0.2
4.729410171508789 14.863948822021484 -9.818049430847168 0.2
4.8032002449035645 14.689647674560547 -9.927948951721191 0.2
4.869680404663086 14.493148803710938 -9.99734878540039 0.2
4.8241801261901855 14.286449432373047 -9.956949234008789 0.2
4.625840187072754 14.213348388671875 -9.910948753356934 0.2
4.420300483703613 14.278247833251953 -9.932549476623535 0.2
4.358839988708496 14.481048583984375 -9.9712495803833 0.2
4.423900127410889 14.681449890136719 -9.912949562072754 0.2
4.502140045166016 14.859550476074219 -9.81304931640625 0.2
4.506740093231201 14.982349395751953 -9.634849548339844 0.2
4.338600158691406 15.009750366210938 -9.504348754882812 0.2
4.122390270233154 15.002548217773438 -9.526049613952637 0.2
4.007719039916992 14.938850402832031 -9.695348739624023 0.2
4.048870086669922 14.783451080322266 -9.842848777770996 0.2
4.126040458679199 14.60165023803711 -9.935049057006836 0.2
4.1626200675964355 14.38895034790039 -9.958449363708496 0.2
4.038520336151123 14.228950500488281 -9.890449523925781 0.2
3.822780132293701 14.215248107910156 -9.870749473571777 0.2
3.6608052253723145 14.345050811767578 -9.920148849487305 0.2
3.6690142154693604 14.561847686767578 -9.925549507141113 0.2
3.74928617477417 14.749149322509766 -9.84994888305664 0.2
3.813234329223633 14.916748046875 -9.726948738098145 0.2
3.7455062866210938 15.000049591064453 -9.541049003601074 0.2
3.5405802726745605 15.011650085449219 -9.475149154663086 0.2
3.3461861610412598 14.990348815917969 -9.562849044799805 0.2
3.305220127105713 14.883049011230469 -9.745749473571777 0.2
3.3715932369232178 14.708049774169922 -9.856549263000488 0.2
3.4415571689605713 14.514949798583984 -9.927749633789062 0.2
3.4198203086853027 14.302448272705078 -9.895349502563477 0.2
3.2372093200683594 14.207347869873047 -9.838048934936523 0.2
3.0258677005767822 14.249748229980469 -9.852648735046387 0.2
2.933870315551758 14.434547424316406 -9.90934944152832 0.2
2.990046739578247 14.641250610351562 -9.872949600219727 0.2
3.073195457458496 14.822250366210938 -9.786048889160156 0.2
3.101269245147705 14.966148376464844 -9.625749588012695 0.2
2.961155414581299 15.015647888183594 -9.472949028015137 0.2
2.744094133377075 15.018348693847656 -9.47084903717041 0.2
2.598137140274048 14.969749450683594 -9.61924934387207 0.2
2.6190881729125977 14.821647644042969 -9.776349067687988 0.2
2.6936912536621094 14.637649536132812 -9.865849494934082 0.2
2.7422373294830322 14.428150177001953 -9.900849342346191 0.2
2.647764205932617 14.247947692871094 -9.834749221801758 0.2
2.4354143142700195 14.21474838256836 -9.80614948272705 0.2
2.251706123352051 14.316749572753906 -9.850648880004883 0.2
2.2367911338806152 14.529949188232422 -9.880949020385742 0.2
2.315178155899048 14.723548889160156 -9.81714916229248 0.2
2.3912081718444824 14.898948669433594 -9.711749076843262 0.2
2.3646652698516846 15.007549285888672 -9.527449607849121 0.2
2.1751251220703125 15.032249450683594 -9.427848815917969 0.2
1.9649502038955688 15.021949768066406 -9.478448867797852 0.2
1.8860502243041992 14.935447692871094 -9.658649444580078 0.2
1.9393802881240845 14.765251159667969 -9.78434944152832 0.2
2.010993242263794 14.575450897216797 -9.864449501037598 0.2
2.020104169845581 14.359447479248047 -9.857549667358398 0.2
1.8615102767944336 14.233150482177734 -9.789749145507812 0.2
1.6449801921844482 14.248950958251953 -9.786149024963379 0.2
1.5164302587509155 14.409049987792969 -9.843949317932129 0.2
1.5537902116775513 14.622848510742188 -9.831048965454102 0.2
1.6389602422714233 14.806747436523438 -9.752449035644531 0.2
1.6964702606201172 14.965950012207031 -9.616449356079102 0.2
1.605040192604065 15.034248352050781 -9.435648918151855 0.2
1.3943501710891724 15.042949676513672 -9.386849403381348 0.2
1.2125802040100098 15.014949798583984 -9.495348930358887 0.2
1.1921201944351196 14.892547607421875 -9.673048973083496 0.2
1.2583001852035522 14.714248657226562 -9.77804946899414 0.2
1.3179702758789062 14.515647888183594 -9.843049049377441 0.2
1.2689002752304077 14.311050415039062 -9.796849250793457 0.2
1.0727201700210571 14.240249633789062 -9.746048927307129 0.2
0.8691601753234863 14.306549072265625 -9.76764965057373 0.2
0.8075802326202393 14.507949829101562 -9.811049461364746 0.2
0.8768701553344727 14.70724868774414 -9.75844955444336 0.2
0.962050199508667 14.88425064086914 -9.6656494140625 0.2
0.9814703464508057 15.012348175048828 -9.491549491882324 0.2
0.8295302391052246 15.046649932861328 -9.345748901367188 0.2
0.6127102375030518 15.04384994506836 -9.349848747253418 0.2
0.480640172958374 14.988147735595703 -9.508548736572266 0.2
0.5075101852416992 14.835548400878906 -9.661048889160156 0.2
0.5764503479003906 14.65304946899414 -9.757349014282227 0.2
0.6118903160095215 14.440650939941406 -9.789749145507812 0.2
0.49857020378112793 14.27254867553711 -9.721949577331543 0.2
0.2838101387023926 14.25374984741211 -9.694449424743652 0.2
0.11259031295776367 14.376750946044922 -9.73344898223877 0.2
0.11755013465881348 14.593048095703125 -9.739349365234375 0.2
0.20287013053894043 14.779850006103516 -9.664548873901367 0.2
0.2807602882385254 14.946849822998047 -9.547149658203125 0.2
0.24516034126281738 15.034149169921875 -9.353448867797852 0.2
0.050730228424072266 15.04644775390625 -9.258949279785156 0.2
-0.15700984001159668 15.031349182128906 -9.317449569702148 0.2
-0.22516965866088867 14.939250946044922 -9.500248908996582 0.2
-0.1725296974182129 14.770347595214844 -9.628949165344238 0.2
-0.10835981369018555 14.581249237060547 -9.718249320983887 0.2
-0.11771988868713379 14.365348815917969 -9.706849098205566 0.2
-0.2913498878479004 14.256549835205078 -9.641949653625488 0.2
-0.5061697959899902 14.289947509765625 -9.636149406433105 0.2
-0.6117198467254639 14.472148895263672 -9.675848960876465 0.2
-0.5564298629760742 14.679649353027344 -9.635748863220215 0.2
-0.4655497074127197 14.856849670410156 -9.546648979187012 0.2
-0.41313982009887695 14.997447967529297 -9.38914966583252 0.2
-0.5254197120666504 15.039947509765625 -9.211648941040039 0.2
-0.7395298480987549 15.040050506591797 -9.172449111938477 0.2
-0.9082698822021484 15.00634765625 -9.29944896697998 0.2
-0.9127998352050781 14.876750946044922 -9.474449157714844 0.2
-0.849219799041748 14.70254898071289 -9.588949203491211 0.2
-0.8040196895599365 14.499950408935547 -9.655448913574219 0.2
-0.8889896869659424 14.309249877929688 -9.604249000549316 0.2
-1.0971097946166992 14.266849517822266 -9.561248779296875 0.2
-1.28486967086792 14.369049072265625 -9.581449508666992 0.2
-1.305769920349121 14.58475112915039 -9.588048934936523 0.2
-1.2215795516967773 14.76974868774414 -9.508949279785156 0.2
-1.1352496147155762 14.934650421142578 -9.395149230957031 0.2
-1.1417899131774902 15.027050018310547 -9.199249267578125 0.2
-1.318079948425293 15.041851043701172 -9.07664966583252 0.2
-1.5323596000671387 15.03915023803711 -9.107549667358398 0.2
-1.631579875946045 14.973648071289062 -9.28744888305664 0.2
-1.5923995971679688 14.816650390625 -9.434148788452148 0.2
-1.5312695503234863 14.637248992919922 -9.54224967956543 0.2
-1.5268397331237793 14.420547485351562 -9.565049171447754 0.2
-1.6815695762634277 14.285648345947266 -9.503349304199219 0.2
-1.8983697891235352 14.303050994873047 -9.48604965209961 0.2
-2.0280299186706543 14.47195053100586 -9.514749526977539 0.2
-1.9825496673583984 14.680950164794922 -9.4712495803833 0.2
-1.8892898559570312 14.852848052978516 -9.373048782348633 0.2
-1.819899559020996 14.996047973632812 -9.222148895263672 0.2
-1.8986897468566895 15.04494857788086 -9.027949333190918 0.2
-2.1079797744750977 15.051651000976562 -8.965349197387695 0.2
-2.2992396354675293 15.040451049804688 -9.064949035644531 0.2
-2.329439640045166 14.935649871826172 -9.253249168395996 0.2
-2.27493953704834 14.76715087890625 -9.38344955444336 0.2
-2.224679946899414 14.575748443603516 -9.479549407958984 0.2
-2.2748799324035645 14.365650177001953 -9.460649490356445 0.2
-2.472949981689453 14.291851043701172 -9.408248901367188 0.2
-2.678769588470459 14.363849639892578 -9.410149574279785 0.2
-2.7337098121643066 14.573047637939453 -9.420449256896973 0.2
-2.6555895805358887 14.763347625732422 -9.342049598693848 0.2
-2.562389850616455 14.929248809814453 -9.231849670410156 0.2
-2.5280799865722656 15.039749145507812 -9.046749114990234 0.2
-2.674569606781006 15.059650421142578 -8.889049530029297 0.2
-2.893519878387451 15.06344985961914 -8.881349563598633 0.2
-3.0345096588134766 15.030048370361328 -9.040849685668945 0.2
-3.019929885864258 14.892448425292969 -9.21144962310791 0.2
-2.964089870452881 14.719947814941406 -9.334548950195312 0.2
-2.9346699714660645 14.51424789428711 -9.404549598693848 0.2
-3.045809745788574 14.335350036621094 -9.356049537658691 0.2
-3.260209560394287 14.310050964355469 -9.319449424743652 0.2
-3.431999683380127 14.439250946044922 -9.337348937988281 0.2
-3.423759937286377 14.656349182128906 -9.312549591064453 0.2
-3.3328099250793457 14.83144760131836 -9.217148780822754 0.2
-3.2465896606445312 14.988250732421875 -9.089849472045898 0.2
-3.26708984375 15.060050964355469 -8.885648727416992 0.2
-3.455049991607666 15.063751220703125 -8.776748657226562 0.2
-3.666879653930664 15.06235122680664 -8.825948715209961 0.2
-3.7500195503234863 14.99544906616211 -9.015449523925781 0.2
-3.7124695777893066 14.836849212646484 -9.16304874420166 0.2
-3.6614999771118164 14.658550262451172 -9.28024959564209 0.2
-3.6648197174072266 14.441551208496094 -9.312149047851562 0.2
-3.8236799240112305 14.30514907836914 -9.256649017333984 0.2
-4.042409896850586 14.320350646972656 -9.241148948669434 0.2
-4.162839889526367 14.49985122680664 -9.257749557495117 0.2
-4.107679843902588 14.702949523925781 -9.19334888458252 0.2
-4.012349605560303 14.872150421142578 -9.090048789978027 0.2
-3.9398698806762695 15.011848449707031 -8.935150146484375 0.2
-4.019039630889893 15.044849395751953 -8.73604965209961 0.2
-4.2308197021484375 15.034950256347656 -8.676048278808594 0.2
-4.421369552612305 15.01824951171875 -8.780248641967773 0.2
-4.451009750366211 14.91455078125 -8.971649169921875 0.2
-4.407919883728027 14.746749877929688 -9.109048843383789 0.2
-4.365429878234863 14.55984878540039 -9.220048904418945 0.2
-4.399119853973389 14.343448638916016 -9.22244930267334 0.2
-4.584639549255371 14.235149383544922 -9.174249649047852 0.2
-4.801029682159424 14.276451110839844 -9.171749114990234 0.2
-4.870899677276611 14.483749389648438 -9.166849136352539 0.2
-4.794659614562988 14.673851013183594 -9.080549240112305 0.2
-4.700119972229004 14.84334945678711 -8.975349426269531 0.2
-4.634099960327148 14.968948364257812 -8.806049346923828 0.2
-4.736099720001221 14.968448638916016 -8.614049911499023 0.2
-4.950199604034424 14.936050415039062 -8.5677490234375 0.2
-5.136670112609863 14.92144775390625 -8.69784927368164 0.2
-5.14739990234375 14.814350128173828 -8.903450012207031 0.2
-5.111109733581543 14.632450103759766 -9.043848991394043 0.2
-5.075639724731445 14.432750701904297 -9.159049034118652 0.2
-5.110759735107422 14.204349517822266 -9.154648780822754 0.2
-5.301969528198242 14.082149505615234 -9.10724925994873 0.2
-5.529009819030762 14.120349884033203 -9.105749130249023 0.2
-5.585989952087402 14.341949462890625 -9.091349601745605 0.2
-5.489679336547852 14.540847778320312 -9.017549514770508 0.2
-5.384069442749023 14.728248596191406 -8.929349899291992 0.2
-5.360929489135742 14.85995101928711 -8.74114990234375 0.2
-5.560639381408691 14.868450164794922 -8.638648986816406 0.2
-5.772409439086914 14.826850891113281 -8.690149307250977 0.2
-5.909529685974121 14.657150268554688 -8.69784927368164 0.2
-5.891169548034668 14.455047607421875 -8.779748916625977 0.2
-5.828929901123047 14.324050903320312 -8.947750091552734 0.2
-5.781889915466309 14.146247863769531 -9.070049285888672 0.2
-5.870880126953125 13.947948455810547 -9.051349639892578 0.2
-6.08473014831543 13.89284896850586 -9.025049209594727 0.2
-6.268869400024414 14.009849548339844 -9.01564884185791 0.2
-6.238649368286133 14.206951141357422 -8.921749114990234 0.2
-6.206299781799316 14.38924789428711 -8.802749633789062 0.2
-6.320980072021484 14.5146484375 -8.912948608398438 0.2
-6.393039703369141 14.340049743652344 -8.975849151611328 0.2
-6.385379791259766 14.298149108886719 -8.783649444580078 0.2
-6.44950008392334 14.449348449707031 -8.753250122070312 0.2
-6.5569000244140625 14.443450927734375 -8.884349822998047 0.2
-6.57765007019043 14.294548034667969 -8.974449157714844 0.2
-6.539400100708008 14.126350402832031 -9.009649276733398 0.2
-6.543179512023926 13.957649230957031 -8.961448669433594 0.2
-6.660849571228027 13.880451202392578 -8.85624885559082 0.2
-6.824899673461914 13.901649475097656 -8.794448852539062 0.2
-6.98799991607666 13.959449768066406 -8.760549545288086 0.2
-7.103699684143066 14.090950012207031 -8.775449752807617 0.2
-7.069799423217773 14.260948181152344 -8.806148529052734 0.2
-6.947569847106934 14.387248992919922 -8.79534912109375 0.2
-6.811590194702148 14.494148254394531 -8.768749237060547 0.2
-6.67173957824707 14.5760498046875 -8.702449798583984 0.2
-6.589129447937012 14.59634780883789 -8.549348831176758 0.2
-6.645949363708496 14.60824966430664 -8.384149551391602 0.2
-6.778019905090332 14.653949737548828 -8.27495002746582 0.2
-6.941499710083008 14.725349426269531 -8.235349655151367 0.2
-7.087900161743164 14.764049530029297 -8.336349487304688 0.2
-7.166199684143066 14.67974853515625 -8.47854995727539 0.2
-7.207399368286133 14.536849975585938 -8.58395004272461 0.2
-7.244599342346191 14.380451202392578 -8.67034912109375 0.2
-7.290200233459473 14.202648162841797 -8.670148849487305 0.2
-7.370399475097656 14.10715103149414 -8.536249160766602 0.2
-7.477299690246582 14.135448455810547 -8.39015007019043 0.2
-7.58799934387207 14.204948425292969 -8.26194953918457 0.2
-7.684000015258789 14.349449157714844 -8.203548431396484 0.2
-7.661600112915039 14.52254867553711 -8.258150100708008 0.2
-7.5391998291015625 14.639549255371094 -8.328149795532227 0.2
-7.390799522399902 14.744049072265625 -8.334949493408203 0.2
-7.273499488830566 14.768749237060547 -8.203048706054688 0.2
-7.350600242614746 14.67184829711914 -8.084148406982422 0.2
-7.5167999267578125 14.73604965209961 -8.166749954223633 0.2
-7.435599327087402 14.912349700927734 -8.169748306274414 0.2
-7.3787994384765625 14.858551025390625 -7.993549346923828 0.2
-7.535799980163574 14.731548309326172 -7.962949752807617 0.2
-7.698399543762207 14.619850158691406 -8.046749114990234 0.2
-7.837100028991699 14.507850646972656 -7.945650100708008 0.2
-7.907199859619141 14.572650909423828 -7.758749008178711 0.2
-7.916899681091309 14.748249053955078 -7.645549774169922 0.2
-7.791899681091309 14.91354751586914 -7.667049407958984 0.2
-7.586099624633789 14.948348999023438 -7.694549560546875 0.2
-7.381999969482422 14.98434829711914 -7.72654914855957 0.2
-7.2444000244140625 15.137950897216797 -7.749549865722656 0.2
-7.204500198364258 15.309547424316406 -7.641849517822266 0.2
-7.197599411010742 15.384849548339844 -7.436248779296875 0.2
-7.352399826049805 15.467350006103516 -7.311748504638672 0.2
-7.555600166320801 15.406150817871094 -7.369049072265625 0.2
-7.691699981689453 15.257148742675781 -7.45574951171875 0.2
-7.8246002197265625 15.095348358154297 -7.523448944091797 0.2
-7.950300216674805 14.941650390625 -7.433448791503906 0.2
-8.012100219726562 14.975448608398438 -7.227348327636719 0.2
-8.026299476623535 15.142749786376953 -7.086050033569336 0.2
-7.942500114440918 15.344551086425781 -7.082550048828125 0.2
-7.757299423217773 15.458148956298828 -7.118549346923828 0.2
-7.555500030517578 15.539947509765625 -7.144948959350586 0.2
-7.337499618530273 15.564750671386719 -7.128349304199219 0.2
-7.203399658203125 15.545047760009766 -6.960350036621094 0.2
-7.225299835205078 15.615047454833984 -6.752849578857422 0.2
-7.366199493408203 15.73244857788086 -6.6358489990234375 0.2
-7.575399398803711 15.744647979736328 -6.69944953918457 0.2
-7.738499641418457 15.638248443603516 -6.803249359130859 0.2
-7.892299652099609 15.508647918701172 -6.894048690795898 0.2
-8.025899887084961 15.339649200439453 -6.85944938659668 0.2
-8.092899322509766 15.30324935913086 -6.65625 0.2
-8.114699363708496 15.426651000976562 -6.475648880004883 0.2
-8.046299934387207 15.626949310302734 -6.428449630737305 0.2
-7.866299629211426 15.748249053955078 -6.461750030517578 0.2
-7.662899971008301 15.823249816894531 -6.493949890136719 0.2
-7.447500228881836 15.842548370361328 -6.463748931884766 0.2
-7.335199356079102 15.8271484375 -6.28074836730957 0.2
-7.378899574279785 15.880950927734375 -6.073648452758789 0.2
-7.553699493408203 15.967750549316406 -5.984149932861328 0.2
-7.756599426269531 15.944950103759766 -6.061649322509766 0.2
-7.915399551391602 15.84444808959961 -6.17234992980957 0.2
-8.065799713134766 15.70364761352539 -6.244049072265625 0.2
-8.16409969329834 15.54384994506836 -6.139049530029297 0.2
-8.206399917602539 15.546150207519531 -5.926149368286133 0.2
-8.204400062561035 15.689449310302734 -5.765449523925781 0.2
-8.086199760437012 15.870647430419922 -5.747949600219727 0.2
-7.895400047302246 15.967548370361328 -5.788249969482422 0.2
-7.687600135803223 16.026748657226562 -5.814449310302734 0.2
-7.493999481201172 15.997447967529297 -5.724449157714844 0.2
-7.4527997970581055 15.979049682617188 -5.5144500732421875 0.2
-7.549200057983398 16.027950286865234 -5.328449249267578 0.2
-7.757699966430664 16.077350616455078 -5.308549880981445 0.2
-7.940400123596191 16.018051147460938 -5.410249710083008 0.2
-8.099599838256836 15.917449951171875 -5.518449783325195 0.2
-8.22760009765625 15.743549346923828 -5.530248641967773 0.2
-8.285799980163574 15.63064956665039 -5.359149932861328 0.2
-8.307799339294434 15.675548553466797 -5.148149490356445 0.2
-8.26039981842041 15.849250793457031 -5.032749176025391 0.2
-8.098699569702148 15.99224853515625 -5.05164909362793 0.2
-7.903299331665039 16.074249267578125 -5.098749160766602 0.2
-7.687299728393555 16.090351104736328 -5.095348358154297 0.2
-7.550799369812012 16.033649444580078 -4.942850112915039 0.2
-7.571800231933594 16.030651092529297 -4.727649688720703 0.2
-7.723699569702148 16.08755111694336 -4.589849472045898 0.2
-7.934199333190918 16.095550537109375 -4.636348724365234 0.2
-8.104700088500977 16.021350860595703 -4.748849868774414 0.2
-8.258399963378906 15.895450592041016 -4.836149215698242 0.2
-8.350899696350098 15.714649200439453 -4.770750045776367 0.2
-8.389100074768066 15.664447784423828 -4.564849853515625 0.2
-8.391900062561035 15.757747650146484 -4.371448516845703 0.2
-8.295000076293945 15.941551208496094 -4.318748474121094 0.2
-8.113699913024902 16.052547454833984 -4.362148284912109 0.2
-7.910999298095703 16.115947723388672 -4.405248641967773 0.2
-7.707200050354004 16.083850860595703 -4.349048614501953 0.2
-7.6433000564575195 16.03784942626953 -4.151449203491211 0.2
-7.716799736022949 16.056148529052734 -3.950349807739258 0.2
-7.911600112915039 16.112648010253906 -3.887350082397461 0.2
-8.107099533081055 16.083248138427734 -3.973949432373047 0.2
-8.271299362182617 15.997947692871094 -4.085748672485352 0.2
-8.403200149536133 15.834548950195312 -4.12714958190918 0.2
-8.463600158691406 15.690448760986328 -3.985248565673828 0.2
-8.485599517822266 15.692249298095703 -3.7713489532470703 0.2
-8.456799507141113 15.83584976196289 -3.6194496154785156 0.2
-8.320099830627441 16.001449584960938 -3.617349624633789 0.2
-8.133299827575684 16.091548919677734 -3.674348831176758 0.2
-7.922399520874023 16.12125015258789 -3.6982498168945312 0.2
-7.758600234985352 16.05915069580078 -3.581249237060547 0.2
-7.750299453735352 16.032848358154297 -3.3699493408203125 0.2
-7.871699333190918 16.070148468017578 -3.201648712158203 0.2
-8.082900047302246 16.101947784423828 -3.202749252319336 0.2
-8.261699676513672 16.048049926757812 -3.308248519897461 0.2
-8.418000221252441 15.938850402832031 -3.4058494567871094 0.2
-8.512199401855469 15.751548767089844 -3.3765487670898438 0.2
-8.540800094604492 15.660648345947266 -3.1881484985351562 0.2
-8.538000106811523 15.709049224853516 -2.981149673461914 0.2
-8.466899871826172 15.883251190185547 -2.885448455810547 0.2
-8.305899620056152 16.018550872802734 -2.922649383544922 0.2
-8.11520004272461 16.09444808959961 -2.9836483001708984 0.2
-7.903800010681152 16.074748992919922 -2.9665489196777344 0.2
-7.796899795532227 16.01034927368164 -2.7985496520996094 0.2
-7.829899787902832 16.000350952148438 -2.588348388671875 0.2
-7.998899459838867 16.043548583984375 -2.472148895263672 0.2
-8.204099655151367 16.035449981689453 -2.5273494720458984 0.2
-8.37279987335205 15.965850830078125 -2.639148712158203 0.2
-8.505499839782715 15.811450958251953 -2.7012500762939453 0.2
-8.55210018157959 15.637348175048828 -2.596048355102539 0.2
-8.549099922180176 15.59634780883789 -2.3870487213134766 0.2
-8.51449966430664 15.693450927734375 -2.204050064086914 0.2
-8.404399871826172 15.871448516845703 -2.1711483001708984 0.2
-8.235499382019043 15.98685073852539 -2.2332496643066406 0.2
-8.034299850463867 16.03554916381836 -2.2843494415283203 0.2
-7.84529972076416 15.975349426269531 -2.2155494689941406 0.2
-7.789400100708008 15.921348571777344 -2.0185489654541016 0.2
-7.865499496459961 15.921649932861328 -1.8220500946044922 0.2
-8.068300247192383 15.949150085449219 -1.7703495025634766 0.2
-8.258500099182129 15.913047790527344 -1.859649658203125 0.2
-8.4173002243042 15.81624984741211 -1.9637489318847656 0.2
-8.503399848937988 15.624347686767578 -1.9648494720458984 0.2
-8.503899574279785 15.499649047851562 -1.7962493896484375 0.2
-8.471199989318848 15.505348205566406 -1.5865497589111328 0.2
-8.401100158691406 15.656448364257812 -1.4597492218017578 0.2
-8.261899948120117 15.815048217773438 -1.4849491119384766 0.2
-8.085800170898438 15.910350799560547 -1.5585498809814453 0.2
-7.875399589538574 15.901748657226562 -1.5751495361328125 0.2
-7.737699508666992 15.825550079345703 -1.4372501373291016 0.2
-7.724100112915039 15.783248901367188 -1.229949951171875 0.2
-7.866799354553223 15.799747467041016 -1.0793495178222656 0.2
-8.077499389648438 15.797649383544922 -1.1036491394042969 0.2
-8.252699851989746 15.740550994873047 -1.2113494873046875 0.2
-8.382399559020996 15.589248657226562 -1.2799491882324219 0.2
-8.40679931640625 15.404647827148438 -1.1887493133544922 0.2
-8.371299743652344 15.340049743652344 -0.9898490905761719 0.2
-8.312299728393555 15.415050506591797 -0.8043498992919922 0.2
-8.203800201416016 15.590950012207031 -0.7598495483398438 0.2
-8.0472993850708 15.71834945678711 -0.8273487091064453 0.2
-7.8520002365112305 15.76824951171875 -0.8923492431640625 0.2
-7.661499977111816 15.702350616455078 -0.8387489318847656 0.2
-7.581799507141113 15.634349822998047 -0.6554489135742188 0.2
-7.636899948120117 15.615249633789062 -0.45545005798339844 0.2
-7.835299491882324 15.63064956665039 -0.38644981384277344 0.2
-8.028999328613281 15.600948333740234 -0.4683494567871094 0.2
-8.18970012664795 15.504650115966797 -0.5672492980957031 0.2
-8.258699417114258 15.307048797607422 -0.5619487762451172 0.2
-8.231399536132812 15.178348541259766 -0.3992500305175781 0.2
-8.17199993133545 15.17654800415039 -0.1967487335205078 0.2
-8.086099624633789 15.323551177978516 -0.0760498046875 0.2
-7.948599815368652 15.481250762939453 -0.10884857177734375 0.2
-7.777099609375 15.577449798583984 -0.1900501251220703 0.2
-7.568399429321289 15.557449340820312 -0.21274948120117188 0.2
-7.426599502563477 15.477149963378906 -0.08204841613769531 0.2
-7.399499893188477 15.427448272705078 0.12135124206542969 0.2
-7.539299964904785 15.433448791503906 0.27445030212402344 0.2
-7.748700141906738 15.424549102783203 0.2534503936767578 0.2
-7.928400039672852 15.370548248291016 0.15275001525878906 0.2
-8.052599906921387 15.211750030517578 0.08955001831054688 0.2
-8.057000160217285 15.024250030517578 0.1779499053955078 0.2
-7.9975996017456055 14.952449798583984 0.3683509826660156 0.2
-7.9191999435424805 15.021648406982422 0.5490512847900391 0.2
-7.80579948425293 15.195449829101562 0.5870513916015625 0.2
-7.655200004577637 15.328548431396484 0.5167503356933594 0.2
-7.463199615478516 15.3802490234375 0.44245147705078125 0.2
-7.269499778747559 15.312747955322266 0.48075103759765625 0.2
-7.171699523925781 15.237049102783203 0.6530513763427734 0.2
-7.208600044250488 15.204349517822266 0.8557510375976562 0.2
-7.402899742126465 15.209247589111328 0.9357509613037109 0.2
-7.601900100708008 15.17934799194336 0.8668498992919922 0.2
-7.770199775695801 15.090351104736328 0.7726516723632812 0.2
-7.840999603271484 14.893447875976562 0.7573509216308594 0.2
-7.798199653625488 14.7447509765625 0.8990516662597656 0.2
-7.718999862670898 14.716548919677734 1.0934505462646484 0.2
-7.623600006103516 14.84804916381836 1.225250244140625 0.2
-7.490900039672852 15.012748718261719 1.20465087890625 0.2
-7.330699920654297 15.127548217773438 1.1236515045166016 0.2
-7.126799583435059 15.128948211669922 1.0682506561279297 0.2
-6.961870193481445 15.037651062011719 1.1602516174316406 0.2
-6.897729873657227 14.96004867553711 1.3468513488769531 0.2
-7.004300117492676 14.941848754882812 1.5243511199951172 0.2
-7.2154998779296875 14.932147979736328 1.5411510467529297 0.2
-7.407499313354492 14.889148712158203 1.4587516784667969 0.2
-7.555899620056152 14.761150360107422 1.3798503875732422 0.2
-7.575699806213379 14.556449890136719 1.4123516082763672 0.2
-7.508899688720703 14.434650421142578 1.5727500915527344 0.2
-7.418000221252441 14.450847625732422 1.7603511810302734 0.2
-7.303299903869629 14.610748291015625 1.8381500244140625 0.2
-7.162899971008301 14.761947631835938 1.7852516174316406 0.2
-6.991700172424316 14.856147766113281 1.701150894165039 0.2
-6.789599418640137 14.806449890136719 1.6711502075195312 0.2
-6.659259796142578 14.692447662353516 1.7916507720947266 0.2
-6.642999649047852 14.607650756835938 1.983551025390625 0.2
-6.801070213317871 14.591949462890625 2.1210498809814453 0.2
-7.011300086975098 14.571548461914062 2.096651077270508 0.2
-7.200900077819824 14.516349792480469 2.0157508850097656 0.2
-7.315899848937988 14.349349975585938 1.952850341796875 0.2
-7.299699783325195 14.153549194335938 2.0251502990722656 0.2
-7.223799705505371 14.052848815917969 2.1965503692626953 0.2
-7.118100166320801 14.12344741821289 2.3630504608154297 0.2
-6.9834394454956055 14.287349700927734 2.378551483154297 0.2
-6.837759971618652 14.426651000976562 2.3069515228271484 0.2
-6.64939022064209 14.470748901367188 2.216550827026367 0.2
-6.47145938873291 14.360649108886719 2.224651336669922 0.2
-6.382599830627441 14.222747802734375 2.3611507415771484 0.2
-6.413269996643066 14.152851104736328 2.564950942993164 0.2
-6.614290237426758 14.164348602294922 2.658050537109375 0.2
-6.8331298828125 14.13385009765625 2.608051300048828 0.2
-7.025400161743164 14.05044937133789 2.5232505798339844 0.2
-7.107099533081055 13.84994888305664 2.4709510803222656 0.2
-7.072199821472168 13.653949737548828 2.5763511657714844 0.2
-6.982219696044922 13.581050872802734 2.766450881958008 0.2
-6.8552398681640625 13.719047546386719 2.886350631713867 0.2
-6.729229927062988 13.905448913574219 2.856050491333008 0.2
-6.5535993576049805 14.032649993896484 2.7964515686035156 0.2
-6.338809967041016 13.982749938964844 2.8253517150878906 0.2
-6.2738800048828125 13.889747619628906 3.0210514068603516 0.2
-6.3018293380737305 13.715351104736328 3.1543502807617188 0.2
-6.427529335021973 13.541748046875 3.1012516021728516 0.2
-6.638649940490723 13.534049987792969 3.0228500366210938 0.2
-6.844280242919922 13.490550994873047 2.943349838256836 0.2
-6.912639617919922 13.28165054321289 2.9289512634277344 0.2
-6.860309600830078 13.127147674560547 3.085451126098633 0.2
-6.72283935546875 13.139747619628906 3.2579517364501953 0.2
-6.5380401611328125 13.285850524902344 3.2539501190185547 0.2
-6.405710220336914 13.429450988769531 3.3439502716064453 0.2
-6.510489463806152 13.43695068359375 3.5269508361816406 0.2
-6.614119529724121 13.256149291992188 3.487751007080078 0.2
-6.450289726257324 13.172649383544922 3.368051528930664 0.2
-6.304220199584961 13.276748657226562 3.4731502532958984 0.2
-6.425310134887695 13.24544906616211 3.6466503143310547 0.2
-6.598189353942871 13.106647491455078 3.6083507537841797 0.2
-6.70380973815918 12.973949432373047 3.4560508728027344 0.2
-6.646689414978027 12.771949768066406 3.3935508728027344 0.2
-6.505809783935547 12.646549224853516 3.517751693725586 0.2
-6.373539924621582 12.608047485351562 3.6989517211914062 0.2
-6.291719436645508 12.739448547363281 3.8583507537841797 0.2
-6.253170013427734 12.962348937988281 3.848451614379883 0.2
-6.209619522094727 13.162750244140625 3.7486515045166016 0.2
-6.099550247192383 13.248649597167969 3.574850082397461 0.2
-5.9023895263671875 13.169750213623047 3.5128517150878906 0.2
-5.724949836730957 13.08144760131836 3.6242504119873047 0.2
-5.658729553222656 13.029647827148438 3.830951690673828 0.2
-5.797249794006348 12.972747802734375 3.9960498809814453 0.2
-5.987079620361328 12.849048614501953 4.015050888061523 0.2
-6.126460075378418 12.676651000976562 3.9684505462646484 0.2
-6.07211971282959 12.474750518798828 3.8949508666992188 0.2
-5.876669883728027 12.361248016357422 3.916749954223633 0.2
-5.681419372558594 12.35104751586914 4.027151107788086 0.2
-5.6385698318481445 12.508750915527344 4.175050735473633 0.2
-5.691969871520996 12.729549407958984 4.200750350952148 0.2
-5.6013898849487305 12.89004898071289 4.087850570678711 0.2
-5.469109535217285 12.75455093383789 4.004449844360352 0.2
-5.476499557495117 12.631549835205078 4.185550689697266 0.2
-5.488339424133301 12.804950714111328 4.307849884033203 0.2
-5.381289482116699 12.920150756835938 4.16765022277832 0.2
-5.295899391174316 12.74264907836914 4.090351104736328 0.2
-5.276510238647461 12.513648986816406 4.154550552368164 0.2
-5.094860076904297 12.394550323486328 4.2093505859375 0.2
-4.879039764404297 12.451148986816406 4.261350631713867 0.2
-4.819939613342285 12.657947540283203 4.226449966430664 0.2
-4.95272970199585 12.796150207519531 4.10515022277832 0.2
-5.099900245666504 12.953750610351562 4.045751571655273 0.2
-5.07567024230957 13.161949157714844 4.107851028442383 0.2
-4.870219707489014 13.239948272705078 4.095451354980469 0.2
-4.695389747619629 13.184650421142578 3.978250503540039 0.2
-4.638779640197754 13.019649505615234 3.85675048828125 0.2
-4.7251296043396 12.824649810791016 3.8334503173828125 0.2
-4.850479602813721 12.654350280761719 3.8688507080078125 0.2
-4.942709922790527 12.480148315429688 3.950450897216797 0.2
-4.87270975112915 12.356147766113281 4.1058502197265625 0.2
-4.679199695587158 12.354148864746094 4.204851150512695 0.2
-4.474859714508057 12.413349151611328 4.199750900268555 0.2
-4.36523962020874 12.525150299072266 4.057050704956055 0.2
-4.397159576416016 12.69704818725586 3.9337501525878906 0.2
-4.456299781799316 12.890750885009766 3.863851547241211 0.2
-4.437519550323486 13.099048614501953 3.912151336669922 0.2
-4.27502965927124 13.194648742675781 4.006450653076172 0.2
-4.068129539489746 13.161750793457031 4.042449951171875 0.2
-3.9554996490478516 12.990150451660156 3.9979515075683594 0.2
-4.0116496086120605 12.784549713134766 3.997650146484375 0.2
-4.119119644165039 12.607650756835938 4.0534515380859375 0.2
-4.184529781341553 12.471248626708984 4.202751159667969 0.2
-4.090429782867432 12.42654800415039 4.384950637817383 0.2
-3.888969898223877 12.427749633789062 4.458250045776367 0.2
-3.6896796226501465 12.46474838256836 4.3995513916015625 0.2
-3.632079601287842 12.580650329589844 4.232749938964844 0.2
-3.6964597702026367 12.745750427246094 4.111650466918945 0.2
-3.768399715423584 12.938648223876953 4.054250717163086 0.2
-3.747199535369873 13.130950927734375 4.137651443481445 0.2
-3.57643985748291 13.190547943115234 4.2467498779296875 0.2
-3.3748397827148438 13.137451171875 4.29155158996582 0.2
-3.2589898109436035 12.96725082397461 4.250450134277344 0.2
-3.3030099868774414 12.75925064086914 4.242650985717773 0.2
-3.4014196395874023 12.578849792480469 4.302249908447266 0.2
-3.4530797004699707 12.44894790649414 4.460451126098633 0.2
-3.3425798416137695 12.399749755859375 4.631750106811523 0.2
-3.140829563140869 12.382850646972656 4.700050354003906 0.2
-2.9434099197387695 12.406749725341797 4.634250640869141 0.2
-2.8902997970581055 12.518348693847656 4.464151382446289 0.2
-2.9681897163391113 12.679149627685547 4.347949981689453 0.2
-3.0522098541259766 12.866447448730469 4.293951034545898 0.2
-3.0356998443603516 13.058948516845703 4.374050140380859 0.2
-2.8512096405029297 13.12234878540039 4.48845100402832 0.2
-2.628279685974121 13.05324935913086 4.5256500244140625 0.2
-2.520289897918701 12.852951049804688 4.477849960327148 0.2
-2.5908799171447754 12.627349853515625 4.489749908447266 0.2
-2.690809726715088 12.439849853515625 4.594551086425781 0.2
-2.660799980163574 12.346050262451172 4.803951263427734 0.2
-2.462559700012207 12.317951202392578 4.929750442504883 0.2
-2.227059841156006 12.333148956298828 4.949750900268555 0.2
-2.0905399322509766 12.45465087890625 4.810750961303711 0.2
-2.159599781036377 12.61764907836914 4.653951644897461 0.2
-2.2797799110412598 12.795948028564453 4.554851531982422 0.2
-2.3508896827697754 12.992950439453125 4.640951156616211 0.2
-2.2887396812438965 13.053150177001953 4.844350814819336 0.2
-2.2694497108459473 12.965850830078125 5.046751022338867 0.2
-2.2945098876953125 12.768150329589844 5.146650314331055 0.2
-2.285869598388672 12.54494857788086 5.16615104675293 0.2
-2.1569995880126953 12.368247985839844 5.142650604248047 0.2
-1.939849853515625 12.329048156738281 5.163751602172852 0.2
-1.7560796737670898 12.380847930908203 5.279150009155273 0.2
-1.7329096794128418 12.55434799194336 5.4089508056640625 0.2
-1.8671698570251465 12.731548309326172 5.393550872802734 0.2
-2.019289970397949 12.85894775390625 5.288751602172852 0.2
-2.0923399925231934 12.988048553466797 5.1253509521484375 0.2
-1.961559772491455 13.07394790649414 4.98015022277832 0.2
-1.7549200057983398 13.091049194335938 5.010051727294922 0.2
-1.6063599586486816 13.07135009765625 5.155351638793945 0.2
-1.5816497802734375 12.975749969482422 5.343851089477539 0.2
-1.594329833984375 12.799549102783203 5.46095085144043 0.2
-1.5785198211669922 12.59415054321289 5.507450103759766 0.2
-1.4508795738220215 12.43375015258789 5.4696502685546875 0.2
-1.2424898147583008 12.422050476074219 5.468250274658203 0.2
-1.084019660949707 12.540149688720703 5.536050796508789 0.2
-1.0952396392822266 12.74374771118164 5.5993499755859375 0.2
-1.232149600982666 12.897148132324219 5.553750991821289 0.2
-1.37546968460083 13.01715087890625 5.455350875854492 0.2
-1.412989616394043 13.110450744628906 5.271450042724609 0.2
-1.2574195861816406 13.135448455810547 5.141851425170898 0.2
-1.0537199974060059 13.114749908447266 5.190250396728516 0.2
-0.9147498607635498 13.038047790527344 5.330251693725586 0.2
-0.8821697235107422 12.90414810180664 5.490550994873047 0.2
-0.884739875793457 12.722747802734375 5.595849990844727 0.2
-0.8985297679901123 12.523147583007812 5.53485107421875 0.2
-0.8822898864746094 12.421150207519531 5.351449966430664 0.2
-0.7810397148132324 12.502449035644531 5.188350677490234 0.2
-0.7639997005462646 12.71004867553711 5.171350479125977 0.2
-0.8655598163604736 12.89284896850586 5.18855094909668 0.2
-1.0055298805236816 12.982650756835938 5.056751251220703 0.2
-1.0015196800231934 12.938549041748047 4.854850769042969 0.2
-0.8856897354125977 12.816047668457031 4.731851577758789 0.2
-0.7716197967529297 12.65945053100586 4.7922515869140625 0.2
-0.8056797981262207 12.53485107421875 4.960750579833984 0.2
-0.9145898818969727 12.41244888305664 5.102350234985352 0.2
-1.0720696449279785 12.279850006103516 5.132251739501953 0.2
-1.1059699058532715 12.117950439453125 5.008251190185547 0.2
-0.998079776763916 11.979148864746094 4.896951675415039 0.2
-0.8081097602844238 11.920650482177734 4.936151504516602 0.2
-0.712169885635376 12.049148559570312 5.060649871826172 0.2
-0.6971898078918457 12.259750366210938 5.067251205444336 0.2
-0.6546797752380371 12.451950073242188 4.990550994873047 0.2
-0.5377597808837891 12.59375 4.885551452636719 0.2
-0.342559814453125 12.66135025024414 4.880950927734375 0.2
-0.17689967155456543 12.657550811767578 5.006750106811523 0.2
-0.20824980735778809 12.55364990234375 5.192050933837891 0.2
-0.3627197742462158 12.401248931884766 5.231151580810547 0.2
-0.5061097145080566 12.24074935913086 5.17864990234375 0.2
-0.5452296733856201 12.033050537109375 5.100351333618164 0.2
-0.3924896717071533 11.888248443603516 5.120250701904297 0.2
-0.228759765625 11.919048309326172 5.263551712036133 0.2
-0.1627497673034668 12.069450378417969 5.408651351928711 0.2
-0.15646982192993164 12.289249420166016 5.4313507080078125 0.2
-0.13159966468811035 12.501548767089844 5.372251510620117 0.2
-0.02243971824645996 12.651847839355469 5.252050399780273 0.2
0.18052029609680176 12.703350067138672 5.185451507568359 0.2
