24.100900650024414 -0.9344520568847656 -4.564048767089844 0.2
24.278900146484375 -1.0137519836425781 -4.6004486083984375 0.2
24.380599975585938 -1.1677513122558594 -4.516349792480469 0.2
24.40130043029785 -1.3464508056640625 -4.425849914550781 0.2
24.377099990844727 -1.5408515930175781 -4.3764495849609375 0.2
24.31719970703125 -1.7157516479492188 -4.457948684692383 0.2
24.340099334716797 -1.7917518615722656 -4.6405487060546875 0.2
24.449100494384766 -1.7463493347167969 -4.798549652099609 0.2
24.54800033569336 -1.572052001953125 -4.820650100708008 0.2
24.523399353027344 -1.3761520385742188 -4.779150009155273 0.2
24.446001052856445 -1.1939506530761719 -4.741048812866211 0.2
24.31369972229004 -1.0403518676757812 -4.7655487060546875 0.2
24.20840072631836 -0.96875 -4.9194488525390625 0.2
24.24329948425293 -0.9664497375488281 -5.116949081420898 0.2
24.405900955200195 -1.0303497314453125 -5.2243499755859375 0.2
24.546199798583984 -1.179351806640625 -5.165149688720703 0.2
24.588199615478516 -1.3644523620605469 -5.068048477172852 0.2
24.58139991760254 -1.5647506713867188 -4.994749069213867 0.2
24.506200790405273 -1.7572517395019531 -5.047849655151367 0.2
24.49970054626465 -1.8425521850585938 -5.240549087524414 0.2
24.590099334716797 -1.7920494079589844 -5.422248840332031 0.2
24.67850112915039 -1.6014518737792969 -5.455949783325195 0.2
24.649200439453125 -1.3938522338867188 -5.414848327636719 0.2
24.57069969177246 -1.1993522644042969 -5.375049591064453 0.2
24.417301177978516 -1.0532493591308594 -5.409049987792969 0.2
24.31570053100586 -1.0121498107910156 -5.587848663330078 0.2
24.365800857543945 -1.0432510375976562 -5.7906494140625 0.2
24.537700653076172 -1.1474494934082031 -5.8540496826171875 0.2
24.644800186157227 -1.3172492980957031 -5.779748916625977 0.2
24.687400817871094 -1.5028495788574219 -5.683849334716797 0.2
24.659799575805664 -1.7068519592285156 -5.625249862670898 0.2
24.57110023498535 -1.8728523254394531 -5.719348907470703 0.2
24.563199996948242 -1.9215507507324219 -5.925048828125 0.2
24.650800704956055 -1.8203506469726562 -6.084348678588867 0.2
24.69930076599121 -1.6113510131835938 -6.095849990844727 0.2
24.658300399780273 -1.4067497253417969 -6.052848815917969 0.2
24.568500518798828 -1.215850830078125 -6.018949508666992 0.2
24.396800994873047 -1.1030502319335938 -6.078350067138672 0.2
24.312400817871094 -1.0980491638183594 -6.270349502563477 0.2
24.385299682617188 -1.1595497131347656 -6.455949783325195 0.2
24.550500869750977 -1.2929496765136719 -6.482248306274414 0.2
24.637001037597656 -1.4703521728515625 -6.400749206542969 0.2
24.679800033569336 -1.6576499938964844 -6.308050155639648 0.2
24.622699737548828 -1.8613510131835938 -6.266748428344727 0.2
24.527299880981445 -1.9984512329101562 -6.392549514770508 0.2
24.51959991455078 -2.0131492614746094 -6.603048324584961 0.2
24.59869956970215 -1.8699493408203125 -6.736148834228516 0.2
24.613201141357422 -1.6563491821289062 -6.729448318481445 0.2
24.569900512695312 -1.451751708984375 -6.6853485107421875 0.2
24.457901000976562 -1.2704505920410156 -6.655048370361328 0.2
24.278900146484375 -1.1937522888183594 -6.737848281860352 0.2
24.21000099182129 -1.2196502685546875 -6.9371490478515625 0.2
24.304000854492188 -1.3111495971679688 -7.100849151611328 0.2
24.451400756835938 -1.4670524597167969 -7.09375 0.2
24.531700134277344 -1.6468505859375 -7.008449554443359 0.2
24.566699981689453 -1.8383522033691406 -6.917449951171875 0.2
24.479101181030273 -2.0327491760253906 -6.894649505615234 0.2
24.376501083374023 -2.139751434326172 -7.046049118041992 0.2
24.367000579833984 -2.119152069091797 -7.256050109863281 0.2
24.43079948425293 -1.9419517517089844 -7.357549667358398 0.2
24.42729949951172 -1.7277488708496094 -7.338048934936523 0.2
24.385000228881836 -1.5217514038085938 -7.294948577880859 0.2
24.248199462890625 -1.3575515747070312 -7.267549514770508 0.2
24.069499969482422 -1.3198509216308594 -7.372650146484375 0.2
24.01099967956543 -1.3735504150390625 -7.570049285888672 0.2
24.124300003051758 -1.49365234375 -7.702249526977539 0.2
24.253299713134766 -1.6637496948242188 -7.672449111938477 0.2
24.33500099182129 -1.8431510925292969 -7.588748931884766 0.2
24.35260009765625 -2.0373497009277344 -7.49854850769043 0.2
24.234800338745117 -2.21405029296875 -7.499948501586914 0.2
24.123899459838867 -2.292652130126953 -7.6629486083984375 0.2
24.11880111694336 -2.2315521240234375 -7.863149642944336 0.2
24.162799835205078 -2.033550262451172 -7.936849594116211 0.2
24.152000427246094 -1.82135009765625 -7.911149978637695 0.2
24.105199813842773 -1.6165504455566406 -7.868549346923828 0.2
23.9419002532959 -1.4778518676757812 -7.8439483642578125 0.2
23.76609992980957 -1.4747505187988281 -7.959148406982422 0.2
23.722200393676758 -1.554351806640625 -8.14944839477539 0.2
23.843900680541992 -1.698150634765625 -8.251249313354492 0.2
23.958200454711914 -1.8743515014648438 -8.206548690795898 0.2
24.041099548339844 -2.0544509887695312 -8.125450134277344 0.2
24.032899856567383 -2.248950958251953 -8.03125 0.2
23.891399383544922 -2.4036521911621094 -8.051748275756836 0.2
23.773700714111328 -2.45574951171875 -8.221549987792969 0.2
23.76970100402832 -2.3581504821777344 -8.408548355102539 0.2
23.795900344848633 -2.149951934814453 -8.456348419189453 0.2
23.78619956970215 -1.9370498657226562 -8.429649353027344 0.2
23.72879981994629 -1.7347488403320312 -8.381448745727539 0.2
23.54720115661621 -1.6242523193359375 -8.357248306274414 0.2
23.373701095581055 -1.6506500244140625 -8.478349685668945 0.2
23.342100143432617 -1.7552490234375 -8.659448623657227 0.2
23.464799880981445 -1.9173507690429688 -8.730649948120117 0.2
23.575300216674805 -2.0952491760253906 -8.679449081420898 0.2
23.659000396728516 -2.2769508361816406 -8.599349975585938 0.2
23.625499725341797 -2.4649505615234375 -8.499149322509766 0.2
23.462499618530273 -2.595550537109375 -8.532949447631836 0.2
23.33340072631836 -2.622650146484375 -8.700349807739258 0.2
23.327600479125977 -2.492450714111328 -8.869150161743164 0.2
23.344100952148438 -2.2797508239746094 -8.90104866027832 0.2
23.339799880981445 -2.066150665283203 -8.879449844360352 0.2
23.270200729370117 -1.8703498840332031 -8.822549819946289 0.2
23.074600219726562 -1.7919502258300781 -8.799249649047852 0.2
22.90130043029785 -1.8421516418457031 -8.913049697875977 0.2
22.885499954223633 -1.9707489013671875 -9.078948974609375 0.2
23.003999710083008 -2.145648956298828 -9.125649452209473 0.2
23.11359977722168 -2.322650909423828 -9.074249267578125 0.2
23.19219970703125 -2.5050506591796875 -8.991949081420898 0.2
23.127500534057617 -2.68115234375 -8.887149810791016 0.2
22.949199676513672 -2.7867507934570312 -8.926748275756836 0.2
22.818599700927734 -2.7855491638183594 -9.092148780822754 0.2
22.811901092529297 -2.6307525634765625 -9.241148948669434 0.2
22.823299407958984 -2.4171524047851562 -9.26154899597168 0.2
22.81999969482422 -2.20355224609375 -9.242249488830566 0.2
22.732200622558594 -2.0191497802734375 -9.170549392700195 0.2
22.527999877929688 -1.9717521667480469 -9.152949333190918 0.2
22.36250114440918 -2.0432510375976562 -9.266849517822266 0.2
22.366600036621094 -2.1924514770507812 -9.417448997497559 0.2
22.482200622558594 -2.3729515075683594 -9.438749313354492 0.2
22.592899322509766 -2.5497512817382812 -9.3871488571167 0.2
22.660400390625 -2.7319488525390625 -9.292949676513672 0.2
22.566200256347656 -2.8918495178222656 -9.188549041748047 0.2
22.375499725341797 -2.9742507934570312 -9.238049507141113 0.2
22.24730110168457 -2.9437522888183594 -9.40324878692627 0.2
22.243101119995117 -2.767749786376953 -9.52764892578125 0.2
22.255701065063477 -2.553050994873047 -9.54284954071045 0.2
22.250900268554688 -2.338451385498047 -9.521449089050293 0.2
22.14590072631836 -2.171550750732422 -9.434749603271484 0.2
21.93480110168457 -2.1565513610839844 -9.424249649047852 0.2
21.777599334716797 -2.2502517700195312 -9.5337495803833 0.2
21.80389976501465 -2.4184494018554688 -9.663249015808105 0.2
21.919300079345703 -2.600749969482422 -9.667049407958984 0.2
22.032100677490234 -2.7773513793945312 -9.61884880065918 0.2
22.082799911499023 -2.9555511474609375 -9.509049415588379 0.2
21.956100463867188 -3.0935516357421875 -9.411949157714844 0.2
21.757600784301758 -3.1516494750976562 -9.464849472045898 0.2
21.641300201416016 -3.086151123046875 -9.627849578857422 0.2
21.63840103149414 -2.8949508666992188 -9.72874927520752 0.2
21.653100967407227 -2.681652069091797 -9.743449211120605 0.2
21.64190101623535 -2.4691505432128906 -9.713149070739746 0.2
21.51300048828125 -2.3310508728027344 -9.613348960876465 0.2
21.302200317382812 -2.3463516235351562 -9.607449531555176 0.2
21.165800094604492 -2.4641494750976562 -9.715848922729492 0.2
21.212299346923828 -2.6469497680664062 -9.81994915008545 0.2
21.327499389648438 -2.8274497985839844 -9.810349464416504 0.2
21.438499450683594 -3.0037498474121094 -9.760549545288086 0.2
21.464099884033203 -3.1720504760742188 -9.628249168395996 0.2
21.310800552368164 -3.2838516235351562 -9.539149284362793 0.2
21.10900115966797 -3.3157501220703125 -9.59704875946045 0.2
21.005701065063477 -3.2177505493164062 -9.754549026489258 0.2
21.006200790405273 -3.0181503295898438 -9.833748817443848 0.2
21.022899627685547 -2.8052520751953125 -9.851449012756348 0.2
21.003700256347656 -2.5963516235351562 -9.801949501037598 0.2
20.858600616455078 -2.4892501831054688 -9.691948890686035 0.2
20.649600982666016 -2.530750274658203 -9.684349060058594 0.2
20.532100677490234 -2.6729507446289062 -9.786149024963379 0.2
20.594999313354492 -2.8636512756347656 -9.86294937133789 0.2
20.71310043334961 -3.0427513122558594 -9.85054874420166 0.2
20.82229995727539 -3.2185516357421875 -9.791949272155762 0.2
20.824100494384766 -3.3693504333496094 -9.640249252319336 0.2
20.648500442504883 -3.45465087890625 -9.558448791503906 0.2
20.44499969482422 -3.4601516723632812 -9.618349075317383 0.2
20.356700897216797 -3.333148956298828 -9.766149520874023 0.2
20.36210060119629 -3.1294517517089844 -9.834649085998535 0.2
20.379301071166992 -2.9165496826171875 -9.856049537658691 0.2
20.351999282836914 -2.7167510986328125 -9.782949447631836 0.2
20.191999435424805 -2.6446495056152344 -9.667749404907227 0.2
19.989200592041016 -2.7084503173828125 -9.6548490524292 0.2
19.898700714111328 -2.8730506896972656 -9.750749588012695 0.2
19.974199295043945 -3.066650390625 -9.80634880065918 0.2
20.093900680541992 -3.24365234375 -9.79574966430664 0.2
20.197999954223633 -3.4148521423339844 -9.720549583435059 0.2
20.168701171875 -3.5427513122558594 -9.554948806762695 0.2
19.98069953918457 -3.6024513244628906 -9.47874927520752 0.2
19.784299850463867 -3.5792503356933594 -9.547449111938477 0.2
19.70949935913086 -3.429950714111328 -9.682748794555664 0.2
19.719200134277344 -3.2260513305664062 -9.745149612426758 0.2
19.735300064086914 -3.0138511657714844 -9.762649536132812 0.2
19.695600509643555 -2.8304519653320312 -9.659749031066895 0.2
19.52720069885254 -2.791950225830078 -9.542049407958984 0.2
19.335800170898438 -2.879650115966797 -9.528749465942383 0.2
19.27429962158203 -3.0633506774902344 -9.615649223327637 0.2
19.36210060119629 -3.2545509338378906 -9.652548789978027 0.2
19.483301162719727 -3.429851531982422 -9.64224910736084 0.2
19.581600189208984 -3.59014892578125 -9.538949012756348 0.2
19.522600173950195 -3.6901512145996094 -9.365249633789062 0.2
19.3257999420166 -3.7237510681152344 -9.2931489944458 0.2
19.13800048828125 -3.6695518493652344 -9.369449615478516 0.2
19.080101013183594 -3.5021514892578125 -9.488948822021484 0.2
19.09280014038086 -3.2990493774414062 -9.554248809814453 0.2
19.10930061340332 -3.0857505798339844 -9.55674934387207 0.2
19.058000564575195 -2.9277496337890625 -9.42604923248291 0.2
18.885499954223633 -2.9220504760742188 -9.303749084472656 0.2
18.710201263427734 -3.037151336669922 -9.286449432373047 0.2
18.68400001525879 -3.2360496520996094 -9.359148979187012 0.2
18.783100128173828 -3.423351287841797 -9.387449264526367 0.2
18.906200408935547 -3.5974502563476562 -9.372749328613281 0.2
18.996200561523438 -3.7355499267578125 -9.23794937133789 0.2
18.907001495361328 -3.801952362060547 -9.061049461364746 0.2
18.707599639892578 -3.8069496154785156 -8.989648818969727 0.2
18.53569984436035 -3.7196502685546875 -9.075949668884277 0.2
18.492799758911133 -3.5410499572753906 -9.184749603271484 0.2
18.504199981689453 -3.340251922607422 -9.255449295043945 0.2
18.523099899291992 -3.129749298095703 -9.231849670410156 0.2
18.458301544189453 -3.0073509216308594 -9.076048851013184 0.2
18.293201446533203 -3.029651641845703 -8.945549011230469 0.2
18.145000457763672 -3.175750732421875 -8.93134880065918 0.2
18.150800704956055 -3.3817520141601562 -8.988449096679688 0.2
18.25619888305664 -3.5641517639160156 -9.016348838806152 0.2
18.38330078125 -3.7315521240234375 -8.985849380493164 0.2
18.455101013183594 -3.836750030517578 -8.81814956665039 0.2
18.346500396728516 -3.8683509826660156 -8.642250061035156 0.2
18.148300170898438 -3.842052459716797 -8.582948684692383 0.2
17.997400283813477 -3.7235488891601562 -8.674949645996094 0.2
17.968101501464844 -3.540149688720703 -8.77764892578125 0.2
17.97909927368164 -3.3393516540527344 -8.845149993896484 0.2
18.005001068115234 -3.1388511657714844 -8.779748916625977 0.2
17.93280029296875 -3.056652069091797 -8.603448867797852 0.2
17.781700134277344 -3.1082496643066406 -8.46674919128418 0.2
17.667999267578125 -3.284351348876953 -8.459049224853516 0.2
17.706298828125 -3.4874496459960938 -8.506549835205078 0.2
17.81410026550293 -3.667652130126953 -8.536849975585938 0.2
17.952199935913086 -3.8176498413085938 -8.475749969482422 0.2
17.996700286865234 -3.884052276611328 -8.28434944152832 0.2
17.873001098632812 -3.8834495544433594 -8.113548278808594 0.2
17.677000045776367 -3.823650360107422 -8.076448440551758 0.2
17.556499481201172 -3.6787490844726562 -8.173849105834961 0.2
17.534801483154297 -3.4943504333496094 -8.276948928833008 0.2
17.556400299072266 -3.2887496948242188 -8.324748992919922 0.2
17.586200714111328 -3.112751007080078 -8.21514892578125 0.2
17.507699966430664 -3.0709495544433594 -8.024749755859375 0.2
17.370601654052734 -3.157451629638672 -7.893148422241211 0.2
17.297800064086914 -3.3560523986816406 -7.900749206542969 0.2
17.35810089111328 -3.5532493591308594 -7.950248718261719 0.2
17.47140121459961 -3.7307510375976562 -7.974948883056641 0.2
17.615798950195312 -3.8511505126953125 -7.878849029541016 0.2
17.624099731445312 -3.879150390625 -7.673648834228516 0.2
17.49139976501465 -3.8492507934570312 -7.513248443603516 0.2
17.30350112915039 -3.7560501098632812 -7.510448455810547 0.2
17.21160125732422 -3.5941505432128906 -7.611549377441406 0.2
17.194499969482422 -3.408649444580078 -7.712549209594727 0.2
17.238201141357422 -3.2027511596679688 -7.725849151611328 0.2
17.261199951171875 -3.0663490295410156 -7.572549819946289 0.2
17.185800552368164 -3.060649871826172 -7.376348495483398 0.2
17.064498901367188 -3.1889495849609375 -7.268548965454102 0.2
17.03179931640625 -3.397552490234375 -7.290349960327148 0.2
17.102800369262695 -3.5888519287109375 -7.344749450683594 0.2
17.23110008239746 -3.7557525634765625 -7.352649688720703 0.2
17.369400024414062 -3.836151123046875 -7.219749450683594 0.2
17.353199005126953 -3.8292503356933594 -7.012449264526367 0.2
17.210399627685547 -3.7720489501953125 -6.874149322509766 0.2
17.038000106811523 -3.6518516540527344 -6.899749755859375 0.2
16.96660041809082 -3.4836502075195312 -7.004848480224609 0.2
16.958301544189453 -3.2940521240234375 -7.096149444580078 0.2
17.026500701904297 -3.0975494384765625 -7.065549850463867 0.2
17.042499542236328 -3.0033493041992188 -6.883049011230469 0.2
16.970901489257812 -3.0349502563476562 -6.689748764038086 0.2
16.870201110839844 -3.1998519897460938 -6.611148834228516 0.2
16.872299194335938 -3.4072494506835938 -6.64634895324707 0.2
16.948699951171875 -3.5954513549804688 -6.702249526977539 0.2
17.102001190185547 -3.7399520874023438 -6.688449859619141 0.2
17.224700927734375 -3.7790489196777344 -6.528749465942383 0.2
17.192501068115234 -3.742351531982422 -6.3251495361328125 0.2
17.039400100708008 -3.659149169921875 -6.213649749755859 0.2
16.888500213623047 -3.5197525024414062 -6.262048721313477 0.2
16.824399948120117 -3.3509521484375 -6.370449066162109 0.2
16.837501525878906 -3.154949188232422 -6.446048736572266 0.2
16.922199249267578 -2.9803504943847656 -6.37354850769043 0.2
16.934799194335938 -2.9272499084472656 -6.172548294067383 0.2
16.869800567626953 -2.9984512329101562 -5.988748550415039 0.2
16.796600341796875 -3.1899490356445312 -5.940248489379883 0.2
16.81879997253418 -3.393352508544922 -5.988548278808594 0.2
16.907299041748047 -3.576549530029297 -6.041648864746094 0.2
17.08169937133789 -3.6866493225097656 -6.00684928894043 0.2
17.181900024414062 -3.6842498779296875 -5.827548980712891 0.2
17.139699935913086 -3.6207504272460938 -5.633049011230469 0.2
16.977399826049805 -3.514850616455078 -5.554649353027344 0.2
16.844501495361328 -3.3652496337890625 -5.6199493408203125 0.2
16.784900665283203 -3.1948509216308594 -5.727649688720703 0.2
16.829700469970703 -2.9974517822265625 -5.780849456787109 0.2
16.919200897216797 -2.8589515686035156 -5.661149978637695 0.2
16.929800033569336 -2.849651336669922 -5.452949523925781 0.2
16.866901397705078 -2.9668502807617188 -5.294849395751953 0.2
16.822999954223633 -3.1720504760742188 -5.273748397827148 0.2
16.85409927368164 -3.370849609375 -5.33344841003418 0.2
16.96380043029785 -3.5414505004882812 -5.383049011230469 0.2
17.14889907836914 -3.607349395751953 -5.322050094604492 0.2
17.225200653076172 -3.5655517578125 -5.135448455810547 0.2
17.161701202392578 -3.4756507873535156 -4.960748672485352 0.2
17.000999450683594 -3.347850799560547 -4.91094970703125 0.2
16.883100509643555 -3.192951202392578 -4.987649917602539 0.2
16.837200164794922 -3.016551971435547 -5.090049743652344 0.2
16.92259979248047 -2.82855224609375 -5.115049362182617 0.2
17.022600173950195 -2.7349510192871094 -4.964649200439453 0.2
17.042400360107422 -2.76715087890625 -4.760549545288086 0.2
16.99180030822754 -2.9213523864746094 -4.628950119018555 0.2
16.96969985961914 -3.1289520263671875 -4.634649276733398 0.2
17.002300262451172 -3.3248519897460938 -4.700948715209961 0.2
17.14620018005371 -3.4684524536132812 -4.748249053955078 0.2
17.32849884033203 -3.482952117919922 -4.660549163818359 0.2
17.384201049804688 -3.4037513732910156 -4.476949691772461 0.2
17.302799224853516 -3.2876510620117188 -4.325649261474609 0.2
17.15169906616211 -3.1430511474609375 -4.307350158691406 0.2
17.03969955444336 -2.9872512817382812 -4.390850067138672 0.2
17.028301239013672 -2.8040504455566406 -4.490449905395508 0.2
17.152400970458984 -2.6431503295898438 -4.477649688720703 0.2
17.25659942626953 -2.6059494018554688 -4.304248809814453 0.2
17.278400421142578 -2.685649871826172 -4.113649368286133 0.2
17.239999771118164 -2.8697509765625 -4.0191497802734375 0.2
17.22599983215332 -3.0759506225585938 -4.049449920654297 0.2
17.27429962158203 -3.2650489807128906 -4.123649597167969 0.2
17.44879913330078 -3.365550994873047 -4.165149688720703 0.2
17.60930061340332 -3.3271522521972656 -4.048149108886719 0.2
17.632200241088867 -3.219249725341797 -3.8717498779296875 0.2
17.52669906616211 -3.0858497619628906 -3.7489490509033203 0.2
17.384300231933594 -2.9330520629882812 -3.756549835205078 0.2
17.284299850463867 -2.7711524963378906 -3.843050003051758 0.2
17.316600799560547 -2.5911521911621094 -3.9395484924316406 0.2
17.468000411987305 -2.4695510864257812 -3.8863487243652344 0.2
17.573501586914062 -2.4755516052246094 -3.7084484100341797 0.2
17.589500427246094 -2.58905029296875 -3.535449981689453 0.2
17.5531005859375 -2.7858505249023438 -3.472148895263672 0.2
17.534500122070312 -2.988849639892578 -3.518848419189453 0.2
17.608299255371094 -3.1631507873535156 -3.6022491455078125 0.2
17.802900314331055 -3.2180519104003906 -3.612649917602539 0.2
17.93320083618164 -3.1430511474609375 -3.47454833984375 0.2
17.927499771118164 -3.0191497802734375 -3.3091487884521484 0.2
17.80970001220703 -2.8701515197753906 -3.2171497344970703 0.2
17.675701141357422 -2.7141494750976562 -3.251649856567383 0.2
17.602901458740234 -2.5462493896484375 -3.349649429321289 0.2
17.69420051574707 -2.3800506591796875 -3.426149368286133 0.2
17.857101440429688 -2.3097496032714844 -3.330049514770508 0.2
17.943300247192383 -2.3629493713378906 -3.149648666381836 0.2
17.938098907470703 -2.5105514526367188 -3.001150131225586 0.2
17.898099899291992 -2.7131500244140625 -2.974649429321289 0.2
17.886600494384766 -2.912750244140625 -3.033449172973633 0.2
17.998199462890625 -3.0620498657226562 -3.1228485107421875 0.2
18.195999145507812 -3.0757522583007812 -3.0935497283935547 0.2
18.287799835205078 -2.979949951171875 -2.936849594116211 0.2
18.24850082397461 -2.8485488891601562 -2.7802486419677734 0.2
18.121601104736328 -2.692249298095703 -2.7214488983154297 0.2
17.997699737548828 -2.5332489013671875 -2.774250030517578 0.2
17.9635009765625 -2.3603515625 -2.8833484649658203 0.2
18.096599578857422 -2.215251922607422 -2.927949905395508 0.2
18.252700805664062 -2.187549591064453 -2.800748825073242 0.2
18.32110023498535 -2.2675514221191406 -2.621950149536133 0.2
18.299999237060547 -2.435649871826172 -2.497650146484375 0.2
18.251399993896484 -2.6375503540039062 -2.4978485107421875 0.2
18.25429916381836 -2.8324508666992188 -2.5696487426757812 0.2
18.40250015258789 -2.9485511779785156 -2.6477489471435547 0.2
18.589401245117188 -2.9141502380371094 -2.5817489624023438 0.2
18.661800384521484 -2.7945518493652344 -2.429149627685547 0.2
18.608699798583984 -2.64215087890625 -2.294849395751953 0.2
18.48080062866211 -2.4800491333007812 -2.2750492095947266 0.2
18.36880111694336 -2.320049285888672 -2.346649169921875 0.2
18.396400451660156 -2.155750274658203 -2.4654483795166016 0.2
18.575199127197266 -2.0651512145996094 -2.463949203491211 0.2
18.724599838256836 -2.095050811767578 -2.325349807739258 0.2
18.77920150756836 -2.2154502868652344 -2.164548873901367 0.2
18.7539005279541 -2.4073524475097656 -2.0862483978271484 0.2
18.70989990234375 -2.609649658203125 -2.110048294067383 0.2
18.752500534057617 -2.7826499938964844 -2.2120494842529297 0.2
18.9364013671875 -2.827350616455078 -2.279348373413086 0.2
19.099300384521484 -2.7384490966796875 -2.194448471069336 0.2
19.14430046081543 -2.6030502319335938 -2.0450496673583984 0.2
19.064899444580078 -2.4425506591796875 -1.934549331665039 0.2
18.929800033569336 -2.284351348876953 -1.936849594116211 0.2
18.84280014038086 -2.1196517944335938 -2.025949478149414 0.2
18.93120002746582 -1.9727516174316406 -2.1340484619140625 0.2
19.122400283813477 -1.9228515625 -2.089649200439453 0.2
19.25659942626953 -1.9814491271972656 -1.944549560546875 0.2
19.29170036315918 -2.1310501098632812 -1.8015499114990234 0.2
19.24650001525879 -2.329151153564453 -1.7602500915527344 0.2
19.210100173950195 -2.527751922607422 -1.8070487976074219 0.2
19.303300857543945 -2.665149688720703 -1.926849365234375 0.2
19.501300811767578 -2.6498489379882812 -1.955648422241211 0.2
19.635499954223633 -2.530750274658203 -1.8544483184814453 0.2
19.65060043334961 -2.375652313232422 -1.71514892578125 0.2
19.548900604248047 -2.208148956298828 -1.6466484069824219 0.2
19.417600631713867 -2.0490493774414062 -1.6731491088867188 0.2
19.38490104675293 -1.8875503540039062 -1.7968482971191406 0.2
19.537599563598633 -1.783050537109375 -1.873748779296875 0.2
19.725500106811523 -1.79425048828125 -1.7933483123779297 0.2
19.83370018005371 -1.8981513977050781 -1.6495494842529297 0.2
19.840600967407227 -2.0816497802734375 -1.548248291015625 0.2
19.794401168823242 -2.2844505310058594 -1.5431499481201172 0.2
19.7898006439209 -2.469951629638672 -1.63494873046875 0.2
19.925701141357422 -2.549152374267578 -1.7615489959716797 0.2
20.115699768066406 -2.484050750732422 -1.738748550415039 0.2
20.215700149536133 -2.35784912109375 -1.6077499389648438 0.2
20.18090057373047 -2.2066497802734375 -1.4667491912841797 0.2
20.059499740600586 -2.043651580810547 -1.4198493957519531 0.2
19.9414005279541 -1.8784523010253906 -1.4649486541748047 0.2
19.947799682617188 -1.7160491943359375 -1.5893497467041016 0.2
20.124000549316406 -1.62335205078125 -1.6110496520996094 0.2
20.287799835205078 -1.6527519226074219 -1.4899482727050781 0.2
20.35919952392578 -1.7724494934082031 -1.3340492248535156 0.2
20.337900161743164 -1.9627494812011719 -1.2525501251220703 0.2
20.2810001373291 -2.162151336669922 -1.2742500305175781 0.2
20.313499450683594 -2.3346519470214844 -1.3799495697021484 0.2
20.493200302124023 -2.3772506713867188 -1.459249496459961 0.2
20.662799835205078 -2.2847518920898438 -1.391550064086914 0.2
20.72480010986328 -2.1391525268554688 -1.2557487487792969 0.2
20.664499282836914 -1.9657516479492188 -1.1560497283935547 0.2
20.531999588012695 -1.8046493530273438 -1.1501483917236328 0.2
20.447799682617188 -1.641448974609375 -1.2430496215820312 0.2
20.54199981689453 -1.5233497619628906 -1.3776493072509766 0.2
20.746000289916992 -1.5078506469726562 -1.3869495391845703 0.2
20.913799285888672 -1.5835494995117188 -1.2919483184814453 0.2
20.97260093688965 -1.746551513671875 -1.1735496520996094 0.2
20.925701141357422 -1.9424514770507812 -1.1198501586914062 0.2
20.883899688720703 -2.1404495239257812 -1.1614494323730469 0.2
20.953899383544922 -2.2524490356445312 -1.3162498474121094 0.2
21.13170051574707 -2.1998519897460938 -1.397348403930664 0.2
21.275400161743164 -2.0580520629882812 -1.3531494140625 0.2
21.311599731445312 -1.8756523132324219 -1.253549575805664 0.2
21.22439956665039 -1.6972503662109375 -1.1907501220703125 0.2
21.097700119018555 -1.5332489013671875 -1.204050064086914 0.2
21.044700622558594 -1.4088516235351562 -1.3580493927001953 0.2
21.176000595092773 -1.3663520812988281 -1.5065498352050781 0.2
21.37689971923828 -1.4040489196777344 -1.5348491668701172 0.2
21.5314998626709 -1.5188522338867188 -1.4501495361328125 0.2
21.554000854492188 -1.6940498352050781 -1.3410491943359375 0.2
21.507999420166016 -1.8888511657714844 -1.2836494445800781 0.2
21.478500366210938 -2.0701522827148438 -1.3786487579345703 0.2
21.575000762939453 -2.10784912109375 -1.5505485534667969 0.2
21.730501174926758 -1.9969520568847656 -1.6280498504638672 0.2
21.83690071105957 -1.8169517517089844 -1.6044483184814453 0.2
21.8164005279541 -1.6195487976074219 -1.5409488677978516 0.2
21.70829963684082 -1.4457511901855469 -1.4995498657226562 0.2
21.571800231933594 -1.3113517761230469 -1.578948974609375 0.2
21.576000213623047 -1.2571525573730469 -1.7725486755371094 0.2
21.744800567626953 -1.28594970703125 -1.8866500854492188 0.2
21.933900833129883 -1.3729515075683594 -1.8735485076904297 0.2
22.03969955444336 -1.5261497497558594 -1.774148941040039 0.2
22.042600631713867 -1.7115516662597656 -1.6776485443115234 0.2
21.98590087890625 -1.9113502502441406 -1.6586494445800781 0.2
21.960500717163086 -2.0524520874023438 -1.8027496337890625 0.2
22.07979965209961 -2.0304489135742188 -1.965749740600586 0.2
22.231201171875 -1.8983497619628906 -2.020750045776367 0.2
22.310699462890625 -1.7102508544921875 -1.9665489196777344 0.2
22.265399932861328 -1.5172500610351562 -1.8978500366210938 0.2
22.150800704956055 -1.3438491821289062 -1.872049331665039 0.2
22.030399322509766 -1.2149505615234375 -1.9796485900878906 0.2
22.094200134277344 -1.15875244140625 -2.1618499755859375 0.2
22.288700103759766 -1.1856498718261719 -2.227449417114258 0.2
22.467899322509766 -1.2779502868652344 -2.169248580932617 0.2
22.541200637817383 -1.4426498413085938 -2.0603485107421875 0.2
22.51849937438965 -1.6339492797851562 -1.9771499633789062 0.2
22.46700096130371 -1.8342514038085938 -1.995248794555664 0.2
22.50279998779297 -1.949951171875 -2.157848358154297 0.2
22.658000946044922 -1.902252197265625 -2.2839488983154297 0.2
22.803800582885742 -1.7547492980957031 -2.3003482818603516 0.2
22.84079933166504 -1.5542488098144531 -2.243448257446289 0.2
22.758501052856445 -1.3688507080078125 -2.1906490325927734 0.2
22.63089942932129 -1.2034492492675781 -2.19635009765625 0.2
22.543100357055664 -1.0993499755859375 -2.3509483337402344 0.2
22.64780044555664 -1.0811500549316406 -2.524250030517578 0.2
22.840900421142578 -1.1344490051269531 -2.5780487060546875 0.2
22.99570083618164 -1.2643508911132812 -2.514148712158203 0.2
23.02899932861328 -1.451751708984375 -2.426349639892578 0.2
22.99209976196289 -1.6520500183105469 -2.3764495849609375 0.2
22.930200576782227 -1.8334503173828125 -2.460948944091797 0.2
23.006200790405273 -1.8863525390625 -2.639148712158203 0.2
23.17340087890625 -1.7959518432617188 -2.722949981689453 0.2
23.29669952392578 -1.6284523010253906 -2.6954498291015625 0.2
23.287399291992188 -1.4282493591308594 -2.6301498413085938 0.2
23.187700271606445 -1.2463493347167969 -2.595548629760742 0.2
23.04960060119629 -1.0972518920898438 -2.6518497467041016 0.2
23.02589988708496 -1.0131492614746094 -2.83544921875 0.2
23.18869972229004 -1.0022506713867188 -2.962848663330078 0.2
23.39069938659668 -1.05615234375 -2.9650497436523438 0.2
23.508100509643555 -1.1995506286621094 -2.868349075317383 0.2
23.51180076599121 -1.3883514404296875 -2.7750492095947266 0.2
23.47319984436035 -1.591949462890625 -2.741548538208008 0.2
23.43120002746582 -1.7675514221191406 -2.8486499786376953 0.2
23.475000381469727 -1.8569488525390625 -3.0327491760253906 0.2
23.614299774169922 -1.8113517761230469 -3.173849105834961 0.2
23.713600158691406 -1.6311492919921875 -3.151948928833008 0.2
23.667301177978516 -1.4356498718261719 -3.0887489318847656 0.2
23.56279945373535 -1.254852294921875 -3.061748504638672 0.2
23.426599502563477 -1.1140518188476562 -3.1447486877441406 0.2
23.370399475097656 -1.0351524353027344 -3.3308486938476562 0.2
23.4601993560791 -1.0118522644042969 -3.5143489837646484 0.2
23.648700714111328 -1.0895500183105469 -3.523448944091797 0.2
23.730600357055664 -1.2568511962890625 -3.419149398803711 0.2
23.719200134277344 -1.451751708984375 -3.3398494720458984 0.2
23.67060089111328 -1.6588516235351562 -3.341949462890625 0.2
23.688499450683594 -1.7999496459960938 -3.4897499084472656 0.2
23.842300415039062 -1.7834510803222656 -3.628049850463867 0.2
24.005399703979492 -1.658050537109375 -3.6593494415283203 0.2
24.05270004272461 -1.4610519409179688 -3.6005496978759766 0.2
23.975000381469727 -1.2702522277832031 -3.5557498931884766 0.2
23.858800888061523 -1.0942497253417969 -3.551849365234375 0.2
23.743600845336914 -0.9683494567871094 -3.6754493713378906 0.2
23.761301040649414 -0.9093513488769531 -3.874349594116211 0.2
23.917400360107422 -0.9113502502441406 -4.0135498046875 0.2
24.102100372314453 -1.020751953125 -3.9661483764648438 0.2
24.146299362182617 -1.2113494873046875 -3.8598499298095703 0.2
24.13089942932129 -1.4209518432617188 -3.785449981689453 0.2
24.080400466918945 -1.6317520141601562 -3.845949172973633 0.2
24.10900115966797 -1.7421493530273438 -4.0332489013671875 0.2
24.244199752807617 -1.703948974609375 -4.197649002075195 0.2
24.348400115966797 -1.5087509155273438 -4.2001495361328125 0.2
24.29800033569336 -1.2974510192871094 -4.148649215698242 0.2
24.190401077270508 -1.1033515930175781 -4.122148513793945 0.2
24.042800903320312 -0.9662513732910156 -4.222749710083008 0.2
24.023399353027344 -0.9238510131835938 -4.436748504638672 0.2
