-19.55889892578125 8.9510498046875 3.7722511291503906 0.2
-19.697599411010742 9.096050262451172 3.7974510192871094 0.2
-19.873600006103516 9.17144775390625 3.8669509887695312 0.2
-20.01219940185547 9.135848999023438 4.005451202392578 0.2
-20.026100158691406 8.966949462890625 4.112251281738281 0.2
-19.91160011291504 8.804248809814453 4.1551513671875 0.2
-19.73659896850586 8.738548278808594 4.234251022338867 0.2
-19.556699752807617 8.772750854492188 4.326351165771484 0.2
-19.38089942932129 8.836650848388672 4.412050247192383 0.2
-19.19729995727539 8.91604995727539 4.435251235961914 0.2
-19.077299118041992 8.965648651123047 4.286149978637695 0.2
-19.108400344848633 8.95425033569336 4.087251663208008 0.2
-19.219999313354492 8.890850067138672 3.9284515380859375 0.2
-19.346399307250977 8.745147705078125 3.864450454711914 0.2
-19.406200408935547 8.567951202392578 3.963651657104492 0.2
-19.4247989654541 8.442447662353516 4.141851425170898 0.2
-19.471799850463867 8.461650848388672 4.343851089477539 0.2
-19.445798873901367 8.623050689697266 4.484750747680664 0.2
-19.315799713134766 8.719249725341797 4.622951507568359 0.2
-19.143699645996094 8.698047637939453 4.753150939941406 0.2
-19.06999969482422 8.567951202392578 4.898651123046875 0.2
-19.15559959411621 8.378547668457031 4.909049987792969 0.2
-19.287199020385742 8.280250549316406 4.7727508544921875 0.2
-19.364999771118164 8.248050689697266 4.574850082397461 0.2
-19.285499572753906 8.213150024414062 4.385351181030273 0.2
-19.07379913330078 8.20534896850586 4.335750579833984 0.2
-18.856300354003906 8.275749206542969 4.343151092529297 0.2
-18.78219985961914 8.476448059082031 4.396051406860352 0.2
-18.864700317382812 8.649650573730469 4.518150329589844 0.2
-18.87689971923828 8.67824935913086 4.736249923706055 0.2
-18.764400482177734 8.562248229980469 4.894550323486328 0.2
-18.61359977722168 8.394248962402344 4.935150146484375 0.2
-18.506099700927734 8.25014877319336 4.8081512451171875 0.2
-18.544099807739258 8.222248077392578 4.58745002746582 0.2
-18.710899353027344 8.156047821044922 4.459451675415039 0.2
-18.86520004272461 8.0218505859375 4.544450759887695 0.2
-18.919198989868164 7.906749725341797 4.735250473022461 0.2
-18.983999252319336 7.945350646972656 4.942951202392578 0.2
-19.03929901123047 8.144847869873047 5.029651641845703 0.2
-18.949800491333008 8.34735107421875 5.060750961303711 0.2
-18.741199493408203 8.357749938964844 5.119951248168945 0.2
-18.612699508666992 8.190547943115234 5.207651138305664 0.2
-18.529600143432617 8.018447875976562 5.332550048828125 0.2
-18.465700149536133 7.895149230957031 5.51555061340332 0.2
-18.569599151611328 7.774848937988281 5.66295051574707 0.2
-18.758100509643555 7.688449859619141 5.59065055847168 0.2
-18.850200653076172 7.689350128173828 5.38385009765625 0.2
-18.850099563598633 7.731349945068359 5.1589508056640625 0.2
-18.72570037841797 7.778949737548828 4.992351531982422 0.2
-18.514299392700195 7.7897491455078125 4.993949890136719 0.2
-18.326799392700195 7.733249664306641 5.086851119995117 0.2
-18.221599578857422 7.7597503662109375 5.26515007019043 0.2
-18.230600357055664 7.809749603271484 5.476051330566406 0.2
-18.196399688720703 7.742748260498047 5.67555046081543 0.2
-18.09670066833496 7.632450103759766 5.832250595092773 0.2
-17.925800323486328 7.5162506103515625 5.844551086425781 0.2
-17.831899642944336 7.4566497802734375 5.667751312255859 0.2
-17.87380027770996 7.481349945068359 5.459951400756836 0.2
-17.984800338745117 7.527549743652344 5.28175163269043 0.2
-18.161800384521484 7.5231475830078125 5.165250778198242 0.2
-18.34619903564453 7.42144775390625 5.187250137329102 0.2
-18.41659927368164 7.269451141357422 5.318349838256836 0.2
-18.401399612426758 7.1748504638671875 5.507850646972656 0.2
-18.40920066833496 7.270648956298828 5.6907501220703125 0.2
-18.364599227905273 7.462749481201172 5.777050018310547 0.2
-18.258699417114258 7.532947540283203 5.940851211547852 0.2
-18.186599731445312 7.428947448730469 6.112550735473633 0.2
-18.192699432373047 7.292747497558594 6.279750823974609 0.2
-18.298599243164062 7.122348785400391 6.325351715087891 0.2
-18.385900497436523 6.998847961425781 6.179651260375977 0.2
-18.38749885559082 6.949348449707031 5.971351623535156 0.2
-18.26529884338379 6.9288482666015625 5.801450729370117 0.2
-18.05590057373047 6.922451019287109 5.805150985717773 0.2
-17.865999221801758 6.908649444580078 5.91455078125 0.2
-17.751100540161133 7.025749206542969 6.035650253295898 0.2
-17.82900047302246 7.205348968505859 6.116849899291992 0.2
-17.959299087524414 7.2720489501953125 6.265350341796875 0.2
-18.017200469970703 7.175048828125 6.445350646972656 0.2
-18.002500534057617 7.03485107421875 6.6094512939453125 0.2
-17.873498916625977 6.891651153564453 6.685251235961914 0.2
-17.712299346923828 6.825248718261719 6.569650650024414 0.2
-17.645999908447266 6.832050323486328 6.366050720214844 0.2
-17.697898864746094 6.772449493408203 6.172451019287109 0.2
-17.83839988708496 6.622749328613281 6.136451721191406 0.2
-17.979598999023438 6.489250183105469 6.231550216674805 0.2
-18.176198959350586 6.4808502197265625 6.302350997924805 0.2
-18.292400360107422 6.652748107910156 6.329151153564453 0.2
-18.258499145507812 6.8598480224609375 6.373350143432617 0.2
-18.20319938659668 6.978050231933594 6.536350250244141 0.2
-18.20639991760254 6.919651031494141 6.74005126953125 0.2
-18.261899948120117 6.776348114013672 6.891550064086914 0.2
-18.37310028076172 6.602848052978516 6.937450408935547 0.2
-18.441499710083008 6.465950012207031 6.794750213623047 0.2
-18.405399322509766 6.4118499755859375 6.589450836181641 0.2
-18.261199951171875 6.349449157714844 6.448951721191406 0.2
-18.081899642944336 6.254947662353516 6.496450424194336 0.2
-17.979000091552734 6.166347503662109 6.677450180053711 0.2
-17.872600555419922 6.2319488525390625 6.858251571655273 0.2
-17.858299255371094 6.450450897216797 6.902151107788086 0.2
-17.98069953918457 6.637748718261719 6.918750762939453 0.2
-18.149999618530273 6.653350830078125 7.059350967407227 0.2
-18.25469970703125 6.526847839355469 7.21925163269043 0.2
-18.2632999420166 6.347248077392578 7.357851028442383 0.2
-18.125499725341797 6.1770477294921875 7.33595085144043 0.2
-17.996200561523438 6.099250793457031 7.164350509643555 0.2
-18.03820037841797 5.995250701904297 6.975250244140625 0.2
-18.228300094604492 5.876148223876953 6.940549850463867 0.2
-18.454099655151367 5.838050842285156 6.966150283813477 0.2
-18.604700088500977 6.015647888183594 6.954950332641602 0.2
-18.549999237060547 6.251750946044922 6.978050231933594 0.2
-18.46969985961914 6.404148101806641 7.139551162719727 0.2
-18.51930046081543 6.354248046875 7.36665153503418 0.2
-18.66029930114746 6.206447601318359 7.501649856567383 0.2
-18.842100143432617 6.053050994873047 7.486349105834961 0.2
-18.878299713134766 5.932750701904297 7.285249710083008 0.2
-18.754199981689453 5.829750061035156 7.103052139282227 0.2
-18.607999801635742 5.6459503173828125 7.11454963684082 0.2
-18.597599029541016 5.46875 7.287252426147461 0.2
-18.54509925842285 5.452350616455078 7.51445198059082 0.2
-18.458900451660156 5.653648376464844 7.609052658081055 0.2
-18.474699020385742 5.897251129150391 7.601850509643555 0.2
-18.666900634765625 6.0115509033203125 7.672651290893555 0.2
-18.85610008239746 5.905849456787109 7.785551071166992 0.2
-18.94499969482422 5.7113494873046875 7.904050827026367 0.2
-18.850099563598633 5.495147705078125 7.907949447631836 0.2
-18.70549964904785 5.376750946044922 7.74744987487793 0.2
-18.72249984741211 5.265350341796875 7.537450790405273 0.2
-18.92140007019043 5.137748718261719 7.469449996948242 0.2
-19.158599853515625 5.1468505859375 7.453550338745117 0.2
-19.24139976501465 5.368949890136719 7.444250106811523 0.2
-19.15489959716797 5.594348907470703 7.499750137329102 0.2
-19.101699829101562 5.729450225830078 7.68855094909668 0.2
-19.20330047607422 5.666748046875 7.897150039672852 0.2
-19.383100509643555 5.51715087890625 7.977449417114258 0.2
-19.553998947143555 5.369850158691406 7.891752243041992 0.2
-19.537199020385742 5.2442474365234375 7.684549331665039 0.2
-19.398399353027344 5.107448577880859 7.53215217590332 0.2
-19.293699264526367 4.8930511474609375 7.558149337768555 0.2
-19.34749984741211 4.700347900390625 7.70515251159668 0.2
-19.337799072265625 4.689250946044922 7.94215202331543 0.2
-19.26249885559082 4.890949249267578 8.056352615356445 0.2
-19.242300033569336 5.138648986816406 8.069952011108398 0.2
-19.41429901123047 5.298648834228516 8.104150772094727 0.2
-19.637800216674805 5.223751068115234 8.175249099731445 0.2
-19.76650047302246 5.031547546386719 8.263452529907227 0.2
-19.705299377441406 4.798648834228516 8.282751083374023 0.2
-19.55579948425293 4.643650054931641 8.157350540161133 0.2
-19.506399154663086 4.514949798583984 7.954351425170898 0.2
-19.661300659179688 4.3818511962890625 7.821752548217773 0.2
-19.90049934387207 4.359050750732422 7.78434944152832 0.2
-20.011899948120117 4.570648193359375 7.759050369262695 0.2
-19.936599731445312 4.803150177001953 7.81464958190918 0.2
-19.872600555419922 4.988147735595703 7.964250564575195 0.2
-19.972900390625 4.991847991943359 8.183649063110352 0.2
-20.173599243164062 4.868747711181641 8.268850326538086 0.2
-20.359699249267578 4.7290496826171875 8.188150405883789 0.2
-20.361900329589844 4.579151153564453 7.993951797485352 0.2
-20.230600357055664 4.422050476074219 7.846651077270508 0.2
-20.114299774169922 4.2059478759765625 7.831151962280273 0.2
-20.183500289916992 3.9941482543945312 7.94325065612793 0.2
-20.274999618530273 3.925548553466797 8.157751083374023 0.2
-20.22879981994629 4.089847564697266 8.332250595092773 0.2
-20.160999298095703 4.330047607421875 8.37714958190918 0.2
-20.22100067138672 4.567649841308594 8.385751724243164 0.2
-20.459999084472656 4.618648529052734 8.396749496459961 0.2
-20.667098999023438 4.487949371337891 8.454549789428711 0.2
-20.716800689697266 4.255950927734375 8.520952224731445 0.2
-20.594799041748047 4.046150207519531 8.459150314331055 0.2
-20.469999313354492 3.8794479370117188 8.316049575805664 0.2
-20.518098831176758 3.7459487915039062 8.114751815795898 0.2
-20.742000579833984 3.6812477111816406 8.016550064086914 0.2
-20.895299911499023 3.8529510498046875 7.940950393676758 0.2
-20.84749984741211 4.095951080322266 7.991250991821289 0.2
-20.766599655151367 4.3092498779296875 8.106851577758789 0.2
-20.829999923706055 4.419048309326172 8.314950942993164 0.2
-21.053298950195312 4.361148834228516 8.415449142456055 0.2
-21.273099899291992 4.259651184082031 8.345449447631836 0.2
-21.315898895263672 4.111351013183594 8.15245246887207 0.2
-21.19879913330078 3.9296493530273438 8.015951156616211 0.2
-21.08370018005371 3.712249755859375 7.956151962280273 0.2
-21.133499145507812 3.4811477661132812 8.02964973449707 0.2
-21.3169002532959 3.381450653076172 8.169050216674805 0.2
-21.347700119018555 3.490447998046875 8.386449813842773 0.2
-21.270599365234375 3.713348388671875 8.481950759887695 0.2
-21.223800659179688 3.958648681640625 8.527551651000977 0.2
-21.379798889160156 4.14324951171875 8.483850479125977 0.2
-21.63129997253418 4.115447998046875 8.456048965454102 0.2
-21.80259895324707 3.9366493225097656 8.494451522827148 0.2
-21.761199951171875 3.6899490356445312 8.481752395629883 0.2
-21.635900497436523 3.4824485778808594 8.39885139465332 0.2
-21.562299728393555 3.3150482177734375 8.225851058959961 0.2
-21.699399948120117 3.25164794921875 8.023050308227539 0.2
-21.866100311279297 3.372447967529297 7.883451461791992 0.2
-21.83880043029785 3.621448516845703 7.906148910522461 0.2
-21.75510025024414 3.8285484313964844 8.035951614379883 0.2
-21.75659942626953 4.010250091552734 8.211252212524414 0.2
-21.97209930419922 4.058349609375 8.32695198059082 0.2
-22.212600708007812 4.028648376464844 8.244951248168945 0.2
-22.303199768066406 3.9334487915039062 8.030851364135742 0.2
-22.212299346923828 3.7347488403320312 7.89634895324707 0.2
-22.101900100708008 3.5142478942871094 7.819952011108398 0.2
-22.121200561523438 3.263050079345703 7.831350326538086 0.2
-22.34600067138672 3.1449508666992188 7.85515022277832 0.2
-22.51930046081543 3.1971511840820312 8.023050308227539 0.2
-22.48259925842285 3.387348175048828 8.190450668334961 0.2
-22.396699905395508 3.60205078125 8.306249618530273 0.2
-22.38409996032715 3.8528480529785156 8.315950393676758 0.2
-22.565500259399414 3.9820480346679688 8.193952560424805 0.2
-22.809598922729492 3.9383506774902344 8.123350143432617 0.2
-22.925800323486328 3.7168502807617188 8.120550155639648 0.2
-22.851999282836914 3.472747802734375 8.074251174926758 0.2
-22.75040054321289 3.2497482299804688 7.988149642944336 0.2
-22.721099853515625 3.1310501098632812 7.768449783325195 0.2
-22.878799438476562 3.1741485595703125 7.564550399780273 0.2
-22.914100646972656 3.399250030517578 7.465349197387695 0.2
-22.836999893188477 3.6187477111816406 7.57914924621582 0.2
-22.764999389648438 3.8109474182128906 7.737550735473633 0.2
-22.85300064086914 3.970447540283203 7.910951614379883 0.2
-23.09950065612793 4.031150817871094 7.898550033569336 0.2
-23.274999618530273 4.043449401855469 7.71245002746582 0.2
-23.261098861694336 3.915149688720703 7.495450973510742 0.2
-23.1737003326416 3.6855506896972656 7.411149978637695 0.2
-23.112600326538086 3.438648223876953 7.357851028442383 0.2
-23.251800537109375 3.229351043701172 7.34895133972168 0.2
-23.513099670410156 3.2288475036621094 7.324651718139648 0.2
-23.646499633789062 3.3574485778808594 7.494749069213867 0.2
-23.582599639892578 3.550548553466797 7.660650253295898 0.2
-23.495399475097656 3.7607498168945312 7.791349411010742 0.2
-23.484399795532227 4.008251190185547 7.746652603149414 0.2
-23.661100387573242 4.123447418212891 7.593950271606445 0.2
-23.898399353027344 4.065547943115234 7.51515007019043 0.2
-23.96489906311035 3.821147918701172 7.487150192260742 0.2
-23.89889907836914 3.5738487243652344 7.432050704956055 0.2
-23.820499420166016 3.354351043701172 7.316949844360352 0.2
-23.84000015258789 3.3067474365234375 7.070051193237305 0.2
-23.996700286865234 3.4087486267089844 6.884851455688477 0.2
-23.969600677490234 3.6439476013183594 6.803150177001953 0.2
-23.86859893798828 3.8393478393554688 6.942850112915039 0.2
-23.78260040283203 4.010250091552734 7.119550704956055 0.2
-23.853899002075195 4.176349639892578 7.296850204467773 0.2
-24.079999923706055 4.289051055908203 7.265951156616211 0.2
-24.225799560546875 4.352649688720703 7.063749313354492 0.2
-24.207199096679688 4.241748809814453 6.837150573730469 0.2
-24.156999588012695 4.002449035644531 6.747150421142578 0.2
-24.131999969482422 3.751148223876953 6.682651519775391 0.2
-24.294300079345703 3.5616493225097656 6.644050598144531 0.2
-24.53190040588379 3.609050750732422 6.548551559448242 0.2
-24.71820068359375 3.749347686767578 6.640951156616211 0.2
-24.681299209594727 3.9112510681152344 6.840051651000977 0.2
-24.577499389648438 4.071949005126953 7.017850875854492 0.2
-24.466999053955078 4.291149139404297 7.08745002746582 0.2
-24.510398864746094 4.495048522949219 6.940250396728516 0.2
-24.710399627685547 4.570148468017578 6.790851593017578 0.2
-24.893798828125 4.416950225830078 6.710750579833984 0.2
-24.909099578857422 4.163547515869141 6.648050308227539 0.2
-24.8843994140625 3.9170494079589844 6.563150405883789 0.2
-24.829999923706055 3.8035507202148438 6.344850540161133 0.2
-24.86709976196289 3.9350509643554688 6.120950698852539 0.2
-24.760799407958984 4.1573486328125 6.077951431274414 0.2
-24.65369987487793 4.31884765625 6.251150131225586 0.2
-24.577699661254883 4.464550018310547 6.452251434326172 0.2
-24.66200065612793 4.648448944091797 6.6029510498046875 0.2
-24.83289909362793 4.817249298095703 6.516651153564453 0.2
-24.890399932861328 4.906650543212891 6.284551620483398 0.2
-24.84980010986328 4.765048980712891 6.079851150512695 0.2
-24.83449935913086 4.519050598144531 5.999351501464844 0.2
-24.871000289916992 4.272647857666016 5.928050994873047 0.2
-25.083398818969727 4.184150695800781 5.833751678466797 0.2
-25.277799606323242 4.338649749755859 5.754051208496094 0.2
-25.37220001220703 4.50994873046875 5.911750793457031 0.2
-25.304800033569336 4.643150329589844 6.124750137329102 0.2
-25.196300506591797 4.791450500488281 6.307050704956055 0.2
-25.074298858642578 5.008548736572266 6.290651321411133 0.2
-25.115699768066406 5.192050933837891 6.113950729370117 0.2
-25.292999267578125 5.233348846435547 5.938150405883789 0.2
-25.414899826049805 5.035449981689453 5.837751388549805 0.2
-25.444799423217773 4.787147521972656 5.773151397705078 0.2
-25.405399322509766 4.570949554443359 5.645750045776367 0.2
-25.307498931884766 4.5852508544921875 5.4183502197265625 0.2
-25.204599380493164 4.777149200439453 5.290349960327148 0.2
-25.052000045776367 4.941047668457031 5.406650543212891 0.2
-24.990999221801758 5.060550689697266 5.626750946044922 0.2
-24.995399475097656 5.210948944091797 5.8334503173828125 0.2
-25.121200561523438 5.426448822021484 5.851449966430664 0.2
-25.1697998046875 5.608249664306641 5.677751541137695 0.2
-25.097200393676758 5.632049560546875 5.440549850463867 0.2
-25.053998947143555 5.425849914550781 5.301750183105469 0.2
-25.06909942626953 5.177947998046875 5.232151031494141 0.2
-25.193199157714844 4.984348297119141 5.130451202392578 0.2
-25.368900299072266 5.0545501708984375 4.969350814819336 0.2
-25.492399215698242 5.270149230957031 4.920751571655273 0.2
-25.554800033569336 5.426548004150391 5.106349945068359 0.2
-25.512100219726562 5.526649475097656 5.338651657104492 0.2
-25.39430046081543 5.667449951171875 5.509550094604492 0.2
-25.25950050354004 5.868350982666016 5.4519500732421875 0.2
-25.267099380493164 6.042549133300781 5.266050338745117 0.2
-25.405500411987305 6.048347473144531 5.061750411987305 0.2
-25.506000518798828 5.8410491943359375 4.957050323486328 0.2
-25.547199249267578 5.601448059082031 4.880950927734375 0.2
-25.440500259399414 5.440849304199219 4.728050231933594 0.2
-25.287399291992188 5.5406494140625 4.557149887084961 0.2
-25.099599838256836 5.699951171875 4.569850921630859 0.2
-25.010700225830078 5.806549072265625 4.779750823974609 0.2
-25.013700485229492 5.908649444580078 5.013950347900391 0.2
-25.095399856567383 6.101848602294922 5.143150329589844 0.2
-25.133899688720703 6.328647613525391 5.045450210571289 0.2
-25.052499771118164 6.4707489013671875 4.853450775146484 0.2
-24.93109893798828 6.380348205566406 4.662750244140625 0.2
-24.92919921875 6.142749786376953 4.573450088500977 0.2
-25.000699996948242 5.916347503662109 4.485050201416016 0.2
-25.170000076293945 5.8775482177734375 4.315549850463867 0.2
-25.243499755859375 6.073047637939453 4.173450469970703 0.2
-25.349199295043945 6.283748626708984 4.238349914550781 0.2
-25.383499145507812 6.3876495361328125 4.464351654052734 0.2
-25.33370018005371 6.474647521972656 4.6943511962890625 0.2
-25.16160011291504 6.630149841308594 4.770551681518555 0.2
-25.042200088500977 6.8128509521484375 4.648250579833984 0.2
-25.0487003326416 6.927947998046875 4.43065071105957 0.2
-25.168498992919922 6.823551177978516 4.246850967407227 0.2
-25.26529884338379 6.605449676513672 4.164649963378906 0.2
-25.23110008239746 6.383750915527344 4.066450119018555 0.2
-25.02280044555664 6.357948303222656 3.9472503662109375 0.2
-24.809799194335938 6.486949920654297 3.932750701904297 0.2
-24.68709945678711 6.570751190185547 4.126649856567383 0.2
-24.719099044799805 6.654850006103516 4.361351013183594 0.2
-24.7992000579834 6.827247619628906 4.515651702880859 0.2
-24.808700561523438 7.066947937011719 4.46875 0.2
-24.68709945678711 7.233348846435547 4.327951431274414 0.2
-24.512699127197266 7.216548919677734 4.161350250244141 0.2
-24.471099853515625 6.996547698974609 4.062950134277344 0.2
-24.542200088500977 6.76715087890625 3.9925498962402344 0.2
-24.683500289916992 6.687549591064453 3.814950942993164 0.2
-24.722200393676758 6.8486480712890625 3.6383514404296875 0.2
-24.769800186157227 7.0852508544921875 3.613250732421875 0.2
-24.869298934936523 7.231250762939453 3.7814502716064453 0.2
-24.88800048828125 7.296947479248047 4.020351409912109 0.2
-24.745399475097656 7.403850555419922 4.181051254272461 0.2
-24.559799194335938 7.560050964355469 4.13905143737793 0.2
-24.447999954223633 7.698047637939453 3.9689502716064453 0.2
-24.499099731445312 7.681449890136719 3.738250732421875 0.2
-24.63119888305664 7.508647918701172 3.6198501586914062 0.2
-24.659099578857422 7.280048370361328 3.5429515838623047 0.2
-24.463699340820312 7.156948089599609 3.4883499145507812 0.2
-24.22749900817871 7.229248046875 3.4986515045166016 0.2
-24.090499877929688 7.28594970703125 3.686349868774414 0.2
-24.150800704956055 7.361248016357422 3.913249969482422 0.2
-24.250999450683594 7.531047821044922 4.053750991821289 0.2
-24.219200134277344 7.766849517822266 4.019350051879883 0.2
-24.05340003967285 7.922847747802734 3.925050735473633 0.2
-23.84280014038086 7.913448333740234 3.8109512329101562 0.2
-23.773500442504883 7.701549530029297 3.728851318359375 0.2
-23.86669921875 7.482948303222656 3.6624507904052734 0.2
-23.989299774169922 7.409549713134766 3.4742507934570312 0.2
-23.972999572753906 7.556148529052734 3.2863502502441406 0.2
-23.946699142456055 7.788047790527344 3.216550827026367 0.2
-24.063600540161133 7.9642486572265625 3.3253517150878906 0.2
-24.14419937133789 8.024547576904297 3.5491504669189453 0.2
-24.024700164794922 8.098148345947266 3.7372512817382812 0.2
-23.80620002746582 8.208049774169922 3.737550735473633 0.2
-23.628398895263672 8.320751190185547 3.61505126953125 0.2
-23.61280059814453 8.320350646972656 3.382150650024414 0.2
-23.75320053100586 8.183547973632812 3.2368507385253906 0.2
-23.789100646972656 7.958049774169922 3.173351287841797 0.2
-23.59600067138672 7.8262481689453125 3.1820507049560547 0.2
-23.362699508666992 7.837947845458984 3.263151168823242 0.2
-23.291900634765625 7.851348876953125 3.486551284790039 0.2
-23.415199279785156 7.936149597167969 3.678150177001953 0.2
-23.49919891357422 8.142650604248047 3.754150390625 0.2
-23.38089942932129 8.34334945678711 3.7020511627197266 0.2
-23.160900115966797 8.44205093383789 3.662050247192383 0.2
-22.940099716186523 8.370750427246094 3.6151504516601562 0.2
-22.91950035095215 8.141948699951172 3.560850143432617 0.2
-23.04640007019043 7.965248107910156 3.454151153564453 0.2
-23.111000061035156 7.976348876953125 3.23175048828125 0.2
-23.0093994140625 8.137649536132812 3.0828514099121094 0.2
-22.963499069213867 8.363250732421875 3.0257511138916016 0.2
-23.097299575805664 8.525150299072266 3.1293506622314453 0.2
-23.184999465942383 8.561748504638672 3.3482513427734375 0.2
-23.033100128173828 8.601551055908203 3.5187511444091797 0.2
-22.797399520874023 8.662147521972656 3.5338516235351562 0.2
-22.591899871826172 8.731449127197266 3.4290504455566406 0.2
-22.582599639892578 8.717048645019531 3.1985511779785156 0.2
-22.725799560546875 8.597549438476562 3.045450210571289 0.2
-22.722999572753906 8.368949890136719 3.013551712036133 0.2
-22.538700103759766 8.246650695800781 3.105550765991211 0.2
-22.39780044555664 8.185447692871094 3.2538509368896484 0.2
-22.428699493408203 8.184349060058594 3.4601516723632812 0.2
-22.56679916381836 8.287349700927734 3.58795166015625 0.2
-22.63290023803711 8.478950500488281 3.642850875854492 0.2
-22.509300231933594 8.649650573730469 3.633951187133789 0.2
-22.31130027770996 8.737850189208984 3.636251449584961 0.2
-22.09950065612793 8.72385025024414 3.632650375366211 0.2
-21.986299514770508 8.554847717285156 3.589550018310547 0.2
-22.047698974609375 8.357250213623047 3.536550521850586 0.2
-22.159299850463867 8.235950469970703 3.404550552368164 0.2
-22.182899475097656 8.279350280761719 3.2032508850097656 0.2
-22.077098846435547 8.42464828491211 3.086851119995117 0.2
-21.989099502563477 8.612850189208984 3.027250289916992 0.2
-22.059799194335938 8.804950714111328 3.0551509857177734 0.2
-22.205299377441406 8.896049499511719 3.181650161743164 0.2
-22.229400634765625 8.916748046875 3.386850357055664 0.2
-22.06220054626465 8.886947631835938 3.5020503997802734 0.2
-21.852699279785156 8.888450622558594 3.449850082397461 0.2
-21.669198989868164 8.895248413085938 3.3428516387939453 0.2
-21.52400016784668 8.818450927734375 3.200450897216797 0.2
-21.315399169921875 8.76824951171875 3.179750442504883 0.2
-21.14539909362793 8.64725112915039 3.220550537109375 0.2
-21.134300231933594 8.475349426269531 3.3377513885498047 0.2
-21.276899337768555 8.413150787353516 3.4819507598876953 0.2
-21.474599838256836 8.44485092163086 3.5909500122070312 0.2
-21.667098999023438 8.537750244140625 3.667449951171875 0.2
-21.758800506591797 8.737648010253906 3.6642513275146484 0.2
-21.639999389648438 8.909347534179688 3.5880508422851562 0.2
-21.426000595092773 8.976551055908203 3.5479507446289062 0.2
-21.210399627685547 9.048049926757812 3.5670509338378906 0.2
-20.996299743652344 9.073448181152344 3.642650604248047 0.2
-20.84869956970215 8.932849884033203 3.7208499908447266 0.2
-20.875200271606445 8.708549499511719 3.7083511352539062 0.2
-20.942899703979492 8.540748596191406 3.5780506134033203 0.2
-20.915300369262695 8.551048278808594 3.360750198364258 0.2
-20.7544002532959 8.667350769042969 3.2544498443603516 0.2
-20.627399444580078 8.848548889160156 3.2007503509521484 0.2
-20.69719886779785 9.056049346923828 3.181051254272461 0.2
-20.875598907470703 9.16965103149414 3.2605514526367188 0.2
-20.924699783325195 9.220050811767578 3.467050552368164 0.2
-20.761899948120117 9.214347839355469 3.6228504180908203 0.2
-20.54199981689453 9.170448303222656 3.6579513549804688 0.2
-20.373600006103516 9.06304931640625 3.5557498931884766 0.2
-20.230899810791016 8.923648834228516 3.4491500854492188 0.2
-20.05970001220703 8.785148620605469 3.5097503662109375 0.2
-20.032100677490234 8.59124755859375 3.614351272583008 0.2
-20.194700241088867 8.489849090576172 3.722850799560547 0.2
-20.399799346923828 8.502849578857422 3.785551071166992 0.2
-20.594799041748047 8.576549530029297 3.8389511108398438 0.2
-20.723400115966797 8.734550476074219 3.8941516876220703 0.2
-20.67140007019043 8.933448791503906 3.921550750732422 0.2
-20.47119903564453 8.981250762939453 3.9466514587402344 0.2
-20.301799774169922 8.869548797607422 4.026851654052734 0.2
-20.151399612426758 8.720951080322266 4.029350280761719 0.2
-20.050899505615234 8.57674789428711 3.9066505432128906 0.2
-19.87179946899414 8.555950164794922 3.7976512908935547 0.2
-19.673799514770508 8.64215087890625 3.7897510528564453 0.2
-19.543899536132812 8.808650970458984 3.7732505798339844 0.2
