-6.137599945068359 -11.199748992919922 6.58745002746582 0.2
-6.101160049438477 -11.271350860595703 6.76875114440918 0.2
-6.177669525146484 -11.434650421142578 6.856050491333008 0.2
-6.241020202636719 -11.618949890136719 6.8063507080078125 0.2
-6.256229400634766 -11.797550201416016 6.714851379394531 0.2
-6.150790214538574 -11.954349517822266 6.645151138305664 0.2
-5.9823198318481445 -12.032852172851562 6.712551116943359 0.2
-5.873139381408691 -12.038749694824219 6.881351470947266 0.2
-5.882539749145508 -11.96364974975586 7.064149856567383 0.2
-5.981789588928223 -11.800849914550781 7.127050399780273 0.2
-6.051549911499023 -11.617149353027344 7.08015251159668 0.2
-6.058699607849121 -11.42795181274414 7.01045036315918 0.2
-5.933529853820801 -11.27334976196289 6.987150192260742 0.2
-5.777569770812988 -11.222450256347656 7.10045051574707 0.2
-5.686570167541504 -11.25775146484375 7.284650802612305 0.2
-5.731999397277832 -11.399749755859375 7.430849075317383 0.2
-5.812959671020508 -11.595451354980469 7.416452407836914 0.2
-5.8496198654174805 -11.784648895263672 7.325750350952148 0.2
-5.772339820861816 -11.960651397705078 7.238252639770508 0.2
-5.593110084533691 -12.056251525878906 7.282949447631836 0.2
-5.464409828186035 -12.06875228881836 7.451250076293945 0.2
-5.46122932434082 -11.994049072265625 7.645349502563477 0.2
-5.561570167541504 -11.822052001953125 7.716352462768555 0.2
-5.634169578552246 -11.628849029541016 7.664449691772461 0.2
-5.631929397583008 -11.430252075195312 7.59105110168457 0.2
-5.483689308166504 -11.283050537109375 7.583650588989258 0.2
-5.325550079345703 -11.249649047851562 7.719049453735352 0.2
-5.253259658813477 -11.304450988769531 7.908849716186523 0.2
-5.316080093383789 -11.464649200439453 8.028451919555664 0.2
-5.389959335327148 -11.659648895263672 7.989652633666992 0.2
-5.417499542236328 -11.848651885986328 7.895849227905273 0.2
-5.311229705810547 -12.014850616455078 7.820550918579102 0.2
-5.1305999755859375 -12.091251373291016 7.891450881958008 0.2
-5.0117597579956055 -12.089752197265625 8.06755256652832 0.2
-5.026049613952637 -11.996051788330078 8.252950668334961 0.2
-5.123769760131836 -11.814449310302734 8.29734992980957 0.2
-5.192480087280273 -11.620849609375 8.239049911499023 0.2
-5.170509338378906 -11.423149108886719 8.165250778198242 0.2
-5.007519721984863 -11.29275131225586 8.174150466918945 0.2
-4.849459648132324 -11.273052215576172 8.320249557495117 0.2
-4.787289619445801 -11.351249694824219 8.518251419067383 0.2
-4.861429691314697 -11.5406494140625 8.60515022277832 0.2
-4.933449745178223 -11.744152069091797 8.539949417114258 0.2
-4.931659698486328 -11.943351745605469 8.437250137329102 0.2
-4.76600980758667 -12.082351684570312 8.396249771118164 0.2
-4.581349849700928 -12.111148834228516 8.519350051879883 0.2
-4.477880001068115 -12.033451080322266 8.703451156616211 0.2
-4.528349876403809 -11.84585189819336 8.806650161743164 0.2
-4.638439655303955 -11.648849487304688 8.792852401733398 0.2
-4.668479919433594 -11.44124984741211 8.718252182006836 0.2
-4.5110697746276855 -11.309650421142578 8.637552261352539 0.2
-4.300529956817627 -11.339149475097656 8.583951950073242 0.2
-4.229369640350342 -11.497550964355469 8.465250015258789 0.2
-4.30088996887207 -11.687450408935547 8.39954948425293 0.2
-4.384389877319336 -11.883251190185547 8.393049240112305 0.2
-4.364319801330566 -12.05405044555664 8.513151168823242 0.2
-4.224299907684326 -12.106250762939453 8.666452407836914 0.2
-4.0348896980285645 -12.058849334716797 8.74675178527832 0.2
-3.9116897583007812 -11.896549224853516 8.695550918579102 0.2
-3.9469499588012695 -11.696552276611328 8.630651473999023 0.2
-4.034329891204834 -11.502750396728516 8.607450485229492 0.2
-4.104569911956787 -11.337150573730469 8.71925163269043 0.2
-4.033129692077637 -11.269248962402344 8.90464973449707 0.2
-3.85768985748291 -11.274551391601562 9.026750564575195 0.2
-3.6684298515319824 -11.363349914550781 9.014650344848633 0.2
-3.6225595474243164 -11.54104995727539 8.908552169799805 0.2
-3.6860098838806152 -11.732349395751953 8.833749771118164 0.2
-3.763089656829834 -11.931449890136719 8.835851669311523 0.2
-3.759349822998047 -12.080249786376953 8.983949661254883 0.2
-3.6108498573303223 -12.118350982666016 9.131750106811523 0.2
-3.4136595726013184 -12.072452545166016 9.196352005004883 0.2
-3.2908596992492676 -11.913951873779297 9.132551193237305 0.2
-3.3293895721435547 -11.712852478027344 9.069849014282227 0.2
-3.419099807739258 -11.518051147460938 9.052350997924805 0.2
-3.4843196868896484 -11.344951629638672 9.155649185180664 0.2
-3.3977599143981934 -11.266151428222656 9.330350875854492 0.2
-3.208509922027588 -11.262950897216797 9.431150436401367 0.2
-3.013859748840332 -11.33835220336914 9.405450820922852 0.2
-2.9609999656677246 -11.5113525390625 9.293951034545898 0.2
-3.028169631958008 -11.704452514648438 9.228452682495117 0.2
-3.1047897338867188 -11.904048919677734 9.224649429321289 0.2
-3.099989891052246 -12.066452026367188 9.358850479125977 0.2
-2.9457597732543945 -12.117950439453125 9.495149612426758 0.2
-2.7411298751831055 -12.087749481201172 9.547952651977539 0.2
-2.600459575653076 -11.947551727294922 9.478952407836914 0.2
-2.628939628601074 -11.74734878540039 9.411149978637695 0.2
-2.7196998596191406 -11.553451538085938 9.391050338745117 0.2
-2.78663969039917 -11.367752075195312 9.471551895141602 0.2
-2.7133798599243164 -11.266448974609375 9.64055061340332 0.2
-2.5181097984313965 -11.253150939941406 9.737249374389648 0.2
-2.3040599822998047 -11.315250396728516 9.718351364135742 0.2
-2.2377195358276367 -11.489749908447266 9.597951889038086 0.2
-2.3105998039245605 -11.696151733398438 9.535551071166992 0.2
-2.393979549407959 -11.906848907470703 9.537149429321289 0.2
-2.3776798248291016 -12.078250885009766 9.676450729370117 0.2
-2.1983299255371094 -12.130050659179688 9.80164909362793 0.2
-1.977799892425537 -12.089950561523438 9.829648971557617 0.2
-1.8575897216796875 -11.92135238647461 9.75145149230957 0.2
-1.9154696464538574 -11.711250305175781 9.688352584838867 0.2
-2.0097298622131348 -11.504650115966797 9.675050735473633 0.2
-2.0356998443603516 -11.32754898071289 9.805452346801758 0.2
-1.8918299674987793 -11.286151885986328 9.973550796508789 0.2
-1.7869696617126465 -11.392951965332031 10.138151168823242 0.2
-1.8594999313354492 -11.590751647949219 10.211549758911133 0.2
-1.9750299453735352 -11.782550811767578 10.170251846313477 0.2
-2.013700008392334 -11.984352111816406 10.081048965454102 0.2
-1.8547096252441406 -12.11865234375 10.004350662231445 0.2
-1.6329498291015625 -12.133251190185547 10.048952102661133 0.2
-1.4811997413635254 -12.051349639892578 10.190252304077148 0.2
-1.4965696334838867 -11.856449127197266 10.29985237121582 0.2
-1.5672798156738281 -11.640251159667969 10.29694938659668 0.2
-1.591599941253662 -11.426349639892578 10.229150772094727 0.2
-1.4521598815917969 -11.296051025390625 10.117349624633789 0.2
-1.2297897338867188 -11.29355239868164 10.124551773071289 0.2
-1.0717897415161133 -11.376251220703125 10.239252090454102 0.2
-1.0895895957946777 -11.548851013183594 10.364751815795898 0.2
-1.1945595741271973 -11.7364501953125 10.376852035522461 0.2
-1.2777996063232422 -11.928352355957031 10.328149795532227 0.2
-1.2141199111938477 -12.093952178955078 10.213552474975586 0.2
-1.0113697052001953 -12.151752471923828 10.188352584838867 0.2
-0.8135497570037842 -12.12335205078125 10.26515007019043 0.2
-0.7430098056793213 -11.983150482177734 10.406850814819336 0.2
-0.7998096942901611 -11.781452178955078 10.454648971557617 0.2
-0.8717198371887207 -11.579750061035156 10.431550979614258 0.2
-0.8663396835327148 -11.396251678466797 10.323652267456055 0.2
-0.6960797309875488 -11.332351684570312 10.219751358032227 0.2
-0.49136972427368164 -11.383350372314453 10.253049850463867 0.2
-0.4056696891784668 -11.520050048828125 10.392751693725586 0.2
-0.4698498249053955 -11.710151672363281 10.473550796508789 0.2
-0.5507497787475586 -11.908550262451172 10.45734977722168 0.2
-0.5084397792816162 -12.089950561523438 10.353551864624023 0.2
-0.31410980224609375 -12.167850494384766 10.318151473999023 0.2
-0.10918974876403809 -12.161552429199219 10.38184928894043 0.2
-0.008389711380004883 -12.040851593017578 10.521051406860352 0.2
-0.0810997486114502 -11.847949981689453 10.569952011108398 0.2
-0.1960296630859375 -11.671852111816406 10.523950576782227 0.2
-0.2402198314666748 -11.496551513671875 10.407651901245117 0.2
-0.09765982627868652 -11.408451080322266 10.285051345825195 0.2
0.09236025810241699 -11.437049865722656 10.370752334594727 0.2
0.1724402904510498 -11.549049377441406 10.533151626586914 0.2
0.1728203296661377 -11.753150939941406 10.602151870727539 0.2
0.21589016914367676 -11.962348937988281 10.573850631713867 0.2
0.316270112991333 -12.126152038574219 10.479349136352539 0.2
0.4928402900695801 -12.198951721191406 10.383249282836914 0.2
0.7053601741790771 -12.206951141357422 10.353250503540039 0.2
0.8971602916717529 -12.20035171508789 10.441049575805664 0.2
0.8654601573944092 -12.165451049804688 10.647050857543945 0.2
0.6905202865600586 -12.05685043334961 10.715951919555664 0.2
0.5102801322937012 -11.940250396728516 10.704549789428711 0.2
0.3573801517486572 -11.791450500488281 10.669252395629883 0.2
0.3698301315307617 -11.575950622558594 10.65785026550293 0.2
0.5339603424072266 -11.517650604248047 10.773752212524414 0.2
0.6628601551055908 -11.636249542236328 10.900651931762695 0.2
0.756770133972168 -11.831050872802734 10.916952133178711 0.2
0.8659801483154297 -12.010551452636719 10.869852066040039 0.2
0.9718801975250244 -12.175849914550781 10.77964973449707 0.2
1.1100802421569824 -12.256149291992188 10.635652542114258 0.2
1.3159701824188232 -12.226852416992188 10.582952499389648 0.2
1.4758602380752563 -12.135452270507812 10.684652328491211 0.2
1.4011201858520508 -12.044151306152344 10.858652114868164 0.2
1.207030177116394 -11.95425033569336 10.88694953918457 0.2
1.031440258026123 -11.83285140991211 10.862051010131836 0.2
0.8650403022766113 -11.69485092163086 10.847249984741211 0.2
0.7720003128051758 -11.54315185546875 10.718450546264648 0.2
0.9293103218078613 -11.443550109863281 10.63115119934082 0.2
1.1270902156829834 -11.4759521484375 10.69904899597168 0.2
1.241030216217041 -11.640449523925781 10.800649642944336 0.2
1.3563601970672607 -11.824150085449219 10.83234977722168 0.2
1.5521502494812012 -11.914051055908203 10.774049758911133 0.2
1.7236502170562744 -11.792949676513672 10.803552627563477 0.2
1.7638702392578125 -11.667652130126953 10.971750259399414 0.2
1.6437702178955078 -11.680252075195312 11.143949508666992 0.2
1.4394102096557617 -11.723152160644531 11.11775016784668 0.2
1.3105602264404297 -11.620750427246094 10.981851577758789 0.2
1.2616102695465088 -11.445350646972656 10.853849411010742 0.2
1.3322302103042603 -11.24985122680664 10.804750442504883 0.2
1.3997002840042114 -11.109550476074219 10.950849533081055 0.2
1.2838501930236816 -11.088150024414062 11.125051498413086 0.2
1.1278501749038696 -11.236251831054688 11.133649826049805 0.2
1.0964902639389038 -11.435050964355469 11.054250717163086 0.2
1.1037602424621582 -11.64645004272461 11.005151748657227 0.2
1.1037702560424805 -11.841751098632812 11.093648910522461 0.2
1.0614502429962158 -11.810951232910156 11.29985237121582 0.2
1.094980239868164 -11.612751007080078 11.377851486206055 0.2
1.156690239906311 -11.406051635742188 11.357851028442383 0.2
1.2493202686309814 -11.218952178955078 11.294149398803711 0.2
1.4448602199554443 -11.139049530029297 11.219549179077148 0.2
1.6399801969528198 -11.213748931884766 11.258951187133789 0.2
1.6428701877593994 -11.376850128173828 11.399351119995117 0.2
1.5060802698135376 -11.543048858642578 11.432050704956055 0.2
1.3584102392196655 -11.70145034790039 11.421049118041992 0.2
1.2204601764678955 -11.86075210571289 11.364652633666992 0.2
1.2152302265167236 -11.99795150756836 11.190950393676758 0.2
1.3942102193832397 -12.106552124023438 11.139249801635742 0.2
1.5693901777267456 -12.128849029541016 11.260950088500977 0.2
1.637430191040039 -11.97774887084961 11.400350570678711 0.2
1.6968402862548828 -11.768451690673828 11.417150497436523 0.2
1.7660201787948608 -11.562850952148438 11.401250839233398 0.2
1.8344202041625977 -11.37015151977539 11.320352554321289 0.2
1.9926902055740356 -11.293350219726562 11.194551467895508 0.2
2.206425189971924 -11.328350067138672 11.18275260925293 0.2
2.3163812160491943 -11.461051940917969 11.306550979614258 0.2
2.211449146270752 -11.637451171875 11.398752212524414 0.2
2.041412353515625 -11.7906494140625 11.41145133972168 0.2
1.8708102703094482 -11.943450927734375 11.404451370239258 0.2
1.779610276222229 -12.108051300048828 11.270551681518555 0.2
1.9376401901245117 -12.195751190185547 11.13654899597168 0.2
2.1610240936279297 -12.223949432373047 11.178651809692383 0.2
2.3252112865448 -12.132549285888672 11.308950424194336 0.2
2.405820369720459 -11.92864990234375 11.374650955200195 0.2
2.4610843658447266 -11.70505142211914 11.372751235961914 0.2
2.5275352001190186 -11.495349884033203 11.30455207824707 0.2
2.690490245819092 -11.394451141357422 11.181951522827148 0.2
2.9186911582946777 -11.387351989746094 11.147748947143555 0.2
3.1368203163146973 -11.40875244140625 11.115152359008789 0.2
3.2709691524505615 -11.522449493408203 10.991750717163086 0.2
3.2354302406311035 -11.720050811767578 10.910051345825195 0.2
3.150820255279541 -11.922649383544922 10.910650253295898 0.2
3.1631863117218018 -12.11185073852539 11.010652542114258 0.2
3.3442132472991943 -12.177749633789062 11.108449935913086 0.2
3.562453269958496 -12.174949645996094 11.124452590942383 0.2
3.7724781036376953 -12.137248992919922 11.079549789428711 0.2
3.855382204055786 -11.993450164794922 10.944452285766602 0.2
3.779468297958374 -11.79465103149414 10.898550033569336 0.2
3.689948081970215 -11.59775161743164 10.92915153503418 0.2
3.7315611839294434 -11.426151275634766 11.051050186157227 0.2
3.927185297012329 -11.360252380371094 11.115251541137695 0.2
4.140610218048096 -11.370052337646484 11.072450637817383 0.2
4.247750282287598 -11.49625015258789 10.937051773071289 0.2
4.187280178070068 -11.696651458740234 10.880151748657227 0.2
4.092210292816162 -11.89284896850586 10.897851943969727 0.2
4.091750144958496 -12.077751159667969 11.009050369262695 0.2
4.268310070037842 -12.152950286865234 11.104349136352539 0.2
4.486100196838379 -12.143051147460938 11.088850021362305 0.2
4.65194034576416 -12.06085205078125 10.979249954223633 0.2
4.640680313110352 -11.879352569580078 10.86454963684082 0.2
4.542819976806641 -11.683349609375 10.855852127075195 0.2
4.484840393066406 -11.483348846435547 10.917951583862305 0.2
4.598110198974609 -11.341651916503906 11.03175163269043 0.2
4.812690258026123 -11.304149627685547 11.038351058959961 0.2
5.005220413208008 -11.342350006103516 10.946649551391602 0.2
5.044650077819824 -11.504051208496094 10.812250137329102 0.2
4.962330341339111 -11.70574951171875 10.794549942016602 0.2
4.886810302734375 -11.905448913574219 10.841852188110352 0.2
4.954890251159668 -12.069450378417969 10.96135139465332 0.2
5.1634202003479 -12.11465072631836 10.994352340698242 0.2
5.368100166320801 -12.08544921875 10.925649642944336 0.2
5.4558305740356445 -11.95615005493164 10.77964973449707 0.2
5.388790130615234 -11.758750915527344 10.721250534057617 0.2
5.294970512390137 -11.562450408935547 10.744550704956055 0.2
5.300380229949951 -11.372550964355469 10.844350814819336 0.2
5.480550289154053 -11.281349182128906 10.914350509643555 0.2
5.703280448913574 -11.274551391601562 10.872350692749023 0.2
5.8618903160095215 -11.354049682617188 10.73335075378418 0.2
5.835890293121338 -11.549949645996094 10.624551773071289 0.2
5.736269950866699 -11.757049560546875 10.640352249145508 0.2
5.7058305740356445 -11.965751647949219 10.724649429321289 0.2
5.871950149536133 -12.088748931884766 10.811151504516602 0.2
6.097350120544434 -12.103950500488281 10.769651412963867 0.2
6.260530471801758 -12.028152465820312 10.633550643920898 0.2
6.243010520935059 -11.833148956298828 10.523050308227539 0.2
6.142370223999023 -11.626949310302734 10.537050247192383 0.2
6.09691047668457 -11.419849395751953 10.619352340698242 0.2
6.246880531311035 -11.296649932861328 10.729349136352539 0.2
6.476320266723633 -11.290149688720703 10.718950271606445 0.2
6.69873046875 -11.34375 10.717649459838867 0.2
6.797280311584473 -11.512550354003906 10.825952529907227 0.2
6.7052001953125 -11.712051391601562 10.887250900268555 0.2
6.5807600021362305 -11.903751373291016 10.881952285766602 0.2
6.560800552368164 -12.070350646972656 10.735349655151367 0.2
6.727660179138184 -12.123950958251953 10.593252182006836 0.2
6.951809883117676 -12.101852416992188 10.55994987487793 0.2
7.097950458526611 -11.972251892089844 10.669851303100586 0.2
7.073580265045166 -11.764850616455078 10.761251449584961 0.2
7.013020038604736 -11.54574966430664 10.780252456665039 0.2
7.045160293579102 -11.367851257324219 10.64954948425293 0.2
7.222320079803467 -11.343151092529297 10.527349472045898 0.2
7.4214701652526855 -11.422248840332031 10.514951705932617 0.2
7.497400283813477 -11.602851867675781 10.600751876831055 0.2
7.412200450897217 -11.797248840332031 10.640951156616211 0.2
7.297630310058594 -11.977352142333984 10.608549118041992 0.2
7.273770332336426 -12.110649108886719 10.444650650024414 0.2
7.421660423278809 -12.152450561523438 10.296152114868164 0.2
7.631840229034424 -12.137550354003906 10.254350662231445 0.2
7.776910305023193 -12.035850524902344 10.371652603149414 0.2
7.754260063171387 -11.862251281738281 10.497251510620117 0.2
7.689010143280029 -11.664249420166016 10.552549362182617 0.2
7.705310344696045 -11.480548858642578 10.44725227355957 0.2
7.863570213317871 -11.461650848388672 10.308252334594727 0.2
8.035850524902344 -11.583351135253906 10.27495002746582 0.2
8.07172966003418 -11.794052124023438 10.317651748657227 0.2
7.97514009475708 -11.986751556396484 10.303552627563477 0.2
7.915800094604492 -12.1197509765625 10.147550582885742 0.2
8.034320831298828 -12.151248931884766 9.973249435424805 0.2
8.228890419006348 -12.148151397705078 9.878252029418945 0.2
8.436180114746094 -12.148750305175781 9.92445182800293 0.2
8.490909576416016 -12.050151824951172 10.101049423217773 0.2
8.39225959777832 -11.884952545166016 10.197050094604492 0.2
8.26725959777832 -11.712650299072266 10.233049392700195 0.2
8.187560081481934 -11.537349700927734 10.133352279663086 0.2
8.294750213623047 -11.453250885009766 9.972551345825195 0.2
8.502740859985352 -11.469051361083984 9.932851791381836 0.2
8.645600318908691 -11.6009521484375 10.02964973449707 0.2
8.6922607421875 -11.806549072265625 10.08125114440918 0.2
8.727500915527344 -12.018150329589844 10.062849044799805 0.2
8.80757999420166 -12.169952392578125 9.935552597045898 0.2
8.977660179138184 -12.198348999023438 9.806451797485352 0.2
9.190910339355469 -12.167049407958984 9.788152694702148 0.2
9.274869918823242 -12.027950286865234 9.926549911499023 0.2
9.145370483398438 -11.868350982666016 9.999849319458008 0.2
8.98250961303711 -11.726951599121094 10.00724983215332 0.2
8.822509765625 -11.580852508544922 9.986452102661133 0.2
8.751740455627441 -11.421749114990234 9.855649948120117 0.2
8.916360855102539 -11.30615234375 9.804250717163086 0.2
9.096410751342773 -11.318950653076172 9.922250747680664 0.2
9.213560104370117 -11.47275161743164 10.027151107788086 0.2
9.310770034790039 -11.666851043701172 10.032350540161133 0.2
9.400320053100586 -11.862548828125 10.013551712036133 0.2
9.44495964050293 -12.060649871826172 9.941049575805664 0.2
9.514579772949219 -12.151851654052734 9.761651992797852 0.2
9.689680099487305 -12.08835220336914 9.659849166870117 0.2
9.856620788574219 -11.972652435302734 9.725950241088867 0.2
9.85835075378418 -11.837852478027344 9.893850326538086 0.2
9.722999572753906 -11.693050384521484 9.978551864624023 0.2
9.568610191345215 -11.550949096679688 10.029150009155273 0.2
9.410690307617188 -11.407951354980469 10.06934928894043 0.2
9.266839981079102 -11.25625228881836 10.013952255249023 0.2
9.311420440673828 -11.108951568603516 9.868452072143555 0.2
9.51554012298584 -11.054950714111328 9.814149856567383 0.2
9.703680038452148 -11.159149169921875 9.81825065612793 0.2
9.81167984008789 -11.346649169921875 9.830949783325195 0.2
9.895410537719727 -11.545551300048828 9.823652267456055 0.2
9.922030448913574 -11.745349884033203 9.748350143432617 0.2
9.8048095703125 -11.815250396728516 9.582250595092773 0.2
9.721309661865234 -11.640750885009766 9.494951248168945 0.2
9.696040153503418 -11.428451538085938 9.519250869750977 0.2
9.65038013458252 -11.241451263427734 9.617349624633789 0.2
9.471570014953613 -11.133049011230469 9.68494987487793 0.2
9.307090759277344 -11.168251037597656 9.558549880981445 0.2
9.369449615478516 -11.270950317382812 9.385251998901367 0.2
9.48351001739502 -11.450851440429688 9.416349411010742 0.2
9.492589950561523 -11.63385009765625 9.543249130249023 0.2
9.392959594726562 -11.71875 9.706850051879883 0.2
9.189889907836914 -11.67245101928711 9.722051620483398 0.2
9.087409973144531 -11.68735122680664 9.539751052856445 0.2
9.150010108947754 -11.805252075195312 9.371149063110352 0.2
9.339550018310547 -11.878952026367188 9.315851211547852 0.2
9.509440422058105 -11.75014877319336 9.356351852416992 0.2
9.576940536499023 -11.54315185546875 9.321550369262695 0.2
9.624490737915039 -11.353752136230469 9.219751358032227 0.2
9.788829803466797 -11.277450561523438 9.109552383422852 0.2
9.992019653320312 -11.327651977539062 9.120149612426758 0.2
10.018560409545898 -11.494949340820312 9.249349594116211 0.2
9.878900527954102 -11.651248931884766 9.299551010131836 0.2
9.71111011505127 -11.785049438476562 9.319452285766602 0.2
9.558589935302734 -11.93014907836914 9.253549575805664 0.2
9.628040313720703 -12.063949584960938 9.110250473022461 0.2
9.837169647216797 -12.099349975585938 9.084550857543945 0.2
10.011750221252441 -12.019752502441406 9.17915153503418 0.2
10.098180770874023 -11.830650329589844 9.236349105834961 0.2
10.169380187988281 -11.627052307128906 9.22755241394043 0.2
10.217000007629395 -11.428050994873047 9.154748916625977 0.2
10.32965087890625 -11.320549011230469 9.008951187133789 0.2
10.525540351867676 -11.32175064086914 8.919649124145508 0.2
10.684070587158203 -11.451950073242188 8.960752487182617 0.2
10.622209548950195 -11.641849517822266 9.060651779174805 0.2
10.445810317993164 -11.780448913574219 9.105649948120117 0.2
10.258930206298828 -11.912151336669922 9.126352310180664 0.2
10.11991024017334 -12.046249389648438 9.002851486206055 0.2
10.239190101623535 -12.126350402832031 8.835351943969727 0.2
10.464309692382812 -12.136451721191406 8.796152114868164 0.2
10.671180725097656 -12.068649291992188 8.855649948120117 0.2
10.789580345153809 -11.889949798583984 8.925851821899414 0.2
10.848409652709961 -11.67074966430664 8.940950393676758 0.2
10.88833999633789 -11.45865249633789 8.873250961303711 0.2
11.002510070800781 -11.352352142333984 8.712850570678711 0.2
11.162910461425781 -11.365550994873047 8.551549911499023 0.2
11.172690391540527 -11.482650756835938 8.376951217651367 0.2
11.068150520324707 -11.663951873779297 8.332849502563477 0.2
10.961320877075195 -11.848152160644531 8.369951248168945 0.2
10.95995044708252 -12.035449981689453 8.467851638793945 0.2
11.14015007019043 -12.128150939941406 8.524351119995117 0.2
11.340089797973633 -12.138648986816406 8.443849563598633 0.2
11.51216983795166 -12.120651245117188 8.31464958190918 0.2
11.580490112304688 -12.017051696777344 8.144449234008789 0.2
11.510379791259766 -11.82564926147461 8.084951400756836 0.2
11.428850173950195 -11.635452270507812 8.146749496459961 0.2
11.432600021362305 -11.452449798583984 8.25575065612793 0.2
11.601799964904785 -11.342552185058594 8.316652297973633 0.2
11.79761028289795 -11.317951202392578 8.232351303100586 0.2
11.925419807434082 -11.352550506591797 8.065549850463867 0.2
11.891230583190918 -11.488052368164062 7.907949447631836 0.2
11.789950370788574 -11.677051544189453 7.89845085144043 0.2
11.723050117492676 -11.873249053955078 7.956350326538086 0.2
11.811429977416992 -12.05215072631836 8.026350021362305 0.2
12.005160331726074 -12.116649627685547 7.970449447631836 0.2
12.162630081176758 -12.09375 7.826250076293945 0.2
12.201419830322266 -11.971752166748047 7.659452438354492 0.2
12.12893009185791 -11.774551391601562 7.625249862670898 0.2
12.06505012512207 -11.585651397705078 7.706350326538086 0.2
12.10122013092041 -11.408149719238281 7.816751480102539 0.2
12.284810066223145 -11.308349609375 7.836450576782227 0.2
12.458820343017578 -11.287052154541016 7.713651657104492 0.2
12.540070533752441 -11.329452514648438 7.523351669311523 0.2
12.467650413513184 -11.474052429199219 7.388250350952148 0.2
12.367859840393066 -11.662651062011719 7.404451370239258 0.2
12.322440147399902 -11.860851287841797 7.470251083374023 0.2
12.439929962158203 -12.030651092529297 7.51085090637207 0.2
12.621430397033691 -12.081050872802734 7.41505241394043 0.2
12.747190475463867 -12.044052124023438 7.246652603149414 0.2
12.743390083312988 -11.903152465820312 7.092050552368164 0.2
12.667369842529297 -11.70534896850586 7.096151351928711 0.2
12.620610237121582 -11.519550323486328 7.192449569702148 0.2
12.694660186767578 -11.35055160522461 7.295949935913086 0.2
12.88346004486084 -11.262950897216797 7.27385139465332 0.2
13.0378999710083 -11.248950958251953 7.10984992980957 0.2
13.063899993896484 -11.315250396728516 6.901151657104492 0.2
12.956560134887695 -11.489349365234375 6.816051483154297 0.2
12.865710258483887 -11.690452575683594 6.865751266479492 0.2
12.883700370788574 -11.901649475097656 6.935649871826172 0.2
13.058600425720215 -12.030349731445312 6.904550552368164 0.2
13.215900421142578 -12.029350280761719 6.744150161743164 0.2
13.285699844360352 -11.909751892089844 6.567951202392578 0.2
13.228099822998047 -11.699951171875 6.530050277709961 0.2
13.149800300598145 -11.502151489257812 6.606250762939453 0.2
13.199100494384766 -11.322551727294922 6.725851058959961 0.2
13.406400680541992 -11.258750915527344 6.764551162719727 0.2
13.603700637817383 -11.356651306152344 6.779550552368164 0.2
13.631800651550293 -11.561450958251953 6.858051300048828 0.2
13.525400161743164 -11.756050109863281 6.899850845336914 0.2
13.429400444030762 -11.943252563476562 6.831850051879883 0.2
13.468100547790527 -12.03744888305664 6.633451461791992 0.2
13.613300323486328 -12.026451110839844 6.462850570678711 0.2
13.803000450134277 -11.919750213623047 6.43895149230957 0.2
13.864100456237793 -11.733650207519531 6.544651031494141 0.2
13.815800666809082 -11.536750793457031 6.6430511474609375 0.2
13.732800483703613 -11.334850311279297 6.610250473022461 0.2
13.744400024414062 -11.22745132446289 6.419050216674805 0.2
13.872000694274902 -11.228050231933594 6.2344512939453125 0.2
14.035200119018555 -11.338851928710938 6.168849945068359 0.2
14.09000015258789 -11.534751892089844 6.224550247192383 0.2
14.028200149536133 -11.726852416992188 6.291950225830078 0.2
13.920700073242188 -11.907352447509766 6.277050018310547 0.2
13.85930061340332 -12.010250091552734 6.107551574707031 0.2
13.93910026550293 -12.0218505859375 5.912151336669922 0.2
14.102300643920898 -11.966548919677734 5.793651580810547 0.2
14.248000144958496 -11.822750091552734 5.837850570678711 0.2
14.256999969482422 -11.640151977539062 5.944450378417969 0.2
14.20110034942627 -11.448951721191406 6.016950607299805 0.2
14.121600151062012 -11.271350860595703 5.939149856567383 0.2
14.151500701904297 -11.19485092163086 5.747251510620117 0.2
14.276900291442871 -11.21084976196289 5.577751159667969 0.2
14.433000564575195 -11.338550567626953 5.529451370239258 0.2
14.46720027923584 -11.536552429199219 5.591451644897461 0.2
14.401500701904297 -11.7281494140625 5.655750274658203 0.2
14.28849983215332 -11.90304946899414 5.621950149536133 0.2
14.23840045928955 -11.992450714111328 5.441650390625 0.2
14.326900482177734 -11.995250701904297 5.24945068359375 0.2
14.494999885559082 -11.926551818847656 5.147850036621094 0.2
14.621700286865234 -11.771350860595703 5.209751129150391 0.2
14.619400024414062 -11.58755111694336 5.315450668334961 0.2
14.556900024414062 -11.393852233886719 5.373149871826172 0.2
14.479900360107422 -11.227550506591797 5.272951126098633 0.2
14.523300170898438 -11.168251037597656 5.076351165771484 0.2
14.654399871826172 -11.20145034790039 4.914951324462891 0.2
14.799200057983398 -11.349552154541016 4.89215087890625 0.2
14.81290054321289 -11.549049377441406 4.960151672363281 0.2
14.740900039672852 -11.740249633789062 5.017551422119141 0.2
14.623700141906738 -11.90475082397461 4.960550308227539 0.2
14.59570026397705 -11.975250244140625 4.767650604248047 0.2
14.695199966430664 -11.965251922607422 4.58165168762207 0.2
14.867700576782227 -11.876049041748047 4.510751724243164 0.2
14.969400405883789 -11.708148956298828 4.587850570678711 0.2
14.953400611877441 -11.52395248413086 4.690950393676758 0.2
14.88010025024414 -11.329750061035156 4.7243499755859375 0.2
14.814000129699707 -11.184650421142578 4.591951370239258 0.2
14.87190055847168 -11.14794921875 4.393350601196289 0.2
15.011600494384766 -11.206649780273438 4.250949859619141 0.2
15.135300636291504 -11.375652313232422 4.256450653076172 0.2
15.124800682067871 -11.57345199584961 4.328950881958008 0.2
15.043700218200684 -11.76314926147461 4.3735504150390625 0.2
14.925800323486328 -11.909149169921875 4.2801513671875 0.2
14.922900199890137 -11.955551147460938 4.07805061340332 0.2
15.036200523376465 -11.925750732421875 3.903850555419922 0.2
15.204299926757812 -11.809650421142578 3.8705501556396484 0.2
15.270600318908691 -11.631851196289062 3.960550308227539 0.2
15.243599891662598 -11.446151733398438 4.057950973510742 0.2
15.153300285339355 -11.255851745605469 4.053850173950195 0.2
15.104599952697754 -11.140949249267578 3.8895511627197266 0.2
15.17490005493164 -11.130752563476562 3.691150665283203 0.2
15.318699836730957 -11.224052429199219 3.5758514404296875 0.2
15.407100677490234 -11.411552429199219 3.609050750732422 0.2
15.378000259399414 -11.60675048828125 3.684650421142578 0.2
15.280099868774414 -11.792152404785156 3.7054500579833984 0.2
15.1697998046875 -11.910152435302734 3.5746517181396484 0.2
15.192000389099121 -11.928451538085938 3.3671512603759766 0.2
15.318300247192383 -11.870948791503906 3.211851119995117 0.2
15.469099998474121 -11.726150512695312 3.2208499908447266 0.2
15.504700660705566 -11.543949127197266 3.32025146484375 0.2
15.463500022888184 -11.354751586914062 3.4032516479492188 0.2
15.35949993133545 -11.179450988769531 3.355550765991211 0.2
15.336299896240234 -11.101451873779297 3.1649513244628906 0.2
15.4173002243042 -11.121051788330078 2.97235107421875 0.2
15.55840015411377 -11.253650665283203 2.8987503051757812 0.2
15.609100341796875 -11.450851440429688 2.9519500732421875 0.2
15.564499855041504 -11.643749237060547 3.0250511169433594 0.2
15.444900512695312 -11.815452575683594 3.0122509002685547 0.2
15.357999801635742 -11.89725112915039 2.844850540161133 0.2
15.400300025939941 -11.888648986816406 2.6395511627197266 0.2
15.542799949645996 -11.799251556396484 2.5215511322021484 0.2
15.664999961853027 -11.63344955444336 2.5652503967285156 0.2
15.677300453186035 -11.450950622558594 2.6694507598876953 0.2
15.61359977722168 -11.259952545166016 2.7271499633789062 0.2
15.508600234985352 -11.1114501953125 2.6289501190185547 0.2
15.50730037689209 -11.068450927734375 2.425251007080078 0.2
15.603899955749512 -11.122749328613281 2.2508506774902344 0.2
15.7298002243042 -11.286750793457031 2.2201499938964844 0.2
15.7475004196167 -11.484249114990234 2.2885513305664062 0.2
15.686200141906738 -11.675251007080078 2.3504505157470703 0.2
15.550100326538086 -11.823951721191406 2.2941513061523438 0.2
15.492199897766113 -11.87015151977539 2.1023502349853516 0.2
15.554400444030762 -11.833148956298828 1.9067516326904297 0.2
15.703900337219238 -11.710552215576172 1.8348503112792969 0.2
15.788900375366211 -11.533050537109375 1.9057502746582031 0.2
15.784200668334961 -11.349349975585938 2.0078506469726562 0.2
15.688799858093262 -11.163249969482422 2.0291500091552734 0.2
15.59570026397705 -11.049949645996094 1.8859500885009766 0.2
15.612000465393066 -11.040149688720703 1.6776504516601562 0.2
15.723299980163574 -11.134651184082031 1.533151626586914 0.2
15.820300102233887 -11.320049285888672 1.5429515838623047 0.2
15.816699981689453 -11.51504898071289 1.6210498809814453 0.2
15.727499961853027 -11.700752258300781 1.6611499786376953 0.2
15.589799880981445 -11.816749572753906 1.5596504211425781 0.2
15.558600425720215 -11.82965087890625 1.3540515899658203 0.2
15.641400337219238 -11.761150360107422 1.1776504516601562 0.2
15.783699989318848 -11.608951568603516 1.1576499938964844 0.2
15.83750057220459 -11.427650451660156 1.2478504180908203 0.2
15.80940055847168 -11.240550994873047 1.3376502990722656 0.2
15.688000679016113 -11.072650909423828 1.3138504028320312 0.2
15.619500160217285 -11.001949310302734 1.1328506469726562 0.2
15.654900550842285 -11.028949737548828 0.9292507171630859 0.2
15.776900291442871 -11.1656494140625 0.8322505950927734 0.2
15.841500282287598 -11.36104965209961 0.8719501495361328 0.2
15.823400497436523 -11.554851531982422 0.9501514434814453 0.2
15.705300331115723 -11.726249694824219 0.96405029296875 0.2
15.579100608825684 -11.801151275634766 0.8221511840820312 0.2
15.566699981689453 -11.777050018310547 0.6154499053955078 0.2
15.670100212097168 -11.670249938964844 0.4745502471923828 0.2
15.790200233459473 -11.498050689697266 0.49114990234375 0.2
15.822500228881836 -11.316650390625 0.5906505584716797 0.2
15.760700225830078 -11.13064956665039 0.6618499755859375 0.2
15.627400398254395 -10.99435043334961 0.5871505737304688 0.2
15.582200050354004 -10.96554946899414 0.38735008239746094 0.2
15.642300605773926 -11.032451629638672 0.2026500701904297 0.2
15.758399963378906 -11.198650360107422 0.14895057678222656 0.2
15.798299789428711 -11.394149780273438 0.2104511260986328 0.2
15.758100509643555 -11.58584976196289 0.2824516296386719 0.2
15.61050033569336 -11.729850769042969 0.2581501007080078 0.2
15.508600234985352 -11.76095199584961 0.08425140380859375 0.2
15.523300170898438 -11.70145034790039 -0.11364936828613281 0.2
15.64330005645752 -11.562549591064453 -0.2097492218017578 0.2
15.735799789428711 -11.382450103759766 -0.15994834899902344 0.2
15.749899864196777 -11.200252532958984 -0.05864906311035156 0.2
15.6451997756958 -11.024051666259766 -0.016149520874023438 0.2
15.519400596618652 -10.931949615478516 -0.1443500518798828 0.2
15.5068998336792 -10.954151153564453 -0.3504486083984375 0.2
15.592700004577637 -11.067150115966797 -0.5004501342773438 0.2
15.688799858093262 -11.252849578857422 -0.5116500854492188 0.2
15.71310043334961 -11.446949005126953 -0.43774986267089844 0.2
15.639900207519531 -11.631450653076172 -0.3739490509033203 0.2
15.47819995880127 -11.737651824951172 -0.43795013427734375 0.2
15.414400100708008 -11.71875 -0.6317501068115234 0.2
15.468299865722656 -11.620750427246094 -0.8066501617431641 0.2
15.593500137329102 -11.46044921875 -0.859649658203125 0.2
15.665800094604492 -11.277351379394531 -0.7911491394042969 0.2
15.65570068359375 -11.09225082397461 -0.6954498291015625 0.2
15.521599769592285 -10.935951232910156 -0.6838493347167969 0.2
15.413800239562988 -10.884849548339844 -0.8478488922119141 0.2
15.4197998046875 -10.93735122680664 -1.0490493774414062 0.2
15.519000053405762 -11.077152252197266 -1.1676483154296875 0.2
15.600700378417969 -11.268451690673828 -1.1483497619628906 0.2
15.611100196838379 -11.460052490234375 -1.0654487609863281 0.2
15.501500129699707 -11.62955093383789 -1.019449234008789 0.2
15.348600387573242 -11.695350646972656 -1.1330490112304688 0.2
15.314000129699707 -11.644550323486328 -1.3305492401123047 0.2
15.390999794006348 -11.523551940917969 -1.479349136352539 0.2
15.507100105285645 -11.348651885986328 -1.4945487976074219 0.2
15.562700271606445 -11.166751861572266 -1.4081497192382812 0.2
15.516200065612793 -10.984451293945312 -1.3210487365722656 0.2
15.361300468444824 -10.860549926757812 -1.363748550415039 0.2
15.282100677490234 -10.858551025390625 -1.5523490905761719 0.2
15.316100120544434 -10.949150085449219 -1.7348499298095703 0.2
15.417900085449219 -11.116950988769531 -1.8114490509033203 0.2
15.47800064086914 -11.31085205078125 -1.7632484436035156 0.2
15.462300300598145 -11.500751495361328 -1.6795482635498047 0.2
15.312800407409668 -11.641448974609375 -1.6623497009277344 0.2
15.181099891662598 -11.659149169921875 -1.8135490417480469 0.2
15.1875 -11.57564926147461 -2.003049850463867 0.2
15.29170036315918 -11.43484878540039 -2.116748809814453 0.2
15.394499778747559 -11.254051208496094 -2.0982494354248047 0.2
15.43280029296875 -11.069751739501953 -2.007749557495117 0.2
15.345900535583496 -10.895050048828125 -1.9366493225097656 0.2
15.191500663757324 -10.802249908447266 -2.026449203491211 0.2
15.142900466918945 -10.831249237060547 -2.2248497009277344 0.2
15.200799942016602 -10.944149017333984 -2.389049530029297 0.2
15.301000595092773 -11.124351501464844 -2.4281482696533203 0.2
15.349699974060059 -11.315452575683594 -2.3599491119384766 0.2
15.298900604248047 -11.500450134277344 -2.2796497344970703 0.2
15.131000518798828 -11.611751556396484 -2.309049606323242 0.2
15.033300399780273 -11.592151641845703 -2.486848831176758 0.2
15.05780029296875 -11.489349365234375 -2.6658496856689453 0.2
15.169300079345703 -11.328449249267578 -2.7437496185302734 0.2
15.25510025024414 -11.145851135253906 -2.6924495697021484 0.2
15.265700340270996 -10.961349487304688 -2.5958499908447266 0.2
15.135000228881836 -10.807552337646484 -2.5587501525878906 0.2
14.998300552368164 -10.765552520751953 -2.7010498046875 0.2
14.979300498962402 -10.834152221679688 -2.8960494995117188 0.2
15.057400703430176 -10.979148864746094 -3.025249481201172 0.2
15.140800476074219 -11.170848846435547 -3.022449493408203 0.2
15.16830062866211 -11.362152099609375 -2.9429492950439453 0.2
15.070500373840332 -11.529350280761719 -2.871950149536133 0.2
14.897700309753418 -11.591751098632812 -2.9530487060546875 0.2
14.842300415039062 -11.532249450683594 -3.141948699951172 0.2
14.906000137329102 -11.41025161743164 -3.2968482971191406 0.2
15.021100044250488 -11.23794937133789 -3.3363494873046875 0.2
15.091300010681152 -11.05405044555664 -3.2667484283447266 0.2
15.067399978637695 -10.871349334716797 -3.1717491149902344 0.2
14.910400390625 -10.742851257324219 -3.179149627685547 0.2
14.799699783325195 -10.7353515625 -3.3497486114501953 0.2
14.809000015258789 -10.8238525390625 -3.536449432373047 0.2
14.901200294494629 -10.984851837158203 -3.636148452758789 0.2
14.977200508117676 -11.175750732421875 -3.6022491455078125 0.2
14.983699798583984 -11.36505126953125 -3.5161495208740234 0.2
14.845100402832031 -11.512248992919922 -3.476949691772461 0.2
14.68970012664795 -11.535152435302734 -3.6027488708496094 0.2
14.65939998626709 -11.450851440429688 -3.7892494201660156 0.2
14.737800598144531 -11.306652069091797 -3.9189491271972656 0.2
14.839700698852539 -11.124752044677734 -3.916749954223633 0.2
14.8927001953125 -10.941951751708984 -3.831249237060547 0.2
14.813600540161133 -10.77035140991211 -3.7460498809814453 0.2
14.643099784851074 -10.687149047851562 -3.8120498657226562 0.2
14.568900108337402 -10.729351043701172 -3.9990501403808594 0.2
14.606900215148926 -10.850349426269531 -4.16404914855957 0.2
14.6983003616333 -11.032249450683594 -4.215848922729492 0.2
14.756800651550293 -11.224151611328125 -4.158548355102539 0.2
14.71880054473877 -11.407352447509766 -4.068248748779297 0.2
14.546600341796875 -11.514152526855469 -4.067348480224609 0.2
14.427200317382812 -11.48965072631836 -4.229249954223633 0.2
14.438700675964355 -11.384552001953125 -4.4082489013671875 0.2
14.542500495910645 -11.226852416992188 -4.501649856567383 0.2
14.63479995727539 -11.042949676513672 -4.468549728393555 0.2
14.66200065612793 -10.858348846435547 -4.375648498535156 0.2
14.545000076293945 -10.701850891113281 -4.313848495483398 0.2
14.389200210571289 -10.651050567626953 -4.430149078369141 0.2
14.351099967956543 -10.715049743652344 -4.623048782348633 0.2
14.416800498962402 -10.851348876953125 -4.767549514770508 0.2
14.508600234985352 -11.03805160522461 -4.785249710083008 0.2
14.556400299072266 -11.227149963378906 -4.710350036621094 0.2
14.479400634765625 -11.400650024414062 -4.6311492919921875 0.2
14.299600601196289 -11.471752166748047 -4.686349868774414 0.2
14.211199760437012 -11.413749694824219 -4.862449645996094 0.2
14.2431001663208 -11.286949157714844 -5.023649215698242 0.2
14.342900276184082 -11.110252380371094 -5.078948974609375 0.2
14.422500610351562 -10.927848815917969 -5.01624870300293 0.2
14.407899856567383 -10.748149871826172 -4.915349960327148 0.2
14.243900299072266 -10.630352020263672 -4.899250030517578 0.2
14.107999801635742 -10.638050079345703 -5.050048828125 0.2
14.094500541687012 -10.737152099609375 -5.231048583984375 0.2
14.169500350952148 -10.902252197265625 -5.338949203491211 0.2
14.248300552368164 -11.094051361083984 -5.318849563598633 0.2
14.266900062561035 -11.28335189819336 -5.235448837280273 0.2
14.133700370788574 -11.424449920654297 -5.168649673461914 0.2
13.959099769592285 -11.441150665283203 -5.266448974609375 0.2
13.908500671386719 -11.353050231933594 -5.44635009765625 0.2
13.972200393676758 -11.211151123046875 -5.585548400878906 0.2
14.07509994506836 -11.029850006103516 -5.602949142456055 0.2
14.140700340270996 -10.846149444580078 -5.529548645019531 0.2
14.083300590515137 -10.674049377441406 -5.429849624633789 0.2
13.906800270080566 -10.583351135253906 -5.459848403930664 0.2
13.806300163269043 -10.61825180053711 -5.634349822998047 0.2
13.824600219726562 -10.73175048828125 -5.807849884033203 0.2
13.912500381469727 -10.906349182128906 -5.884248733520508 0.2
13.98900032043457 -11.094852447509766 -5.840448379516602 0.2
13.975800514221191 -11.281051635742188 -5.750648498535156 0.2
13.810900688171387 -11.396350860595703 -5.7254486083984375 0.2
13.662500381469727 -11.37335205078125 -5.861349105834961 0.2
13.635600090026855 -11.261951446533203 -6.034448623657227 0.2
13.709099769592285 -11.095550537109375 -6.140850067138672 0.2
13.803000450134277 -10.911651611328125 -6.118349075317383 0.2
13.84160041809082 -10.729549407958984 -6.025848388671875 0.2
13.723999977111816 -10.58544921875 -5.941349029541016 0.2
13.54330062866211 -10.556751251220703 -6.02454948425293 0.2
13.466400146484375 -10.634552001953125 -6.200248718261719 0.2
13.501700401306152 -10.778949737548828 -6.347848892211914 0.2
13.586000442504883 -10.967350006103516 -6.378549575805664 0.2
13.643799781799316 -11.158550262451172 -6.318550109863281 0.2
13.576900482177734 -11.325149536132812 -6.218448638916016 0.2
13.386600494384766 -11.385650634765625 -6.2366485595703125 0.2
13.272100448608398 -11.322452545166016 -6.394548416137695 0.2
13.282100677490234 -11.197250366210938 -6.558750152587891 0.2
13.376700401306152 -11.02294921875 -6.630849838256836 0.2
13.463399887084961 -10.838748931884766 -6.586448669433594 0.2
13.469900131225586 -10.659049987792969 -6.484249114990234 0.2
13.318099975585938 -10.534351348876953 -6.434148788452148 0.2
13.161399841308594 -10.528450012207031 -6.56144905090332 0.2
13.12909984588623 -10.617149353027344 -6.745048522949219 0.2
13.194300651550293 -10.769752502441406 -6.875148773193359 0.2
13.286200523376465 -10.955951690673828 -6.875749588012695 0.2
13.32960033416748 -11.144649505615234 -6.801048278808594 0.2
13.217400550842285 -11.299152374267578 -6.726348876953125 0.2
13.031800270080566 -11.326148986816406 -6.797849655151367 0.2
12.949930191040039 -11.235050201416016 -6.963348388671875 0.2
12.979809761047363 -11.082950592041016 -7.104949951171875 0.2
13.0693998336792 -10.897048950195312 -7.129749298095703 0.2
13.142000198364258 -10.715351104736328 -7.058750152587891 0.2
13.08549976348877 -10.552749633789062 -6.945249557495117 0.2
12.896560668945312 -10.485149383544922 -6.946748733520508 0.2
12.766650199890137 -10.536651611328125 -7.096649169921875 0.2
12.754079818725586 -10.65774917602539 -7.26515007019043 0.2
12.828800201416016 -10.835948944091797 -7.3475494384765625 0.2
12.908080101013184 -11.026351928710938 -7.320148468017578 0.2
12.90293025970459 -11.20975112915039 -7.223749160766602 0.2
12.740620613098145 -11.316349029541016 -7.168649673461914 0.2
12.577460289001465 -11.292350769042969 -7.285249710083008 0.2
12.535409927368164 -11.186649322509766 -7.45884895324707 0.2
12.606050491333008 -11.02804946899414 -7.576448440551758 0.2
12.702280044555664 -10.843151092529297 -7.570148468017578 0.2
12.751680374145508 -10.659751892089844 -7.485448837280273 0.2
12.659330368041992 -10.506149291992188 -7.386049270629883 0.2
12.478350639343262 -10.449649810791016 -7.449649810791016 0.2
12.399820327758789 -10.506649017333984 -7.630748748779297 0.2
12.436570167541504 -10.6302490234375 -7.794948577880859 0.2
12.529890060424805 -10.808250427246094 -7.850648880004883 0.2
12.605879783630371 -10.9947509765625 -7.796848297119141 0.2
12.566130638122559 -11.17544937133789 -7.708549499511719 0.2
12.384730339050293 -11.26205062866211 -7.715448379516602 0.2
12.253170013427734 -11.208351135253906 -7.861749649047852 0.2
12.240630149841309 -11.077049255371094 -8.022449493408203 0.2
12.311699867248535 -10.895851135253906 -8.100149154663086 0.2
12.401530265808105 -10.713249206542969 -8.055849075317383 0.2
12.41073989868164 -10.537750244140625 -7.948549270629883 0.2
12.253430366516113 -10.430950164794922 -7.878849029541016 0.2
12.077010154724121 -10.447452545166016 -7.976949691772461 0.2
12.012929916381836 -10.546852111816406 -8.146148681640625 0.2
12.055359840393066 -10.707149505615234 -8.276248931884766 0.2
12.143589973449707 -10.894950866699219 -8.289348602294922 0.2
12.191349983215332 -11.084548950195312 -8.220849990844727 0.2
12.087530136108398 -11.226852416992188 -8.117048263549805 0.2
11.891650199890137 -11.245552062988281 -8.155649185180664 0.2
11.788670539855957 -11.15665054321289 -8.310548782348633 0.2
11.80521011352539 -11.011951446533203 -8.459049224853516 0.2
11.894499778747559 -10.827850341796875 -8.502649307250977 0.2
11.973380088806152 -10.643550872802734 -8.447549819946289 0.2
11.946450233459473 -10.476749420166016 -8.328350067138672 0.2
11.769160270690918 -10.389152526855469 -8.296348571777344 0.2
11.62421989440918 -10.41925048828125 -8.435348510742188 0.2
11.599639892578125 -10.52225112915039 -8.614248275756836 0.2
11.668160438537598 -10.685249328613281 -8.72654914855957 0.2
11.765430450439453 -10.868350982666016 -8.717350006103516 0.2
11.790460586547852 -11.057350158691406 -8.638050079345703 0.2
11.647439956665039 -11.184951782226562 -8.57244873046875 0.2
11.464600563049316 -11.166950225830078 -8.65584945678711 0.2
11.384160041809082 -11.049049377441406 -8.806249618530273 0.2
11.40861988067627 -10.873950958251953 -8.919849395751953 0.2
11.497779846191406 -10.687049865722656 -8.918048858642578 0.2
11.555450439453125 -10.507949829101562 -8.83115005493164 0.2
11.460430145263672 -10.380050659179688 -8.704448699951172 0.2
11.260220527648926 -10.370349884033203 -8.718648910522461 0.2
11.13109016418457 -10.453350067138672 -8.857149124145508 0.2
11.119239807128906 -10.596149444580078 -9.009749412536621 0.2
11.195409774780273 -10.779651641845703 -9.071949005126953 0.2
11.273670196533203 -10.969551086425781 -9.039849281311035 0.2
11.243440628051758 -11.13425064086914 -8.921449661254883 0.2
11.056750297546387 -11.193050384521484 -8.87984848022461 0.2
10.89844036102295 -11.129650115966797 -8.993049621582031 0.2
10.854499816894531 -11.002449035644531 -9.149249076843262 0.2
10.918230056762695 -10.823749542236328 -9.240849494934082 0.2
11.008040428161621 -10.637351989746094 -9.218949317932129 0.2
11.040949821472168 -10.461650848388672 -9.115549087524414 0.2
10.911279678344727 -10.344249725341797 -9.013548851013184 0.2
10.723640441894531 -10.337749481201172 -9.085749626159668 0.2
10.643320083618164 -10.41925048828125 -9.257248878479004 0.2
10.667570114135742 -10.56085205078125 -9.411648750305176 0.2
10.763299942016602 -10.74005126953125 -9.451449394226074 0.2
10.838279724121094 -10.927249908447266 -9.403549194335938 0.2
10.759580612182617 -11.089550018310547 -9.307549476623535 0.2
10.56116008758545 -11.12044906616211 -9.31614875793457 0.2
10.424110412597656 -11.023551940917969 -9.435149192810059 0.2
10.387470245361328 -10.858051300048828 -9.560349464416504 0.2
10.452489852905273 -10.664852142333984 -9.595748901367188 0.2
10.541280746459961 -10.483551025390625 -9.54594898223877 0.2
10.523240089416504 -10.337852478027344 -9.402949333190918 0.2
10.347089767456055 -10.304450988769531 -9.311248779296875 0.2
10.162610054016113 -10.373550415039062 -9.371149063110352 0.2
10.07256031036377 -10.50155258178711 -9.50684928894043 0.2
10.109390258789062 -10.679950714111328 -9.609048843383789 0.2
10.19653034210205 -10.868049621582031 -9.61514949798584 0.2
10.225709915161133 -11.042152404785156 -9.50564956665039 0.2
10.084800720214844 -11.133750915527344 -9.398348808288574 0.2
9.893460273742676 -11.103050231933594 -9.457348823547363 0.2
9.792010307312012 -10.995750427246094 -9.60274887084961 0.2
9.816760063171387 -10.828052520751953 -9.725849151611328 0.2
9.901880264282227 -10.638450622558594 -9.740549087524414 0.2
9.969900131225586 -10.457450866699219 -9.664949417114258 0.2
9.912300109863281 -10.31814956665039 -9.526248931884766 0.2
9.717729568481445 -10.27334976196289 -9.521049499511719 0.2
9.583749771118164 -10.32965087890625 -9.666449546813965 0.2
9.562009811401367 -10.444950103759766 -9.84074878692627 0.2
9.634700775146484 -10.61545181274414 -9.933448791503906 0.2
9.732970237731934 -10.799049377441406 -9.921149253845215 0.2
9.7216796875 -10.983951568603516 -9.834049224853516 0.2
9.543750762939453 -11.066452026367188 -9.787649154663086 0.2
9.361820220947266 -11.00885009765625 -9.865448951721191 0.2
9.270130157470703 -10.863651275634766 -9.984848976135254 0.2
9.300990104675293 -10.668048858642578 -10.045049667358398 0.2
9.39922046661377 -10.484352111816406 -10.026948928833008 0.2
9.446479797363281 -10.319549560546875 -9.913649559020996 0.2
9.337459564208984 -10.252052307128906 -9.755949020385742 0.2
9.140170097351074 -10.292049407958984 -9.711949348449707 0.2
8.979100227355957 -10.395252227783203 -9.78394889831543 0.2
8.961870193481445 -10.561851501464844 -9.910348892211914 0.2
9.048150062561035 -10.74515151977539 -9.955849647521973 0.2
9.12147045135498 -10.927749633789062 -9.888548851013184 0.2
9.04463005065918 -11.063751220703125 -9.76154899597168 0.2
8.844060897827148 -11.08285140991211 -9.768949508666992 0.2
8.70442008972168 -11.001152038574219 -9.897648811340332 0.2
8.681280136108398 -10.857051849365234 -10.043249130249023 0.2
8.75667953491211 -10.668449401855469 -10.095048904418945 0.2
8.833430290222168 -10.48284912109375 -10.041849136352539 0.2
8.828519821166992 -10.322250366210938 -9.909648895263672 0.2
8.665069580078125 -10.226951599121094 -9.8462495803833 0.2
8.504810333251953 -10.239250183105469 -9.969049453735352 0.2
8.46183967590332 -10.325149536132812 -10.153948783874512 0.2
8.513400077819824 -10.474052429199219 -10.291749000549316 0.2
8.61460018157959 -10.654651641845703 -10.306849479675293 0.2
8.660120010375977 -10.84735107421875 -10.24644947052002 0.2
8.537360191345215 -10.990852355957031 -10.170649528503418 0.2
8.338680267333984 -10.99005126953125 -10.215449333190918 0.2
8.206140518188477 -10.880752563476562 -10.333549499511719 0.2
8.187350273132324 -10.697452545166016 -10.429348945617676 0.2
8.274110794067383 -10.50844955444336 -10.438749313354492 0.2
8.355779647827148 -10.32925033569336 -10.372549057006836 0.2
8.31348991394043 -10.20975112915039 -10.212749481201172 0.2
8.135510444641113 -10.217948913574219 -10.113948822021484 0.2
7.94890022277832 -10.305252075195312 -10.135848999023438 0.2
7.867890357971191 -10.456748962402344 -10.253949165344238 0.2
7.9238600730896 -10.638351440429688 -10.338149070739746 0.2
8.016590118408203 -10.823051452636719 -10.320649147033691 0.2
8.020600318908691 -10.980152130126953 -10.187549591064453 0.2
7.84367036819458 -11.035449981689453 -10.112849235534668 0.2
7.66126012802124 -10.974449157714844 -10.185648918151855 0.2
7.574050426483154 -10.845951080322266 -10.320149421691895 0.2
7.612500190734863 -10.660449981689453 -10.412149429321289 0.2
7.695690155029297 -10.47024917602539 -10.398049354553223 0.2
7.748420238494873 -10.301151275634766 -10.2906494140625 0.2
7.645580291748047 -10.191852569580078 -10.155649185180664 0.2
7.446590423583984 -10.183849334716797 -10.186749458312988 0.2
7.331860065460205 -10.254749298095703 -10.343548774719238 0.2
7.323970317840576 -10.383350372314453 -10.511149406433105 0.2
7.412710189819336 -10.557750701904297 -10.579849243164062 0.2
7.496190071105957 -10.746849060058594 -10.55794906616211 0.2
7.435120105743408 -10.916450500488281 -10.460248947143555 0.2
7.2382402420043945 -10.957149505615234 -10.43014907836914 0.2
7.058930397033691 -10.876750946044922 -10.496648788452148 0.2
6.983110427856445 -10.705650329589844 -10.588149070739746 0.2
7.0452704429626465 -10.510650634765625 -10.623449325561523 0.2
7.142590045928955 -10.32855224609375 -10.595449447631836 0.2
7.16894006729126 -10.189849853515625 -10.446048736572266 0.2
7.054880142211914 -10.169349670410156 -10.276848793029785 0.2
6.870790481567383 -10.231651306152344 -10.204049110412598 0.2
6.72998046875 -10.359050750732422 -10.277449607849121 0.2
6.743940353393555 -10.528549194335938 -10.4004487991333 0.2
6.837530136108398 -10.708850860595703 -10.444048881530762 0.2
6.901170253753662 -10.889751434326172 -10.358749389648438 0.2
6.786190032958984 -11.005149841308594 -10.244749069213867 0.2
6.585100173950195 -10.987548828125 -10.268149375915527 0.2
6.4487104415893555 -10.881752014160156 -10.383349418640137 0.2
6.442379951477051 -10.70895004272461 -10.50014877319336 0.2
6.517580032348633 -10.514751434326172 -10.511849403381348 0.2
6.58896017074585 -10.337852478027344 -10.428349494934082 0.2
6.54865026473999 -10.20315170288086 -10.27824878692627 0.2
6.357769966125488 -10.148651123046875 -10.253748893737793 0.2
6.212510108947754 -10.18735122680664 -10.394148826599121 0.2
6.17726993560791 -10.286151885986328 -10.576349258422852 0.2
6.240240097045898 -10.449451446533203 -10.688249588012695 0.2
6.338630199432373 -10.633750915527344 -10.694249153137207 0.2
6.341899871826172 -10.82564926147461 -10.620549201965332 0.2
6.177530288696289 -10.924652099609375 -10.554149627685547 0.2
5.976380348205566 -10.889549255371094 -10.58954906463623 0.2
5.850769996643066 -10.752750396728516 -10.683548927307129 0.2
5.870500564575195 -10.556652069091797 -10.745849609375 0.2
5.970849990844727 -10.373050689697266 -10.746549606323242 0.2
6.0331501960754395 -10.205249786376953 -10.645249366760254 0.2
5.964190483093262 -10.136650085449219 -10.464348793029785 0.2
5.7955002784729 -10.170452117919922 -10.348849296569824 0.2
5.622159957885742 -10.274452209472656 -10.366848945617676 0.2
5.582200050354004 -10.437450408935547 -10.493349075317383 0.2
5.661290168762207 -10.615650177001953 -10.566349029541016 0.2
5.751709938049316 -10.799152374267578 -10.526349067687988 0.2
5.706660270690918 -10.945751190185547 -10.395249366760254 0.2
5.509340286254883 -10.972049713134766 -10.361449241638184 0.2
5.342940330505371 -10.888648986816406 -10.452249526977539 0.2
5.28570032119751 -10.736949920654297 -10.580849647521973 0.2
5.340869903564453 -10.542549133300781 -10.634649276733398 0.2
5.423460006713867 -10.357250213623047 -10.586949348449707 0.2
5.438170433044434 -10.203750610351562 -10.447049140930176 0.2
5.283100128173828 -10.123950958251953 -10.34904956817627 0.2
5.096370220184326 -10.143550872802734 -10.429549217224121 0.2
5.000250339508057 -10.22854995727539 -10.59524917602539 0.2
5.021369934082031 -10.380550384521484 -10.735448837280273 0.2
5.123530387878418 -10.557849884033203 -10.776948928833008 0.2
5.175040245056152 -10.752052307128906 -10.72774887084961 0.2
5.068940162658691 -10.888351440429688 -10.617448806762695 0.2
4.865790367126465 -10.899551391601562 -10.577949523925781 0.2
4.68919038772583 -10.800750732421875 -10.620348930358887 0.2
4.653290271759033 -10.610649108886719 -10.690448760986328 0.2
4.7318902015686035 -10.419551849365234 -10.721649169921875 0.2
4.8131103515625 -10.24074935913086 -10.657949447631836 0.2
4.822780132293701 -10.143150329589844 -10.474649429321289 0.2
4.736210346221924 -10.14175033569336 -10.285948753356934 0.2
4.567460060119629 -10.224349975585938 -10.210549354553223 0.2
4.4711103439331055 -10.368751525878906 -10.322149276733398 0.2
4.5128302574157715 -10.536949157714844 -10.440849304199219 0.2
4.6072001457214355 -10.720649719238281 -10.468849182128906 0.2
4.6450700759887695 -10.897151947021484 -10.366949081420898 0.2
4.488759994506836 -10.982051849365234 -10.274449348449707 0.2
4.292730331420898 -10.932151794433594 -10.31304931640625 0.2
4.1768903732299805 -10.803451538085938 -10.424549102783203 0.2
4.1975202560424805 -10.614250183105469 -10.514549255371094 0.2
4.2795000076293945 -10.423751831054688 -10.492049217224121 0.2
4.337530136108398 -10.25844955444336 -10.379348754882812 0.2
4.247000217437744 -10.146251678466797 -10.235749244689941 0.2
4.049780368804932 -10.115249633789062 -10.262948989868164 0.2
3.9356281757354736 -10.162849426269531 -10.428548812866211 0.2
3.9270942211151123 -10.273750305175781 -10.608149528503418 0.2
4.006190299987793 -10.446449279785156 -10.691349029541016 0.2
4.090810298919678 -10.63705062866211 -10.683149337768555 0.2
4.050800323486328 -10.82065200805664 -10.598548889160156 0.2
3.864424228668213 -10.889751434326172 -10.552749633789062 0.2
3.670100212097168 -10.83544921875 -10.600049018859863 0.2
3.57114315032959 -10.676349639892578 -10.690649032592773 0.2
3.623687267303467 -10.48134994506836 -10.736449241638184 0.2
3.726104259490967 -10.300151824951172 -10.722649574279785 0.2
3.7636632919311523 -10.14794921875 -10.589348793029785 0.2
3.667339324951172 -10.112449645996094 -10.411149024963379 0.2
3.4924731254577637 -10.172351837158203 -10.317049026489258 0.2
3.344053268432617 -10.302249908447266 -10.368948936462402 0.2
3.339670181274414 -10.474250793457031 -10.488749504089355 0.2
3.426941156387329 -10.654350280761719 -10.544849395751953 0.2
3.5054802894592285 -10.83395004272461 -10.469348907470703 0.2
3.416154146194458 -10.94784927368164 -10.332849502563477 0.2
3.2143781185150146 -10.929248809814453 -10.315749168395996 0.2
3.058093309402466 -10.822952270507812 -10.401549339294434 0.2
3.0274455547332764 -10.648551940917969 -10.513249397277832 0.2
3.09394907951355 -10.452449798583984 -10.538848876953125 0.2
3.1776161193847656 -10.27294921875 -10.473849296569824 0.2
3.165194272994995 -10.140251159667969 -10.317349433898926 0.2
2.981198310852051 -10.096351623535156 -10.250948905944824 0.2
2.805422306060791 -10.142452239990234 -10.34904956817627 0.2
2.725985288619995 -10.247051239013672 -10.513449668884277 0.2
2.7692651748657227 -10.411651611328125 -10.63184928894043 0.2
2.8692212104797363 -10.59305191040039 -10.660749435424805 0.2
2.8904123306274414 -10.78335189819336 -10.58544921875 0.2
2.750237226486206 -10.884349822998047 -10.476449012756348 0.2
2.545673131942749 -10.866050720214844 -10.444449424743652 0.2
2.3954522609710693 -10.73284912109375 -10.494049072265625 0.2
2.398630142211914 -10.535152435302734 -10.554948806762695 0.2
2.4859633445739746 -10.34625244140625 -10.575249671936035 0.2
2.561239242553711 -10.18185043334961 -10.476849555969238 0.2
2.554887294769287 -10.119449615478516 -10.278449058532715 0.2
2.4516701698303223 -10.147750854492188 -10.10154914855957 0.2
2.2841951847076416 -10.255752563476562 -10.075549125671387 0.2
2.2232770919799805 -10.410350799560547 -10.204648971557617 0.2
2.28147029876709 -10.583351135253906 -10.305949211120605 0.2
2.3782191276550293 -10.768550872802734 -10.301249504089355 0.2
2.3677611351013184 -10.928150177001953 -10.177148818969727 0.2
2.1828722953796387 -10.969451904296875 -10.107048988342285 0.2
1.9990102052688599 -10.890251159667969 -10.160749435424805 0.2
1.9138102531433105 -10.737548828125 -10.271149635314941 0.2
1.9587702751159668 -10.5406494140625 -10.328948974609375 0.2
2.046074151992798 -10.35634994506836 -10.284749031066895 0.2
2.082491159439087 -10.20574951171875 -10.144749641418457 0.2
1.946140170097351 -10.12044906616211 -10.024949073791504 0.2
1.7546002864837646 -10.123451232910156 -10.09334945678711 0.2
1.653340220451355 -10.192649841308594 -10.26254940032959 0.2
1.6601002216339111 -10.331748962402344 -10.418949127197266 0.2
1.748670220375061 -10.511650085449219 -10.475449562072754 0.2
1.8091102838516235 -10.708049774169922 -10.445448875427246 0.2
1.7240601778030396 -10.86185073852539 -10.33954906463623 0.2
1.5247802734375 -10.890251159667969 -10.291749000549316 0.2
1.3387802839279175 -10.80685043334961 -10.327949523925781 0.2
1.2833302021026611 -10.623550415039062 -10.404048919677734 0.2
1.3609302043914795 -10.434051513671875 -10.445249557495117 0.2
1.4533302783966064 -10.252449035644531 -10.407949447631836 0.2
1.469130277633667 -10.135051727294922 -10.238449096679688 0.2
1.3712102174758911 -10.131050109863281 -10.055549621582031 0.2
1.2037602663040161 -10.20895004272461 -9.966949462890625 0.2
1.0903502702713013 -10.35784912109375 -10.054049491882324 0.2
1.1194201707839966 -10.531951904296875 -10.167348861694336 0.2
1.2146302461624146 -10.714351654052734 -10.198549270629883 0.2
1.2693302631378174 -10.885848999023438 -10.09524917602539 0.2
1.130080223083496 -10.968452453613281 -9.97754955291748 0.2
0.9302501678466797 -10.921249389648438 -9.990049362182617 0.2
0.7987301349639893 -10.797050476074219 -10.089049339294434 0.2
0.7964401245117188 -10.6103515625 -10.18644905090332 0.2
0.8767802715301514 -10.417949676513672 -10.18704891204834 0.2
0.9496803283691406 -10.246551513671875 -10.094749450683594 0.2
0.8814802169799805 -10.135848999023438 -9.938749313354492 0.2
0.6806302070617676 -10.124649047851562 -9.916549682617188 0.2
0.521050214767456 -10.191650390625 -10.031349182128906 0.2
0.4644303321838379 -10.324748992919922 -10.183849334716797 0.2
0.5366001129150391 -10.498550415039062 -10.272048950195312 0.2
0.6273303031921387 -10.685649871826172 -10.27704906463623 0.2
0.6117901802062988 -10.856151580810547 -10.162348747253418 0.2
0.45722031593322754 -10.921249389648438 -10.042749404907227 0.2
0.26014018058776855 -10.87845230102539 -9.999749183654785 0.2
0.14324021339416504 -10.71554946899414 -10.047749519348145 0.2
0.17657017707824707 -10.520252227783203 -10.110749244689941 0.2
0.2621002197265625 -10.331249237060547 -10.118148803710938 0.2
0.3346703052520752 -10.192352294921875 -9.981549263000488 0.2
0.3374502658843994 -10.155651092529297 -9.776948928833008 0.2
0.2307901382446289 -10.20975112915039 -9.611349105834961 0.2
0.08159017562866211 -10.344650268554688 -9.630349159240723 0.2
0.05714011192321777 -10.509651184082031 -9.75934886932373 0.2
0.12612032890319824 -10.68804931640625 -9.84114933013916 0.2
0.22152018547058105 -10.87044906616211 -9.795248985290527 0.2
0.16256022453308105 -10.998249053955078 -9.65424919128418 0.2
-0.03435969352722168 -10.993148803710938 -9.60374927520752 0.2
-0.20657968521118164 -10.891551971435547 -9.660649299621582 0.2
-0.2592897415161133 -10.717948913574219 -9.763849258422852 0.2
-0.1974797248840332 -10.52035140991211 -9.795148849487305 0.2
-0.1076498031616211 -10.341548919677734 -9.735249519348145 0.2
-0.09599971771240234 -10.208251953125 -9.577949523925781 0.2
-0.266859769821167 -10.153350830078125 -9.488948822021484 0.2
-0.4485797882080078 -10.185550689697266 -9.57974910736084 0.2
-0.5337598323822021 -10.27505111694336 -9.749049186706543 0.2
-0.5082297325134277 -10.430850982666016 -9.885649681091309 0.2
-0.41626977920532227 -10.613849639892578 -9.928149223327637 0.2
-0.3784596920013428 -10.809249877929688 -9.87394905090332 0.2
-0.5001296997070312 -10.930450439453125 -9.764348983764648 0.2
-0.7046797275543213 -10.922351837158203 -9.733049392700195 0.2
-0.8678996562957764 -10.804550170898438 -9.784849166870117 0.2
-0.8855597972869873 -10.610851287841797 -9.85474967956543 0.2
-0.7942097187042236 -10.425750732421875 -9.888749122619629 0.2
-0.7064197063446045 -10.24945068359375 -9.828349113464355 0.2
-0.717829704284668 -10.161552429199219 -9.642949104309082 0.2
-0.852799654006958 -10.193649291992188 -9.490348815917969 0.2
-1.0229697227478027 -10.300350189208984 -9.452749252319336 0.2
-1.1021499633789062 -10.469348907470703 -9.548849105834961 0.2
-1.0480899810791016 -10.65114974975586 -9.634949684143066 0.2
-0.9427196979522705 -10.830852508544922 -9.62554931640625 0.2
-0.923879861831665 -10.976348876953125 -9.485649108886719 0.2
-1.091629981994629 -11.014549255371094 -9.380949020385742 0.2
-1.2839198112487793 -10.944549560546875 -9.411149024963379 0.2
-1.39316987991333 -10.804550170898438 -9.518349647521973 0.2
-1.3743596076965332 -10.612850189208984 -9.600049018859863 0.2
-1.290679931640625 -10.421852111816406 -9.600149154663086 0.2
-1.232499599456787 -10.256351470947266 -9.488248825073242 0.2
-1.3379597663879395 -10.175849914550781 -9.33764934539795 0.2
-1.5399398803710938 -10.208049774169922 -9.325149536132812 0.2
-1.6939897537231445 -10.30765151977539 -9.425748825073242 0.2
-1.7215995788574219 -10.466751098632812 -9.55634880065918 0.2
-1.6327495574951172 -10.640251159667969 -9.63124942779541 0.2
-1.555309772491455 -10.829452514648438 -9.599549293518066 0.2
-1.6019997596740723 -10.963451385498047 -9.451249122619629 0.2
-1.7711095809936523 -10.982650756835938 -9.332849502563477 0.2
-1.9549999237060547 -10.89365005493164 -9.304749488830566 0.2
-2.0238399505615234 -10.707752227783203 -9.360149383544922 0.2
-1.9733295440673828 -10.51395034790039 -9.419849395751953 0.2
-1.8826098442077637 -10.330249786376953 -9.393349647521973 0.2
-1.8052396774291992 -10.225051879882812 -9.231149673461914 0.2
-1.812309741973877 -10.213951110839844 -9.024048805236816 0.2
-1.9404196739196777 -10.291450500488281 -8.888050079345703 0.2
-2.069739818572998 -10.435352325439453 -8.954050064086914 0.2
-2.067959785461426 -10.605049133300781 -9.07974910736084 0.2
-1.986039638519287 -10.787651062011719 -9.137749671936035 0.2
-1.9046998023986816 -10.964649200439453 -9.063149452209473 0.2
-2.009699821472168 -11.0677490234375 -8.926948547363281 0.2
-2.2116498947143555 -11.038848876953125 -8.90464973449707 0.2
-2.3656296730041504 -10.925151824951172 -8.982449531555176 0.2
-2.392359733581543 -10.744049072265625 -9.086249351501465 0.2
-2.315349578857422 -10.55105209350586 -9.104049682617188 0.2
-2.228999614715576 -10.376750946044922 -9.029349327087402 0.2
-2.2662596702575684 -10.256351470947266 -8.868049621582031 0.2
-2.4599499702453613 -10.231449127197266 -8.818948745727539 0.2
-2.6277899742126465 -10.290851593017578 -8.924449920654297 0.2
-2.6995396614074707 -10.413551330566406 -9.08014965057373 0.2
-2.648439884185791 -10.589252471923828 -9.177749633789062 0.2
-2.5587496757507324 -10.777050018310547 -9.191549301147461 0.2
-2.5563697814941406 -10.953849792480469 -9.085549354553223 0.2
-2.7021498680114746 -11.02695083618164 -8.961448669433594 0.2
-2.9011096954345703 -10.99264907836914 -8.91724967956543 0.2
-3.036599636077881 -10.845050811767578 -8.968749046325684 0.2
-3.014969825744629 -10.654048919677734 -9.045649528503418 0.2
-2.925729751586914 -10.469451904296875 -9.081949234008789 0.2
-2.8511595726013184 -10.309150695800781 -8.97594928741455 0.2
-2.8683996200561523 -10.25885009765625 -8.776248931884766 0.2
-2.9816198348999023 -10.30405044555664 -8.60934829711914 0.2
-3.1324596405029297 -10.43804931640625 -8.59334945678711 0.2
-3.168829917907715 -10.615852355957031 -8.699150085449219 0.2
-3.097909927368164 -10.796550750732422 -8.773649215698242 0.2
-2.9882798194885254 -10.970149993896484 -8.727348327636719 0.2
-3.015469551086426 -11.087749481201172 -8.568849563598633 0.2
-3.201289653778076 -11.086750030517578 -8.487548828125 0.2
-3.3853797912597656 -10.998451232910156 -8.52495002746582 0.2
-3.469489574432373 -10.83835220336914 -8.630449295043945 0.2
-3.4286398887634277 -10.643749237060547 -8.691848754882812 0.2
-3.3392295837402344 -10.456249237060547 -8.673648834228516 0.2
-3.3088297843933105 -10.310249328613281 -8.532249450683594 0.2
-3.456669807434082 -10.271350860595703 -8.401748657226562 0.2
-3.654249668121338 -10.333049774169922 -8.407848358154297 0.2
-3.787289619445801 -10.458751678466797 -8.510648727416992 0.2
-3.77670955657959 -10.631149291992188 -8.62405014038086 0.2
-3.6817498207092285 -10.808250427246094 -8.681049346923828 0.2
-3.6179299354553223 -10.987651824951172 -8.603448867797852 0.2
-3.6878299713134766 -11.080852508544922 -8.43494987487793 0.2
-3.8528800010681152 -11.07175064086914 -8.309450149536133 0.2
-4.0165696144104 -10.947952270507812 -8.293548583984375 0.2
-4.051639556884766 -10.7552490234375 -8.360048294067383 0.2
-3.9955496788024902 -10.563549041748047 -8.420049667358398 0.2
-3.8944997787475586 -10.393051147460938 -8.362848281860352 0.2
-3.8127999305725098 -10.31344985961914 -8.188249588012695 0.2
-3.8249597549438477 -10.322349548339844 -7.983348846435547 0.2
-3.9634900093078613 -10.429649353027344 -7.886249542236328 0.2
-4.061059951782227 -10.590850830078125 -7.9772491455078125 0.2
-4.038769721984863 -10.768451690673828 -8.08504867553711 0.2
-3.940159797668457 -10.95035171508789 -8.115049362182617 0.2
-3.8835296630859375 -11.108051300048828 -7.999948501586914 0.2
-4.018389701843262 -11.168350219726562 -7.862949371337891 0.2
-4.216599941253662 -11.111351013183594 -7.849449157714844 0.2
-4.35561990737915 -10.980751037597656 -7.930049896240234 0.2
-4.35945987701416 -10.791450500488281 -8.020448684692383 0.2
-4.274809837341309 -10.601249694824219 -8.032848358154297 0.2
-4.197569847106934 -10.432151794433594 -7.938749313354492 0.2
-4.27209997177124 -10.336051940917969 -7.778148651123047 0.2
-4.4728498458862305 -10.350650787353516 -7.75255012512207 0.2
-4.633089542388916 -10.438949584960938 -7.852849960327148 0.2
-4.687389850616455 -10.59054946899414 -7.986049652099609 0.2
-4.617499828338623 -10.769752502441406 -8.065149307250977 0.2
-4.5319695472717285 -10.958351135253906 -8.054048538208008 0.2
-4.54665994644165 -11.10634994506836 -7.913049697875977 0.2
-4.699979782104492 -11.141448974609375 -7.77924919128418 0.2
-4.888689994812012 -11.07175064086914 -7.729949951171875 0.2
-4.9899797439575195 -10.899551391601562 -7.779048919677734 0.2
-4.958029747009277 -10.712451934814453 -7.865348815917969 0.2
-4.874619960784912 -10.524650573730469 -7.887748718261719 0.2
-4.792699813842773 -10.394149780273438 -7.751049041748047 0.2
-4.7947096824646 -10.388648986816406 -7.544248580932617 0.2
-4.888139724731445 -10.47774887084961 -7.385250091552734 0.2
-5.008600234985352 -10.6468505859375 -7.3941497802734375 0.2
-5.022239685058594 -10.829452514648438 -7.493648529052734 0.2
-4.93658971786499 -11.006950378417969 -7.558549880981445 0.2
-4.814519882202148 -11.155250549316406 -7.483249664306641 0.2
-4.85582971572876 -11.216850280761719 -7.297548294067383 0.2
-5.026569366455078 -11.172351837158203 -7.191349029541016 0.2
-5.197959899902344 -11.059452056884766 -7.197549819946289 0.2
-5.266969680786133 -10.879951477050781 -7.2832489013671875 0.2
-5.223869323730469 -10.684749603271484 -7.341348648071289 0.2
-5.127309799194336 -10.5030517578125 -7.316549301147461 0.2
-5.102049827575684 -10.386550903320312 -7.1535491943359375 0.2
-5.253809928894043 -10.39105224609375 -7.021148681640625 0.2
-5.438320159912109 -10.482650756835938 -7.03394889831543 0.2
-5.556439399719238 -10.624950408935547 -7.1358489990234375 0.2
-5.537419319152832 -10.799549102783203 -7.245748519897461 0.2
-5.446589469909668 -10.978649139404297 -7.299648284912109 0.2
-5.383039474487305 -11.147048950195312 -7.201250076293945 0.2
-5.474329948425293 -11.206748962402344 -7.031549453735352 0.2
-5.651860237121582 -11.141849517822266 -6.948249816894531 0.2
-5.799399375915527 -10.991950988769531 -6.95414924621582 0.2
-5.819719314575195 -10.798149108886719 -7.023550033569336 0.2
-5.757200241088867 -10.60885238647461 -7.084049224853516 0.2
-5.651129722595215 -10.448551177978516 -7.011848449707031 0.2
-5.624699592590332 -10.41884994506836 -6.813249588012695 0.2
-5.722359657287598 -10.506752014160156 -6.653749465942383 0.2
-5.858369827270508 -10.656951904296875 -6.611049652099609 0.2
-5.918290138244629 -10.843551635742188 -6.683750152587891 0.2
-5.871950149536133 -11.025749206542969 -6.771949768066406 0.2
-5.736809730529785 -11.184452056884766 -6.766149520874023 0.2
-5.675259590148926 -11.272651672363281 -6.598548889160156 0.2
-5.797639846801758 -11.256649017333984 -6.437250137329102 0.2
-5.977439880371094 -11.167350769042969 -6.385648727416992 0.2
-6.101319313049316 -11.008350372314453 -6.444950103759766 0.2
-6.107489585876465 -10.815250396728516 -6.523149490356445 0.2
-6.034389495849609 -10.623451232910156 -6.55674934387207 0.2
-5.938590049743652 -10.476451873779297 -6.450849533081055 0.2
-6.004010200500488 -10.447349548339844 -6.264148712158203 0.2
-6.176650047302246 -10.529949188232422 -6.187950134277344 0.2
-6.331290245056152 -10.667652130126953 -6.226848602294922 0.2
-6.3709001541137695 -10.844348907470703 -6.327949523925781 0.2
-6.308099746704102 -11.021049499511719 -6.419748306274414 0.2
-6.206449508666992 -11.195350646972656 -6.384149551391602 0.2
-6.20419979095459 -11.278850555419922 -6.200649261474609 0.2
-6.335569381713867 -11.23604965209961 -6.047548294067383 0.2
-6.489569664001465 -11.105350494384766 -5.989849090576172 0.2
-6.558499336242676 -10.915351867675781 -6.03394889831543 0.2
-6.5383501052856445 -10.72555160522461 -6.119548797607422 0.2
-6.436809539794922 -10.547149658203125 -6.124948501586914 0.2
-6.326979637145996 -10.47705078125 -5.969449996948242 0.2
-6.339799880981445 -10.539451599121094 -5.773748397827148 0.2
-6.439139366149902 -10.675651550292969 -5.656049728393555 0.2
-6.532079696655273 -10.863349914550781 -5.6788482666015625 0.2
-6.525079727172852 -11.048049926757812 -5.773948669433594 0.2
-6.412260055541992 -11.213249206542969 -5.83074951171875 0.2
-6.28102970123291 -11.320850372314453 -5.72344970703125 0.2
-6.322079658508301 -11.331550598144531 -5.5256500244140625 0.2
-6.477939605712891 -11.261051177978516 -5.40934944152832 0.2
-6.633959770202637 -11.123649597167969 -5.412448883056641 0.2
-6.690659523010254 -10.935749053955078 -5.485748291015625 0.2
-6.655799865722656 -10.740852355957031 -5.549749374389648 0.2
-6.54280948638916 -10.570449829101562 -5.513349533081055 0.2
-6.517290115356445 -10.498050689697266 -5.329448699951172 0.2
-6.648650169372559 -10.558349609375 -5.185548782348633 0.2
-6.814029693603516 -10.684650421142578 -5.163349151611328 0.2
-6.906919479370117 -10.856651306152344 -5.237548828125 0.2
-6.883549690246582 -11.031951904296875 -5.347749710083008 0.2
-6.787989616394043 -11.212051391601562 -5.382148742675781 0.2
-6.709929466247559 -11.334651947021484 -5.240848541259766 0.2
-6.787389755249023 -11.322551727294922 -5.053548812866211 0.2
-6.934869766235352 -11.212348937988281 -4.954248428344727 0.2
-7.0453996658325195 -11.035152435302734 -4.95374870300293 0.2
-7.057899475097656 -10.841751098632812 -5.030448913574219 0.2
-6.986379623413086 -10.653152465820312 -5.078649520874023 0.2
-6.849919319152832 -10.53805160522461 -4.980449676513672 0.2
-6.823919296264648 -10.567852020263672 -4.781349182128906 0.2
-6.909749984741211 -10.686351776123047 -4.634248733520508 0.2
-7.028200149536133 -10.859249114990234 -4.614049911499023 0.2
-7.069099426269531 -11.046852111816406 -4.69474983215332 0.2
-7.014599800109863 -11.22705078125 -4.783149719238281 0.2
-6.86106014251709 -11.36294937133789 -4.766349792480469 0.2
-6.806670188903809 -11.408649444580078 -4.579248428344727 0.2
-6.913459777832031 -11.35715103149414 -4.410348892211914 0.2
-7.0731000900268555 -11.242252349853516 -4.347848892211914 0.2
-7.177399635314941 -11.06515121459961 -4.3970489501953125 0.2
-7.179299354553223 -10.870349884033203 -4.471649169921875 0.2
-7.090000152587891 -10.684951782226562 -4.495550155639648 0.2
-6.996699333190918 -10.57025146484375 -4.358049392700195 0.2
-7.0680999755859375 -10.589550018310547 -4.169649124145508 0.2
-7.226300239562988 -10.698348999023438 -4.092449188232422 0.2
-7.359999656677246 -10.858749389648438 -4.128049850463867 0.2
-7.377799987792969 -11.0384521484375 -4.231449127197266 0.2
-7.311399459838867 -11.217849731445312 -4.312950134277344 0.2
-7.196100234985352 -11.372150421142578 -4.241849899291992 0.2
-7.202899932861328 -11.411949157714844 -4.044849395751953 0.2
-7.333399772644043 -11.332050323486328 -3.9063491821289062 0.2
-7.477700233459473 -11.181652069091797 -3.8693485260009766 0.2
-7.5329999923706055 -10.99045181274414 -3.92864990234375 0.2
-7.502499580383301 -10.798851013183594 -4.004949569702148 0.2
-7.3787994384765625 -10.637550354003906 -3.9714488983154297 0.2
-7.307299613952637 -10.603649139404297 -3.786348342895508 0.2
-7.379300117492676 -10.695751190185547 -3.616649627685547 0.2
-7.508600234985352 -10.847949981689453 -3.553049087524414 0.2
-7.587599754333496 -11.03525161743164 -3.604349136352539 0.2
-7.581500053405762 -11.219951629638672 -3.7011489868164062 0.2
-7.465999603271484 -11.386051177978516 -3.747549057006836 0.2
-7.335700035095215 -11.47304916381836 -3.621349334716797 0.2
-7.369599342346191 -11.445449829101562 -3.4223499298095703 0.2
-7.504899978637695 -11.344551086425781 -3.3009490966796875 0.2
-7.6399993896484375 -11.18185043334961 -3.302549362182617 0.2
-7.683599472045898 -10.99045181274414 -3.3735485076904297 0.2
-7.637800216674805 -10.797248840332031 -3.4366493225097656 0.2
-7.507599830627441 -10.652050018310547 -3.3741493225097656 0.2
-7.4863996505737305 -10.637649536132812 -3.1748485565185547 0.2
-7.597399711608887 -10.734550476074219 -3.0292491912841797 0.2
-7.739999771118164 -10.887149810791016 -3.0004501342773438 0.2
-7.804100036621094 -11.07025146484375 -3.0770492553710938 0.2
-7.777799606323242 -11.250652313232422 -3.179248809814453 0.2
-7.6561994552612305 -11.416252136230469 -3.182748794555664 0.2
-7.579400062561035 -11.486148834228516 -3.0108489990234375 0.2
-7.653299331665039 -11.430549621582031 -2.8268489837646484 0.2
-7.790499687194824 -11.299152374267578 -2.737548828125 0.2
-7.883999824523926 -11.113449096679688 -2.760549545288086 0.2
-7.892000198364258 -10.921550750732422 -2.8434486389160156 0.2
-7.796199798583984 -10.741851806640625 -2.8757495880126953 0.2
-7.666699409484863 -10.660751342773438 -2.7437496185302734 0.2
-7.677199363708496 -10.718650817871094 -2.547748565673828 0.2
-7.786699295043945 -10.850452423095703 -2.430849075317383 0.2
-7.899499893188477 -11.029850006103516 -2.436349868774414 0.2
-7.931300163269043 -11.216251373291016 -2.525348663330078 0.2
-7.870399475097656 -11.395751953125 -2.610048294067383 0.2
-7.716799736022949 -11.520648956298828 -2.560850143432617 0.2
-7.673199653625488 -11.532352447509766 -2.3640499114990234 0.2
-7.769800186157227 -11.449150085449219 -2.200948715209961 0.2
-7.911600112915039 -11.303050994873047 -2.1470489501953125 0.2
-7.987199783325195 -11.113948822021484 -2.1960487365722656 0.2
-7.979700088500977 -10.920249938964844 -2.2733497619628906 0.2
-7.858799934387207 -10.751750946044922 -2.275449752807617 0.2
-7.763099670410156 -10.69375228881836 -2.109048843383789 0.2
-7.821499824523926 -10.766448974609375 -1.9258499145507812 0.2
-7.954799652099609 -10.904350280761719 -1.8412494659423828 0.2
-8.054999351501465 -11.085151672363281 -1.8777484893798828 0.2
-8.068300247192383 -11.267349243164062 -1.9794483184814453 0.2
-7.978899955749512 -11.444751739501953 -2.039348602294922 0.2
-7.846099853515625 -11.55215072631836 -1.9305496215820312 0.2
-7.852999687194824 -11.530052185058594 -1.7279491424560547 0.2
-7.963099479675293 -11.419952392578125 -1.5890483856201172 0.2
-8.080100059509277 -11.246051788330078 -1.5653495788574219 0.2
-8.121600151062012 -11.053852081298828 -1.6354484558105469 0.2
-8.071999549865723 -10.863750457763672 -1.7043495178222656 0.2
-7.921099662780762 -10.73794937133789 -1.6487483978271484 0.2
-7.862400054931641 -10.752750396728516 -1.4554500579833984 0.2
-7.9319000244140625 -10.864151000976562 -1.2940483093261719 0.2
-8.054900169372559 -11.029552459716797 -1.2463493347167969 0.2
-8.120100021362305 -11.217849731445312 -1.310049057006836 0.2
-8.107199668884277 -11.402851104736328 -1.4066486358642578 0.2
-7.972399711608887 -11.556251525878906 -1.4336490631103516 0.2
-7.861599922180176 -11.611652374267578 -1.2756500244140625 0.2
-7.904799461364746 -11.553951263427734 -1.081949234008789 0.2
-8.032499313354492 -11.428749084472656 -0.9746494293212891 0.2
-8.13949966430664 -11.247051239013672 -0.9867496490478516 0.2
-8.163999557495117 -11.053550720214844 -1.0627498626708984 0.2
-8.085599899291992 -10.868751525878906 -1.1145496368408203 0.2
-7.946000099182129 -10.765350341796875 -1.0106487274169922 0.2
-7.939299583435059 -10.799850463867188 -0.8097496032714844 0.2
-8.045700073242188 -10.918651580810547 -0.6767482757568359 0.2
-8.169499397277832 -11.090450286865234 -0.6623497009277344 0.2
-8.214499473571777 -11.275951385498047 -0.7475490570068359 0.2
-8.17449951171875 -11.45865249633789 -0.8389492034912109 0.2
-8.027999877929688 -11.599250793457031 -0.8086490631103516 0.2
-7.957599639892578 -11.623649597167969 -0.6204490661621094 0.2
-8.020599365234375 -11.543750762939453 -0.4400501251220703 0.2
-8.143899917602539 -11.391849517822266 -0.3592491149902344 0.2
-8.217899322509766 -11.201148986816406 -0.40094947814941406 0.2
-8.218199729919434 -11.008651733398438 -0.4823493957519531 0.2
-8.090799331665039 -10.845649719238281 -0.4951496124267578 0.2
-7.967499732971191 -10.805950164794922 -0.3410491943359375 0.2
-7.985899925231934 -10.890449523925781 -0.15304946899414062 0.2
-8.092100143432617 -11.03955078125 -0.05074882507324219 0.2
-8.181900024414062 -11.228351593017578 -0.07534980773925781 0.2
-8.201799392700195 -11.41604995727539 -0.1658496856689453 0.2
-8.108699798583984 -11.586849212646484 -0.2406482696533203 0.2
-7.95259952545166 -11.681049346923828 -0.154449462890625 0.2
-7.932700157165527 -11.656349182128906 0.047550201416015625 0.2
-8.03030014038086 -11.554248809814453 0.2008514404296875 0.2
-8.158699989318848 -11.388851165771484 0.2346515655517578 0.2
-8.215299606323242 -11.19635009765625 0.17545127868652344 0.2
-8.1875 -11.002952575683594 0.10085105895996094 0.2
-8.04539966583252 -10.857250213623047 0.12775039672851562 0.2
-7.972199440002441 -10.842449188232422 0.31545066833496094 0.2
-8.035099983215332 -10.93695068359375 0.48995018005371094 0.2
-8.159799575805664 -11.093650817871094 0.5569515228271484 0.2
-8.23289966583252 -11.282051086425781 0.5026512145996094 0.2
-8.230400085449219 -11.467052459716797 0.4040508270263672 0.2
-8.110799789428711 -11.63125228881836 0.3663501739501953 0.2
-7.982099533081055 -11.701950073242188 0.5055503845214844 0.2
-7.982500076293945 -11.662750244140625 0.7094516754150391 0.2
-8.08489990234375 -11.541351318359375 0.8450508117675781 0.2
-8.187199592590332 -11.357349395751953 0.8460502624511719 0.2
-8.221799850463867 -11.165351867675781 0.7690505981445312 0.2
-8.147799491882324 -10.979549407958984 0.7125511169433594 0.2
-7.994199752807617 -10.88385009765625 0.8035507202148438 0.2
-7.953399658203125 -10.926849365234375 1.0005512237548828 0.2
-8.025199890136719 -11.052452087402344 1.1491508483886719 0.2
-8.130199432373047 -11.235851287841797 1.1719512939453125 0.2
-8.170700073242188 -11.426849365234375 1.096151351928711 0.2
-8.127699851989746 -11.608749389648438 1.0031509399414062 0.2
-7.9670000076293945 -11.735450744628906 1.0144500732421875 0.2
-7.8802995681762695 -11.751449584960938 1.1968517303466797 0.2
-7.937399864196777 -11.674949645996094 1.3813514709472656 0.2
-8.066800117492676 -11.531551361083984 1.4657516479492188 0.2
-8.150199890136719 -11.341651916503906 1.433450698852539 0.2
-8.159299850463867 -11.14615249633789 1.3583507537841797 0.2
-8.046099662780762 -10.97275161743164 1.3324508666992188 0.2
-7.922999382019043 -10.904850006103516 1.47705078125 0.2
-7.935799598693848 -10.961250305175781 1.6765499114990234 0.2
-8.042699813842773 -11.094749450683594 1.796051025390625 0.2
-8.138099670410156 -11.281051635742188 1.7760505676269531 0.2
-8.157699584960938 -11.4676513671875 1.682149887084961 0.2
-8.075900077819824 -11.646251678466797 1.6104507446289062 0.2
-7.920899391174316 -11.757251739501953 1.6853504180908203 0.2
-7.861700057983398 -11.76504898071289 1.8842506408691406 0.2
-7.921899795532227 -11.684150695800781 2.064350128173828 0.2
-8.043499946594238 -11.516448974609375 2.10675048828125 0.2
-8.09689998626709 -11.323749542236328 2.0441513061523438 0.2
-8.064499855041504 -11.128650665283203 1.9742507934570312 0.2
-7.921299934387207 -10.983348846435547 2.0086517333984375 0.2
-7.846799850463867 -10.968952178955078 2.198251724243164 0.2
-7.892499923706055 -11.055950164794922 2.3823509216308594 0.2
-8.006400108337402 -11.220451354980469 2.448251724243164 0.2
-8.063399314880371 -11.413551330566406 2.389751434326172 0.2
-8.053099632263184 -11.600749969482422 2.294750213623047 0.2
-7.926699638366699 -11.759750366210938 2.2496509552001953 0.2
-7.787799835205078 -11.828350067138672 2.3807506561279297 0.2
-7.773799896240234 -11.799751281738281 2.586851119995117 0.2
-7.87239933013916 -11.68905258178711 2.7309513092041016 0.2
-7.979800224304199 -11.507049560546875 2.7337512969970703 0.2
-8.006799697875977 -11.31155014038086 2.662151336669922 0.2
-7.932000160217285 -11.122749328613281 2.6099510192871094 0.2
-7.790399551391602 -11.008949279785156 2.702850341796875 0.2
-7.748199462890625 -11.012451171875 2.90625 0.2
-7.817599296569824 -11.106849670410156 3.075550079345703 0.2
-7.933099746704102 -11.281150817871094 3.0965499877929688 0.2
-7.968099594116211 -11.469348907470703 3.010751724243164 0.2
-7.923399925231934 -11.653450012207031 2.9214515686035156 0.2
-7.773200035095215 -11.797550201416016 2.932950973510742 0.2
-7.662099838256836 -11.858951568603516 3.096151351928711 0.2
-7.664999961853027 -11.835750579833984 3.3008499145507812 0.2
-7.789699554443359 -11.703250885009766 3.4007511138916016 0.2
-7.868599891662598 -11.513050079345703 3.3614501953125 0.2
-7.870999336242676 -11.316452026367188 3.2880516052246094 0.2
-7.758699417114258 -11.137752532958984 3.277851104736328 0.2
-7.635499954223633 -11.056949615478516 3.4200515747070312 0.2
-7.609099388122559 -11.078651428222656 3.6258506774902344 0.2
-7.702400207519531 -11.204750061035156 3.7585506439208984 0.2
-7.790399551391602 -11.39255142211914 3.7291507720947266 0.2
-7.8035993576049805 -11.578449249267578 3.6317501068115234 0.2
-7.7186994552612305 -11.75775146484375 3.561450958251953 0.2
-7.561999320983887 -11.874149322509766 3.628551483154297 0.2
-7.480799674987793 -11.902549743652344 3.819150924682617 0.2
-7.526299476623535 -11.838550567626953 4.008750915527344 0.2
-7.6479997634887695 -11.674652099609375 4.056751251220703 0.2
-7.703299522399902 -11.480949401855469 3.9960498809814453 0.2
-7.678099632263184 -11.283050537109375 3.9296512603759766 0.2
-7.538800239562988 -11.129150390625 3.955251693725586 0.2
-7.426599502563477 -11.085948944091797 4.125450134277344 0.2
-7.416099548339844 -11.141349792480469 4.325351715087891 0.2
-7.518899917602539 -11.301849365234375 4.410251617431641 0.2
-7.580100059509277 -11.493549346923828 4.349050521850586 0.2
-7.572299957275391 -11.679149627685547 4.249950408935547 0.2
-7.446999549865723 -11.841651916503906 4.203451156616211 0.2
-7.298199653625488 -11.922950744628906 4.321050643920898 0.2
-7.2425994873046875 -11.922149658203125 4.522951126098633 0.2
-7.326600074768066 -11.82025146484375 4.681449890136719 0.2
-7.432600021362305 -11.638252258300781 4.688350677490234 0.2
-7.473699569702148 -11.443550109863281 4.618350982666016 0.2
-7.4126996994018555 -11.249752044677734 4.5646514892578125 0.2
-7.259699821472168 -11.131649017333984 4.6365509033203125 0.2
-7.163299560546875 -11.123550415039062 4.822551727294922 0.2
-7.185299873352051 -11.218250274658203 5.003749847412109 0.2
-7.283599853515625 -11.40114974975586 5.040349960327148 0.2
-7.325699806213379 -11.59054946899414 4.958051681518555 0.2
-7.290800094604492 -11.774650573730469 4.862850189208984 0.2
-7.134300231933594 -11.912349700927734 4.853750228881836 0.2
-6.997900009155273 -11.961349487304688 5.002750396728516 0.2
-6.968440055847168 -11.930351257324219 5.205751419067383 0.2
-7.072099685668945 -11.795452117919922 5.326650619506836 0.2
-7.158999443054199 -11.605449676513672 5.301351547241211 0.2
-7.185999870300293 -11.408950805664062 5.229949951171875 0.2
-7.084499359130859 -11.227352142333984 5.1943511962890625 0.2
-6.92842960357666 -11.14645004272461 5.302350997924805 0.2
-6.845389366149902 -11.16815185546875 5.494050979614258 0.2
-6.893019676208496 -11.296951293945312 5.648250579833984 0.2
-6.977469444274902 -11.489452362060547 5.641651153564453 0.2
-7.0087995529174805 -11.677249908447266 5.549650192260742 0.2
-6.93848991394043 -11.85565185546875 5.460550308227539 0.2
-6.7662200927734375 -11.965950012207031 5.492650985717773 0.2
-6.645079612731934 -11.989749908447266 5.663150787353516 0.2
-6.645170211791992 -11.929149627685547 5.861150741577148 0.2
-6.755589485168457 -11.768451690673828 5.939750671386719 0.2
-6.829750061035156 -11.575752258300781 5.893350601196289 0.2
-6.8331499099731445 -11.376850128173828 5.822050094604492 0.2
-6.69905948638916 -11.21615219116211 5.8110504150390625 0.2
-6.5492095947265625 -11.168651580810547 5.948850631713867 0.2
-6.485340118408203 -11.221752166748047 6.150251388549805 0.2
-6.564149856567383 -11.392650604248047 6.264350891113281 0.2
-6.634209632873535 -11.597652435302734 6.210350036621094 0.2
-6.636899948120117 -11.795452117919922 6.106451034545898 0.2
-6.493869781494141 -11.95534896850586 6.053050994873047 0.2
-6.323259353637695 -12.01565170288086 6.179250717163086 0.2
-6.254539489746094 -11.988750457763672 6.388151168823242 0.2
-6.344759941101074 -11.84695053100586 6.530050277709961 0.2
-6.438619613647461 -11.64535140991211 6.508150100708008 0.2
-6.468629837036133 -11.436649322509766 6.433050155639648 0.2
-6.3478498458862305 -11.254852294921875 6.397050857543945 0.2
-6.177350044250488 -11.19525146484375 6.5245513916015625 0.2
