-20.056798934936523 7.801948547363281 3.2296504974365234 0.2
-19.866199493408203 7.760547637939453 3.1310501098632812 0.2
-19.685699462890625 7.798347473144531 3.0222511291503906 0.2
-19.61359977722168 7.987949371337891 2.9807510375976562 0.2
-19.61870002746582 8.18844985961914 3.0488510131835938 0.2
-19.5718994140625 8.29134750366211 3.223051071166992 0.2
-19.482099533081055 8.22705078125 3.4019508361816406 0.2
-19.377500534057617 8.089149475097656 3.5275516510009766 0.2
-19.249099731445312 7.925251007080078 3.5487499237060547 0.2
-19.231300354003906 7.756950378417969 3.428150177001953 0.2
-19.33650016784668 7.654350280761719 3.274150848388672 0.2
-19.49650001525879 7.595550537109375 3.1448516845703125 0.2
-19.702899932861328 7.58074951171875 3.1164512634277344 0.2
-19.849599838256836 7.651847839355469 3.2704505920410156 0.2
-19.874099731445312 7.761051177978516 3.4704513549804688 0.2
-19.762399673461914 7.83905029296875 3.645650863647461 0.2
-19.568500518798828 7.959751129150391 3.6713504791259766 0.2
-19.361499786376953 7.961650848388672 3.7562503814697266 0.2
-19.220399856567383 7.863948822021484 3.9059505462646484 0.2
-19.24020004272461 7.693248748779297 4.046451568603516 0.2
-19.323699951171875 7.514549255371094 4.166851043701172 0.2
-19.317100524902344 7.295749664306641 4.155050277709961 0.2
-19.164499282836914 7.207847595214844 4.013151168823242 0.2
-19.01650047302246 7.288448333740234 3.8636512756347656 0.2
-18.966800689697266 7.434947967529297 3.6979503631591797 0.2
-18.993999481201172 7.63385009765625 3.5928516387939453 0.2
-19.042699813842773 7.841449737548828 3.6483516693115234 0.2
-19.02519989013672 7.895050048828125 3.859149932861328 0.2
-18.94849967956543 7.794948577880859 4.051050186157227 0.2
-18.88119888305664 7.6452484130859375 4.208650588989258 0.2
-18.789100646972656 7.479450225830078 4.334751129150391 0.2
-18.675899505615234 7.287750244140625 4.329450607299805 0.2
-18.75149917602539 7.120048522949219 4.210151672363281 0.2
-18.965499877929688 7.099948883056641 4.146150588989258 0.2
-19.179399490356445 7.157447814941406 4.211250305175781 0.2
-19.337499618530273 7.2326507568359375 4.3670501708984375 0.2
-19.36359977722168 7.279148101806641 4.580951690673828 0.2
-19.178499221801758 7.266448974609375 4.685750961303711 0.2
-18.98430061340332 7.333148956298828 4.578151702880859 0.2
-18.760499954223633 7.3448486328125 4.563350677490234 0.2
-18.57509994506836 7.279548645019531 4.679349899291992 0.2
-18.55139923095703 7.1741485595703125 4.877250671386719 0.2
-18.74519920349121 7.148048400878906 4.966251373291016 0.2
-18.969600677490234 7.182849884033203 4.918149948120117 0.2
-19.122798919677734 7.0527496337890625 4.995250701904297 0.2
-19.03219985961914 6.859951019287109 5.05055046081543 0.2
-18.845699310302734 6.7525482177734375 4.972850799560547 0.2
-18.7185001373291 6.708850860595703 4.790151596069336 0.2
-18.649999618530273 6.820247650146484 4.603851318359375 0.2
-18.547500610351562 7.004249572753906 4.52345085144043 0.2
-18.413599014282227 7.1376495361328125 4.636350631713867 0.2
-18.320098876953125 7.107448577880859 4.843151092529297 0.2
-18.212099075317383 7.014747619628906 5.021551132202148 0.2
-18.051300048828125 6.878150939941406 5.10004997253418 0.2
-17.938600540161133 6.736049652099609 4.977550506591797 0.2
-18.03369903564453 6.674949645996094 4.788351058959961 0.2
-18.243000030517578 6.699249267578125 4.700750350952148 0.2
-18.46419906616211 6.718650817871094 4.738950729370117 0.2
-18.572999954223633 6.671550750732422 4.934551239013672 0.2
-18.52790069580078 6.6369476318359375 5.154350280761719 0.2
-18.330900192260742 6.6925506591796875 5.24165153503418 0.2
-18.107500076293945 6.717750549316406 5.261850357055664 0.2
-17.960500717163086 6.601348876953125 5.392250061035156 0.2
-17.974199295043945 6.416851043701172 5.523151397705078 0.2
-18.154600143432617 6.305747985839844 5.4826507568359375 0.2
-18.35540008544922 6.376949310302734 5.389551162719727 0.2
-18.538599014282227 6.332347869873047 5.490751266479492 0.2
-18.505800247192383 6.141048431396484 5.595550537109375 0.2
-18.354900360107422 5.998847961425781 5.507551193237305 0.2
-18.216699600219727 5.966548919677734 5.32965087890625 0.2
-18.089000701904297 6.037448883056641 5.170751571655273 0.2
-17.968599319458008 6.2066497802734375 5.108449935913086 0.2
-17.856698989868164 6.380649566650391 5.162750244140625 0.2
-17.792098999023438 6.4389495849609375 5.353851318359375 0.2
-17.76849937438965 6.336048126220703 5.54425048828125 0.2
-17.737998962402344 6.189849853515625 5.702451705932617 0.2
-17.633699417114258 6.029548645019531 5.796850204467773 0.2
-17.4960994720459 5.907947540283203 5.698150634765625 0.2
-17.49410057067871 5.8923492431640625 5.486650466918945 0.2
-17.608999252319336 5.94635009765625 5.311151504516602 0.2
-17.797800064086914 5.973751068115234 5.215551376342773 0.2
-17.983699798583984 5.9093475341796875 5.293550491333008 0.2
-18.080699920654297 5.851650238037109 5.481349945068359 0.2
-18.054899215698242 5.84375 5.689451217651367 0.2
-17.900299072265625 5.9241485595703125 5.824251174926758 0.2
-17.79400062561035 5.894748687744141 6.003850936889648 0.2
-17.801700592041016 5.765750885009766 6.179349899291992 0.2
-17.86680030822754 5.697349548339844 6.374050140380859 0.2
-17.998498916625977 5.726749420166016 6.54115104675293 0.2
-18.195199966430664 5.7998504638671875 6.527551651000977 0.2
-18.2814998626709 5.854747772216797 6.340551376342773 0.2
-18.247900009155273 5.882648468017578 6.125850677490234 0.2
-18.242799758911133 5.8094482421875 5.92595100402832 0.2
-18.292600631713867 5.6105499267578125 5.885351181030273 0.2
-18.219900131225586 5.449550628662109 6.005849838256836 0.2
-18.06329917907715 5.395748138427734 6.14845085144043 0.2
-17.953399658203125 5.45684814453125 6.326650619506836 0.2
-17.9330997467041 5.473350524902344 6.53645133972168 0.2
-17.99959945678711 5.353847503662109 6.706451416015625 0.2
-17.99289894104004 5.169651031494141 6.81355094909668 0.2
-17.898500442504883 5.002250671386719 6.731651306152344 0.2
-17.860700607299805 4.993648529052734 6.523651123046875 0.2
-17.90369987487793 5.0986480712890625 6.338050842285156 0.2
-18.026399612426758 5.1983489990234375 6.191450119018555 0.2
-18.231698989868164 5.216449737548828 6.112649917602539 0.2
-18.441999435424805 5.162750244140625 6.111249923706055 0.2
-18.555299758911133 5.0249481201171875 6.224651336669922 0.2
-18.45359992980957 4.944248199462891 6.386150360107422 0.2
-18.282899856567383 5.055049896240234 6.454950332641602 0.2
-18.194299697875977 5.224849700927734 6.556251525878906 0.2
-18.23740005493164 5.233551025390625 6.759651184082031 0.2
-18.38089942932129 5.0939483642578125 6.838951110839844 0.2
-18.53890037536621 4.951148986816406 6.785551071166992 0.2
-18.60849952697754 4.8576507568359375 6.59425163269043 0.2
-18.63520050048828 4.682949066162109 6.477849960327148 0.2
-18.53350067138672 4.494350433349609 6.504951477050781 0.2
-18.353700637817383 4.402549743652344 6.588451385498047 0.2
-18.19879913330078 4.464649200439453 6.720550537109375 0.2
-18.146299362182617 4.648048400878906 6.798151016235352 0.2
-18.20170021057129 4.835548400878906 6.860950469970703 0.2
-18.37419891357422 4.896747589111328 6.948251724243164 0.2
-18.53619956970215 4.802650451660156 7.036350250244141 0.2
-18.63249969482422 4.644050598144531 7.12965202331543 0.2
-18.58769989013672 4.458351135253906 7.199750900268555 0.2
-18.43790054321289 4.342647552490234 7.125551223754883 0.2
-18.327999114990234 4.318748474121094 6.950250625610352 0.2
-18.349899291992188 4.278850555419922 6.749851226806641 0.2
-18.494400024414062 4.198150634765625 6.618350982666016 0.2
-18.681299209594727 4.114650726318359 6.587650299072266 0.2
-18.839399337768555 4.136848449707031 6.711650848388672 0.2
-18.865400314331055 4.3132476806640625 6.813251495361328 0.2
-18.814199447631836 4.490550994873047 6.9089508056640625 0.2
-18.8351993560791 4.5155487060546875 7.108152389526367 0.2
-18.9468994140625 4.386348724365234 7.223451614379883 0.2
-19.0846004486084 4.228248596191406 7.22545051574707 0.2
-19.187700271606445 4.10784912109375 7.094350814819336 0.2
-19.125 4.0511474609375 6.90625 0.2
-18.999399185180664 3.9855499267578125 6.7503509521484375 0.2
-19.005399703979492 3.820148468017578 6.6282501220703125 0.2
-19.0531005859375 3.6197509765625 6.667551040649414 0.2
-19.045400619506836 3.4676475524902344 6.811250686645508 0.2
-18.971799850463867 3.4725494384765625 7.007450103759766 0.2
-18.916399002075195 3.6251487731933594 7.141550064086914 0.2
-18.904399871826172 3.8156509399414062 7.233251571655273 0.2
-19.0221004486084 3.9738502502441406 7.294851303100586 0.2
-19.224599838256836 3.9625511169433594 7.340452194213867 0.2
-19.37779998779297 3.8287506103515625 7.399652481079102 0.2
-19.433300018310547 3.6397476196289062 7.47144889831543 0.2
-19.33650016784668 3.4561500549316406 7.467649459838867 0.2
-19.20680046081543 3.3668479919433594 7.328149795532227 0.2
-19.1117000579834 3.3290481567382812 7.141752243041992 0.2
-19.11949920654297 3.2949485778808594 6.932050704956055 0.2
-19.256099700927734 3.2189483642578125 6.789350509643555 0.2
-19.437000274658203 3.1108474731445312 6.77545166015625 0.2
-19.573400497436523 3.1038475036621094 6.930850982666016 0.2
-19.596399307250977 3.2691497802734375 7.057851791381836 0.2
-19.573999404907227 3.4755477905273438 7.115449905395508 0.2
-19.589099884033203 3.5962486267089844 7.285348892211914 0.2
-19.701499938964844 3.5331497192382812 7.450952529907227 0.2
-19.85930061340332 3.3953475952148438 7.491849899291992 0.2
-19.996200561523438 3.2635498046875 7.401052474975586 0.2
-19.976600646972656 3.1635475158691406 7.218050003051758 0.2
-19.824298858642578 3.0771484375 7.092351913452148 0.2
-19.728099822998047 2.9606475830078125 6.940650939941406 0.2
-19.789499282836914 2.784648895263672 6.84105110168457 0.2
-19.882400512695312 2.602649688720703 6.907751083374023 0.2
-19.900999069213867 2.50164794921875 7.093549728393555 0.2
-19.858600616455078 2.584247589111328 7.285852432250977 0.2
-19.82159996032715 2.752849578857422 7.414949417114258 0.2
-19.82040023803711 2.9406509399414062 7.520452499389648 0.2
-19.960399627685547 3.0923500061035156 7.560850143432617 0.2
-20.171199798583984 3.0650482177734375 7.572851181030273 0.2
-20.333799362182617 2.927448272705078 7.606351852416992 0.2
-20.370899200439453 2.7231483459472656 7.652151107788086 0.2
-20.266698837280273 2.5492477416992188 7.589849472045898 0.2
-20.144498825073242 2.4636497497558594 7.434450149536133 0.2
-20.045499801635742 2.4035491943359375 7.252252578735352 0.2
-20.069299697875977 2.3694496154785156 7.039552688598633 0.2
-20.232099533081055 2.306549072265625 6.913751602172852 0.2
-20.431798934936523 2.245147705078125 6.954750061035156 0.2
-20.523500442504883 2.3285484313964844 7.129049301147461 0.2
-20.503799438476562 2.52655029296875 7.215452194213867 0.2
-20.479400634765625 2.7225494384765625 7.305452346801758 0.2
-20.54960060119629 2.791149139404297 7.494550704956055 0.2
-20.726699829101562 2.7095489501953125 7.584451675415039 0.2
-20.909399032592773 2.604248046875 7.536748886108398 0.2
-20.984498977661133 2.5048484802246094 7.362451553344727 0.2
-20.87820053100586 2.379650115966797 7.222551345825195 0.2
-20.729000091552734 2.2455482482910156 7.133951187133789 0.2
-20.685400009155273 2.1121482849121094 6.967750549316406 0.2
-20.815000534057617 1.9648475646972656 6.877750396728516 0.2
-20.95789909362793 1.8200492858886719 6.954351425170898 0.2
-20.999000549316406 1.7889480590820312 7.16505241394043 0.2
-20.97119903564453 1.9130477905273438 7.342451095581055 0.2
-20.936100006103516 2.069549560546875 7.489850997924805 0.2
-20.9429988861084 2.257648468017578 7.599248886108398 0.2
-21.091400146484375 2.4118499755859375 7.58635139465332 0.2
-21.304500579833984 2.3888511657714844 7.545251846313477 0.2
-21.47909927368164 2.2578506469726562 7.54224967956543 0.2
-21.504499435424805 2.044048309326172 7.536951065063477 0.2
-21.398000717163086 1.8866500854492188 7.430051803588867 0.2
-21.27239990234375 1.7801475524902344 7.286050796508789 0.2
-21.170799255371094 1.7021484375 7.107450485229492 0.2
-21.210599899291992 1.6877479553222656 6.891950607299805 0.2
-21.396400451660156 1.6600494384765625 6.777551651000977 0.2
-21.591299057006836 1.673248291015625 6.869050979614258 0.2
-21.614200592041016 1.8267478942871094 7.024150848388672 0.2
-21.556798934936523 2.020549774169922 7.112451553344727 0.2
-21.535999298095703 2.200450897216797 7.237749099731445 0.2
-21.676599502563477 2.248748779296875 7.395750045776367 0.2
-21.891199111938477 2.202850341796875 7.387350082397461 0.2
-22.050498962402344 2.1530494689941406 7.245550155639648 0.2
-22.040199279785156 2.046947479248047 7.054449081420898 0.2
-21.9335994720459 1.8700485229492188 6.974250793457031 0.2
-21.824899673461914 1.6922492980957031 6.899351119995117 0.2
-21.806798934936523 1.5690498352050781 6.717250823974609 0.2
-21.97049903869629 1.4864501953125 6.594751358032227 0.2
-22.167699813842773 1.4010505676269531 6.643251419067383 0.2
-22.244998931884766 1.4196510314941406 6.848649978637695 0.2
-22.222700119018555 1.546051025390625 7.029050827026367 0.2
-22.190799713134766 1.6877479553222656 7.195650100708008 0.2
-22.177900314331055 1.8712501525878906 7.318849563598633 0.2
-22.274700164794922 2.0613479614257812 7.273752212524414 0.2
-22.473100662231445 2.0900497436523438 7.176950454711914 0.2
-22.66699981689453 1.9934501647949219 7.129751205444336 0.2
-22.709999084472656 1.7814483642578125 7.093549728393555 0.2
-22.61859893798828 1.6119499206542969 6.981050491333008 0.2
-22.510900497436523 1.4699478149414062 6.848451614379883 0.2
-22.41160011291504 1.3651504516601562 6.678150177001953 0.2
-22.433700561523438 1.3713493347167969 6.457151412963867 0.2
-22.611099243164062 1.3966484069824219 6.322050094604492 0.2
-22.811599731445312 1.4555511474609375 6.390251159667969 0.2
-22.824600219726562 1.6170501708984375 6.544151306152344 0.2
-22.759300231933594 1.8012504577636719 6.6524505615234375 0.2
-22.731199264526367 1.9803504943847656 6.785051345825195 0.2
-22.886699676513672 2.071949005126953 6.913450241088867 0.2
-23.101200103759766 2.0988502502441406 6.855451583862305 0.2
-23.217500686645508 2.0964508056640625 6.666250228881836 0.2
-23.176000595092773 1.9576492309570312 6.497150421142578 0.2
-23.110000610351562 1.7504501342773438 6.442350387573242 0.2
-23.041399002075195 1.5476493835449219 6.375551223754883 0.2
-23.018798828125 1.4355506896972656 6.18494987487793 0.2
-23.176599502563477 1.4372482299804688 6.026851654052734 0.2
-23.40060043334961 1.4361495971679688 6.026350021362305 0.2
-23.520898818969727 1.476348876953125 6.199850082397461 0.2
-23.517398834228516 1.5863494873046875 6.3818511962890625 0.2
-23.495899200439453 1.7078475952148438 6.554250717163086 0.2
-23.467899322509766 1.8554496765136719 6.706550598144531 0.2
-23.465299606323242 2.0657501220703125 6.715250015258789 0.2
-23.59280014038086 2.1907501220703125 6.599250793457031 0.2
-23.78350067138672 2.2054481506347656 6.503450393676758 0.2
-23.929399490356445 2.06195068359375 6.450550079345703 0.2
-23.905500411987305 1.8705482482910156 6.361351013183594 0.2
-23.823400497436523 1.7118492126464844 6.247150421142578 0.2
-23.735198974609375 1.5640487670898438 6.12285041809082 0.2
-23.651399612426758 1.4967498779296875 5.938850402832031 0.2
-23.69700050354004 1.5647506713867188 5.742351531982422 0.2
-23.846799850463867 1.6499481201171875 5.613151550292969 0.2
-24.03809928894043 1.7436485290527344 5.619550704956055 0.2
-24.088300704956055 1.8822479248046875 5.772550582885742 0.2
-24.024599075317383 2.037548065185547 5.905851364135742 0.2
-23.964500427246094 2.193950653076172 6.040851593017578 0.2
-24.039100646972656 2.3240509033203125 6.190950393676758 0.2
-24.23379898071289 2.4082489013671875 6.181051254272461 0.2
-24.375 2.4764480590820312 6.036149978637695 0.2
-24.380800247192383 2.4495506286621094 5.826450347900391 0.2
-24.33810043334961 2.2727508544921875 5.71405029296875 0.2
-24.310699462890625 2.069549560546875 5.656949996948242 0.2
-24.270700454711914 1.8875503540039062 5.553150177001953 0.2
-24.27429962158203 1.8521499633789062 5.34425163269043 0.2
-24.419198989868164 1.9190483093261719 5.201450347900391 0.2
-24.62179946899414 1.9755477905273438 5.165349960327148 0.2
-24.770599365234375 2.030548095703125 5.305551528930664 0.2
-24.7908992767334 2.1252479553222656 5.494251251220703 0.2
-24.78459930419922 2.2301483154296875 5.677751541137695 0.2
-24.757400512695312 2.365650177001953 5.839450836181641 0.2
-24.71579933166504 2.5710487365722656 5.852849960327148 0.2
-24.795700073242188 2.724750518798828 5.7297515869140625 0.2
-24.9591007232666 2.785350799560547 5.607250213623047 0.2
-25.111799240112305 2.6738510131835938 5.515451431274414 0.2
-25.10099983215332 2.4867477416992188 5.417150497436523 0.2
-25.02720069885254 2.31884765625 5.3128509521484375 0.2
-24.940898895263672 2.163349151611328 5.198650360107422 0.2
-24.83049964904785 2.1048507690429688 5.028251647949219 0.2
-24.82069969177246 2.2071495056152344 4.843351364135742 0.2
-24.933799743652344 2.3499488830566406 4.732749938964844 0.2
-25.065099716186523 2.4965476989746094 4.809051513671875 0.2
-25.036399841308594 2.6230506896972656 4.977149963378906 0.2
-24.954500198364258 2.7392501831054688 5.134450912475586 0.2
-24.944599151611328 2.867847442626953 5.303050994873047 0.2
-25.090900421142578 3.0061492919921875 5.363151550292969 0.2
-25.210399627685547 3.1386489868164062 5.2485504150390625 0.2
-25.225000381469727 3.216949462890625 5.0534515380859375 0.2
-25.170000076293945 3.1086502075195312 4.881650924682617 0.2
-25.17609977722168 2.9087486267089844 4.806650161743164 0.2
-25.18400001525879 2.7082481384277344 4.735851287841797 0.2
-25.1387996673584 2.581249237060547 4.574651718139648 0.2
-25.155500411987305 2.650848388671875 4.376550674438477 0.2
-25.292400360107422 2.7774505615234375 4.274450302124023 0.2
-25.468000411987305 2.8727493286132812 4.340450286865234 0.2
-25.533100128173828 2.9493484497070312 4.526851654052734 0.2
-25.548500061035156 3.0255508422851562 4.721950531005859 0.2
-25.538999557495117 3.1194496154785156 4.909551620483398 0.2
-25.450899124145508 3.2849502563476562 4.999549865722656 0.2
-25.40869903564453 3.4697494506835938 4.910551071166992 0.2
-25.47319984436035 3.6097488403320312 4.766151428222656 0.2
-25.618200302124023 3.6270484924316406 4.617151260375977 0.2
-25.68429946899414 3.4730491638183594 4.493551254272461 0.2
-25.650800704956055 3.2904510498046875 4.394050598144531 0.2
-25.59779930114746 3.113250732421875 4.294549942016602 0.2
-25.48579978942871 2.988147735595703 4.168550491333008 0.2
-25.355499267578125 3.0526504516601562 4.004550933837891 0.2
-25.35140037536621 3.2361488342285156 3.8793506622314453 0.2
-25.438899993896484 3.4307479858398438 3.9265499114990234 0.2
-25.42569923400879 3.5367507934570312 4.120151519775391 0.2
-25.353599548339844 3.606548309326172 4.318349838256836 0.2
-25.374399185180664 3.7248497009277344 4.500949859619141 0.2
-25.48979949951172 3.9088478088378906 4.507551193237305 0.2
-25.51959991455078 4.076148986816406 4.366849899291992 0.2
-25.445600509643555 4.1302490234375 4.169450759887695 0.2
-25.405099868774414 3.9819488525390625 4.014551162719727 0.2
-25.4596004486084 3.784748077392578 3.931051254272461 0.2
-25.47480010986328 3.601947784423828 3.810150146484375 0.2
-25.406400680541992 3.584247589111328 3.6053504943847656 0.2
-25.439300537109375 3.7414474487304688 3.455751419067383 0.2
-25.58289909362793 3.903850555419922 3.4320507049560547 0.2
-25.706899642944336 4.004947662353516 3.583150863647461 0.2
-25.75429916381836 4.075248718261719 3.7851505279541016 0.2
-25.768600463867188 4.152950286865234 3.989450454711914 0.2
-25.660200119018555 4.279949188232422 4.126350402832031 0.2
-25.544599533081055 4.455848693847656 4.073951721191406 0.2
-25.538700103759766 4.623149871826172 3.9314498901367188 0.2
-25.644100189208984 4.683147430419922 3.7525501251220703 0.2
-25.7185001373291 4.544147491455078 3.604249954223633 0.2
-25.711999893188477 4.350349426269531 3.5009498596191406 0.2
-25.674299240112305 4.159950256347656 3.397451400756836 0.2
-25.525800704956055 4.055149078369141 3.2785511016845703 0.2
-25.374000549316406 4.157051086425781 3.15985107421875 0.2
-25.330900192260742 4.3634490966796875 3.104351043701172 0.2
-25.368200302124023 4.536350250244141 3.2297515869140625 0.2
-25.34000015258789 4.590648651123047 3.4406509399414062 0.2
-25.32699966430664 4.653247833251953 3.6494503021240234 0.2
-25.402599334716797 4.825050354003906 3.7526512145996094 0.2
-25.411100387573242 5.029949188232422 3.682849884033203 0.2
-25.32270050048828 5.168949127197266 3.541351318359375 0.2
-25.205400466918945 5.116847991943359 3.370450973510742 0.2
-25.236900329589844 4.938850402832031 3.2508506774902344 0.2
-25.32029914855957 4.759449005126953 3.1565513610839844 0.2
-25.290800094604492 4.620349884033203 2.9957504272460938 0.2
-25.19879913330078 4.698150634765625 2.820751190185547 0.2
-25.215700149536133 4.897449493408203 2.7362499237060547 0.2
-25.343000411987305 5.067348480224609 2.7773513793945312 0.2
-25.45009994506836 5.15264892578125 2.9460506439208984 0.2
-25.521099090576172 5.2093505859375 3.1431503295898438 0.2
-25.501800537109375 5.281150817871094 3.343851089477539 0.2
-25.34600067138672 5.398651123046875 3.428150177001953 0.2
-25.222599029541016 5.560947418212891 3.3595504760742188 0.2
-25.183198928833008 5.7095489501953125 3.210050582885742 0.2
-25.245100021362305 5.714450836181641 3.0078506469726562 0.2
-25.28809928894043 5.555850982666016 2.8698501586914062 0.2
-25.301198959350586 5.365447998046875 2.7698516845703125 0.2
-25.230100631713867 5.183147430419922 2.6803512573242188 0.2
-25.03059959411621 5.133949279785156 2.6253509521484375 0.2
-24.855199813842773 5.254447937011719 2.5974502563476562 0.2
-24.79789924621582 5.4510498046875 2.6500511169433594 0.2
-24.833599090576172 5.557949066162109 2.8311500549316406 0.2
-24.864599227905273 5.57965087890625 3.0441513061523438 0.2
-24.94379997253418 5.7001495361328125 3.198150634765625 0.2
-24.963199615478516 5.910148620605469 3.2020511627197266 0.2
-24.863300323486328 6.083850860595703 3.126951217651367 0.2
-24.698699951171875 6.142749786376953 3.0096511840820312 0.2
-24.609899520874023 6.012050628662109 2.8747501373291016 0.2
-24.679100036621094 5.837749481201172 2.7708511352539062 0.2
-24.718900680541992 5.672950744628906 2.64215087890625 0.2
-24.61240005493164 5.622447967529297 2.4701499938964844 0.2
-24.531700134277344 5.779148101806641 2.3566513061523438 0.2
-24.569499969482422 5.986049652099609 2.3233509063720703 0.2
-24.70680046081543 6.134147644042969 2.3907508850097656 0.2
-24.836000442504883 6.197948455810547 2.5478515625 0.2
-24.920499801635742 6.243747711181641 2.7374515533447266 0.2
-24.856599807739258 6.304450988769531 2.9254512786865234 0.2
-24.68790054321289 6.416648864746094 2.9769515991210938 0.2
-24.547100067138672 6.560550689697266 2.9108505249023438 0.2
-24.477399826049805 6.670848846435547 2.7473506927490234 0.2
-24.501998901367188 6.626949310302734 2.546550750732422 0.2
-24.54330062866211 6.462150573730469 2.421051025390625 0.2
-24.542699813842773 6.270450592041016 2.3334503173828125 0.2
-24.405799865722656 6.111549377441406 2.3120498657226562 0.2
-24.199800491333008 6.101249694824219 2.346250534057617 0.2
-24.035900115966797 6.217750549316406 2.402851104736328 0.2
-24.02720069885254 6.386051177978516 2.5220508575439453 0.2
-24.117599487304688 6.438449859619141 2.705251693725586 0.2
-24.236400604248047 6.507747650146484 2.8603515625 0.2
-24.28849983215332 6.7019500732421875 2.901151657104492 0.2
-24.199399948120117 6.8885498046875 2.871950149536133 0.2
-24.03190040588379 7.00164794921875 2.8215503692626953 0.2
-23.85420036315918 6.946048736572266 2.7391510009765625 0.2
-23.84160041809082 6.763450622558594 2.6512508392333984 0.2
-23.916099548339844 6.598148345947266 2.5438499450683594 0.2
-23.85260009765625 6.505649566650391 2.3729515075683594 0.2
-23.746599197387695 6.609550476074219 2.2354507446289062 0.2
-23.742700576782227 6.812248229980469 2.1843509674072266 0.2
-23.828100204467773 7.003948211669922 2.189451217651367 0.2
-23.97800064086914 7.101249694824219 2.2933502197265625 0.2
-24.08449935913086 7.134548187255859 2.4673500061035156 0.2
-24.024099349975586 7.169948577880859 2.6565513610839844 0.2
-23.843000411987305 7.243747711181641 2.720550537109375 0.2
-23.670000076293945 7.35205078125 2.682750701904297 0.2
-23.54789924621582 7.451351165771484 2.551851272583008 0.2
-23.54669952392578 7.443950653076172 2.350950241088867 0.2
-23.620800018310547 7.305347442626953 2.2184505462646484 0.2
-23.654600143432617 7.110248565673828 2.1655502319335938 0.2
-23.56679916381836 6.927848815917969 2.206451416015625 0.2
-23.42259979248047 6.84014892578125 2.3251514434814453 0.2
-23.250999450683594 6.867149353027344 2.4323501586914062 0.2
-23.180299758911133 7.0332489013671875 2.5173511505126953 0.2
-23.28929901123047 7.168251037597656 2.6270503997802734 0.2
-23.388198852539062 7.333648681640625 2.6822509765625 0.2
-23.32900047302246 7.528350830078125 2.6688499450683594 0.2
-23.176599502563477 7.663848876953125 2.6551513671875 0.2
-22.973800659179688 7.676250457763672 2.6567516326904297 0.2
-22.863399505615234 7.515251159667969 2.658750534057617 0.2
-22.949899673461914 7.333648681640625 2.6341514587402344 0.2
-23.010700225830078 7.195850372314453 2.501951217651367 0.2
-22.908300399780273 7.170047760009766 2.3347511291503906 0.2
-22.807498931884766 7.316249847412109 2.211151123046875 0.2
-22.767799377441406 7.514350891113281 2.1218509674072266 0.2
-22.875099182128906 7.6936492919921875 2.1147499084472656 0.2
-23.045400619506836 7.767047882080078 2.222949981689453 0.2
-23.089099884033203 7.811347961425781 2.4220504760742188 0.2
-22.93400001525879 7.851047515869141 2.5581512451171875 0.2
-22.72170066833496 7.882350921630859 2.5700511932373047 0.2
-22.517799377441406 7.929050445556641 2.5185508728027344 0.2
-22.381500244140625 7.938648223876953 2.359651565551758 0.2
-22.39929962158203 7.838447570800781 2.1755504608154297 0.2
-22.502300262451172 7.6788482666015625 2.075450897216797 0.2
-22.587299346923828 7.488548278808594 2.103750228881836 0.2
-22.608600616455078 7.364448547363281 2.294950485229492 0.2
-22.57469940185547 7.341350555419922 2.517850875854492 0.2
-22.45349884033203 7.4559478759765625 2.6606502532958984 0.2
-22.44099998474121 7.682548522949219 2.663850784301758 0.2
-22.356599807739258 7.890750885009766 2.648550033569336 0.2
-22.158300399780273 7.9967498779296875 2.6393508911132812 0.2
-21.959199905395508 7.893650054931641 2.623350143432617 0.2
-21.766799926757812 7.802650451660156 2.559650421142578 0.2
-21.59980010986328 7.813350677490234 2.401651382446289 0.2
-21.577098846435547 7.872947692871094 2.189350128173828 0.2
-21.742599487304688 7.968151092529297 2.075550079345703 0.2
-21.96109962463379 8.0323486328125 2.0851516723632812 0.2
-22.163599014282227 8.087650299072266 2.1725502014160156 0.2
-22.24289894104004 8.140850067138672 2.3705501556396484 0.2
-22.097000122070312 8.176048278808594 2.5302505493164062 0.2
-21.87820053100586 8.22604751586914 2.5817508697509766 0.2
-21.66349983215332 8.293548583984375 2.617250442504883 0.2
-21.459400177001953 8.392948150634766 2.6293506622314453 0.2
-21.32469940185547 8.53194808959961 2.5198516845703125 0.2
-21.32939910888672 8.545047760009766 2.3016510009765625 0.2
-21.42889976501465 8.389350891113281 2.177949905395508 0.2
-21.53369903564453 8.187950134277344 2.1877498626708984 0.2
-21.585899353027344 8.023147583007812 2.3317508697509766 0.2
-21.523700714111328 7.97454833984375 2.5468502044677734 0.2
-21.32900047302246 7.981647491455078 2.6626510620117188 0.2
-21.17569923400879 8.134750366210938 2.6908512115478516 0.2
-21.177400588989258 8.364250183105469 2.6661510467529297 0.2
-21.09910011291504 8.572151184082031 2.6198501586914062 0.2
-20.920400619506836 8.665748596191406 2.703451156616211 0.2
-20.793899536132812 8.517650604248047 2.8045501708984375 0.2
-20.780899047851562 8.295848846435547 2.7449512481689453 0.2
-20.62689971923828 8.188148498535156 2.633251190185547 0.2
-20.428298950195312 8.238948822021484 2.528350830078125 0.2
-20.266698837280273 8.38064956665039 2.4578514099121094 0.2
-20.3085994720459 8.577350616455078 2.401151657104492 0.2
-20.46339988708496 8.725349426269531 2.3905506134033203 0.2
-20.6382999420166 8.815349578857422 2.4690513610839844 0.2
-20.72279930114746 8.795948028564453 2.656351089477539 0.2
-20.631000518798828 8.683547973632812 2.8068504333496094 0.2
-20.463600158691406 8.558250427246094 2.8564510345458984 0.2
-20.274200439453125 8.485847473144531 2.9228515625 0.2
-20.067699432373047 8.470447540283203 2.977651596069336 0.2
-19.90920066833496 8.401847839355469 2.863950729370117 0.2
-19.93039894104004 8.299449920654297 2.6814498901367188 0.2
-20.074100494384766 8.206951141357422 2.5528507232666016 0.2
-20.26729965209961 8.124950408935547 2.556650161743164 0.2
-20.438600540161133 8.115650177001953 2.731250762939453 0.2
-20.506500244140625 8.137847900390625 2.9596500396728516 0.2
-20.35770034790039 8.221748352050781 3.111051559448242 0.2
-20.140100479125977 8.329849243164062 3.116750717163086 0.2
-19.899599075317383 8.32135009765625 3.1429500579833984 0.2
-19.73080062866211 8.362049102783203 3.302051544189453 0.2
-19.74839973449707 8.29964828491211 3.521350860595703 0.2
-19.94260025024414 8.177650451660156 3.548351287841797 0.2
-20.12139892578125 8.096050262451172 3.406850814819336 0.2
-20.16860008239746 7.902347564697266 3.287151336669922 0.2
