-2.468050003051758 11.120849609375 -11.056849479675293 0.2
-2.6006898880004883 11.055049896240234 -11.197949409484863 0.2
-2.581819534301758 10.89645004272461 -11.329349517822266 0.2
-2.5101499557495117 10.711151123046875 -11.38694953918457 0.2
-2.4547595977783203 10.512149810791016 -11.398849487304688 0.2
-2.5142297744750977 10.334949493408203 -11.313348770141602 0.2
-2.7044997215270996 10.275249481201172 -11.262449264526367 0.2
-2.902669906616211 10.317848205566406 -11.300349235534668 0.2
-2.981079578399658 10.485649108886719 -11.388648986816406 0.2
-2.927429676055908 10.685550689697266 -11.385649681091309 0.2
-2.848409652709961 10.869647979736328 -11.333349227905273 0.2
-2.8073196411132812 11.034549713134766 -11.214348793029785 0.2
-2.911989688873291 11.111747741699219 -11.055849075317383 0.2
-3.115569591522217 11.119449615478516 -11.016549110412598 0.2
-3.301109790802002 11.079048156738281 -11.113948822021484 0.2
-3.325049877166748 10.936748504638672 -11.2754487991333 0.2
-3.2556495666503906 10.743549346923828 -11.352849006652832 0.2
-3.187539577484131 10.537651062011719 -11.385848999023438 0.2
-3.2181897163391113 10.337947845458984 -11.308349609375 0.2
-3.4088897705078125 10.26034927368164 -11.238948822021484 0.2
-3.6221399307250977 10.298648834228516 -11.265549659729004 0.2
-3.706129550933838 10.477649688720703 -11.351749420166016 0.2
-3.6470799446105957 10.688648223876953 -11.343149185180664 0.2
-3.565499782562256 10.884147644042969 -11.286249160766602 0.2
-3.5381898880004883 11.047050476074219 -11.144449234008789 0.2
-3.683119773864746 11.10165023803711 -10.994349479675293 0.2
-3.9020495414733887 11.09415054321289 -10.983149528503418 0.2
-4.051629543304443 11.024250030517578 -11.121349334716797 0.2
-4.03378963470459 10.855949401855469 -11.259248733520508 0.2
-3.9594597816467285 10.66135025024414 -11.325749397277832 0.2
-3.905869960784912 10.449649810791016 -11.334749221801758 0.2
-3.9895997047424316 10.277450561523438 -11.235249519348145 0.2
-4.198699951171875 10.235450744628906 -11.188448905944824 0.2
-4.392059803009033 10.315448760986328 -11.242049217224121 0.2
-4.422969818115234 10.521049499511719 -11.304649353027344 0.2
-4.349559783935547 10.724750518798828 -11.273049354553223 0.2
-4.274219989776611 10.917449951171875 -11.201848983764648 0.2
-4.291579723358154 11.049247741699219 -11.03024959564209 0.2
-4.473709583282471 11.07244873046875 -10.91524887084961 0.2
-4.688759803771973 11.048248291015625 -10.944449424743652 0.2
-4.789279937744141 10.944747924804688 -11.105449676513672 0.2
-4.741469860076904 10.761051177978516 -11.214448928833008 0.2
-4.666419982910156 10.56414794921875 -11.273749351501465 0.2
-4.637759685516357 10.349647521972656 -11.24484920501709 0.2
-4.771049976348877 10.214248657226562 -11.142349243164062 0.2
-4.989369869232178 10.202850341796875 -11.119949340820312 0.2
-5.149999618530273 10.329048156738281 -11.190448760986328 0.2
-5.133609771728516 10.545047760009766 -11.216448783874512 0.2
-5.053559303283691 10.745250701904297 -11.173949241638184 0.2
-4.989859580993652 10.930549621582031 -11.074549674987793 0.2
-5.058469772338867 11.020450592041016 -10.890349388122559 0.2
-5.264120101928711 11.016548156738281 -10.813249588012695 0.2
-5.465889930725098 10.969348907470703 -10.88124942779541 0.2
-5.512299537658691 10.832050323486328 -11.043048858642578 0.2
-5.447039604187012 10.642650604248047 -11.134949684143066 0.2
-5.374879837036133 10.440547943115234 -11.184749603271484 0.2
-5.382160186767578 10.234649658203125 -11.115849494934082 0.2
-5.555990219116211 10.139549255371094 -11.024249076843262 0.2
-5.774779319763184 10.159049987792969 -11.020349502563477 0.2
-5.887120246887207 10.329948425292969 -11.090649604797363 0.2
-5.838669776916504 10.54465103149414 -11.086749076843262 0.2
-5.757399559020996 10.743450164794922 -11.038349151611328 0.2
-5.716499328613281 10.908748626708984 -10.901749610900879 0.2
-5.840549468994141 10.9510498046875 -10.729449272155762 0.2
-6.05525016784668 10.925350189208984 -10.686348915100098 0.2
-6.224919319152832 10.851448059082031 -10.798748970031738 0.2
-6.223519325256348 10.689449310302734 -10.94594955444336 0.2
-6.149749755859375 10.499248504638672 -11.027349472045898 0.2
-6.088919639587402 10.289447784423828 -11.049749374389648 0.2
-6.155369758605957 10.110248565673828 -10.947249412536621 0.2
-6.356559753417969 10.053348541259766 -10.8802490234375 0.2
-6.561129570007324 10.120147705078125 -10.910449028015137 0.2
-6.607989311218262 10.3260498046875 -10.963349342346191 0.2
-6.534669876098633 10.531349182128906 -10.93484878540039 0.2
-6.457429885864258 10.724750518798828 -10.864048957824707 0.2
-6.476840019226074 10.840747833251953 -10.681249618530273 0.2
-6.659689903259277 10.834850311279297 -10.56244945526123 0.2
-6.872879981994629 10.788249969482422 -10.58544921875 0.2
-6.971340179443359 10.676349639892578 -10.74364948272705 0.2
-6.919469833374023 10.494449615478516 -10.856449127197266 0.2
-6.842979431152344 10.296947479248047 -10.91724967956543 0.2
-6.83152961730957 10.08504867553711 -10.86414909362793 0.2
-6.987540245056152 9.968448638916016 -10.765549659729004 0.2
-7.207900047302246 9.964847564697266 -10.753549575805664 0.2
-7.341499328613281 10.120048522949219 -10.82564926147461 0.2
-7.294499397277832 10.335350036621094 -10.828749656677246 0.2
-7.206999778747559 10.531848907470703 -10.778749465942383 0.2
-7.1875 10.681148529052734 -10.62044906616211 0.2
-7.34689998626709 10.687549591064453 -10.472848892211914 0.2
-7.56089973449707 10.631549835205078 -10.475648880004883 0.2
-7.69119930267334 10.525150299072266 -10.615249633789062 0.2
-7.652299880981445 10.34844970703125 -10.741349220275879 0.2
-7.5718994140625 10.148250579833984 -10.794249534606934 0.2
-7.582300186157227 9.941551208496094 -10.720949172973633 0.2
-7.759699821472168 9.840450286865234 -10.637049674987793 0.2
-7.978899955749512 9.8614501953125 -10.654149055480957 0.2
-8.06089973449707 10.051849365234375 -10.723149299621582 0.2
-7.986299514770508 10.261249542236328 -10.700949668884277 0.2
-7.940199851989746 10.43695068359375 -10.574949264526367 0.2
-8.071700096130371 10.465248107910156 -10.400849342346191 0.2
-8.283299446105957 10.400947570800781 -10.36194896697998 0.2
-8.434100151062012 10.305248260498047 -10.491848945617676 0.2
-8.39799976348877 10.139450073242188 -10.635649681091309 0.2
-8.321399688720703 9.932449340820312 -10.672449111938477 0.2
-8.39169979095459 9.737548828125 -10.593149185180664 0.2
-8.602899551391602 9.657447814941406 -10.580449104309082 0.2
-8.774700164794922 9.740348815917969 -10.695649147033691 0.2
-8.763299942016602 9.962749481201172 -10.703749656677246 0.2
-8.702199935913086 10.15304946899414 -10.598949432373047 0.2
-8.700799942016602 10.282550811767578 -10.416648864746094 0.2
-8.883199691772461 10.288948059082031 -10.291849136352539 0.2
-9.096699714660645 10.251548767089844 -10.358049392700195 0.2
-9.181900024414062 10.071449279785156 -10.457549095153809 0.2
-9.132999420166016 9.850749969482422 -10.466849327087402 0.2
-9.069700241088867 9.63705062866211 -10.506949424743652 0.2
-9.087900161743164 9.47774887084961 -10.642449378967285 0.2
-9.195499420166016 9.374347686767578 -10.713249206542969 0.2
-9.321999549865723 9.267749786376953 -10.718249320983887 0.2
-9.453999519348145 9.17034912109375 -10.690849304199219 0.2
-9.614999771118164 9.131050109863281 -10.618749618530273 0.2
-9.779199600219727 9.120647430419922 -10.523649215698242 0.2
-9.912599563598633 9.183349609375 -10.437149047851562 0.2
-10.031899452209473 9.291248321533203 -10.393349647521973 0.2
-10.109000205993652 9.439048767089844 -10.419949531555176 0.2
-10.076199531555176 9.598548889160156 -10.460848808288574 0.2
-9.985199928283691 9.736949920654297 -10.463549613952637 0.2
-9.885199546813965 9.868450164794922 -10.455549240112305 0.2
-9.7839994430542 9.998649597167969 -10.444449424743652 0.2
-9.683699607849121 10.128849029541016 -10.427549362182617 0.2
-9.60219955444336 10.265148162841797 -10.37494945526123 0.2
-9.616000175476074 10.390949249267578 -10.263049125671387 0.2
-9.734700202941895 10.476150512695312 -10.181849479675293 0.2
-9.891399383544922 10.526248931884766 -10.154748916625977 0.2
-10.050199508666992 10.494049072265625 -10.201048851013184 0.2
-10.143499374389648 10.366748809814453 -10.256649017333984 0.2
-10.197999954223633 10.214950561523438 -10.292649269104004 0.2
-10.247099876403809 10.060150146484375 -10.323749542236328 0.2
-10.295100212097168 9.904350280761719 -10.351649284362793 0.2
-10.34429931640625 9.747047424316406 -10.36924934387207 0.2
-10.410299301147461 9.597248077392578 -10.332448959350586 0.2
-10.527199745178223 9.51865005493164 -10.238948822021484 0.2
-10.684199333190918 9.518447875976562 -10.180849075317383 0.2
-10.845499992370605 9.56235122680664 -10.158848762512207 0.2
-10.983099937438965 9.689048767089844 -10.150849342346191 0.2
-11.09429931640625 9.836849212646484 -10.127649307250977 0.2
-11.122599601745605 9.999649047851562 -10.100249290466309 0.2
-11.1141996383667 10.157550811767578 -10.051448822021484 0.2
-11.062799453735352 10.286750793457031 -9.959749221801758 0.2
-10.938799858093262 10.362751007080078 -9.877649307250977 0.2
-10.785599708557129 10.42354965209961 -9.876449584960938 0.2
-10.620599746704102 10.517250061035156 -9.941649436950684 0.2
-10.445899963378906 10.62874984741211 -10.00364875793457 0.2
-10.307299613952637 10.775550842285156 -9.93294906616211 0.2
-10.343099594116211 10.921649932861328 -9.77764892578125 0.2
-10.484199523925781 11.068050384521484 -9.706648826599121 0.2
-10.677599906921387 11.087249755859375 -9.796648979187012 0.2
-10.832399368286133 10.962047576904297 -9.878549575805664 0.2
-10.976499557495117 10.806049346923828 -9.916648864746094 0.2
-11.073399543762207 10.685749053955078 -9.771749496459961 0.2
-11.121600151062012 10.795047760009766 -9.593548774719238 0.2
-11.146699905395508 11.00265121459961 -9.546049118041992 0.2
-11.044400215148926 11.172149658203125 -9.621748924255371 0.2
-10.84749984741211 11.238750457763672 -9.67074966430664 0.2
-10.643499374389648 11.284648895263672 -9.616949081420898 0.2
-10.569299697875977 11.404251098632812 -9.445249557495117 0.2
-10.640299797058105 11.596847534179688 -9.352349281311035 0.2
-10.833000183105469 11.69485092163086 -9.393349647521973 0.2
-10.99940013885498 11.565750122070312 -9.466249465942383 0.2
-11.12440013885498 11.381851196289062 -9.489849090576172 0.2
-11.240099906921387 11.264148712158203 -9.345549583435059 0.2
-11.321199417114258 11.371047973632812 -9.16874885559082 0.2
-11.36709976196289 11.582050323486328 -9.117849349975586 0.2
-11.271900177001953 11.7635498046875 -9.1996488571167 0.2
-11.07409954071045 11.842948913574219 -9.264049530029297 0.2
-10.859399795532227 11.898948669433594 -9.260748863220215 0.2
-10.726900100708008 11.981449127197266 -9.105749130249023 0.2
-10.746600151062012 12.134449005126953 -8.94584846496582 0.2
-10.894800186157227 12.288150787353516 -8.898448944091797 0.2
-11.097399711608887 12.248649597167969 -8.97244930267334 0.2
-11.237199783325195 12.087448120117188 -9.031848907470703 0.2
-11.3681001663208 11.909049987792969 -9.044548988342285 0.2
-11.471099853515625 11.804847717285156 -8.882848739624023 0.2
-11.541600227355957 11.910648345947266 -8.701448440551758 0.2
-11.583600044250488 12.115650177001953 -8.632148742675781 0.2
-11.490499496459961 12.302749633789062 -8.699748992919922 0.2
-11.2972993850708 12.389747619628906 -8.763448715209961 0.2
-11.0871000289917 12.451248168945312 -8.794448852539062 0.2
-10.903499603271484 12.49544906616211 -8.683248519897461 0.2
-10.880199432373047 12.603050231933594 -8.492849349975586 0.2
-10.978300094604492 12.757850646972656 -8.369449615478516 0.2
-11.18529987335205 12.818649291992188 -8.399049758911133 0.2
-11.354499816894531 12.69635009765625 -8.471048355102539 0.2
-11.494699478149414 12.53554916381836 -8.52764892578125 0.2
-11.622300148010254 12.360649108886719 -8.48914909362793 0.2
-11.702099800109863 12.320148468017578 -8.290748596191406 0.2
-11.760000228881836 12.455848693847656 -8.124849319458008 0.2
-11.76830005645752 12.671249389648438 -8.085948944091797 0.2
-11.628499984741211 12.825550079345703 -8.155948638916016 0.2
-11.429900169372559 12.902748107910156 -8.215848922729492 0.2
-11.215899467468262 12.95724868774414 -8.23124885559082 0.2
-11.055299758911133 12.992950439453125 -8.088348388671875 0.2
-11.061200141906738 13.096847534179688 -7.892848968505859 0.2
-11.18649959564209 13.23434829711914 -7.775348663330078 0.2
-11.399799346923828 13.252948760986328 -7.814949035644531 0.2
-11.564299583435059 13.123950958251953 -7.889148712158203 0.2
-11.709599494934082 12.96725082397461 -7.947849273681641 0.2
-11.826799392700195 12.794048309326172 -7.885549545288086 0.2
-11.886799812316895 12.773948669433594 -7.67664909362793 0.2
-11.929399490356445 12.90774917602539 -7.505048751831055 0.2
-11.912699699401855 13.122047424316406 -7.470449447631836 0.2
-11.760299682617188 13.265251159667969 -7.538148880004883 0.2
-11.564899444580078 13.343250274658203 -7.603048324584961 0.2
-11.350500106811523 13.390449523925781 -7.608348846435547 0.2
-11.207900047302246 13.414649963378906 -7.446149826049805 0.2
-11.223699569702148 13.503250122070312 -7.2449493408203125 0.2
-11.365699768066406 13.620647430419922 -7.1293487548828125 0.2
-11.579599380493164 13.613250732421875 -7.169549942016602 0.2
-11.740699768066406 13.485149383544922 -7.246549606323242 0.2
-11.886899948120117 13.330551147460938 -7.301849365234375 0.2
-11.984700202941895 13.16164779663086 -7.206949234008789 0.2
-12.02549934387207 13.159049987792969 -6.992849349975586 0.2
-12.053899765014648 13.295650482177734 -6.823049545288086 0.2
-12.01039981842041 13.507049560546875 -6.800249099731445 0.2
-11.845699310302734 13.633949279785156 -6.870349884033203 0.2
-11.651100158691406 13.709850311279297 -6.937950134277344 0.2
-11.435799598693848 13.739349365234375 -6.916948318481445 0.2
-11.322799682617188 13.757450103759766 -6.733049392700195 0.2
-11.35789966583252 13.840648651123047 -6.531949996948242 0.2
-11.525400161743164 13.936050415039062 -6.433948516845703 0.2
-11.732199668884277 13.892250061035156 -6.486249923706055 0.2
-11.890999794006348 13.762950897216797 -6.5668487548828125 0.2
-12.030599594116211 13.597049713134766 -6.601949691772461 0.2
-12.097000122070312 13.44635009765625 -6.462648391723633 0.2
-12.12090015411377 13.47385025024414 -6.246049880981445 0.2
-12.130499839782715 13.626949310302734 -6.090549468994141 0.2
-12.0472993850708 13.826648712158203 -6.098649978637695 0.2
-11.873600006103516 13.936347961425781 -6.176948547363281 0.2
-11.67490005493164 14.005950927734375 -6.239948272705078 0.2
-11.46969985961914 14.00844955444336 -6.172849655151367 0.2
-11.402199745178223 14.028247833251953 -5.966949462890625 0.2
-11.46500015258789 14.103950500488281 -5.771450042724609 0.2
-11.663399696350098 14.164051055908203 -5.713850021362305 0.2
-11.856200218200684 14.087249755859375 -5.782649993896484 0.2
-12.013500213623047 13.957550048828125 -5.863649368286133 0.2
-12.13070011138916 13.775650024414062 -5.857549667358398 0.2
-12.162199974060059 13.667049407958984 -5.674749374389648 0.2
-12.170599937438965 13.720348358154297 -5.462249755859375 0.2
-12.155200004577637 13.897750854492188 -5.341348648071289 0.2
-12.03689956665039 14.075050354003906 -5.3802490234375 0.2
-11.860799789428711 14.172149658203125 -5.465049743652344 0.2
-11.653599739074707 14.22134780883789 -5.507848739624023 0.2
-11.477499961853027 14.200347900390625 -5.387248992919922 0.2
-11.448699951171875 14.222450256347656 -5.172849655151367 0.2
-11.548600196838379 14.294849395751953 -4.996250152587891 0.2
-11.761799812316895 14.31734848022461 -4.980049133300781 0.2
-11.940099716186523 14.222850799560547 -5.06144905090332 0.2
-12.092000007629395 14.084648132324219 -5.133150100708008 0.2
-12.172999382019043 13.896049499511719 -5.07084846496582 0.2
-12.18179988861084 13.834548950195312 -4.864849090576172 0.2
-12.178899765014648 13.914447784423828 -4.662849426269531 0.2
-12.133099555969238 14.109050750732422 -4.586448669433594 0.2
-11.989099502563477 14.257049560546875 -4.651449203491211 0.2
-11.809100151062012 14.343948364257812 -4.737249374389648 0.2
-11.594099998474121 14.355350494384766 -4.73914909362793 0.2
-11.463199615478516 14.326950073242188 -4.572549819946289 0.2
-11.468400001525879 14.355049133300781 -4.356849670410156 0.2
-11.612199783325195 14.421150207519531 -4.213748931884766 0.2
-11.824199676513672 14.401847839355469 -4.2413482666015625 0.2
-11.993499755859375 14.298851013183594 -4.331249237060547 0.2
-12.128600120544434 14.136550903320312 -4.377048492431641 0.2
-12.168499946594238 13.965450286865234 -4.257148742675781 0.2
-12.161299705505371 13.947750091552734 -4.041349411010742 0.2
-12.143099784851074 14.05984878540039 -3.8586483001708984 0.2
-12.061800003051758 14.255847930908203 -3.8350486755371094 0.2
-11.905200004577637 14.380748748779297 -3.9184494018554688 0.2
-11.714399337768555 14.449447631835938 -3.994649887084961 0.2
-11.5093994140625 14.421649932861328 -3.943948745727539 0.2
-11.426799774169922 14.397750854492188 -3.7468490600585938 0.2
-11.46519947052002 14.427349090576172 -3.536449432373047 0.2
-11.649700164794922 14.475448608398438 -3.4429492950439453 0.2
-11.850299835205078 14.425350189208984 -3.503549575805664 0.2
-12.013500213623047 14.314750671386719 -3.5938491821289062 0.2
-12.114799499511719 14.127548217773438 -3.597148895263672 0.2
-12.118199348449707 13.998050689697266 -3.429048538208008 0.2
-12.095199584960938 14.01034927368164 -3.2142486572265625 0.2
-12.055099487304688 14.159347534179688 -3.0685501098632812 0.2
-11.941899299621582 14.33945083618164 -3.090749740600586 0.2
-11.779799461364746 14.447349548339844 -3.1843490600585938 0.2
-11.574799537658691 14.479248046875 -3.2356491088867188 0.2
-11.402799606323242 14.423648834228516 -3.1259498596191406 0.2
-11.357399940490723 14.40304946899414 -2.916349411010742 0.2
-11.440499305725098 14.436149597167969 -2.723949432373047 0.2
-11.648499488830566 14.456249237060547 -2.6854496002197266 0.2
-11.834199905395508 14.388450622558594 -2.770549774169922 0.2
-11.9847993850708 14.257148742675781 -2.8480491638183594 0.2
-12.038299560546875 14.06094741821289 -2.791149139404297 0.2
-12.016300201416016 13.97884750366211 -2.5956497192382812 0.2
-11.979899406433105 14.025150299072266 -2.3899497985839844 0.2
-11.912799835205078 14.202449798583984 -2.2969493865966797 0.2
-11.777299880981445 14.355850219726562 -2.358949661254883 0.2
-11.6048002243042 14.443649291992188 -2.4523487091064453 0.2
-11.393899917602539 14.422649383544922 -2.4577484130859375 0.2
-11.267099380493164 14.361648559570312 -2.299549102783203 0.2
-11.255599975585938 14.349048614501953 -2.08544921875 0.2
-11.391900062561035 14.386848449707031 -1.9301490783691406 0.2
-11.602700233459473 14.376251220703125 -1.9500484466552734 0.2
-11.777999877929688 14.297649383544922 -2.0467491149902344 0.2
-11.899700164794922 14.129650115966797 -2.091848373413086 0.2
-11.909899711608887 13.956249237060547 -1.9742488861083984 0.2
-11.87179946899414 13.91634750366211 -1.7672500610351562 0.2
-11.820099830627441 14.007247924804688 -1.5835494995117188 0.2
-11.723199844360352 14.1927490234375 -1.5550498962402344 0.2
-11.575499534606934 14.321048736572266 -1.6425495147705078 0.2
-11.38379955291748 14.370250701904297 -1.721649169921875 0.2
-11.19059944152832 14.307849884033203 -1.667449951171875 0.2
-11.1072998046875 14.255950927734375 -1.4778499603271484 0.2
-11.138799667358398 14.254150390625 -1.2680492401123047 0.2
-11.32289981842041 14.28704833984375 -1.1726493835449219 0.2
-11.523599624633789 14.253448486328125 -1.2361488342285156 0.2
-11.687999725341797 14.153549194335938 -1.3293495178222656 0.2
-11.76550006866455 13.958648681640625 -1.3262500762939453 0.2
-11.741899490356445 13.828750610351562 -1.1623497009277344 0.2
-11.688699722290039 13.82175064086914 -0.9556484222412109 0.2
-11.61889934539795 13.959850311279297 -0.8145484924316406 0.2
-11.498700141906738 14.132549285888672 -0.8397483825683594 0.2
-11.340899467468262 14.237850189208984 -0.9382495880126953 0.2
-11.136199951171875 14.235847473144531 -0.9880485534667969 0.2
-10.979299545288086 14.156150817871094 -0.8744487762451172 0.2
-10.929800033569336 14.110549926757812 -0.6719493865966797 0.2
-11.018400192260742 14.122249603271484 -0.48314857482910156 0.2
-11.225899696350098 14.135848999023438 -0.4501495361328125 0.2
-11.413299560546875 14.08694839477539 -0.5397491455078125 0.2
-11.555099487304688 13.950550079345703 -0.6148490905761719 0.2
-11.579899787902832 13.75374984741211 -0.5529499053955078 0.2
-11.529699325561523 13.662750244140625 -0.36804962158203125 0.2
-11.462200164794922 13.694747924804688 -0.1712493896484375 0.2
-11.372200012207031 13.8636474609375 -0.08614921569824219 0.2
-11.239699363708496 14.015449523925781 -0.15264892578125 0.2
-11.06659984588623 14.091350555419922 -0.24864959716796875 0.2
-10.864799499511719 14.03664779663086 -0.2494487762451172 0.2
-10.747300148010254 13.954048156738281 -0.09514999389648438 0.2
-10.734700202941895 13.912948608398438 0.11205101013183594 0.2
-10.881599426269531 13.929550170898438 0.2582511901855469 0.2
-11.090099334716797 13.919750213623047 0.23134994506835938 0.2
-11.266599655151367 13.85165023803711 0.1340503692626953 0.2
-11.364399909973145 13.671348571777344 0.09125137329101562 0.2
-11.341599464416504 13.497947692871094 0.20345115661621094 0.2
-11.27239990234375 13.438148498535156 0.39515113830566406 0.2
-11.193099975585938 13.519550323486328 0.5697517395019531 0.2
-11.08650016784668 13.698650360107422 0.5923500061035156 0.2
-10.947500228881836 13.832847595214844 0.5035514831542969 0.2
-10.75529956817627 13.86185073852539 0.4226512908935547 0.2
-10.574899673461914 13.773948669433594 0.4775505065917969 0.2
-10.491399765014648 13.693248748779297 0.6553516387939453 0.2
-10.529799461364746 13.660747528076172 0.8581504821777344 0.2
-10.719999313354492 13.67245101928711 0.9432506561279297 0.2
-10.919499397277832 13.646049499511719 0.8766498565673828 0.2
-11.077300071716309 13.541648864746094 0.7835502624511719 0.2
-11.120699882507324 13.338447570800781 0.7831516265869141 0.2
-11.06470012664795 13.199951171875 0.9307498931884766 0.2
-10.983499526977539 13.17245101928711 1.1237506866455078 0.2
-10.894999504089355 13.305049896240234 1.2574501037597656 0.2
-10.77750015258789 13.477848052978516 1.2298507690429688 0.2
-10.625699996948242 13.588748931884766 1.132650375366211 0.2
-10.425000190734863 13.564849853515625 1.0804500579833984 0.2
-10.277799606323242 13.4615478515625 1.1871509552001953 0.2
-10.226499557495117 13.380748748779297 1.376150131225586 0.2
-10.32759952545166 13.361549377441406 1.556051254272461 0.2
-10.535999298095703 13.360450744628906 1.5803508758544922 0.2
-10.724199295043945 13.31814956665039 1.4919509887695312 0.2
-10.84749984741211 13.170448303222656 1.4113502502441406 0.2
-10.83799934387207 12.970447540283203 1.4615516662597656 0.2
-10.76159954071045 12.86104965209961 1.625650405883789 0.2
-10.673699378967285 12.879249572753906 1.8135509490966797 0.2
-10.574699401855469 13.04384994506836 1.895650863647461 0.2
-10.451799392700195 13.20425033569336 1.8328514099121094 0.2
-10.281899452209473 13.280349731445312 1.7362499237060547 0.2
-10.088099479675293 13.207649230957031 1.72705078125 0.2
-9.972999572753906 13.095951080322266 1.8636512756347656 0.2
-9.9621000289917 13.017349243164062 2.0575504302978516 0.2
-10.115599632263184 13.00564956665039 2.196950912475586 0.2
-10.323699951171875 12.99435043334961 2.169950485229492 0.2
-10.500100135803223 12.928947448730469 2.0745506286621094 0.2
-10.574899673461914 12.743350982666016 2.017650604248047 0.2
-10.526700019836426 12.56235122680664 2.107450485229492 0.2
-10.43709945678711 12.476848602294922 2.2784500122070312 0.2
-10.340700149536133 12.545547485351562 2.4480514526367188 0.2
-10.232099533081055 12.722049713134766 2.474851608276367 0.2
-10.102899551391602 12.868949890136719 2.3942508697509766 0.2
-9.915800094604492 12.89474868774414 2.304349899291992 0.2
-9.742799758911133 12.785747528076172 2.3374500274658203 0.2
-9.655799865722656 12.665050506591797 2.4879512786865234 0.2
-9.69540023803711 12.591350555419922 2.6776504516601562 0.2
-9.885000228881836 12.582550048828125 2.7633514404296875 0.2
-10.087599754333496 12.565547943115234 2.7055511474609375 0.2
-10.242400169372559 12.463150024414062 2.6081504821777344 0.2
-10.265999794006348 12.259048461914062 2.5843505859375 0.2
-10.19159984588623 12.100650787353516 2.7008514404296875 0.2
-10.090399742126465 12.044849395751953 2.875751495361328 0.2
-9.984600067138672 12.163650512695312 3.0092506408691406 0.2
-9.871699333190918 12.340049743652344 2.9908504486083984 0.2
-9.72719955444336 12.461650848388672 2.8978500366210938 0.2
-9.53499984741211 12.42905044555664 2.826150894165039 0.2
-9.392999649047852 12.294548034667969 2.9002513885498047 0.2
-9.339699745178223 12.167247772216797 3.059751510620117 0.2
-9.441399574279785 12.110450744628906 3.2309513092041016 0.2
-9.648599624633789 12.104049682617188 3.2614517211914062 0.2
-9.842599868774414 12.07284927368164 3.183351516723633 0.2
-9.956399917602539 11.925350189208984 3.0906505584716797 0.2
-9.929699897766113 11.721847534179688 3.1170501708984375 0.2
-9.838899612426758 11.585250854492188 3.2504501342773438 0.2
-9.727899551391602 11.587448120117188 3.425149917602539 0.2
-9.613900184631348 11.745750427246094 3.5003509521484375 0.2
-9.497699737548828 11.912948608398438 3.442251205444336 0.2
-9.328100204467773 11.977951049804688 3.339750289916992 0.2
-9.150599479675293 11.874347686767578 3.3204517364501953 0.2
-9.051300048828125 11.722747802734375 3.429349899291992 0.2
-9.063699722290039 11.605850219726562 3.6010513305664062 0.2
-9.234299659729004 11.57564926147461 3.717050552368164 0.2
-9.443099975585938 11.570751190185547 3.6832504272460938 0.2
-9.609700202941895 11.489749908447266 3.585651397705078 0.2
-9.644000053405762 11.292247772216797 3.534151077270508 0.2
-9.573999404907227 11.11104965209961 3.6164512634277344 0.2
-9.464799880981445 11.02695083618164 3.773651123046875 0.2
-9.34280014038086 11.129150390625 3.9076499938964844 0.2
-9.234399795532227 11.310249328613281 3.893951416015625 0.2
-9.087699890136719 11.428447723388672 3.801351547241211 0.2
-8.901299476623535 11.366249084472656 3.7355499267578125 0.2
-8.784899711608887 11.205249786376953 3.8063507080078125 0.2
-8.771599769592285 11.055850982666016 3.9537506103515625 0.2
-8.920499801635742 10.990947723388672 4.084550857543945 0.2
-9.131999969482422 10.983650207519531 4.070751190185547 0.2
-9.306099891662598 10.915050506591797 3.9738502502441406 0.2
-9.34689998626709 10.723247528076172 3.903951644897461 0.2
-9.282499313354492 10.528549194335938 3.959850311279297 0.2
-9.168099403381348 10.42864990234375 4.104551315307617 0.2
-9.040200233459473 10.530750274658203 4.233251571655273 0.2
-8.943099975585938 10.720447540283203 4.21875 0.2
-8.7878999710083 10.826148986816406 4.125051498413086 0.2
-8.610499382019043 10.73244857788086 4.066650390625 0.2
-8.516200065612793 10.545547485351562 4.109050750732422 0.2
-8.552800178527832 10.391948699951172 4.245550155639648 0.2
-8.741999626159668 10.352149963378906 4.339450836181641 0.2
-8.948100090026855 10.314750671386719 4.297050476074219 0.2
-9.05679988861084 10.156150817871094 4.21245002746582 0.2
-9.023200035095215 9.947151184082031 4.237550735473633 0.2
-8.958199501037598 9.79574966430664 4.373651504516602 0.2
-8.926300048828125 9.821849822998047 4.57965087890625 0.2
-8.845199584960938 10.004348754882812 4.641351699829102 0.2
-8.716899871826172 10.14434814453125 4.5422515869140625 0.2
-8.566399574279785 10.227249145507812 4.41145133972168 0.2
-8.39739990234375 10.15195083618164 4.310451507568359 0.2
-8.331399917602539 9.968250274658203 4.388551712036133 0.2
-8.394700050354004 9.81985092163086 4.530351638793945 0.2
-8.563899993896484 9.691150665283203 4.551351547241211 0.2
-8.738999366760254 9.629051208496094 4.530550003051758 0.2
-8.888999938964844 9.55324935913086 4.6105499267578125 0.2
-8.9576997756958 9.401649475097656 4.696550369262695 0.2
-9.027299880981445 9.225151062011719 4.7503509521484375 0.2
-9.025899887084961 9.044849395751953 4.70305061340332 0.2
-8.876699447631836 8.923851013183594 4.679750442504883 0.2
-8.702899932861328 8.871448516845703 4.727550506591797 0.2
-8.562899589538574 8.928749084472656 4.834650039672852 0.2
-8.499499320983887 9.096748352050781 4.8847503662109375 0.2
-8.473199844360352 9.278350830078125 4.847850799560547 0.2
-8.450499534606934 9.454948425292969 4.791950225830078 0.2
-8.39109992980957 9.62044906616211 4.730550765991211 0.2
-8.23289966583252 9.706649780273438 4.686750411987305 0.2
-8.055099487304688 9.668647766113281 4.723451614379883 0.2
-7.935500144958496 9.567848205566406 4.820051193237305 0.2
-7.930600166320801 9.432548522949219 4.93494987487793 0.2
-8.028900146484375 9.292850494384766 4.987051010131836 0.2
-8.154099464416504 9.16524887084961 4.992450714111328 0.2
-8.278200149536133 9.03664779663086 4.988151550292969 0.2
-8.372599601745605 8.887149810791016 4.960451126098633 0.2
-8.36709976196289 8.712749481201172 4.921350479125977 0.2
-8.280099868774414 8.563148498535156 4.9649505615234375 0.2
-8.183599472045898 8.468650817871094 5.0852508544921875 0.2
-8.090499877929688 8.46834945678711 5.245950698852539 0.2
-8.003999710083008 8.61185073852539 5.316150665283203 0.2
-7.870599746704102 8.745849609375 5.290151596069336 0.2
-7.742300033569336 8.851448059082031 5.224250793457031 0.2
-7.695599555969238 8.963951110839844 5.092950820922852 0.2
-7.740499496459961 9.117450714111328 5.013851165771484 0.2
-7.766200065612793 9.289447784423828 4.97035026550293 0.2
-7.64900016784668 9.440849304199219 4.874351501464844 0.2
-7.444299697875977 9.501049041748047 4.849851608276367 0.2
-7.33489990234375 9.528850555419922 5.023550033569336 0.2
-7.406399726867676 9.44485092163086 5.210750579833984 0.2
-7.513500213623047 9.303749084472656 5.333950042724609 0.2
-7.59689998626709 9.115848541259766 5.391750335693359 0.2
-7.5447998046875 8.933147430419922 5.300149917602539 0.2
-7.344699859619141 8.89284896850586 5.241950988769531 0.2
-7.148499488830566 8.963150024414062 5.2951507568359375 0.2
-7.072999954223633 9.145149230957031 5.372150421142578 0.2
-7.136899948120117 9.34415054321289 5.32805061340332 0.2
-7.181699752807617 9.488948822021484 5.175050735473633 0.2
-7.062199592590332 9.579750061035156 5.023351669311523 0.2
-6.865729331970215 9.649650573730469 5.060050964355469 0.2
-6.736269950866699 9.673248291015625 5.226051330566406 0.2
-6.759309768676758 9.5760498046875 5.41254997253418 0.2
-6.858019828796387 9.394950866699219 5.471651077270508 0.2
-6.885759353637695 9.184547424316406 5.458650588989258 0.2
-6.733349800109863 9.041950225830078 5.441249847412109 0.2
-6.529959678649902 9.05215072631836 5.505451202392578 0.2
-6.400169372558594 9.177650451660156 5.614650726318359 0.2
-6.4309797286987305 9.383049011230469 5.655351638793945 0.2
-6.527009963989258 9.551750183105469 5.564550399780273 0.2
-6.554559707641602 9.68914794921875 5.4051513671875 0.2
-6.409560203552246 9.772048950195312 5.2792510986328125 0.2
-6.202739715576172 9.812747955322266 5.30885124206543 0.2
-6.0600996017456055 9.815250396728516 5.462650299072266 0.2
-6.081409454345703 9.719249725341797 5.649250030517578 0.2
-6.173910140991211 9.542449951171875 5.725151062011719 0.2
-6.220489501953125 9.335250854492188 5.735950469970703 0.2
-6.105759620666504 9.161148071289062 5.712551116943359 0.2
-5.902560234069824 9.124950408935547 5.760650634765625 0.2
-5.736639976501465 9.205047607421875 5.8641510009765625 0.2
-5.717800140380859 9.40155029296875 5.935649871826172 0.2
-5.800640106201172 9.585548400878906 5.868751525878906 0.2
-5.875499725341797 9.73495101928711 5.736051559448242 0.2
-5.819549560546875 9.837650299072266 5.560451507568359 0.2
-5.622650146484375 9.878547668457031 5.5032501220703125 0.2
-5.409489631652832 9.891448974609375 5.606851577758789 0.2
-5.349479675292969 9.838348388671875 5.824750900268555 0.2
-5.437829971313477 9.66604995727539 5.960550308227539 0.2
-5.52377986907959 9.448650360107422 6.008451461791992 0.2
-5.451939582824707 9.227447509765625 5.9855499267578125 0.2
-5.230669975280762 9.154548645019531 6.013050079345703 0.2
-5.0221099853515625 9.247249603271484 6.080951690673828 0.2
-4.989319801330566 9.476150512695312 6.086750030517578 0.2
-5.092319488525391 9.680549621582031 6.015850067138672 0.2
-5.153679847717285 9.839550018310547 5.854450225830078 0.2
-5.03633975982666 9.845348358154297 5.654550552368164 0.2
-4.888629913330078 9.700248718261719 5.559350967407227 0.2
-4.9119696617126465 9.480247497558594 5.554050445556641 0.2
-5.014309883117676 9.303848266601562 5.651950836181641 0.2
-5.061729431152344 9.155448913574219 5.811550140380859 0.2
-4.937259674072266 9.08395004272461 5.9826507568359375 0.2
-4.72121000289917 9.076148986816406 6.047151565551758 0.2
-4.534219741821289 9.118049621582031 5.940250396728516 0.2
-4.531269550323486 9.248050689697266 5.7597503662109375 0.2
-4.624859809875488 9.413650512695312 5.636751174926758 0.2
-4.686349868774414 9.625049591064453 5.598550796508789 0.2
-4.5925798416137695 9.800148010253906 5.6925506591796875 0.2
-4.383179664611816 9.82204818725586 5.772451400756836 0.2
-4.19556999206543 9.72024917602539 5.785951614379883 0.2
-4.156289577484131 9.513347625732422 5.772850036621094 0.2
-4.231619834899902 9.319549560546875 5.823850631713867 0.2
-4.316799640655518 9.155448913574219 5.931051254272461 0.2
-4.314669609069824 9.07175064086914 6.124250411987305 0.2
-4.155019760131836 9.052848815917969 6.261751174926758 0.2
-3.943429946899414 9.054248809814453 6.286651611328125 0.2
-3.7922797203063965 9.103748321533203 6.150951385498047 0.2
-3.8094897270202637 9.234649658203125 5.9844512939453125 0.2
-3.8986997604370117 9.394248962402344 5.87285041809082 0.2
-3.9584097862243652 9.593151092529297 5.830951690673828 0.2
-3.879469871520996 9.768848419189453 5.910951614379883 0.2
-3.68403959274292 9.804649353027344 5.985950469970703 0.2
-3.4875497817993164 9.72854995727539 6.004449844360352 0.2
-3.4117798805236816 9.53384780883789 5.980451583862305 0.2
-3.4742298126220703 9.33395004272461 6.020551681518555 0.2
-3.5625696182250977 9.162147521972656 6.111949920654297 0.2
-3.5855398178100586 9.05364990234375 6.2922515869140625 0.2
-3.449159622192383 9.022750854492188 6.448751449584961 0.2
-3.2397499084472656 9.014747619628906 6.49114990234375 0.2
-3.058079719543457 9.041450500488281 6.391050338745117 0.2
-3.039919853210449 9.152450561523438 6.213050842285156 0.2
-3.1263298988342285 9.30984878540039 6.09575080871582 0.2
-3.2056498527526855 9.496650695800781 6.028951644897461 0.2
-3.1703295707702637 9.69704818725586 6.078851699829102 0.2
-2.9796595573425293 9.769248962402344 6.155450820922852 0.2
-2.750649929046631 9.706550598144531 6.178750991821289 0.2
-2.655869960784912 9.495250701904297 6.149850845336914 0.2
-2.728559970855713 9.273849487304688 6.200651168823242 0.2
-2.8189897537231445 9.09014892578125 6.323650360107422 0.2
-2.782249927520752 9.001350402832031 6.5357513427734375 0.2
-2.5734195709228516 8.986248016357422 6.647251129150391 0.2
-2.340259552001953 9.015548706054688 6.613651275634766 0.2
-2.2577996253967285 9.13814926147461 6.436151504516602 0.2
-2.3502097129821777 9.295249938964844 6.279850006103516 0.2
-2.448169708251953 9.493949890136719 6.194950103759766 0.2
-2.4148597717285156 9.702949523925781 6.28754997253418 0.2
-2.281339645385742 9.754749298095703 6.460050582885742 0.2
-2.2776098251342773 9.67464828491211 6.66655158996582 0.2
-2.353449821472168 9.490650177001953 6.77025032043457 0.2
-2.409419536590576 9.278247833251953 6.817251205444336 0.2
-2.318129539489746 9.078048706054688 6.805049896240234 0.2
-2.102219581604004 9.021648406982422 6.802249908447266 0.2
-1.901559829711914 9.100048065185547 6.860450744628906 0.2
-1.8544397354125977 9.307849884033203 6.9183502197265625 0.2
-1.947049617767334 9.502750396728516 6.857851028442383 0.2
-2.0498600006103516 9.659248352050781 6.73335075378418 0.2
-2.0358595848083496 9.75094985961914 6.532350540161133 0.2
-1.847639560699463 9.756950378417969 6.419450759887695 0.2
-1.638509750366211 9.742347717285156 6.455150604248047 0.2
-1.5196199417114258 9.713150024414062 6.624950408935547 0.2
-1.5549097061157227 9.605148315429688 6.803951263427734 0.2
-1.6367998123168945 9.444549560546875 6.917951583862305 0.2
-1.656789779663086 9.236351013183594 6.951450347900391 0.2
-1.5161099433898926 9.091148376464844 6.904850006103516 0.2
-1.3059697151184082 9.117050170898438 6.897651672363281 0.2
-1.1677498817443848 9.275249481201172 6.917551040649414 0.2
-1.1912097930908203 9.483047485351562 6.881650924682617 0.2
-1.2915096282958984 9.634048461914062 6.76915168762207 0.2
-1.3267898559570312 9.709247589111328 6.574251174926758 0.2
-1.1936697959899902 9.69485092163086 6.414751052856445 0.2
-0.9837298393249512 9.665050506591797 6.394950866699219 0.2
-0.8194496631622314 9.645851135253906 6.52345085144043 0.2
-0.8350498676300049 9.579849243164062 6.723751068115234 0.2
-0.9346497058868408 9.450550079345703 6.8614501953125 0.2
-0.9891698360443115 9.247249603271484 6.886350631713867 0.2
-0.9275996685028076 9.075847625732422 6.779651641845703 0.2
-0.7464096546173096 9.03194808959961 6.688650131225586 0.2
-0.6053197383880615 9.187950134277344 6.722150802612305 0.2
-0.6179897785186768 9.40304946899414 6.713350296020508 0.2
-0.6295697689056396 9.56814956665039 6.581050872802734 0.2
-0.4992496967315674 9.626548767089844 6.426750183105469 0.2
-0.28804969787597656 9.654251098632812 6.422750473022461 0.2
-0.11164975166320801 9.6656494140625 6.53795051574707 0.2
-0.12490987777709961 9.596748352050781 6.735651016235352 0.2
-0.2541496753692627 9.442951202392578 6.807950973510742 0.2
-0.38226985931396484 9.2718505859375 6.812049865722656 0.2
-0.4802696704864502 9.085948944091797 6.76085090637207 0.2
-0.42613983154296875 8.906448364257812 6.661050796508789 0.2
-0.2405698299407959 8.802848815917969 6.660650253295898 0.2
-0.08705973625183105 8.828048706054688 6.798749923706055 0.2
-0.0830698013305664 9.011249542236328 6.905450820922852 0.2
-0.07147979736328125 9.226348876953125 6.894550323486328 0.2
-0.009979724884033203 9.430347442626953 6.869251251220703 0.2
0.056400299072265625 9.616649627685547 6.787351608276367 0.2
0.19325017929077148 9.696250915527344 6.646350860595703 0.2
0.40305018424987793 9.673347473144531 6.638250350952148 0.2
0.5579402446746826 9.637550354003906 6.779050827026367 0.2
0.5122601985931396 9.581348419189453 6.982950210571289 0.2
0.35056018829345703 9.452350616455078 7.039152145385742 0.2
0.20074033737182617 9.300350189208984 7.014350891113281 0.2
0.08276033401489258 9.121749877929688 6.9864501953125 0.2
0.0991201400756836 8.905349731445312 7.00255012512207 0.2
0.21798014640808105 8.798851013183594 7.141950607299805 0.2
0.3575301170349121 8.886749267578125 7.285249710083008 0.2
0.45312023162841797 9.078147888183594 7.28175163269043 0.2
0.5244503021240234 9.273448944091797 7.229249954223633 0.2
0.5982003211975098 9.463848114013672 7.160749435424805 0.2
0.6873202323913574 9.582050323486328 7.008350372314453 0.2
0.8041303157806396 9.47964859008789 6.8697509765625 0.2
0.8797402381896973 9.283550262451172 6.913351058959961 0.2
0.8638901710510254 9.102951049804688 7.026250839233398 0.2
0.7471902370452881 8.959949493408203 7.135751724243164 0.2
0.6029901504516602 8.829948425292969 7.228151321411133 0.2
0.42852020263671875 8.708850860595703 7.246252059936523 0.2
0.3239603042602539 8.644248962402344 7.074251174926758 0.2
0.4439702033996582 8.636249542236328 6.901750564575195 0.2
0.6278102397918701 8.737648010253906 6.851850509643555 0.2
0.7351303100585938 8.923851013183594 6.865350723266602 0.2
0.7352602481842041 9.1396484375 6.877851486206055 0.2
0.5644803047180176 9.265548706054688 6.853351593017578 0.2
0.3627903461456299 9.249549865722656 6.7839508056640625 0.2
0.3205902576446533 9.175949096679688 6.599851608276367 0.2
0.4949202537536621 9.06924819946289 6.558050155639648 0.2
0.5828702449798584 8.897048950195312 6.662750244140625 0.2
0.5471501350402832 8.67974853515625 6.688350677490234 0.2
0.6286702156066895 8.516651153564453 6.592050552368164 0.2
0.8356902599334717 8.542949676513672 6.561450958251953 0.2
0.9603703022003174 8.707149505615234 6.609149932861328 0.2
0.8875501155853271 8.909648895263672 6.623451232910156 0.2
0.7339901924133301 9.04465103149414 6.5545501708984375 0.2
0.5770502090454102 9.130451202392578 6.424350738525391 0.2
0.6186401844024658 9.197250366210938 6.23484992980957 0.2
0.8155002593994141 9.273948669433594 6.239749908447266 0.2
0.9691803455352783 9.289947509765625 6.387250900268555 0.2
1.0278602838516235 9.170249938964844 6.557451248168945 0.2
1.0729702711105347 8.981647491455078 6.6524505615234375 0.2
1.1498502492904663 8.779647827148438 6.664150238037109 0.2
1.3299102783203125 8.670249938964844 6.640050888061523 0.2
1.5395902395248413 8.695449829101562 6.671350479125977 0.2
1.615050196647644 8.875350952148438 6.744050979614258 0.2
1.4905202388763428 9.047050476074219 6.728450775146484 0.2
1.319440245628357 9.148548126220703 6.645551681518555 0.2
1.1819102764129639 9.241050720214844 6.505250930786133 0.2
1.2277802228927612 9.323348999023438 6.312250137329102 0.2
1.4289202690124512 9.381450653076172 6.273351669311523 0.2
1.610950231552124 9.412750244140625 6.379550933837891 0.2
1.6939501762390137 9.340747833251953 6.565549850463867 0.2
1.7398802042007446 9.159549713134766 6.694650650024414 0.2
1.7918002605438232 8.948848724365234 6.762651443481445 0.2
1.9054301977157593 8.75634765625 6.734951019287109 0.2
2.1199772357940674 8.687049865722656 6.714851379394531 0.2
2.337541103363037 8.73215103149414 6.754449844360352 0.2
2.39884614944458 8.929847717285156 6.826650619506836 0.2
2.2581043243408203 9.104248046875 6.804349899291992 0.2
2.075690269470215 9.220649719238281 6.735450744628906 0.2
1.9150002002716064 9.328849792480469 6.618249893188477 0.2
1.9315801858901978 9.384349822998047 6.404451370239258 0.2
2.144233226776123 9.383949279785156 6.340250015258789 0.2
2.360427141189575 9.368247985839844 6.394550323486328 0.2
2.570434331893921 9.336849212646484 6.427751541137695 0.2
2.7271323204040527 9.210948944091797 6.360851287841797 0.2
2.7101731300354004 9.000850677490234 6.336050033569336 0.2
2.622162342071533 8.823047637939453 6.421649932861328 0.2
2.621826171875 8.703048706054688 6.595951080322266 0.2
2.7890052795410156 8.666648864746094 6.7214508056640625 0.2
3.004741907119751 8.65884780883789 6.720050811767578 0.2
3.1668763160705566 8.689048767089844 6.587150573730469 0.2
3.147369146347046 8.805747985839844 6.411750793457031 0.2
3.028191089630127 8.96875 6.334051132202148 0.2
2.9655685424804688 9.17074966430664 6.352251052856445 0.2
3.092561721801758 9.312049865722656 6.442951202392578 0.2
3.3076391220092773 9.328449249267578 6.456750869750977 0.2
3.5139031410217285 9.280048370361328 6.416049957275391 0.2
3.6093122959136963 9.112548828125 6.330251693725586 0.2
3.5418052673339844 8.910049438476562 6.342350006103516 0.2
3.457050323486328 8.746150970458984 6.4537506103515625 0.2
3.514045238494873 8.64944839477539 6.632850646972656 0.2
3.7126002311706543 8.620647430419922 6.705650329589844 0.2
3.922699213027954 8.61655044555664 6.658151626586914 0.2
4.031540393829346 8.666648864746094 6.484951019287109 0.2
3.961850166320801 8.8072509765625 6.341550827026367 0.2
3.8506412506103516 8.986248016357422 6.294050216674805 0.2
3.8599371910095215 9.19314956665039 6.337251663208008 0.2
4.041510105133057 9.294448852539062 6.3771514892578125 0.2
4.2547502517700195 9.282051086425781 6.347650527954102 0.2
4.407470226287842 9.159248352050781 6.267950057983398 0.2
4.390080451965332 8.950347900390625 6.240550994873047 0.2
4.295740127563477 8.773849487304688 6.321651458740234 0.2
4.276790142059326 8.6396484375 6.485151290893555 0.2
4.430680274963379 8.585548400878906 6.619050979614258 0.2
4.645260334014893 8.56985092163086 6.612150192260742 0.2
4.822020053863525 8.581050872802734 6.494350433349609 0.2
4.834110260009766 8.672348022460938 6.305351257324219 0.2
4.728140354156494 8.834949493408203 6.213050842285156 0.2
4.646090507507324 9.032150268554688 6.196250915527344 0.2
4.727700233459473 9.21944808959961 6.245250701904297 0.2
4.940840244293213 9.275749206542969 6.241250991821289 0.2
5.162620544433594 9.21725082397461 6.170551300048828 0.2
5.227149963378906 9.009048461914062 6.089651107788086 0.2
5.136549949645996 8.796051025390625 6.150150299072266 0.2
5.078110218048096 8.627147674560547 6.307350158691406 0.2
5.220290184020996 8.54745101928711 6.473350524902344 0.2
5.459060192108154 8.527748107910156 6.4676513671875 0.2
5.670920372009277 8.535350799560547 6.357551574707031 0.2
5.707880020141602 8.630050659179688 6.149051666259766 0.2
5.5790605545043945 8.804248809814453 6.04734992980957 0.2
5.470200538635254 9.016250610351562 6.034049987792969 0.2
5.5642805099487305 9.217147827148438 6.099550247192383 0.2
5.783580303192139 9.25564956665039 6.142850875854492 0.2
5.9268903732299805 9.17654800415039 6.291351318359375 0.2
5.909669876098633 9.00014877319336 6.429851531982422 0.2
5.8564300537109375 8.789749145507812 6.493249893188477 0.2
5.9009599685668945 8.586650848388672 6.418149948120117 0.2
6.083499908447266 8.521549224853516 6.3072509765625 0.2
6.296760559082031 8.579849243164062 6.266750335693359 0.2
6.390290260314941 8.774547576904297 6.314849853515625 0.2
6.2889299392700195 8.974647521972656 6.332550048828125 0.2
6.150020122528076 9.142547607421875 6.274650573730469 0.2
6.133270263671875 9.253047943115234 6.084850311279297 0.2
6.306910514831543 9.275550842285156 5.947750091552734 0.2
6.51800012588501 9.251750946044922 5.9360504150390625 0.2
6.654760360717773 9.159347534179688 6.066751480102539 0.2
6.644050121307373 8.99224853515625 6.199150085449219 0.2
6.592410087585449 8.795848846435547 6.2662506103515625 0.2
6.603489875793457 8.59735107421875 6.196250915527344 0.2
6.75 8.51894760131836 6.067251205444336 0.2
6.944860458374023 8.570350646972656 6.002050399780273 0.2
7.045380115509033 8.753547668457031 6.039751052856445 0.2
6.969940185546875 8.950847625732422 6.070451736450195 0.2
6.849530220031738 9.121047973632812 6.02545166015625 0.2
6.828249931335449 9.233448028564453 5.848550796508789 0.2
6.982080459594727 9.261051177978516 5.707050323486328 0.2
7.190550327301025 9.232547760009766 5.685050964355469 0.2
7.3176703453063965 9.11935043334961 5.811450958251953 0.2
7.293580055236816 8.944648742675781 5.932350158691406 0.2
7.228640079498291 8.74985122680664 5.991350173950195 0.2
7.214600086212158 8.555450439453125 5.908451080322266 0.2
7.348880290985107 8.474048614501953 5.769250869750977 0.2
7.54502010345459 8.516948699951172 5.702751159667969 0.2
7.652160167694092 8.68695068359375 5.755250930786133 0.2
7.581830024719238 8.886947631835938 5.7951507568359375 0.2
7.499470233917236 9.079151153564453 5.751550674438477 0.2
7.444770336151123 9.216049194335938 5.597450256347656 0.2
7.53678035736084 9.267448425292969 5.414451599121094 0.2
7.703320026397705 9.31884765625 5.290750503540039 0.2
7.901830196380615 9.373649597167969 5.244451522827148 0.2
8.029590606689453 9.375049591064453 5.40675163269043 0.2
7.946290016174316 9.2740478515625 5.57655143737793 0.2
7.805090427398682 9.132049560546875 5.652551651000977 0.2
7.742550373077393 8.940448760986328 5.720951080322266 0.2
7.887540340423584 8.799747467041016 5.784551620483398 0.2
8.057710647583008 8.897850036621094 5.855051040649414 0.2
8.126689910888672 9.099250793457031 5.859651565551758 0.2
8.149299621582031 9.269050598144531 5.732950210571289 0.2
8.191459655761719 9.370349884033203 5.5489501953125 0.2
8.209630012512207 9.454547882080078 5.350250244140625 0.2
8.306039810180664 9.46194839477539 5.162250518798828 0.2
8.502309799194336 9.443748474121094 5.0834503173828125 0.2
8.687320709228516 9.442249298095703 5.176450729370117 0.2
8.66061019897461 9.426750183105469 5.3930511474609375 0.2
8.519340515136719 9.342548370361328 5.530950546264648 0.2
8.379159927368164 9.241348266601562 5.656949996948242 0.2
8.266900062561035 9.083648681640625 5.759550094604492 0.2
8.332690238952637 8.884651184082031 5.748250961303711 0.2
8.536630630493164 8.891448974609375 5.698450088500977 0.2
8.67708969116211 9.04534912109375 5.630950927734375 0.2
8.757850646972656 9.22414779663086 5.538850784301758 0.2
8.834329605102539 9.393749237060547 5.432550430297852 0.2
8.881820678710938 9.474647521972656 5.238550186157227 0.2
9.010200500488281 9.409248352050781 5.083650588989258 0.2
9.19403076171875 9.303848266601562 5.087150573730469 0.2
9.258210182189941 9.248748779296875 5.274450302124023 0.2
9.104840278625488 9.22024917602539 5.421350479125977 0.2
8.938650131225586 9.09524917602539 5.477149963378906 0.2
8.790800094604492 8.949951171875 5.534450531005859 0.2
8.625900268554688 8.802249908447266 5.560050964355469 0.2
8.652299880981445 8.599750518798828 5.536951065063477 0.2
8.849360466003418 8.554847717285156 5.59425163269043 0.2
9.005550384521484 8.689949035644531 5.657649993896484 0.2
9.08926010131836 8.882648468017578 5.59375 0.2
9.155850410461426 9.052947998046875 5.472051620483398 0.2
9.3439302444458 9.074150085449219 5.368051528930664 0.2
9.425140380859375 8.998950958251953 5.530351638793945 0.2
9.281770706176758 9.040950775146484 5.682350158691406 0.2
9.095069885253906 9.059349060058594 5.789649963378906 0.2
8.993040084838867 8.886650085449219 5.879850387573242 0.2
9.00037956237793 8.672348022460938 5.842451095581055 0.2
9.106690406799316 8.492549896240234 5.793251037597656 0.2
9.299489974975586 8.501949310302734 5.875450134277344 0.2
9.367389678955078 8.64215087890625 6.023151397705078 0.2
9.260140419006348 8.801849365234375 6.115150451660156 0.2
9.090280532836914 8.933048248291016 6.089250564575195 0.2
8.961429595947266 9.06985092163086 5.986351013183594 0.2
8.961230278015137 9.212348937988281 5.823751449584961 0.2
9.080690383911133 9.360050201416016 5.729650497436523 0.2
9.247730255126953 9.402549743652344 5.8493499755859375 0.2
9.339280128479004 9.245849609375 5.964851379394531 0.2
9.38302993774414 9.039947509765625 6.013851165771484 0.2
9.4339599609375 8.83115005493164 5.983850479125977 0.2
9.560319900512695 8.727249145507812 5.840551376342773 0.2
9.742450714111328 8.788448333740234 5.745851516723633 0.2
9.836450576782227 8.975448608398438 5.773750305175781 0.2
9.737770080566406 9.161750793457031 5.817451477050781 0.2
9.57625961303711 9.305450439453125 5.8240509033203125 0.2
9.402799606323242 9.426750183105469 5.775350570678711 0.2
9.319049835205078 9.49074935913086 5.585550308227539 0.2
9.448320388793945 9.556549072265625 5.42755126953125 0.2
9.654939651489258 9.613250732421875 5.407350540161133 0.2
9.82433032989502 9.559547424316406 5.530250549316406 0.2
9.907710075378418 9.375747680664062 5.636850357055664 0.2
9.962470054626465 9.161048889160156 5.69365119934082 0.2
10.030189514160156 8.950050354003906 5.641750335693359 0.2
10.201080322265625 8.868049621582031 5.518350601196289 0.2
10.414250373840332 8.916648864746094 5.455350875854492 0.2
10.511770248413086 9.111648559570312 5.491550445556641 0.2
10.390310287475586 9.300548553466797 5.518850326538086 0.2
10.209020614624023 9.438751220703125 5.516050338745117 0.2
10.02716064453125 9.56155014038086 5.456850051879883 0.2
9.968830108642578 9.606548309326172 5.247550964355469 0.2
10.136079788208008 9.607349395751953 5.096151351928711 0.2
10.348470687866211 9.605850219726562 5.024150848388672 0.2
10.547990798950195 9.578849792480469 4.94795036315918 0.2
10.664730072021484 9.42934799194336 4.853151321411133 0.2
10.636630058288574 9.21944808959961 4.880550384521484 0.2
10.572480201721191 9.053050994873047 5.004449844360352 0.2
10.613189697265625 8.928749084472656 5.1719512939453125 0.2
10.809280395507812 8.892650604248047 5.244550704956055 0.2
11.013020515441895 8.896747589111328 5.17234992980957 0.2
11.120059967041016 8.936248779296875 4.993350982666016 0.2
11.054190635681152 9.060150146484375 4.833051681518555 0.2
10.933120727539062 9.230449676513672 4.77545166015625 0.2
10.888179779052734 9.43914794921875 4.775150299072266 0.2
11.030620574951172 9.5948486328125 4.789150238037109 0.2
11.237750053405762 9.620750427246094 4.734149932861328 0.2
11.407580375671387 9.53744888305664 4.635950088500977 0.2
11.430190086364746 9.332450866699219 4.586151123046875 0.2
11.357820510864258 9.147647857666016 4.670751571655273 0.2
11.320779800415039 8.994850158691406 4.817451477050781 0.2
11.450300216674805 8.914947509765625 4.963850021362305 0.2
11.663660049438477 8.900348663330078 4.954450607299805 0.2
11.83452033996582 8.91164779663086 4.825950622558594 0.2
11.848740577697754 8.988349914550781 4.629550933837891 0.2
11.7431001663208 9.14725112915039 4.5310516357421875 0.2
11.6466703414917 9.338050842285156 4.5032501220703125 0.2
11.695240020751953 9.543350219726562 4.5256500244140625 0.2
11.886520385742188 9.631549835205078 4.497751235961914 0.2
12.079290390014648 9.605648040771484 4.405750274658203 0.2
12.170909881591797 9.447349548339844 4.3016510009765625 0.2
12.124130249023438 9.241249084472656 4.328151702880859 0.2
12.053339958190918 9.075347900390625 4.447050094604492 0.2
12.081740379333496 8.944450378417969 4.612850189208984 0.2
12.268610000610352 8.89175033569336 4.694551467895508 0.2
12.469389915466309 8.879447937011719 4.618551254272461 0.2
12.582110404968262 8.901248931884766 4.440650939941406 0.2
12.524900436401367 9.014949798583984 4.271150588989258 0.2
12.41610050201416 9.191650390625 4.212150573730469 0.2
12.358329772949219 9.398048400878906 4.203451156616211 0.2
12.469590187072754 9.576850891113281 4.21405029296875 0.2
12.67477035522461 9.617450714111328 4.141550064086914 0.2
12.84807014465332 9.524948120117188 4.007051467895508 0.2
12.84434986114502 9.297248840332031 3.954050064086914 0.2
12.764410018920898 9.100151062011719 4.067150115966797 0.2
12.752880096435547 8.937450408935547 4.241250991821289 0.2
12.938910484313965 8.855751037597656 4.354351043701172 0.2
13.159600257873535 8.83475112915039 4.263950347900391 0.2
13.270000457763672 8.882648468017578 4.059051513671875 0.2
13.189400672912598 9.044448852539062 3.9071502685546875 0.2
13.066500663757324 9.244148254394531 3.8512516021728516 0.2
13.086400032043457 9.47705078125 3.8707504272460938 0.2
13.297599792480469 9.579048156738281 3.90045166015625 0.2
13.462300300598145 9.53554916381836 4.040851593017578 0.2
13.446700096130371 9.386650085449219 4.206951141357422 0.2
13.359200477600098 9.203750610351562 4.309751510620117 0.2
13.341700553894043 8.98324966430664 4.306850433349609 0.2
13.481500625610352 8.852149963378906 4.188251495361328 0.2
13.684599876403809 8.857048034667969 4.089550018310547 0.2
13.834199905395508 9.01974868774414 4.080350875854492 0.2
13.801400184631348 9.242149353027344 4.075050354003906 0.2
13.696000099182129 9.436050415039062 4.022150039672852 0.2
13.622900009155273 9.55215072631836 3.8476505279541016 0.2
13.721500396728516 9.54935073852539 3.6482505798339844 0.2
13.922500610351562 9.505348205566406 3.5540504455566406 0.2
14.101400375366211 9.429950714111328 3.6341514587402344 0.2
14.125 9.299049377441406 3.8003501892089844 0.2
14.057600021362305 9.142349243164062 3.9314498901367188 0.2
13.994800567626953 8.941650390625 3.9573516845703125 0.2
14.05049991607666 8.780548095703125 3.8342514038085938 0.2
14.216500282287598 8.733448028564453 3.706451416015625 0.2
14.401900291442871 8.815547943115234 3.648050308227539 0.2
14.454899787902832 9.020851135253906 3.6531505584716797 0.2
14.375100135803223 9.220149993896484 3.637950897216797 0.2
14.276300430297852 9.377349853515625 3.5345516204833984 0.2
14.28070068359375 9.410449981689453 3.327150344848633 0.2
14.43120002746582 9.362850189208984 3.1822509765625 0.2
14.627900123596191 9.28554916381836 3.163249969482422 0.2
14.732000350952148 9.168750762939453 3.305950164794922 0.2
14.685100555419922 9.023250579833984 3.4578514099121094 0.2
14.604900360107422 8.836250305175781 3.5228500366210938 0.2
14.612800598144531 8.651050567626953 3.4211502075195312 0.2
14.753600120544434 8.566150665283203 3.2820510864257812 0.2
14.943300247192383 8.61294937133789 3.198650360107422 0.2
15.020800590515137 8.810249328613281 3.1984500885009766 0.2
14.945199966430664 9.013347625732422 3.1971511840820312 0.2
14.846199989318848 9.16135025024414 3.0806503295898438 0.2
14.863800048828125 9.161849975585938 2.8694515228271484 0.2
15.001100540161133 9.076648712158203 2.7254505157470703 0.2
15.186500549316406 8.975650787353516 2.7486515045166016 0.2
15.243300437927246 8.850849151611328 2.915750503540039 0.2
15.181500434875488 8.683650970458984 3.038450241088867 0.2
15.150099754333496 8.476150512695312 3.0010509490966797 0.2
15.267399787902832 8.346649169921875 2.873950958251953 0.2
15.469400405883789 8.318248748779297 2.8022499084472656 0.2
15.626200675964355 8.453147888183594 2.85205078125 0.2
15.587599754333496 8.663749694824219 2.8474502563476562 0.2
15.465499877929688 8.826148986816406 2.769651412963867 0.2
15.342000007629395 8.931350708007812 2.6245498657226562 0.2
15.368000030517578 8.898948669433594 2.418550491333008 0.2
15.559300422668457 8.821647644042969 2.3522510528564453 0.2
15.707900047302246 8.673748016357422 2.4006500244140625 0.2
15.685100555419922 8.468849182128906 2.471750259399414 0.2
15.66100025177002 8.321250915527344 2.572650909423828 0.2
15.743200302124023 8.20064926147461 2.6789512634277344 0.2
15.871100425720215 8.073551177978516 2.683450698852539 0.2
15.983799934387207 7.921150207519531 2.6519508361816406 0.2
16.026500701904297 7.768848419189453 2.5550498962402344 0.2
16.06890106201172 7.7568511962890625 2.371950149536133 0.2
16.142799377441406 7.834751129150391 2.225250244140625 0.2
16.232799530029297 7.979747772216797 2.166250228881836 0.2
16.238500595092773 8.157051086425781 2.200550079345703 0.2
16.156299591064453 8.311748504638672 2.247150421142578 0.2
16.05620002746582 8.455551147460938 2.290250778198242 0.2
15.954999923706055 8.602249145507812 2.3186511993408203 0.2
15.878000259399414 8.756549835205078 2.2644500732421875 0.2
15.903600692749023 8.866950988769531 2.1245498657226562 0.2
16.021099090576172 8.912948608398438 1.9951515197753906 0.2
16.1781005859375 8.88814926147461 1.922250747680664 0.2
16.30030059814453 8.765548706054688 1.9278507232666016 0.2
16.346099853515625 8.601551055908203 1.9616508483886719 0.2
16.369701385498047 8.433948516845703 1.997650146484375 0.2
16.38920021057129 8.264450073242188 2.0262508392333984 0.2
16.40089988708496 8.092350006103516 2.004650115966797 0.2
16.43440055847168 7.965648651123047 1.8907508850097656 0.2
16.543100357055664 7.920249938964844 1.7635517120361328 0.2
16.69580078125 7.937450408935547 1.6759510040283203 0.2
16.83839988708496 8.04534912109375 1.6614513397216797 0.2
16.842300415039062 8.230548858642578 1.6583499908447266 0.2
16.820600509643555 8.401050567626953 1.6043510437011719 0.2
16.740501403808594 8.537750244140625 1.536050796508789 0.2
16.593299865722656 8.629348754882812 1.53125 0.2
16.475299835205078 8.717750549316406 1.6225509643554688 0.2
16.385601043701172 8.82925033569336 1.7198505401611328 0.2
16.270599365234375 8.995548248291016 1.6914501190185547 0.2
16.250499725341797 9.150550842285156 1.5374507904052734 0.2
16.40420150756836 9.285350799560547 1.4851512908935547 0.2
16.599700927734375 9.225547790527344 1.5596504211425781 0.2
16.739299774169922 9.065349578857422 1.6124515533447266 0.2
16.839099884033203 8.872249603271484 1.6059513092041016 0.2
16.825401306152344 8.73965072631836 1.4395503997802734 0.2
16.834800720214844 8.82674789428711 1.2425498962402344 0.2
16.904300689697266 9.0135498046875 1.1537513732910156 0.2
16.91670036315918 9.210948944091797 1.2369499206542969 0.2
16.779499053955078 9.318248748779297 1.36614990234375 0.2
16.577899932861328 9.396949768066406 1.3895511627197266 0.2
16.475601196289062 9.537948608398438 1.263650894165039 0.2
16.55950164794922 9.712848663330078 1.1652507781982422 0.2
16.75510025024414 9.797348022460938 1.148651123046875 0.2
16.925399780273438 9.672649383544922 1.1849498748779297 0.2
16.993900299072266 9.465648651123047 1.1770515441894531 0.2
17.04180145263672 9.314750671386719 1.033050537109375 0.2
17.117900848388672 9.365947723388672 0.8400516510009766 0.2
17.219501495361328 9.536251068115234 0.7528514862060547 0.2
17.25950050354004 9.729248046875 0.8342514038085938 0.2
17.141399383544922 9.841049194335938 0.9762516021728516 0.2
16.955799102783203 9.91415023803711 1.0616512298583984 0.2
16.78700065612793 10.025249481201172 0.9919509887695312 0.2
16.785900115966797 10.181949615478516 0.8452510833740234 0.2
16.919898986816406 10.321147918701172 0.7511501312255859 0.2
17.131900787353516 10.311450958251953 0.7664508819580078 0.2
17.25860023498535 10.137950897216797 0.7879505157470703 0.2
17.330900192260742 9.935447692871094 0.7608509063720703 0.2
17.380199432373047 9.806049346923828 0.5976505279541016 0.2
17.460100173950195 9.867847442626953 0.4087505340576172 0.2
17.563701629638672 10.035148620605469 0.3209514617919922 0.2
17.58890151977539 10.228649139404297 0.40635108947753906 0.2
17.460399627685547 10.34225082397461 0.537750244140625 0.2
17.281700134277344 10.41994857788086 0.63275146484375 0.2
17.09280014038086 10.513050079345703 0.5905513763427734 0.2
17.054800033569336 10.647048950195312 0.4290504455566406 0.2
17.163799285888672 10.784347534179688 0.3020515441894531 0.2
17.372501373291016 10.82175064086914 0.2863502502441406 0.2
17.53219985961914 10.67974853515625 0.3146514892578125 0.2
17.62689971923828 10.484149932861328 0.3157501220703125 0.2
17.689599990844727 10.299449920654297 0.2225513458251953 0.2
17.744400024414062 10.26675033569336 0.018751144409179688 0.2
17.83970069885254 10.388450622558594 -0.1342487335205078 0.2
17.919200897216797 10.5865478515625 -0.14194869995117188 0.2
17.84819984436035 10.746650695800781 -0.016550064086914062 0.2
17.68600082397461 10.837848663330078 0.09735107421875 0.2
17.49340057373047 10.922550201416016 0.1526508331298828 0.2
17.345001220703125 11.023750305175781 0.03585052490234375 0.2
17.3789005279541 11.154548645019531 -0.13434982299804688 0.2
17.537799835205078 11.261749267578125 -0.23364830017089844 0.2
17.74679946899414 11.21514892578125 -0.21574974060058594 0.2
17.87540054321289 11.039649963378906 -0.19604873657226562 0.2
17.969100952148438 10.842548370361328 -0.2093486785888672 0.2
18.020700454711914 10.68764877319336 -0.35054969787597656 0.2
18.087200164794922 10.718048095703125 -0.5544490814208984 0.2
18.183300018310547 10.8697509765625 -0.6780490875244141 0.2
18.212600708007812 11.075248718261719 -0.6238498687744141 0.2
18.08769989013672 11.206050872802734 -0.5012493133544922 0.2
17.91680145263672 11.295448303222656 -0.3977489471435547 0.2
17.717700958251953 11.38174819946289 -0.3930492401123047 0.2
17.627899169921875 11.486248016357422 -0.558349609375 0.2
17.705799102783203 11.607749938964844 -0.7230491638183594 0.2
17.90180015563965 11.6739501953125 -0.7815494537353516 0.2
18.088699340820312 11.566349029541016 -0.7541484832763672 0.2
18.2052001953125 11.382148742675781 -0.7381496429443359 0.2
18.293201446533203 11.185749053955078 -0.7756500244140625 0.2
18.336200714111328 11.077247619628906 -0.9574489593505859 0.2
18.408599853515625 11.149547576904297 -1.1504497528076172 0.2
18.495601654052734 11.329948425292969 -1.2321491241455078 0.2
18.464000701904297 11.524349212646484 -1.1418495178222656 0.2
18.312700271606445 11.634449005126953 -1.028249740600586 0.2
18.13479995727539 11.725349426269531 -0.9388484954833984 0.2
17.941600799560547 11.807048797607422 -0.9951496124267578 0.2
17.905899047851562 11.908451080322266 -1.1835498809814453 0.2
18.018699645996094 12.019149780273438 -1.3347492218017578 0.2
18.232799530029297 12.034648895263672 -1.360748291015625 0.2
18.393600463867188 11.888450622558594 -1.3347492218017578 0.2
18.508800506591797 11.70254898071289 -1.3208484649658203 0.2
18.58209991455078 11.508949279785156 -1.3918495178222656 0.2
18.617599487304688 11.446548461914062 -1.5963497161865234 0.2
18.68910026550293 11.54684829711914 -1.779449462890625 0.2
18.74959945678711 11.75054931640625 -1.821249008178711 0.2
18.663700103759766 11.922050476074219 -1.7167491912841797 0.2
18.504899978637695 12.026748657226562 -1.6055488586425781 0.2
18.31610107421875 12.117050170898438 -1.5361499786376953 0.2
18.14109992980957 12.185749053955078 -1.6447486877441406 0.2
18.143299102783203 12.27724838256836 -1.8452491760253906 0.2
18.283599853515625 12.368949890136719 -1.9864482879638672 0.2
18.497501373291016 12.329849243164062 -1.9937496185302734 0.2
18.644901275634766 12.167350769042969 -1.9670486450195312 0.2
18.762800216674805 11.980648040771484 -1.9563484191894531 0.2
18.813899993896484 11.79534912109375 -2.060049057006836 0.2
18.838001251220703 11.773750305175781 -2.277050018310547 0.2
18.896499633789062 11.89434814453125 -2.4529495239257812 0.2
18.91680145263672 12.110347747802734 -2.458250045776367 0.2
18.79990005493164 12.262451171875 -2.3487491607666016 0.2
18.642398834228516 12.369647979736328 -2.2374496459960938 0.2
18.443599700927734 12.452949523925781 -2.1942501068115234 0.2
18.29629898071289 12.506549835205078 -2.3456497192382812 0.2
18.318300247192383 12.586448669433594 -2.551248550415039 0.2
18.484600067138672 12.654048919677734 -2.6749496459960938 0.2
18.688098907470703 12.571949005126953 -2.672048568725586 0.2
18.830299377441406 12.405750274658203 -2.6440486907958984 0.2
18.944700241088867 12.216850280761719 -2.643749237060547 0.2
18.969900131225586 12.050548553466797 -2.7833499908447266 0.2
18.984500885009766 12.061248779296875 -3.0031490325927734 0.2
19.031700134277344 12.207149505615234 -3.1606483459472656 0.2
19.009700775146484 12.422550201416016 -3.132049560546875 0.2
18.87459945678711 12.557350158691406 -3.020549774169922 0.2
18.71470069885254 12.665451049804688 -2.913349151611328 0.2
18.505599975585938 12.732547760009766 -2.9081497192382812 0.2
18.390899658203125 12.777050018310547 -3.0891494750976562 0.2
18.435100555419922 12.85384750366211 -3.2927494049072266 0.2
18.61669921875 12.895050048828125 -3.392749786376953 0.2
18.798900604248047 12.79104995727539 -3.382749557495117 0.2
18.935901641845703 12.633647918701172 -3.355649948120117 0.2
19.045499801635742 12.452949523925781 -3.3562488555908203 0.2
19.063400268554688 12.289249420166016 -3.485149383544922 0.2
19.064199447631836 12.28704833984375 -3.6964492797851562 0.2
19.094600677490234 12.407848358154297 -3.8669490814208984 0.2
19.083200454711914 12.616348266601562 -3.870849609375 0.2
18.965801239013672 12.760448455810547 -3.769449234008789 0.2
18.822799682617188 12.871349334716797 -3.6617488861083984 0.2
18.63759994506836 12.952751159667969 -3.6032485961914062 0.2
18.467599868774414 12.979747772216797 -3.722148895263672 0.2
18.44499969482422 13.028648376464844 -3.926849365234375 0.2
18.556900024414062 13.093650817871094 -4.091949462890625 0.2
18.759899139404297 13.05514907836914 -4.127849578857422 0.2
18.914501190185547 12.91415023803711 -4.103549957275391 0.2
19.048601150512695 12.753349304199219 -4.080949783325195 0.2
19.11359977722168 12.560550689697266 -4.134849548339844 0.2
19.097700119018555 12.470649719238281 -4.323848724365234 0.2
19.102500915527344 12.52724838256836 -4.5285491943359375 0.2
19.116600036621094 12.709548950195312 -4.631349563598633 0.2
19.034700393676758 12.89114761352539 -4.562749862670898 0.2
18.899499893188477 13.012550354003906 -4.454248428344727 0.2
18.74180030822754 13.116748809814453 -4.357149124145508 0.2
18.536800384521484 13.156150817871094 -4.378448486328125 0.2
18.437999725341797 13.177749633789062 -4.564249038696289 0.2
18.470199584960938 13.23134994506836 -4.767250061035156 0.2
18.63909912109375 13.253547668457031 -4.873149871826172 0.2
18.81599998474121 13.156448364257812 -4.870550155639648 0.2
18.95880126953125 13.017749786376953 -4.844049453735352 0.2
19.07979965209961 12.857250213623047 -4.832649230957031 0.2
19.104400634765625 12.677349090576172 -4.918849945068359 0.2
19.073400497436523 12.623348236083984 -5.110748291015625 0.2
19.06559944152832 12.687950134277344 -5.302648544311523 0.2
19.057600021362305 12.871849060058594 -5.383548736572266 0.2
18.967100143432617 13.037548065185547 -5.312549591064453 0.2
18.842300415039062 13.1573486328125 -5.209148406982422 0.2
18.69659996032715 13.26144790649414 -5.114248275756836 0.2
18.49850082397461 13.29574966430664 -5.1152496337890625 0.2
18.378299713134766 13.295948028564453 -5.277750015258789 0.2
18.373401641845703 13.325847625732422 -5.478649139404297 0.2
18.513198852539062 13.352550506591797 -5.621049880981445 0.2
18.697999954223633 13.271747589111328 -5.638248443603516 0.2
18.849300384521484 13.140949249267578 -5.614648818969727 0.2
18.98430061340332 12.991950988769531 -5.596948623657227 0.2
19.027400970458984 12.802547454833984 -5.6517486572265625 0.2
18.98189926147461 12.71084976196289 -5.8260498046875 0.2
18.950698852539062 12.742748260498047 -6.024648666381836 0.2
18.933700561523438 12.904449462890625 -6.144649505615234 0.2
18.852100372314453 13.082748413085938 -6.094749450683594 0.2
18.73270034790039 13.21084976196289 -5.992849349975586 0.2
18.597999572753906 13.325450897216797 -5.892648696899414 0.2
18.404701232910156 13.372749328613281 -5.858348846435547 0.2
18.253398895263672 13.35784912109375 -5.992349624633789 0.2
18.214599609375 13.369449615478516 -6.192150115966797 0.2
18.31869888305664 13.396148681640625 -6.3634490966796875 0.2
18.505901336669922 13.33184814453125 -6.4064483642578125 0.2
18.66429901123047 13.207748413085938 -6.389348983764648 0.2
18.809900283813477 13.069049835205078 -6.370349884033203 0.2
18.880401611328125 12.880950927734375 -6.395349502563477 0.2
18.830799102783203 12.748550415039062 -6.540149688720703 0.2
18.776901245117188 12.744247436523438 -6.736949920654297 0.2
18.745800018310547 12.868247985839844 -6.894548416137695 0.2
18.676700592041016 13.05794906616211 -6.880949020385742 0.2
18.564800262451172 13.19744873046875 -6.784149169921875 0.2
18.442699432373047 13.322750091552734 -6.681549072265625 0.2
18.269500732421875 13.397850036621094 -6.607549667358398 0.2
18.082901000976562 13.37554931640625 -6.683050155639648 0.2
18.000301361083984 13.362049102783203 -6.86924934387207 0.2
18.04170036315918 13.378650665283203 -7.067249298095703 0.2
18.21860122680664 13.34124755859375 -7.158048629760742 0.2
18.386600494384766 13.22854995727539 -7.153450012207031 0.2
18.54199981689453 13.100749969482422 -7.136148452758789 0.2
18.655000686645508 12.931949615478516 -7.131750106811523 0.2
18.626998901367188 12.751049041748047 -7.217548370361328 0.2
18.545700073242188 12.69384765625 -7.395849227905273 0.2
18.484500885009766 12.75204849243164 -7.581249237060547 0.2
18.425600051879883 12.93695068359375 -7.637849807739258 0.2
18.326499938964844 13.09695053100586 -7.559648513793945 0.2
18.21630096435547 13.23394775390625 -7.460048675537109 0.2
18.075599670410156 13.343650817871094 -7.363548278808594 0.2
17.87350082397461 13.342350006103516 -7.353849411010742 0.2
17.73699951171875 13.298648834228516 -7.498649597167969 0.2
17.702701568603516 13.285747528076172 -7.699150085449219 0.2
17.83449935913086 13.26675033569336 -7.851648330688477 0.2
18.011899948120117 13.170650482177734 -7.874050140380859 0.2
18.17490005493164 13.051349639892578 -7.862049102783203 0.2
18.319000244140625 12.907848358154297 -7.848148345947266 0.2
18.340801239013672 12.708248138427734 -7.872949600219727 0.2
18.243900299072266 12.59124755859375 -8.008949279785156 0.2
18.15019989013672 12.587947845458984 -8.190549850463867 0.2
18.079898834228516 12.736747741699219 -8.308649063110352 0.2
17.99100112915039 12.91455078125 -8.264249801635742 0.2
17.890701293945312 13.063949584960938 -8.17234992980957 0.2
17.772201538085938 13.196147918701172 -8.074850082397461 0.2
17.582401275634766 13.226947784423828 -8.011848449707031 0.2
17.41230010986328 13.164447784423828 -8.103349685668945 0.2
17.33180046081543 13.119148254394531 -8.285249710083008 0.2
17.408199310302734 13.090351104736328 -8.470748901367188 0.2
17.5846004486084 13.00564956665039 -8.52454948425293 0.2
17.752399444580078 12.892047882080078 -8.517950057983398 0.2
17.90869903564453 12.762248992919922 -8.504249572753906 0.2
17.96630096435547 12.568450927734375 -8.496950149536133 0.2
17.870601654052734 12.41415023803711 -8.588150024414062 0.2
17.75629997253418 12.369449615478516 -8.751348495483398 0.2
17.668701171875 12.476150512695312 -8.89944839477539 0.2
17.583999633789062 12.66054916381836 -8.89015007019043 0.2
17.491500854492188 12.820049285888672 -8.807849884033203 0.2
17.38629913330078 12.966049194335938 -8.715749740600586 0.2
17.211700439453125 13.022647857666016 -8.630748748779297 0.2
17.02669906616211 12.957450866699219 -8.680248260498047 0.2
16.918800354003906 12.88895034790039 -8.85154914855957 0.2
16.974700927734375 12.840049743652344 -9.049549102783203 0.2
17.155500411987305 12.747249603271484 -9.111649513244629 0.2
17.332401275634766 12.629947662353516 -9.104948997497559 0.2
17.492599487304688 12.489749908447266 -9.086548805236816 0.2
17.520299911499023 12.28125 -9.072049140930176 0.2
17.399200439453125 12.13644790649414 -9.17034912109375 0.2
17.27199935913086 12.110847473144531 -9.339749336242676 0.2
17.1781005859375 12.260948181152344 -9.454249382019043 0.2
17.088600158691406 12.449150085449219 -9.409449577331543 0.2
16.995899200439453 12.620048522949219 -9.325749397277832 0.2
16.863399505615234 12.751548767089844 -9.225249290466309 0.2
16.658599853515625 12.729148864746094 -9.182249069213867 0.2
16.50320053100586 12.6396484375 -9.296249389648438 0.2
16.465599060058594 12.568050384521484 -9.490849494934082 0.2
16.61050033569336 12.488548278808594 -9.62144947052002 0.2
16.790800094604492 12.378948211669922 -9.631049156188965 0.2
16.96390151977539 12.25925064086914 -9.618948936462402 0.2
17.066699981689453 12.078849792480469 -9.581949234008789 0.2
16.986099243164062 11.88644790649414 -9.603049278259277 0.2
16.84360122680664 11.796150207519531 -9.731749534606934 0.2
16.722200393676758 11.859649658203125 -9.890849113464355 0.2
16.63159942626953 12.048748016357422 -9.912348747253418 0.2
16.545799255371094 12.22964859008789 -9.845048904418945 0.2
16.445199966430664 12.395347595214844 -9.759149551391602 0.2
16.270700454711914 12.450450897216797 -9.657049179077148 0.2
16.078800201416016 12.361648559570312 -9.68764877319336 0.2
15.963700294494629 12.256450653076172 -9.847148895263672 0.2
16.04800033569336 12.166450500488281 -10.028449058532715 0.2
16.238399505615234 12.057750701904297 -10.068049430847168 0.2
16.426700592041016 11.940750122070312 -10.061749458312988 0.2
16.565799713134766 11.7740478515625 -10.019549369812012 0.2
16.506999969482422 11.564647674560547 -9.995549201965332 0.2
16.347999572753906 11.445350646972656 -10.095149040222168 0.2
16.205501556396484 11.487350463867188 -10.25564956665039 0.2
16.107200622558594 11.681148529052734 -10.293549537658691 0.2
16.02199935913086 11.876350402832031 -10.235649108886719 0.2
15.915800094604492 12.050350189208984 -10.1504487991333 0.2
15.728300094604492 12.080047607421875 -10.042649269104004 0.2
15.542400360107422 11.969047546386719 -10.080849647521973 0.2
15.450900077819824 11.850151062011719 -10.241148948669434 0.2
15.561800003051758 11.74734878540039 -10.399048805236816 0.2
15.75220012664795 11.638347625732422 -10.422948837280273 0.2
15.938600540161133 11.52145004272461 -10.411849021911621 0.2
16.047698974609375 11.342548370361328 -10.34684944152832 0.2
15.955500602722168 11.146747589111328 -10.323549270629883 0.2
15.789899826049805 11.04024887084961 -10.424249649047852 0.2
15.647900581359863 11.109447479248047 -10.574549674987793 0.2
15.555000305175781 11.308349609375 -10.592049598693848 0.2
15.47450065612793 11.50674819946289 -10.539949417114258 0.2
15.355000495910645 11.663948059082031 -10.442349433898926 0.2
15.161900520324707 11.64004898071289 -10.346949577331543 0.2
14.997900009155273 11.50455093383789 -10.406449317932129 0.2
14.950900077819824 11.370647430419922 -10.572349548339844 0.2
15.099400520324707 11.262149810791016 -10.690649032592773 0.2
15.293100357055664 11.156047821044922 -10.69844913482666 0.2
15.470000267028809 11.027549743652344 -10.6656494140625 0.2
15.504799842834473 10.833450317382812 -10.574249267578125 0.2
15.365400314331055 10.663047790527344 -10.583148956298828 0.2
15.1943998336792 10.598350524902344 -10.704949378967285 0.2
15.071800231933594 10.737751007080078 -10.819149017333984 0.2
14.997300148010254 10.945751190185547 -10.807148933410645 0.2
14.910900115966797 11.139747619628906 -10.745749473571777 0.2
14.744900703430176 11.19594955444336 -10.618349075317383 0.2
14.571700096130371 11.06235122680664 -10.60844898223877 0.2
14.48449993133545 10.8968505859375 -10.724449157714844 0.2
14.581700325012207 10.76424789428711 -10.866848945617676 0.2
14.775400161743164 10.661548614501953 -10.89264965057373 0.2
14.953400611877441 10.538749694824219 -10.848649024963379 0.2
14.979100227355957 10.35165023803711 -10.741048812866211 0.2
14.840300559997559 10.179550170898438 -10.737849235534668 0.2
14.665599822998047 10.122650146484375 -10.857048988342285 0.2
14.553800582885742 10.28084945678711 -10.957049369812012 0.2
14.4975004196167 10.494949340820312 -10.944449424743652 0.2
14.378100395202637 10.643150329589844 -10.838249206542969 0.2
14.20460033416748 10.566749572753906 -10.733749389648438 0.2
14.087300300598145 10.38344955444336 -10.76784896850586 0.2
14.122300148010254 10.22884750366211 -10.919448852539062 0.2
14.30679988861084 10.122047424316406 -10.981749534606934 0.2
14.474200248718262 9.987449645996094 -10.930648803710938 0.2
14.469600677490234 9.789249420166016 -10.837348937988281 0.2
14.343500137329102 9.610050201416016 -10.869049072265625 0.2
14.222599983215332 9.570648193359375 -11.045649528503418 0.2
14.1427001953125 9.755149841308594 -11.129249572753906 0.2
14.078200340270996 9.95684814453125 -11.063348770141602 0.2
13.977300643920898 10.107650756835938 -10.934749603271484 0.2
13.787400245666504 10.063850402832031 -10.835649490356445 0.2
13.630900382995605 9.92464828491211 -10.913148880004883 0.2
13.633600234985352 9.727649688720703 -11.00934886932373 0.2
13.775400161743164 9.560848236083984 -10.971049308776855 0.2
13.899200439453125 9.458450317382812 -10.91724967956543 0.2
14.031599998474121 9.35274887084961 -10.928949356079102 0.2
14.105100631713867 9.225749969482422 -11.015149116516113 0.2
14.09160041809082 9.067447662353516 -11.075749397277832 0.2
14.053400039672852 8.896350860595703 -11.088149070739746 0.2
14.020100593566895 8.71474838256836 -11.056448936462402 0.2
13.873700141906738 8.643848419189453 -10.979249000549316 0.2
13.701700210571289 8.656749725341797 -10.968149185180664 0.2
13.552499771118164 8.716850280761719 -11.025548934936523 0.2
13.477800369262695 8.847148895263672 -11.10724925994873 0.2
13.463500022888184 9.014350891113281 -11.133049011230469 0.2
13.464000701904297 9.183448791503906 -11.133149147033691 0.2
13.465400695800781 9.352348327636719 -11.12964916229248 0.2
13.461700439453125 9.520950317382812 -11.121249198913574 0.2
13.416000366210938 9.680950164794922 -11.08644962310791 0.2
13.281599998474121 9.76974868774414 -11.032548904418945 0.2
13.112600326538086 9.761348724365234 -11.028449058532715 0.2
12.966350555419922 9.690448760986328 -11.075749397277832 0.2
12.909649848937988 9.54935073852539 -11.151349067687988 0.2
12.953920364379883 9.38814926147461 -11.18114948272705 0.2
13.0285005569458 9.23685073852539 -11.179749488830566 0.2
13.105899810791016 9.08694839477539 -11.173349380493164 0.2
13.181400299072266 8.936149597167969 -11.16304874420166 0.2
13.233699798583984 8.778949737548828 -11.127049446105957 0.2
13.197800636291504 8.630050659179688 -11.051849365234375 0.2
13.072500228881836 8.517547607421875 -11.026049613952637 0.2
12.922019958496094 8.445247650146484 -11.07384967803955 0.2
12.782670021057129 8.47235107421875 -11.18294906616211 0.2
12.688549995422363 8.62874984741211 -11.22304916381836 0.2
12.583330154418945 8.766448974609375 -11.230548858642578 0.2
12.499740600585938 8.905250549316406 -11.18114948272705 0.2
12.502309799194336 9.052650451660156 -11.097649574279785 0.2
12.572040557861328 9.203449249267578 -11.0785493850708 0.2
12.656010627746582 9.37765121459961 -11.124149322509766 0.2
12.665200233459473 9.58584976196289 -11.106948852539062 0.2
12.516850471496582 9.714847564697266 -11.036349296569824 0.2
12.31029987335205 9.754249572753906 -11.039149284362793 0.2
12.184810638427734 9.694049835205078 -11.193948745727539 0.2
12.209219932556152 9.522350311279297 -11.313249588012695 0.2
12.26339054107666 9.327247619628906 -11.366649627685547 0.2
12.26887035369873 9.136749267578125 -11.286449432373047 0.2
12.127639770507812 9.10274887084961 -11.139849662780762 0.2
11.936200141906738 9.186847686767578 -11.136049270629883 0.2
11.828940391540527 9.334850311279297 -11.234848976135254 0.2
11.8887300491333 9.523147583007812 -11.299549102783203 0.2
11.991450309753418 9.69894790649414 -11.251349449157715 0.2
11.986849784851074 9.857650756835938 -11.11104965209961 0.2
11.816309928894043 9.982547760009766 -11.06554889678955 0.2
11.632929801940918 10.038150787353516 -11.169049263000488 0.2
11.562280654907227 9.923748016357422 -11.336548805236816 0.2
11.619560241699219 9.716449737548828 -11.376049041748047 0.2
11.648240089416504 9.506549835205078 -11.32404899597168 0.2
11.499529838562012 9.390949249267578 -11.22204875946045 0.2
11.287400245666504 9.438751220703125 -11.232648849487305 0.2
11.16491985321045 9.573749542236328 -11.34744930267334 0.2
11.220880508422852 9.7646484375 -11.433649063110352 0.2
11.33650016784668 9.94784927368164 -11.404748916625977 0.2
11.379310607910156 10.124748229980469 -11.288249015808105 0.2
11.242230415344238 10.255748748779297 -11.186849594116211 0.2
11.039239883422852 10.329151153564453 -11.213048934936523 0.2
10.903579711914062 10.28594970703125 -11.371048927307129 0.2
10.920330047607422 10.100151062011719 -11.480449676513672 0.2
10.982709884643555 9.891349792480469 -11.486449241638184 0.2
10.969940185546875 9.686847686767578 -11.418949127197266 0.2
10.791290283203125 9.603950500488281 -11.336849212646484 0.2
10.582599639892578 9.65414810180664 -11.370549201965332 0.2
10.4824800491333 9.797149658203125 -11.493349075317383 0.2
10.550060272216797 9.994247436523438 -11.55224895477295 0.2
10.658060073852539 10.17905044555664 -11.515149116516113 0.2
10.716060638427734 10.35464859008789 -11.403449058532715 0.2
10.599929809570312 10.47665023803711 -11.272648811340332 0.2
10.392789840698242 10.53955078125 -11.274649620056152 0.2
10.230470657348633 10.521350860595703 -11.410649299621582 0.2
10.220010757446289 10.363147735595703 -11.55634880065918 0.2
10.276860237121582 10.157249450683594 -11.59174919128418 0.2
10.310620307922363 9.944149017333984 -11.574549674987793 0.2
10.20654010772705 9.78384780883789 -11.478049278259277 0.2
9.993430137634277 9.77145004272461 -11.456449508666992 0.2
9.818500518798828 9.861949920654297 -11.541049003601074 0.2
9.810050010681152 10.047550201416016 -11.648348808288574 0.2
9.904890060424805 10.241950988769531 -11.639248847961426 0.2
10.00078010559082 10.425548553466797 -11.576449394226074 0.2
9.999210357666016 10.582748413085938 -11.429049491882324 0.2
9.82628059387207 10.666648864746094 -11.33704948425293 0.2
9.617400169372559 10.693550109863281 -11.386049270629883 0.2
9.507920265197754 10.618850708007812 -11.552449226379395 0.2
9.536820411682129 10.431648254394531 -11.65584945678711 0.2
9.595020294189453 10.224647521972656 -11.683349609375 0.2
9.602710723876953 10.011848449707031 -11.64384937286377 0.2
9.456510543823242 9.887748718261719 -11.55104923248291 0.2
9.240480422973633 9.90224838256836 -11.555949211120605 0.2
9.097180366516113 10.02444839477539 -11.65674877166748 0.2
9.131790161132812 10.225948333740234 -11.724848747253418 0.2
9.230510711669922 10.417049407958984 -11.693449020385742 0.2
9.312780380249023 10.59994888305664 -11.6100492477417 0.2
9.26361083984375 10.73324966430664 -11.449549674987793 0.2
9.063750267028809 10.788349151611328 -11.389849662780762 0.2
8.862770080566406 10.784950256347656 -11.468049049377441 0.2
8.799200057983398 10.666950225830078 -11.635249137878418 0.2
8.84514045715332 10.46915054321289 -11.71264934539795 0.2
8.900680541992188 10.26034927368164 -11.737049102783203 0.2
8.882749557495117 10.055747985839844 -11.671449661254883 0.2
8.706450462341309 9.968948364257812 -11.588048934936523 0.2
8.493680000305176 10.004947662353516 -11.60724925994873 0.2
8.390230178833008 10.157150268554688 -11.71454906463623 0.2
8.449260711669922 10.362648010253906 -11.750248908996582 0.2
8.54734992980957 10.552047729492188 -11.711349487304688 0.2
8.610150337219238 10.730548858642578 -11.606449127197266 0.2
8.512929916381836 10.837947845458984 -11.449849128723145 0.2
8.301400184631348 10.871349334716797 -11.420248985290527 0.2
8.122489929199219 10.839149475097656 -11.531848907470703 0.2
8.097410202026367 10.688648223876953 -11.684549331665039 0.2
8.15216064453125 10.487049102783203 -11.741649627685547 0.2
8.201189994812012 10.276248931884766 -11.7527494430542 0.2
8.148030281066895 10.089347839355469 -11.660149574279785 0.2
7.951780319213867 10.03594970703125 -11.594449043273926 0.2
7.749640464782715 10.095848083496094 -11.63694953918457 0.2
7.689800262451172 10.272148132324219 -11.74264907836914 0.2
7.7659101486206055 10.474849700927734 -11.750749588012695 0.2
7.860840320587158 10.66415023803711 -11.705049514770508 0.2
7.894650459289551 10.832847595214844 -11.573649406433105 0.2
7.7541303634643555 10.91604995727539 -11.43704891204834 0.2
7.537810325622559 10.932048797607422 -11.44114875793457 0.2
7.389950275421143 10.867347717285156 -11.58074951171875 0.2
7.399730205535889 10.691150665283203 -11.705549240112305 0.2
7.459880352020264 10.486949920654297 -11.749249458312988 0.2
7.498239994049072 10.273448944091797 -11.735149383544922 0.2
7.406460285186768 10.114250183105469 -11.625349044799805 0.2
7.195510387420654 10.092048645019531 -11.582749366760254 0.2
7.010960102081299 10.18014907836914 -11.648149490356445 0.2
6.996880531311035 10.37514877319336 -11.738449096679688 0.2
7.083630084991455 10.57455062866211 -11.730049133300781 0.2
7.172600269317627 10.765350341796875 -11.674649238586426 0.2
7.171080112457275 10.916748046875 -11.521549224853516 0.2
6.99468994140625 10.973751068115234 -11.413649559020996 0.2
6.780170440673828 10.968151092529297 -11.444249153137207 0.2
6.672610282897949 10.865550994873047 -11.598149299621582 0.2
6.70559024810791 10.67435073852539 -11.695448875427246 0.2
6.768040180206299 10.469650268554688 -11.73224925994873 0.2
6.788700103759766 10.259349822998047 -11.686749458312988 0.2
6.656209945678711 10.137550354003906 -11.572548866271973 0.2
6.4411301612854 10.14215087890625 -11.547348976135254 0.2
6.288690567016602 10.264949798583984 -11.63084888458252 0.2
6.31026029586792 10.470748901367188 -11.69434928894043 0.2
6.401770114898682 10.666248321533203 -11.67724895477295 0.2
6.478930473327637 10.854351043701172 -11.602849006652832 0.2
6.429180145263672 10.975849151611328 -11.433849334716797 0.2
6.2315802574157715 11.00455093383789 -11.35374927520752 0.2
6.029069900512695 10.971149444580078 -11.414749145507812 0.2
5.965300559997559 10.832347869873047 -11.566349029541016 0.2
6.015670299530029 10.63454818725586 -11.63914966583252 0.2
6.076610565185547 10.42824935913086 -11.664548873901367 0.2
6.065400123596191 10.230751037597656 -11.578449249267578 0.2
5.896759986877441 10.149948120117188 -11.476449012756348 0.2
5.68358039855957 10.183448791503906 -11.477349281311035 0.2
5.5761003494262695 10.341148376464844 -11.572548866271973 0.2
5.630380153656006 10.548149108886719 -11.604549407958984 0.2
5.723330497741699 10.742149353027344 -11.577849388122559 0.2
5.778660297393799 10.919349670410156 -11.466548919677734 0.2
5.67356014251709 11.006248474121094 -11.303149223327637 0.2
5.461000442504883 11.013248443603516 -11.261149406433105 0.2
5.283900260925293 10.949951171875 -11.362349510192871 0.2
5.270200252532959 10.782550811767578 -11.497949600219727 0.2
5.3331804275512695 10.582550048828125 -11.555449485778809 0.2
5.3866801261901855 10.3719482421875 -11.554749488830566 0.2
5.326459884643555 10.20145034790039 -11.440349578857422 0.2
5.126800537109375 10.16094970703125 -11.369349479675293 0.2
4.926720142364502 10.230949401855469 -11.404549598693848 0.2
4.880540370941162 10.419849395751953 -11.495549201965332 0.2
4.95835018157959 10.622749328613281 -11.499849319458008 0.2
5.048089981079102 10.815750122070312 -11.454648971557617 0.2
5.060980319976807 10.96875 -11.304149627685547 0.2
4.897820472717285 11.020347595214844 -11.175748825073242 0.2
4.681730270385742 11.006950378417969 -11.179849624633789 0.2
4.55702018737793 10.90665054321289 -11.320849418640137 0.2
4.585659980773926 10.720550537109375 -11.428449630737305 0.2
4.654210090637207 10.51934814453125 -11.472848892211914 0.2
4.684110164642334 10.309947967529297 -11.429849624633789 0.2
4.559580326080322 10.183948516845703 -11.312249183654785 0.2
4.346010208129883 10.18124771118164 -11.278749465942383 0.2
4.185500144958496 10.297950744628906 -11.354049682617188 0.2
4.19851016998291 10.50374984741211 -11.418549537658691 0.2
4.288630485534668 10.699748992919922 -11.401049613952637 0.2
4.363110065460205 10.88644790649414 -11.321349143981934 0.2
4.305080413818359 11.001850128173828 -11.151449203491211 0.2
4.104830265045166 11.024749755859375 -11.076549530029297 0.2
3.9049441814422607 10.986248016357422 -11.141448974609375 0.2
3.8482351303100586 10.84634780883789 -11.294249534606934 0.2
3.9059972763061523 10.651050567626953 -11.36764907836914 0.2
3.9713191986083984 10.445751190185547 -11.388749122619629 0.2
3.9499142169952393 10.253150939941406 -11.295649528503418 0.2
3.7716012001037598 10.179450988769531 -11.20514965057373 0.2
3.560253143310547 10.217350006103516 -11.217848777770996 0.2
3.4652931690216064 10.380950927734375 -11.316049575805664 0.2
3.5253453254699707 10.587249755859375 -11.33954906463623 0.2
3.617314338684082 10.779949188232422 -11.304049491882324 0.2
3.652660369873047 10.949050903320312 -11.174549102783203 0.2
3.517611265182495 11.02294921875 -11.028449058532715 0.2
3.301722288131714 11.02294921875 -11.013548851013184 0.2
3.1468472480773926 10.946548461914062 -11.137848854064941 0.2
3.15789532661438 10.771648406982422 -11.263449668884277 0.2
3.2294411659240723 10.572250366210938 -11.311049461364746 0.2
3.275998115539551 10.361949920654297 -11.287348747253418 0.2
3.182415246963501 10.21044921875 -11.170449256896973 0.2
2.972269058227539 10.186248779296875 -11.126249313354492 0.2
2.7873311042785645 10.272647857666016 -11.189449310302734 0.2
2.7719032764434814 10.468849182128906 -11.275548934936523 0.2
2.856318235397339 10.668949127197266 -11.26724910736084 0.2
2.937241315841675 10.85995101928711 -11.203049659729004 0.2
2.905661106109619 10.997249603271484 -11.041549682617188 0.2
2.7133772373199463 11.036449432373047 -10.953948974609375 0.2
2.50441837310791 11.012451171875 -11.001749038696289 0.2
2.424774169921875 10.8896484375 -11.157649040222168 0.2
2.4777631759643555 10.696147918701172 -11.240448951721191 0.2
2.5495762825012207 10.492450714111328 -11.26414966583252 0.2
2.55155611038208 10.291149139404297 -11.18764877319336 0.2
2.3866822719573975 10.196250915527344 -11.091349601745605 0.2
2.1711621284484863 10.21405029296875 -11.09704875946045 0.2
2.049647331237793 10.353450775146484 -11.201748847961426 0.2
2.093862295150757 10.560249328613281 -11.248048782348633 0.2
2.1844232082366943 10.755149841308594 -11.218548774719238 0.2
2.2333052158355713 10.936450958251953 -11.112149238586426 0.2
2.117709159851074 11.033149719238281 -10.96204948425293 0.2
1.9032502174377441 11.047348022460938 -10.938549041748047 0.2
1.7335002422332764 10.989948272705078 -11.053049087524414 0.2
1.7270902395248413 10.826351165771484 -11.19334888458252 0.2
1.7988002300262451 10.627349853515625 -11.23954963684082 0.2
1.8555302619934082 10.418750762939453 -11.228549003601074 0.2
1.784940242767334 10.249149322509766 -11.118948936462402 0.2
1.5805002450942993 10.20615005493164 -11.06994915008545 0.2
1.384910225868225 10.267948150634766 -11.13084888458252 0.2
1.3418601751327515 10.448551177978516 -11.237849235534668 0.2
1.4179902076721191 10.651248931884766 -11.240249633789062 0.2
1.501670241355896 10.844249725341797 -11.188749313354492 0.2
1.4923102855682373 11.002147674560547 -11.042448997497559 0.2
1.3152302503585815 11.062149047851562 -10.940448760986328 0.2
1.1024502515792847 11.054950714111328 -10.976948738098145 0.2
0.9957201480865479 10.956050872802734 -11.13244915008545 0.2
1.0388802289962769 10.767749786376953 -11.229249000549316 0.2
1.1143401861190796 10.566047668457031 -11.254348754882812 0.2
1.136100172996521 10.358047485351562 -11.198948860168457 0.2
0.9954102039337158 10.234748840332031 -11.097549438476562 0.2
0.7786803245544434 10.23244857788086 -11.098349571228027 0.2
0.6279401779174805 10.342948913574219 -11.200849533081055 0.2
0.6512401103973389 10.54574966430664 -11.269848823547363 0.2
0.7384002208709717 10.743350982666016 -11.244449615478516 0.2
0.8021702766418457 10.932449340820312 -11.158848762512207 0.2
0.7230501174926758 11.054450988769531 -11.001849174499512 0.2
0.513660192489624 11.08395004272461 -10.956549644470215 0.2
0.3212401866912842 11.04964828491211 -11.046249389648438 0.2
0.28504014015197754 10.908451080322266 -11.203848838806152 0.2
0.3523702621459961 10.710948944091797 -11.26504898071289 0.2
0.42086029052734375 10.504447937011719 -11.27234935760498 0.2
0.3897101879119873 10.311847686767578 -11.18174934387207 0.2
0.19892024993896484 10.238449096679688 -11.116349220275879 0.2
-0.010889768600463867 10.27254867553711 -11.157949447631836 0.2
-0.09540987014770508 10.431148529052734 -11.273249626159668 0.2
-0.034259796142578125 10.638347625732422 -11.295148849487305 0.2
0.05234026908874512 10.833049774169922 -11.25114917755127 0.2
0.07925033569335938 11.007247924804688 -11.126349449157715 0.2
-0.0666496753692627 11.088447570800781 -10.99364948272705 0.2
-0.28357982635498047 11.095550537109375 -10.996949195861816 0.2
-0.4305698871612549 11.028549194335938 -11.135748863220215 0.2
-0.4131598472595215 10.857547760009766 -11.267048835754395 0.2
-0.3368396759033203 10.658649444580078 -11.308049201965332 0.2
-0.28859972953796387 10.448150634765625 -11.289749145507812 0.2
-0.38652968406677246 10.287651062011719 -11.187849044799805 0.2
-0.5988397598266602 10.255748748779297 -11.164548873901367 0.2
-0.78128981590271 10.332748413085938 -11.245749473571777 0.2
-0.800649881362915 10.52614974975586 -11.338349342346191 0.2
-0.7215797901153564 10.727447509765625 -11.319648742675781 0.2
-0.6447896957397461 10.91884994506836 -11.251749038696289 0.2
-0.6757898330688477 11.063549041748047 -11.095149040222168 0.2
-0.8660697937011719 11.110347747802734 -11.00844955444336 0.2
-1.0751299858093262 11.09885025024414 -11.062549591064453 0.2
-1.1611995697021484 10.995349884033203 -11.228849411010742 0.2
-1.1077699661254883 10.806949615478516 -11.322049140930176 0.2
-1.03171968460083 10.605751037597656 -11.352449417114258 0.2
-1.0215997695922852 10.395748138427734 -11.299549102783203 0.2
-1.1780595779418945 10.27804946899414 -11.214348793029785 0.2
-1.3949599266052246 10.282447814941406 -11.2306489944458 0.2
-1.5307698249816895 10.40985107421875 -11.335749626159668 0.2
-1.497039794921875 10.61935043334961 -11.378249168395996 0.2
-1.4121098518371582 10.815349578857422 -11.334548950195312 0.2
-1.3569698333740234 10.998847961425781 -11.230749130249023 0.2
-1.4529199600219727 11.103347778320312 -11.069849014282227 0.2
-1.6663599014282227 11.12344741821289 -11.033549308776855 0.2
-1.8563599586486816 11.083450317382812 -11.144848823547363 0.2
-1.8680596351623535 10.926750183105469 -11.308649063110352 0.2
-1.7896599769592285 10.719047546386719 -11.37234878540039 0.2
-1.7299399375915527 10.496650695800781 -11.375248908996582 0.2
-1.8218598365783691 10.314949035644531 -11.277548789978027 0.2
-2.047609806060791 10.27874755859375 -11.253349304199219 0.2
-2.235139846801758 10.374649047851562 -11.337749481201172 0.2
-2.2345895767211914 10.592350006103516 -11.403449058532715 0.2
-2.1482596397399902 10.802650451660156 -11.361649513244629 0.2
-2.0812997817993164 10.998249053955078 -11.259649276733398 0.2
-2.1684999465942383 11.109550476074219 -11.083649635314941 0.2
-2.394089698791504 11.126548767089844 -11.039349555969238 0.2
