25.135499954223633 -9.149349212646484 -2.3276500701904297 0.2
25.004600524902344 -9.322750091552734 -2.4301490783691406 0.2
24.90920066833496 -9.503849029541016 -2.2943496704101562 0.2
24.910200119018555 -9.660850524902344 -2.098949432373047 0.2
25.04199981689453 -9.850151062011719 -2.032449722290039 0.2
25.172800064086914 -9.981948852539062 -2.1949501037597656 0.2
25.194700241088867 -10.027252197265625 -2.4381484985351562 0.2
25.097700119018555 -9.902050018310547 -2.6199493408203125 0.2
25.027400970458984 -9.662849426269531 -2.63385009765625 0.2
25.053800582885742 -9.416648864746094 -2.6227493286132812 0.2
25.239099502563477 -9.288749694824219 -2.7102489471435547 0.2
25.422399520874023 -9.359649658203125 -2.8628482818603516 0.2
25.585500717163086 -9.52764892578125 -2.809549331665039 0.2
25.578500747680664 -9.68804931640625 -2.619649887084961 0.2
25.486801147460938 -9.861148834228516 -2.4671497344970703 0.2
25.377300262451172 -10.064651489257812 -2.5355491638183594 0.2
25.384300231933594 -10.180648803710938 -2.7560501098632812 0.2
25.502399444580078 -10.175552368164062 -2.9712486267089844 0.2
25.626699447631836 -9.98175048828125 -3.047849655151367 0.2
25.647199630737305 -9.732349395751953 -3.024148941040039 0.2
25.553800582885742 -9.51314926147461 -3.0761489868164062 0.2
25.419300079345703 -9.48065185546875 -3.278148651123047 0.2
25.271800994873047 -9.609550476074219 -3.4253482818603516 0.2
25.138900756835938 -9.78335189819336 -3.320249557495117 0.2
25.135000228881836 -9.934051513671875 -3.1182498931884766 0.2
25.222400665283203 -10.12765121459961 -2.997650146484375 0.2
25.32900047302246 -10.310649871826172 -3.1187496185302734 0.2
25.320499420166016 -10.40005111694336 -3.3522491455078125 0.2
25.20599937438965 -10.336551666259766 -3.5581493377685547 0.2
25.135799407958984 -10.104549407958984 -3.6052494049072266 0.2
25.154699325561523 -9.853950500488281 -3.5938491821289062 0.2
25.30590057373047 -9.683952331542969 -3.680849075317383 0.2
25.441600799560547 -9.721351623535156 -3.8836498260498047 0.2
25.592899322509766 -9.895549774169922 -3.955648422241211 0.2
25.65959930419922 -10.073749542236328 -3.799549102783203 0.2
25.620201110839844 -10.222148895263672 -3.5997486114501953 0.2
25.483200073242188 -10.410350799560547 -3.534149169921875 0.2
25.381099700927734 -10.559150695800781 -3.7036495208740234 0.2
25.397899627685547 -10.623649597167969 -3.944549560546875 0.2
25.524499893188477 -10.511650085449219 -4.117549896240234 0.2
25.605100631713867 -10.274848937988281 -4.1358489990234375 0.2
25.594200134277344 -10.026050567626953 -4.143650054931641 0.2
25.43130111694336 -9.891448974609375 -4.262548446655273 0.2
25.257801055908203 -9.96145248413086 -4.42814826965332 0.2
25.078100204467773 -10.113151550292969 -4.373048782348633 0.2
25.063400268554688 -10.26715087890625 -4.176448822021484 0.2
25.127099990844727 -10.441051483154297 -4.00834846496582 0.2
25.219900131225586 -10.660652160644531 -4.054048538208008 0.2
25.196199417114258 -10.793651580810547 -4.263750076293945 0.2
25.064800262451172 -10.799152374267578 -4.472848892211914 0.2
24.95330047607422 -10.60245132446289 -4.563449859619141 0.2
24.969900131225586 -10.35055160522461 -4.559549331665039 0.2
25.076099395751953 -10.135452270507812 -4.618349075317383 0.2
25.198699951171875 -10.109149932861328 -4.826848983764648 0.2
25.27359962463379 -10.26034927368164 -5.010149002075195 0.2
25.390300750732422 -10.464950561523438 -4.951448440551758 0.2
25.415800094604492 -10.61614990234375 -4.751249313354492 0.2
25.34079933166504 -10.778850555419922 -4.581249237060547 0.2
25.164499282836914 -10.940849304199219 -4.625450134277344 0.2
25.06800079345703 -11.039852142333984 -4.835149765014648 0.2
25.106399536132812 -11.020149230957031 -5.076250076293945 0.2
25.21649932861328 -10.822250366210938 -5.175048828125 0.2
25.282499313354492 -10.57925033569336 -5.18604850769043 0.2
25.180601119995117 -10.361148834228516 -5.226049423217773 0.2
24.967300415039062 -10.340049743652344 -5.348749160766602 0.2
24.751399993896484 -10.448749542236328 -5.329648971557617 0.2
24.70560073852539 -10.601051330566406 -5.140348434448242 0.2
24.778200149536133 -10.764251708984375 -4.960948944091797 0.2
24.858301162719727 -10.991851806640625 -4.928548812866211 0.2
24.811500549316406 -11.167549133300781 -5.096349716186523 0.2
24.648399353027344 -11.21915054321289 -5.279748916625977 0.2
24.48470115661621 -11.06985092163086 -5.3793487548828125 0.2
24.494800567626953 -10.819652557373047 -5.396848678588867 0.2
24.583099365234375 -10.587852478027344 -5.440248489379883 0.2
24.69099998474121 -10.496952056884766 -5.638149261474609 0.2
24.674100875854492 -10.60274887084961 -5.86564826965332 0.2
24.747400283813477 -10.823348999023438 -5.932649612426758 0.2
24.829200744628906 -11.001949310302734 -5.778848648071289 0.2
24.846500396728516 -11.149452209472656 -5.576448440551758 0.2
24.686901092529297 -11.299751281738281 -5.472448348999023 0.2
24.48900032043457 -11.402751922607422 -5.584650039672852 0.2
24.391700744628906 -11.44124984741211 -5.809450149536133 0.2
24.460800170898438 -11.314651489257812 -6.005449295043945 0.2
24.568500518798828 -11.094051361083984 -6.063549041748047 0.2
24.578800201416016 -10.847450256347656 -6.08544921875 0.2
24.37820053100586 -10.715652465820312 -6.124549865722656 0.2
24.133100509643555 -10.76565170288086 -6.132450103759766 0.2
24.032800674438477 -10.888252258300781 -5.94744873046875 0.2
24.11090087890625 -11.048851013183594 -5.768148422241211 0.2
24.2007999420166 -11.259750366210938 -5.672449111938477 0.2
24.16029930114746 -11.479450225830078 -5.770750045776367 0.2
23.97089958190918 -11.567451477050781 -5.911149978637695 0.2
23.75480079650879 -11.485549926757812 -5.995349884033203 0.2
23.717899322509766 -11.244251251220703 -6.027149200439453 0.2
23.807300567626953 -11.010848999023438 -6.06934928894043 0.2
23.901599884033203 -10.859352111816406 -6.2384490966796875 0.2
23.848899841308594 -10.896751403808594 -6.474449157714844 0.2
23.79720115661621 -11.088050842285156 -6.617849349975586 0.2
23.886199951171875 -11.310352325439453 -6.563148498535156 0.2
23.973600387573242 -11.465450286865234 -6.383548736572266 0.2
23.930099487304688 -11.607452392578125 -6.188249588012695 0.2
23.706600189208984 -11.704551696777344 -6.150848388671875 0.2
23.49880027770996 -11.762451171875 -6.280649185180664 0.2
23.44059944152832 -11.71875 -6.512449264526367 0.2
23.536300659179688 -11.536251068115234 -6.653249740600586 0.2
23.62689971923828 -11.309551239013672 -6.716548919677734 0.2
23.537799835205078 -11.08365249633789 -6.70884895324707 0.2
23.29010009765625 -11.041450500488281 -6.694149017333984 0.2
23.12540054321289 -11.111549377441406 -6.530649185180664 0.2
23.180700302124023 -11.263751983642578 -6.341249465942383 0.2
23.29560089111328 -11.452152252197266 -6.218349456787109 0.2
23.298099517822266 -11.695449829101562 -6.233249664306641 0.2
23.110599517822266 -11.828948974609375 -6.326448440551758 0.2
22.86680030822754 -11.812950134277344 -6.374948501586914 0.2
22.742300033569336 -11.604251861572266 -6.386049270629883 0.2
22.817699432373047 -11.3697509765625 -6.437749862670898 0.2
22.915000915527344 -11.175251007080078 -6.56144905090332 0.2
22.882200241088867 -11.131149291992188 -6.797048568725586 0.2
22.71540069580078 -11.244049072265625 -6.948049545288086 0.2
22.713899612426758 -11.481449127197266 -6.999448776245117 0.2
22.828800201416016 -11.6728515625 -6.8840484619140625 0.2
22.906400680541992 -11.826652526855469 -6.701749801635742 0.2
22.77519989013672 -11.928951263427734 -6.525049209594727 0.2
22.52910041809082 -11.978649139404297 -6.52134895324707 0.2
22.331600189208984 -11.97854995727539 -6.67034912109375 0.2
22.332700729370117 -11.84844970703125 -6.876548767089844 0.2
22.438199996948242 -11.653251647949219 -6.99744987487793 0.2
22.471599578857422 -11.411151885986328 -7.028148651123047 0.2
22.301401138305664 -11.254051208496094 -6.954349517822266 0.2
22.105501174926758 -11.263351440429688 -6.805549621582031 0.2
22.117700576782227 -11.381351470947266 -6.591249465942383 0.2
22.244699478149414 -11.568450927734375 -6.478248596191406 0.2
22.307199478149414 -11.804649353027344 -6.439748764038086 0.2
22.151599884033203 -11.988750457763672 -6.484348297119141 0.2
21.90220069885254 -12.017349243164062 -6.48954963684082 0.2
21.714500427246094 -11.86614990234375 -6.449850082397461 0.2
21.737300872802734 -11.623050689697266 -6.481849670410156 0.2
21.840499877929688 -11.416751861572266 -6.58544921875 0.2
21.84819984436035 -11.294551849365234 -6.796049118041992 0.2
21.658199310302734 -11.326751708984375 -6.950748443603516 0.2
21.514400482177734 -11.510051727294922 -7.02495002746582 0.2
21.584800720214844 -11.743850708007812 -6.9978485107421875 0.2
21.717500686645508 -11.921649932861328 -6.878349304199219 0.2
21.729700088500977 -12.053050994873047 -6.673849105834961 0.2
21.533300399780273 -12.09334945678711 -6.530048370361328 0.2
21.283700942993164 -12.087852478027344 -6.536149978637695 0.2
21.141399383544922 -11.996551513671875 -6.709249496459961 0.2
21.201000213623047 -11.83034896850586 -6.885749816894531 0.2
21.289899826049805 -11.62335205078125 -6.992748260498047 0.2
21.255800247192383 -11.39535140991211 -6.92194938659668 0.2
21.089900970458984 -11.322250366210938 -6.7496490478515625 0.2
21.082901000976562 -11.386451721191406 -6.515850067138672 0.2
21.204700469970703 -11.574851989746094 -6.40574836730957 0.2
21.296199798583984 -11.805549621582031 -6.369049072265625 0.2
21.18400001525879 -12.020252227783203 -6.3652496337890625 0.2
20.945499420166016 -12.064849853515625 -6.306848526000977 0.2
20.74970054626465 -11.95574951171875 -6.2021484375 0.2
20.735200881958008 -11.715351104736328 -6.182548522949219 0.2
20.8341007232666 -11.512351989746094 -6.294948577880859 0.2
20.86400032043457 -11.35354995727539 -6.481849670410156 0.2
20.68429946899414 -11.311351776123047 -6.637248992919922 0.2
20.453800201416016 -11.401050567626953 -6.649648666381836 0.2
20.403100967407227 -11.63785171508789 -6.665048599243164 0.2
20.525400161743164 -11.850250244140625 -6.613048553466797 0.2
20.63490104675293 -12.018451690673828 -6.469449996948242 0.2
20.56209945678711 -12.06814956665039 -6.242549896240234 0.2
20.350500106811523 -12.038848876953125 -6.112449645996094 0.2
20.12660026550293 -11.953948974609375 -6.155948638916016 0.2
20.08180046081543 -11.80765151977539 -6.346549987792969 0.2
20.155500411987305 -11.639251708984375 -6.517848968505859 0.2
20.22170066833496 -11.407249450683594 -6.536149978637695 0.2
20.15220069885254 -11.25374984741211 -6.356849670410156 0.2
20.132699966430664 -11.25374984741211 -6.113948822021484 0.2
20.255800247192383 -11.417152404785156 -5.97974967956543 0.2
20.358699798583984 -11.646049499511719 -5.961050033569336 0.2
20.3031005859375 -11.881149291992188 -5.936550140380859 0.2
20.093400955200195 -11.957550048828125 -5.834348678588867 0.2
19.91710090637207 -11.877952575683594 -5.677648544311523 0.2
19.87969970703125 -11.657550811767578 -5.585248947143555 0.2
19.962299346923828 -11.448051452636719 -5.689249038696289 0.2
20.0132999420166 -11.283649444580078 -5.8699493408203125 0.2
19.86280059814453 -11.183650970458984 -6.028949737548828 0.2
19.618101119995117 -11.183151245117188 -5.992649078369141 0.2
19.456199645996094 -11.360149383544922 -5.965648651123047 0.2
19.508699417114258 -11.6009521484375 -5.959449768066406 0.2
19.642000198364258 -11.803050994873047 -5.899049758911133 0.2
19.702301025390625 -11.899551391601562 -5.687448501586914 0.2
19.58679962158203 -11.864551544189453 -5.470548629760742 0.2
19.382600784301758 -11.770851135253906 -5.367748260498047 0.2
19.233699798583984 -11.62485122680664 -5.4866485595703125 0.2
19.24380111694336 -11.478351593017578 -5.689350128173828 0.2
19.322599411010742 -11.279251098632812 -5.8074493408203125 0.2
19.377099990844727 -11.078350067138672 -5.686849594116211 0.2
19.392200469970703 -11.020149230957031 -5.4483489990234375 0.2
19.53070068359375 -11.141952514648438 -5.292049407958984 0.2
19.62510108947754 -11.373451232910156 -5.287149429321289 0.2
19.607999801635742 -11.617851257324219 -5.273248672485352 0.2
19.43869972229004 -11.72854995727539 -5.1396484375 0.2
19.30340003967285 -11.666751861572266 -4.940349578857422 0.2
19.28459930419922 -11.478050231933594 -4.787849426269531 0.2
19.361400604248047 -11.25775146484375 -4.853248596191406 0.2
19.409299850463867 -11.098751068115234 -5.040849685668945 0.2
19.294401168823242 -10.960651397705078 -5.202049255371094 0.2
19.068700790405273 -10.889350891113281 -5.145750045776367 0.2
18.873199462890625 -10.969551086425781 -5.024148941040039 0.2
18.824298858642578 -11.206249237060547 -5.013149261474609 0.2
18.92169952392578 -11.436248779296875 -5.021450042724609 0.2
19.050199508666992 -11.591850280761719 -4.890048980712891 0.2
19.061399459838867 -11.579952239990234 -4.646148681640625 0.2
18.94890022277832 -11.479148864746094 -4.449548721313477 0.2
18.773700714111328 -11.315750122070312 -4.438848495483398 0.2
18.706501007080078 -11.165351867675781 -4.622650146484375 0.2
18.741300582885742 -10.999752044677734 -4.80204963684082 0.2
18.864299774169922 -10.796051025390625 -4.780849456787109 0.2
18.94860076904297 -10.69485092163086 -4.571048736572266 0.2
19.113201141357422 -10.77865219116211 -4.417749404907227 0.2
19.20479965209961 -11.007152557373047 -4.415748596191406 0.2
19.191299438476562 -11.254150390625 -4.425449371337891 0.2
19.06209945678711 -11.402149200439453 -4.288549423217773 0.2
18.97450065612793 -11.36104965209961 -4.061149597167969 0.2
18.988300323486328 -11.208351135253906 -3.869548797607422 0.2
19.083099365234375 -10.989551544189453 -3.8833484649658203 0.2
19.124799728393555 -10.826950073242188 -4.067449569702148 0.2
19.038999557495117 -10.671051025390625 -4.233648300170898 0.2
18.837100982666016 -10.5489501953125 -4.193349838256836 0.2
18.67490005493164 -10.544448852539062 -4.009248733520508 0.2
18.549800872802734 -10.735252380371094 -3.935749053955078 0.2
18.58209991455078 -10.979148864746094 -3.9684486389160156 0.2
18.70560073852539 -11.185150146484375 -3.9305496215820312 0.2
18.817901611328125 -11.227352142333984 -3.7214488983154297 0.2
18.812301635742188 -11.138450622558594 -3.4901485443115234 0.2
18.69150161743164 -10.971450805664062 -3.3647499084472656 0.2
18.56439971923828 -10.79825210571289 -3.4753494262695312 0.2
18.535301208496094 -10.65005111694336 -3.672149658203125 0.2
18.652700424194336 -10.460948944091797 -3.75885009765625 0.2
18.802101135253906 -10.330451965332031 -3.614349365234375 0.2
18.9867000579834 -10.368350982666016 -3.465749740600586 0.2
19.097200393676758 -10.583351135253906 -3.4608497619628906 0.2
19.07699966430664 -10.829551696777344 -3.4897499084472656 0.2
18.97439956665039 -11.010051727294922 -3.3710498809814453 0.2
18.922800064086914 -11.000652313232422 -3.1328487396240234 0.2
18.971799850463867 -10.87874984741211 -2.9242496490478516 0.2
19.09280014038086 -10.675750732421875 -2.887248992919922 0.2
19.135000228881836 -10.504249572753906 -3.0579490661621094 0.2
19.066499710083008 -10.349651336669922 -3.235849380493164 0.2
18.886600494384766 -10.194652557373047 -3.2213497161865234 0.2
18.769699096679688 -10.12594985961914 -3.015850067138672 0.2
18.634201049804688 -10.248550415039062 -2.862049102783203 0.2
18.598100662231445 -10.489952087402344 -2.869548797607422 0.2
18.677600860595703 -10.72125244140625 -2.8906497955322266 0.2
18.842300415039062 -10.828350067138672 -2.7561492919921875 0.2
18.929100036621094 -10.766651153564453 -2.5338497161865234 0.2
18.90169906616211 -10.61505126953125 -2.3448486328125 0.2
18.762401580810547 -10.422649383544922 -2.356149673461914 0.2
18.666200637817383 -10.277450561523438 -2.5325489044189453 0.2
18.720001220703125 -10.105049133300781 -2.6912498474121094 0.2
18.902999877929688 -9.956050872802734 -2.6500492095947266 0.2
19.1072998046875 -9.946449279785156 -2.520648956298828 0.2
19.25860023498535 -10.131649017333984 -2.510648727416992 0.2
19.23870086669922 -10.376251220703125 -2.544649124145508 0.2
19.152400970458984 -10.584449768066406 -2.4605484008789062 0.2
19.123899459838867 -10.618751525878906 -2.223848342895508 0.2
19.201400756835938 -10.524250030517578 -2.009349822998047 0.2
19.344999313354492 -10.346351623535156 -1.9353485107421875 0.2
19.405200958251953 -10.1634521484375 -2.079549789428711 0.2
19.339500427246094 -10.015151977539062 -2.265748977661133 0.2
19.175399780273438 -9.844551086425781 -2.2902488708496094 0.2
19.08690071105957 -9.731151580810547 -2.0935497283935547 0.2
18.998401641845703 -9.779850006103516 -1.8762493133544922 0.2
18.91390037536621 -9.998748779296875 -1.825448989868164 0.2
18.93389892578125 -10.24045181274414 -1.8732490539550781 0.2
19.09440040588379 -10.407550811767578 -1.820749282836914 0.2
19.255399703979492 -10.390350341796875 -1.6385498046875 0.2
19.322799682617188 -10.264751434326172 -1.4387493133544922 0.2
19.234600067138672 -10.061248779296875 -1.354349136352539 0.2
19.095800399780273 -9.899951934814453 -1.476348876953125 0.2
19.064899444580078 -9.744049072265625 -1.6592483520507812 0.2
19.235000610351562 -9.592849731445312 -1.7254486083984375 0.2
19.46150016784668 -9.546749114990234 -1.6413497924804688 0.2
19.64550018310547 -9.697250366210938 -1.6428489685058594 0.2
19.637100219726562 -9.939151763916016 -1.676248550415039 0.2
19.55190086364746 -10.159049987792969 -1.6175498962402344 0.2
19.536800384521484 -10.242050170898438 -1.3948497772216797 0.2
19.649900436401367 -10.177051544189453 -1.186349868774414 0.2
19.82159996032715 -10.034549713134766 -1.0917491912841797 0.2
19.91510009765625 -9.852851867675781 -1.2124500274658203 0.2
19.850299835205078 -9.706649780273438 -1.4007492065429688 0.2
19.702199935913086 -9.52695083618164 -1.4578495025634766 0.2
19.628999710083008 -9.374252319335938 -1.2898483276367188 0.2
19.61720085144043 -9.358150482177734 -1.0487499237060547 0.2
19.522899627685547 -9.529251098632812 -0.9128494262695312 0.2
19.47960090637207 -9.769950866699219 -0.9455490112304688 0.2
19.582300186157227 -9.985050201416016 -0.9616489410400391 0.2
19.788999557495117 -10.030250549316406 -0.8468494415283203 0.2
19.94029998779297 -9.93905258178711 -0.6754493713378906 0.2
19.949199676513672 -9.743148803710938 -0.5399494171142578 0.2
19.812299728393555 -9.549949645996094 -0.5844497680664062 0.2
19.71190071105957 -9.397151947021484 -0.7468490600585938 0.2
19.819700241088867 -9.252552032470703 -0.9007492065429688 0.2
20.056900024414062 -9.189949035644531 -0.89324951171875 0.2
20.26259994506836 -9.305950164794922 -0.9126491546630859 0.2
20.269500732421875 -9.54425048828125 -0.9479484558105469 0.2
20.172399520874023 -9.765449523925781 -0.9018497467041016 0.2
20.157100677490234 -9.886249542236328 -0.6983489990234375 0.2
20.295499801635742 -9.853950500488281 -0.5002498626708984 0.2
20.495500564575195 -9.74905014038086 -0.40704917907714844 0.2
20.6343994140625 -9.586051940917969 -0.50885009765625 0.2
20.576799392700195 -9.437252044677734 -0.6949501037597656 0.2
20.438499450683594 -9.261650085449219 -0.78704833984375 0.2
20.37230110168457 -9.074352264404297 -0.6589488983154297 0.2
20.43480110168457 -9.001049041748047 -0.4331493377685547 0.2
20.386899948120117 -9.10605239868164 -0.22604942321777344 0.2
20.296199798583984 -9.329849243164062 -0.19534873962402344 0.2
20.31220054626465 -9.568351745605469 -0.2317485809326172 0.2
20.512500762939453 -9.691150665283203 -0.1972484588623047 0.2
20.72450065612793 -9.643550872802734 -0.08244895935058594 0.2
20.843900680541992 -9.479148864746094 0.04795074462890625 0.2
20.760000228881836 -9.258049011230469 0.07255172729492188 0.2
20.61479949951172 -9.093151092529297 -0.039348602294921875 0.2
20.629899978637695 -8.951652526855469 -0.2301483154296875 0.2
20.841800689697266 -8.885250091552734 -0.32324981689453125 0.2
21.05620002746582 -8.974750518798828 -0.3795490264892578 0.2
21.08300018310547 -9.207752227783203 -0.4255485534667969 0.2
20.975799560546875 -9.422950744628906 -0.37024879455566406 0.2
20.949100494384766 -9.571052551269531 -0.1864490509033203 0.2
21.10770034790039 -9.577251434326172 -0.0044498443603515625 0.2
21.333799362182617 -9.509052276611328 0.06335067749023438 0.2
21.50640106201172 -9.381149291992188 -0.03954887390136719 0.2
21.465700149536133 -9.229751586914062 -0.22314834594726562 0.2
21.326499938964844 -9.059051513671875 -0.3293495178222656 0.2
21.26340103149414 -8.846450805664062 -0.24574851989746094 0.2
21.380001068115234 -8.732650756835938 -0.06284904479980469 0.2
21.429201126098633 -8.775150299072266 0.16534996032714844 0.2
21.336200714111328 -8.965652465820312 0.2787513732910156 0.2
21.26810073852539 -9.201148986816406 0.268951416015625 0.2
21.403100967407227 -9.393451690673828 0.24285125732421875 0.2
21.64470100402832 -9.40875244140625 0.2758502960205078 0.2
21.84779930114746 -9.29425048828125 0.34765052795410156 0.2
21.86549949645996 -9.065052032470703 0.4035511016845703 0.2
21.72089958190918 -8.871749877929688 0.3560504913330078 0.2
21.639699935913086 -8.720352172851562 0.1889514923095703 0.2
21.77630043029785 -8.656150817871094 0.0039501190185546875 0.2
21.97800064086914 -8.726551055908203 -0.11264991760253906 0.2
22.003299713134766 -8.950950622558594 -0.185150146484375 0.2
21.89389991760254 -9.159149169921875 -0.11404991149902344 0.2
21.85610008239746 -9.321250915527344 0.05935096740722656 0.2
22.02560043334961 -9.377849578857422 0.21845054626464844 0.2
22.269800186157227 -9.353450775146484 0.23405075073242188 0.2
22.45840072631836 -9.272151947021484 0.10825157165527344 0.2
22.429500579833984 -9.124149322509766 -0.07734870910644531 0.2
22.285900115966797 -8.94845199584961 -0.175048828125 0.2
22.23740005493164 -8.719852447509766 -0.12545013427734375 0.2
22.392099380493164 -8.580951690673828 -0.0043487548828125 0.2
22.546100616455078 -8.591651916503906 0.17864990234375 0.2
22.508501052856445 -8.742450714111328 0.3601512908935547 0.2
22.391599655151367 -8.952949523925781 0.41394996643066406 0.2
22.416000366210938 -9.18545150756836 0.37435150146484375 0.2
22.62969970703125 -9.280952453613281 0.3097515106201172 0.2
22.868600845336914 -9.234451293945312 0.27575111389160156 0.2
22.991899490356445 -9.03274917602539 0.2946510314941406 0.2
22.905099868774414 -8.804248809814453 0.3040504455566406 0.2
22.77910041809082 -8.620948791503906 0.2073516845703125 0.2
22.792400360107422 -8.550651550292969 -0.020050048828125 0.2
22.923900604248047 -8.622550964355469 -0.2135486602783203 0.2
22.909700393676758 -8.836952209472656 -0.31365013122558594 0.2
22.80190086364746 -9.032051086425781 -0.2124500274658203 0.2
22.764299392700195 -9.190349578857422 -0.030048370361328125 0.2
22.940200805664062 -9.300251007080078 0.08755111694335938 0.2
23.175800323486328 -9.334152221679688 0.02645111083984375 0.2
23.33650016784668 -9.310249328613281 -0.15474891662597656 0.2
23.302200317382812 -9.174850463867188 -0.34854888916015625 0.2
23.167400360107422 -8.976249694824219 -0.4107494354248047 0.2
23.138999938964844 -8.738750457763672 -0.3826484680175781 0.2
23.326900482177734 -8.594951629638672 -0.34274864196777344 0.2
23.561500549316406 -8.609352111816406 -0.2770500183105469 0.2
23.62220001220703 -8.737049102783203 -0.08554840087890625 0.2
23.5127010345459 -8.914852142333984 0.04725074768066406 0.2
23.440099716186523 -9.143852233886719 0.05885124206542969 0.2
23.55229949951172 -9.314552307128906 -0.06804847717285156 0.2
23.761499404907227 -9.3426513671875 -0.1967487335205078 0.2
23.95490074157715 -9.211250305175781 -0.2537498474121094 0.2
23.95829963684082 -8.969249725341797 -0.2337493896484375 0.2
23.84830093383789 -8.748748779296875 -0.2530498504638672 0.2
23.768600463867188 -8.628551483154297 -0.4438495635986328 0.2
23.829700469970703 -8.670249938964844 -0.6780490875244141 0.2
23.799400329589844 -8.858951568603516 -0.8207492828369141 0.2
23.691600799560547 -9.059951782226562 -0.7370491027832031 0.2
23.64120101928711 -9.21554946899414 -0.550048828125 0.2
23.773500442504883 -9.36574935913086 -0.4214496612548828 0.2
23.989999771118164 -9.450550079345703 -0.4982490539550781 0.2
24.136499404907227 -9.474449157714844 -0.6952495574951172 0.2
24.114999771118164 -9.375049591064453 -0.9118499755859375 0.2
23.998600006103516 -9.167449951171875 -0.9776496887207031 0.2
23.954500198364258 -8.926448822021484 -0.9645500183105469 0.2
24.119600296020508 -8.752750396728516 -0.9547500610351562 0.2
24.363800048828125 -8.759449005126953 -0.9915485382080078 0.2
24.52199935913086 -8.878650665283203 -0.8591499328613281 0.2
24.465900421142578 -9.04355239868164 -0.6849498748779297 0.2
24.353599548339844 -9.242450714111328 -0.5932483673095703 0.2
24.35110092163086 -9.456748962402344 -0.6995487213134766 0.2
24.49410057067871 -9.546749114990234 -0.8805484771728516 0.2
24.69260025024414 -9.498249053955078 -1.0142498016357422 0.2
24.79050064086914 -9.279251098632812 -1.0307483673095703 0.2
24.7322998046875 -9.037849426269531 -1.006448745727539 0.2
24.61750030517578 -8.851551055908203 -1.1088485717773438 0.2
24.588300704956055 -8.838550567626953 -1.3504486083984375 0.2
24.556499481201172 -8.984249114990234 -1.541849136352539 0.2
24.4375 -9.190052032470703 -1.5041484832763672 0.2
24.380800247192383 -9.348949432373047 -1.3196487426757812 0.2
24.46070098876953 -9.519649505615234 -1.1682491302490234 0.2
24.655900955200195 -9.65264892578125 -1.2242488861083984 0.2
24.784299850463867 -9.71445083618164 -1.4276485443115234 0.2
24.772899627685547 -9.662750244140625 -1.663949966430664 0.2
24.668100357055664 -9.459049224853516 -1.7501487731933594 0.2
24.6072998046875 -9.217449188232422 -1.7369499206542969 0.2
24.73200035095215 -9.010650634765625 -1.7397499084472656 0.2
24.955299377441406 -8.988849639892578 -1.8391494750976562 0.2
25.164600372314453 -9.103851318359375 -1.8135490417480469 0.2
25.193201065063477 -9.269451141357422 -1.6366500854492188 0.2
25.098600387573242 -9.441051483154297 -1.4815483093261719 0.2
25.008100509643555 -9.662250518798828 -1.4982490539550781 0.2
25.05120086669922 -9.806350708007812 -1.6932487487792969 0.2
25.194499969482422 -9.831851959228516 -1.8941497802734375 0.2
25.348100662231445 -9.671749114990234 -1.985748291015625 0.2
25.36240005493164 -9.424449920654297 -1.9606494903564453 0.2
25.28219985961914 -9.192550659179688 -1.9806499481201172 0.2
25.163799285888672 -9.10205078125 -2.1701488494873047 0.2
