24.6697998046875 -16.407251358032227 1.3046512603759766 0.2
24.585899353027344 -16.507450103759766 1.0995502471923828 0.2
24.545900344848633 -16.752349853515625 1.0754508972167969 0.2
24.631900787353516 -16.98615074157715 1.0915508270263672 0.2
24.806699752807617 -17.134450912475586 1.0103511810302734 0.2
25.015501022338867 -17.199649810791016 0.8945503234863281 0.2
25.143199920654297 -17.184551239013672 0.6921501159667969 0.2
24.995100021362305 -17.10205078125 0.5354499816894531 0.2
24.75189971923828 -17.08755111694336 0.6013507843017578 0.2
24.608200073242188 -17.04305076599121 0.8006515502929688 0.2
24.576400756835938 -16.844350814819336 0.9331512451171875 0.2
24.65760040283203 -16.609750747680664 0.8841514587402344 0.2
24.874500274658203 -16.59225082397461 0.7846508026123047 0.2
25.041000366210938 -16.785551071166992 0.7282505035400391 0.2
25.032499313354492 -17.04265022277832 0.7281513214111328 0.2
24.95210075378418 -17.248750686645508 0.5893516540527344 0.2
24.922300338745117 -17.263750076293945 0.3323516845703125 0.2
24.774200439453125 -17.23764991760254 0.11015129089355469 0.2
24.52630043029785 -17.24795150756836 0.13175010681152344 0.2
24.510700225830078 -17.29625129699707 0.3845500946044922 0.2
24.645599365234375 -17.28955078125 0.6069507598876953 0.2
24.803699493408203 -17.154251098632812 0.7498512268066406 0.2
24.91119956970215 -16.923551559448242 0.6785507202148438 0.2
24.83500099182129 -16.762950897216797 0.49265098571777344 0.2
24.69659996032715 -16.88775062561035 0.3309516906738281 0.2
24.666601181030273 -17.130849838256836 0.3551502227783203 0.2
24.758399963378906 -17.359750747680664 0.3457508087158203 0.2
24.912500381469727 -17.51365089416504 0.23875045776367188 0.2
25.08139991760254 -17.606151580810547 0.090850830078125 0.2
25.149499893188477 -17.597850799560547 -0.1342487335205078 0.2
24.980899810791016 -17.487451553344727 -0.2415485382080078 0.2
24.772300720214844 -17.435850143432617 -0.11394882202148438 0.2
24.678699493408203 -17.380550384521484 0.10634994506835938 0.2
24.653400421142578 -17.155250549316406 0.19645118713378906 0.2
24.724199295043945 -16.92915153503418 0.12115097045898438 0.2
24.913799285888672 -16.918149948120117 -0.0220489501953125 0.2
25.07270050048828 -17.09545135498047 -0.11144828796386719 0.2
25.111499786376953 -17.342451095581055 -0.0733489990234375 0.2
24.982799530029297 -17.57015037536621 -0.09584999084472656 0.2
24.892099380493164 -17.674850463867188 -0.3052482604980469 0.2
24.791799545288086 -17.65005111694336 -0.5427494049072266 0.2
24.57740020751953 -17.5611515045166 -0.6717491149902344 0.2
24.40719985961914 -17.52264976501465 -0.5075492858886719 0.2
24.487899780273438 -17.573450088500977 -0.2687492370605469 0.2
24.667400360107422 -17.60685157775879 -0.08564949035644531 0.2
24.860200881958008 -17.48375129699707 0.012050628662109375 0.2
24.952699661254883 -17.27334976196289 -0.11304855346679688 0.2
24.84510040283203 -17.150251388549805 -0.2946491241455078 0.2
24.701400756835938 -17.27225112915039 -0.4040489196777344 0.2
24.6382999420166 -17.487451553344727 -0.399749755859375 0.2
24.660200119018555 -17.70745086669922 -0.4154491424560547 0.2
24.743000030517578 -17.874549865722656 -0.5261497497558594 0.2
24.849199295043945 -17.9864501953125 -0.6796493530273438 0.2
24.902099609375 -18.022451400756836 -0.8853492736816406 0.2
24.799400329589844 -17.91534996032715 -1.0326499938964844 0.2
24.620399475097656 -17.817350387573242 -0.9526500701904297 0.2
24.520700454711914 -17.74195098876953 -0.7669486999511719 0.2
24.542800903320312 -17.640451431274414 -0.5763492584228516 0.2
24.606800079345703 -17.42365074157715 -0.5587501525878906 0.2
24.739900588989258 -17.284950256347656 -0.6615486145019531 0.2
24.86359977722168 -17.35354995727539 -0.8262500762939453 0.2
24.941299438476562 -17.55375099182129 -0.9102497100830078 0.2
24.910499572753906 -17.778249740600586 -0.8809490203857422 0.2
24.745901107788086 -17.949251174926758 -0.8853492736816406 0.2
24.605501174926758 -18.024551391601562 -1.0452499389648438 0.2
24.469499588012695 -17.992151260375977 -1.228048324584961 0.2
24.2627010345459 -17.913949966430664 -1.3111495971679688 0.2
24.113399505615234 -17.862550735473633 -1.1582489013671875 0.2
24.195100784301758 -17.899749755859375 -0.9462490081787109 0.2
24.3789005279541 -17.93655014038086 -0.8124485015869141 0.2
24.594100952148438 -17.89885139465332 -0.7472496032714844 0.2
24.745100021362305 -17.743650436401367 -0.8245487213134766 0.2
24.763500213623047 -17.561349868774414 -0.9803485870361328 0.2
24.582700729370117 -17.499250411987305 -1.094949722290039 0.2
24.40679931640625 -17.62755012512207 -1.1092491149902344 0.2
24.36750030517578 -17.83755111694336 -1.0481491088867188 0.2
24.377099990844727 -18.055049896240234 -1.0719490051269531 0.2
24.41819953918457 -18.224550247192383 -1.199249267578125 0.2
24.47209930419922 -18.345651626586914 -1.370248794555664 0.2
24.468599319458008 -18.394250869750977 -1.5787487030029297 0.2
24.342199325561523 -18.29075050354004 -1.7060489654541016 0.2
24.199501037597656 -18.173851013183594 -1.5938491821289062 0.2
24.15049934387207 -18.086851119995117 -1.39324951171875 0.2
24.21929931640625 -17.99515151977539 -1.208648681640625 0.2
24.288999557495117 -17.784250259399414 -1.2024497985839844 0.2
24.38249969482422 -17.635150909423828 -1.3326492309570312 0.2
24.47010040283203 -17.689149856567383 -1.5204486846923828 0.2
24.51020050048828 -17.884450912475586 -1.6342487335205078 0.2
24.500699996948242 -18.110950469970703 -1.6069488525390625 0.2
24.352100372314453 -18.281850814819336 -1.5434494018554688 0.2
24.162200927734375 -18.3752498626709 -1.6240501403808594 0.2
23.996400833129883 -18.34735107421875 -1.7810497283935547 0.2
23.79560089111328 -18.26055145263672 -1.8565483093261719 0.2
23.639101028442383 -18.138450622558594 -1.7489490509033203 0.2
23.707000732421875 -18.147850036621094 -1.5346488952636719 0.2
23.890899658203125 -18.218250274658203 -1.4169483184814453 0.2
24.110300064086914 -18.264650344848633 -1.369150161743164 0.2
24.305400848388672 -18.16805076599121 -1.4207496643066406 0.2
24.354900360107422 -18.00695037841797 -1.5890483856201172 0.2
24.220699310302734 -17.861351013183594 -1.69744873046875 0.2
24.013500213623047 -17.92245101928711 -1.7170486450195312 0.2
23.910499572753906 -18.10685157775879 -1.6488494873046875 0.2
23.880300521850586 -18.32575035095215 -1.6327495574951172 0.2
23.853500366210938 -18.515649795532227 -1.7315483093261719 0.2
23.840200424194336 -18.66105079650879 -1.8916492462158203 0.2
23.783199310302734 -18.739049911499023 -2.084348678588867 0.2
23.65130043029785 -18.642850875854492 -2.2124500274658203 0.2
23.55340003967285 -18.487751007080078 -2.1046485900878906 0.2
23.559600830078125 -18.37874984741211 -1.908548355102539 0.2
23.678699493408203 -18.295551300048828 -1.7447490692138672 0.2
23.795299530029297 -18.10865020751953 -1.751749038696289 0.2
23.874000549316406 -17.965150833129883 -1.8988494873046875 0.2
23.9060001373291 -18.017351150512695 -2.1035499572753906 0.2
23.881900787353516 -18.210651397705078 -2.2259483337402344 0.2
23.85610008239746 -18.4361515045166 -2.196849822998047 0.2
23.72170066833496 -18.584449768066406 -2.0762500762939453 0.2
23.507200241088867 -18.66495132446289 -2.0651493072509766 0.2
23.307701110839844 -18.62874984741211 -2.1741485595703125 0.2
23.1033992767334 -18.5257511138916 -2.2013492584228516 0.2
22.988300323486328 -18.37135124206543 -2.079050064086914 0.2
23.10110092163086 -18.368249893188477 -1.8872489929199219 0.2
23.298799514770508 -18.459449768066406 -1.8156490325927734 0.2
23.514400482177734 -18.53635025024414 -1.829549789428711 0.2
23.699501037597656 -18.476551055908203 -1.9416484832763672 0.2
23.729700088500977 -18.33635139465332 -2.1316490173339844 0.2
23.59830093383789 -18.171451568603516 -2.214550018310547 0.2
23.385099411010742 -18.19205093383789 -2.171548843383789 0.2
23.28459930419922 -18.35245132446289 -2.0539493560791016 0.2
23.236101150512695 -18.56545066833496 -2.008150100708008 0.2
23.151100158691406 -18.75145149230957 -2.080148696899414 0.2
23.069900512695312 -18.889249801635742 -2.229349136352539 0.2
22.95170021057129 -18.961549758911133 -2.3978500366210938 0.2
22.794300079345703 -18.857351303100586 -2.4902496337890625 0.2
22.739900588989258 -18.69245147705078 -2.363048553466797 0.2
22.816499710083008 -18.589750289916992 -2.1764488220214844 0.2
22.993600845336914 -18.53135108947754 -2.0564498901367188 0.2
23.137399673461914 -18.371551513671875 -2.1064491271972656 0.2
23.185501098632812 -18.241451263427734 -2.281848907470703 0.2
23.143800735473633 -18.30405044555664 -2.484048843383789 0.2
23.054399490356445 -18.501150131225586 -2.573049545288086 0.2
22.99220085144043 -18.714250564575195 -2.505748748779297 0.2
22.851600646972656 -18.829151153564453 -2.347949981689453 0.2
22.625499725341797 -18.85004997253418 -2.320749282836914 0.2
22.41320037841797 -18.760150909423828 -2.350648880004883 0.2
22.246601104736328 -18.61225128173828 -2.2727489471435547 0.2
22.27790069580078 -18.50575065612793 -2.0799484252929688 0.2
22.476299285888672 -18.58115005493164 -1.987548828125 0.2
22.674699783325195 -18.697250366210938 -2.0256500244140625 0.2
22.862300872802734 -18.747051239013672 -2.150449752807617 0.2
22.938100814819336 -18.64495086669922 -2.347249984741211 0.2
22.88140106201172 -18.45585060119629 -2.4896488189697266 0.2
22.686201095581055 -18.34345054626465 -2.429349899291992 0.2
22.546199798583984 -18.451351165771484 -2.2571487426757812 0.2
22.502099990844727 -18.685550689697266 -2.173349380493164 0.2
22.372400283813477 -18.890649795532227 -2.198049545288086 0.2
22.21929931640625 -19.035551071166992 -2.323648452758789 0.2
22.032499313354492 -19.103750228881836 -2.462949752807617 0.2
21.856300354003906 -18.956951141357422 -2.499349594116211 0.2
21.886301040649414 -18.786651611328125 -2.334749221801758 0.2
22.05970001220703 -18.71095085144043 -2.1736488342285156 0.2
22.295900344848633 -18.660350799560547 -2.142648696899414 0.2
22.38789939880371 -18.456951141357422 -2.2697486877441406 0.2
22.350099563598633 -18.36855125427246 -2.4921493530273438 0.2
22.186800003051758 -18.4947509765625 -2.6346492767333984 0.2
22.09160041809082 -18.739049911499023 -2.640850067138672 0.2
22.023500442504883 -18.9195499420166 -2.462249755859375 0.2
21.82859992980957 -18.974851608276367 -2.2955493927001953 0.2
21.58449935913086 -18.876850128173828 -2.2749500274658203 0.2
21.408599853515625 -18.70185089111328 -2.188650131225586 0.2
21.45560073852539 -18.525650024414062 -2.012350082397461 0.2
21.68429946899414 -18.614551544189453 -1.937448501586914 0.2
21.869300842285156 -18.786251068115234 -2.0160484313964844 0.2
22.037399291992188 -18.881851196289062 -2.189149856567383 0.2
22.070600509643555 -18.759151458740234 -2.417348861694336 0.2
21.964500427246094 -18.530349731445312 -2.513448715209961 0.2
21.78339958190918 -18.452850341796875 -2.366748809814453 0.2
21.689800262451172 -18.59545135498047 -2.1788482666015625 0.2
21.598499298095703 -18.81355094909668 -2.088949203491211 0.2
21.409900665283203 -18.97235107421875 -2.0981483459472656 0.2
21.194799423217773 -19.077951431274414 -2.169748306274414 0.2
20.962800979614258 -19.041950225830078 -2.228649139404297 0.2
20.913000106811523 -18.82305145263672 -2.1665496826171875 0.2
21.088600158691406 -18.705249786376953 -2.026449203491211 0.2
21.337900161743164 -18.69355010986328 -1.9836483001708984 0.2
21.527799606323242 -18.606250762939453 -2.106649398803711 0.2
21.52829933166504 -18.440950393676758 -2.3028488159179688 0.2
21.348499298095703 -18.45655059814453 -2.4641494750976562 0.2
21.152999877929688 -18.63705062866211 -2.4742488861083984 0.2
21.09000015258789 -18.856151580810547 -2.341949462890625 0.2
21.015300750732422 -18.92755126953125 -2.0905494689941406 0.2
20.808700561523438 -18.84615135192871 -1.9563484191894531 0.2
20.639299392700195 -18.66305160522461 -1.8594493865966797 0.2
20.657100677490234 -18.441450119018555 -1.7033500671386719 0.2
20.89579963684082 -18.473350524902344 -1.623849868774414 0.2
21.053600311279297 -18.672950744628906 -1.7177486419677734 0.2
21.154800415039062 -18.8387508392334 -1.9019489288330078 0.2
21.186100006103516 -18.79775047302246 -2.1534500122070312 0.2
21.088300704956055 -18.588951110839844 -2.3031482696533203 0.2
20.988300323486328 -18.39565086364746 -2.1879501342773438 0.2
20.913299560546875 -18.44365119934082 -1.955148696899414 0.2
20.86250114440918 -18.649150848388672 -1.8060493469238281 0.2
20.68790054321289 -18.798851013183594 -1.7084484100341797 0.2
20.447599411010742 -18.877151489257812 -1.6955490112304688 0.2
20.195499420166016 -18.872251510620117 -1.692850112915039 0.2
20.078100204467773 -18.669750213623047 -1.6506500244140625 0.2
20.259201049804688 -18.52505111694336 -1.5626487731933594 0.2
20.517000198364258 -18.52385139465332 -1.5475482940673828 0.2
20.72450065612793 -18.557050704956055 -1.675649642944336 0.2
20.773099899291992 -18.39025115966797 -1.8717498779296875 0.2
20.61479949951172 -18.30375099182129 -2.0384483337402344 0.2
20.360000610351562 -18.377349853515625 -2.0119495391845703 0.2
20.237300872802734 -18.58864974975586 -1.9017486572265625 0.2
20.2450008392334 -18.708650588989258 -1.659149169921875 0.2
20.138500213623047 -18.652950286865234 -1.4264488220214844 0.2
20.005399703979492 -18.451749801635742 -1.298248291015625 0.2
20.0398006439209 -18.222551345825195 -1.1480484008789062 0.2
20.28380012512207 -18.184249877929688 -1.0864486694335938 0.2
20.41069984436035 -18.400251388549805 -1.185150146484375 0.2
20.429000854492188 -18.611051559448242 -1.3546485900878906 0.2
20.41469955444336 -18.665550231933594 -1.6079483032226562 0.2
20.31330108642578 -18.48175048828125 -1.7856483459472656 0.2
20.283599853515625 -18.228450775146484 -1.7370491027832031 0.2
20.25830078125 -18.192750930786133 -1.485849380493164 0.2
20.238100051879883 -18.368650436401367 -1.2916488647460938 0.2
20.097700119018555 -18.508350372314453 -1.1323490142822266 0.2
19.86359977722168 -18.542251586914062 -1.0369491577148438 0.2
19.620500564575195 -18.511350631713867 -0.9671497344970703 0.2
19.503700256347656 -18.309450149536133 -0.89794921875 0.2
19.69499969482422 -18.165550231933594 -0.8600482940673828 0.2
19.950599670410156 -18.203350067138672 -0.8937492370605469 0.2
20.12860107421875 -18.30685043334961 -1.043548583984375 0.2
20.183700561523438 -18.184051513671875 -1.2695484161376953 0.2
20.053699493408203 -18.02845001220703 -1.4241485595703125 0.2
19.80340003967285 -18.00105094909668 -1.3604488372802734 0.2
19.626100540161133 -18.146249771118164 -1.2170486450195312 0.2
19.640600204467773 -18.313650131225586 -1.0054492950439453 0.2
19.648099899291992 -18.30565071105957 -0.7356491088867188 0.2
19.5762996673584 -18.101449966430664 -0.5718498229980469 0.2
19.6294002532959 -17.871950149536133 -0.44394874572753906 0.2
19.86359977722168 -17.753450393676758 -0.41484832763671875 0.2
20.007801055908203 -17.949251174926758 -0.5030498504638672 0.2
19.960899353027344 -18.185951232910156 -0.6300487518310547 0.2
19.87540054321289 -18.344051361083984 -0.8292484283447266 0.2
19.780200958251953 -18.22425079345703 -1.047048568725586 0.2
19.758399963378906 -17.95115089416504 -1.0928497314453125 0.2
19.804800033569336 -17.832651138305664 -0.8809490203857422 0.2
19.816801071166992 -17.943349838256836 -0.6459484100341797 0.2
19.73780059814453 -18.08125114440918 -0.4478492736816406 0.2
19.561500549316406 -18.095849990844727 -0.27174949645996094 0.2
19.357799530029297 -18.037250518798828 -0.13245010375976562 0.2
19.25 -17.842350006103516 -0.03444862365722656 0.2
19.422100067138672 -17.680450439453125 -0.05494880676269531 0.2
19.663700103759766 -17.731950759887695 -0.14785003662109375 0.2
19.793899536132812 -17.876951217651367 -0.30934906005859375 0.2
19.814199447631836 -17.823150634765625 -0.5495491027832031 0.2
19.712400436401367 -17.652250289916992 -0.7040500640869141 0.2
19.502300262451172 -17.546451568603516 -0.6271495819091797 0.2
19.332700729370117 -17.606651306152344 -0.43544960021972656 0.2
19.321800231933594 -17.78474998474121 -0.24354934692382812 0.2
19.434499740600586 -17.8343505859375 -0.0050487518310546875 0.2
19.459300994873047 -17.663249969482422 0.19015121459960938 0.2
19.539100646972656 -17.43695068359375 0.3027515411376953 0.2
19.760601043701172 -17.28045082092285 0.30375099182128906 0.2
19.92169952392578 -17.43545150756836 0.1918506622314453 0.2
19.837299346923828 -17.67365074157715 0.09605026245117188 0.2
19.678600311279297 -17.854551315307617 -0.021749496459960938 0.2
19.529600143432617 -17.81945037841797 -0.22554969787597656 0.2
19.468900680541992 -17.56705093383789 -0.31404876708984375 0.2
19.58570098876953 -17.37835121154785 -0.22104835510253906 0.2
19.678699493408203 -17.42005157470703 0.0029506683349609375 0.2
19.679901123046875 -17.56745147705078 0.21075057983398438 0.2
19.59079933166504 -17.606151580810547 0.4333515167236328 0.2
19.438199996948242 -17.551851272583008 0.6193504333496094 0.2
19.328800201416016 -17.39845085144043 0.7729511260986328 0.2
19.430400848388672 -17.18975067138672 0.7791500091552734 0.2
19.65049934387207 -17.20815086364746 0.6644515991210938 0.2
19.777999877929688 -17.34095001220703 0.4974498748779297 0.2
19.7632999420166 -17.41575050354004 0.2734508514404297 0.2
19.699199676513672 -17.262651443481445 0.07615089416503906 0.2
19.51889991760254 -17.106050491333008 0.07665061950683594 0.2
19.38520050048828 -17.057350158691406 0.29165077209472656 0.2
19.324800491333008 -17.1955509185791 0.5008506774902344 0.2
19.452699661254883 -17.331951141357422 0.6826515197753906 0.2
19.581501007080078 -17.271350860595703 0.8926506042480469 0.2
19.67930030822754 -17.061450958251953 1.0191516876220703 0.2
19.894500732421875 -16.900449752807617 1.0444507598876953 0.2
20.083600997924805 -16.988750457763672 0.916351318359375 0.2
19.999500274658203 -17.212949752807617 0.813751220703125 0.2
19.807100296020508 -17.373050689697266 0.7367515563964844 0.2
19.602100372314453 -17.369850158691406 0.5916500091552734 0.2
19.493600845336914 -17.14405059814453 0.5011501312255859 0.2
19.603599548339844 -16.91935157775879 0.48725128173828125 0.2
19.78339958190918 -16.903249740600586 0.6507511138916016 0.2
19.849899291992188 -17.06785011291504 0.827850341796875 0.2
19.82430076599121 -17.174449920654297 1.0488510131835938 0.2
19.73040008544922 -17.138750076293945 1.2722511291503906 0.2
19.626800537109375 -17.038150787353516 1.470550537109375 0.2
19.65570068359375 -16.832651138305664 1.5819511413574219 0.2
19.853500366210938 -16.753150939941406 1.489950180053711 0.2
19.996601104736328 -16.863250732421875 1.3179512023925781 0.2
19.988100051879883 -17.009750366210938 1.121450424194336 0.2
19.91080093383789 -16.93855094909668 0.8961505889892578 0.2
19.79210090637207 -16.73845100402832 0.8034515380859375 0.2
19.660999298095703 -16.615751266479492 0.9695510864257812 0.2
19.596500396728516 -16.666749954223633 1.2186508178710938 0.2
19.664199829101562 -16.842050552368164 1.3949508666992188 0.2
19.84510040283203 -16.909151077270508 1.5768508911132812 0.2
19.987300872802734 -16.74795150756836 1.7250499725341797 0.2
20.190000534057617 -16.590150833129883 1.7764511108398438 0.2
20.41160011291504 -16.59775161743164 1.6544513702392578 0.2
20.366199493408203 -16.813350677490234 1.5244503021240234 0.2
20.161100387573242 -16.966751098632812 1.4661502838134766 0.2
19.91990089416504 -16.998950958251953 1.3813514709472656 0.2
19.779199600219727 -16.798450469970703 1.2858505249023438 0.2
19.84040069580078 -16.547651290893555 1.2220516204833984 0.2
20.05929946899414 -16.48815155029297 1.3162498474121094 0.2
20.18630027770996 -16.640750885009766 1.4681510925292969 0.2
20.175800323486328 -16.796850204467773 1.6671504974365234 0.2
20.15130043029785 -16.802249908447266 1.9118499755859375 0.2
20.09320068359375 -16.713951110839844 2.1383514404296875 0.2
20.101900100708008 -16.54745101928711 2.317750930786133 0.2
20.275100708007812 -16.400449752807617 2.271150588989258 0.2
20.41550064086914 -16.490751266479492 2.082050323486328 0.2
20.40570068359375 -16.641550064086914 1.879751205444336 0.2
20.288799285888672 -16.653350830078125 1.6665515899658203 0.2
20.210100173950195 -16.44175148010254 1.5356502532958984 0.2
20.105899810791016 -16.255651473999023 1.6464500427246094 0.2
20.077199935913086 -16.243751525878906 1.9104499816894531 0.2
20.095300674438477 -16.409950256347656 2.1124515533447266 0.2
20.276199340820312 -16.55845069885254 2.2503509521484375 0.2
20.473499298095703 -16.473649978637695 2.3942508697509766 0.2
20.68400001525879 -16.31974983215332 2.4448509216308594 0.2
20.91860008239746 -16.25495147705078 2.3268508911132812 0.2
20.93000030517578 -16.434650421142578 2.15155029296875 0.2
20.72319984436035 -16.60525131225586 2.120250701904297 0.2
20.46579933166504 -16.679950714111328 2.1176509857177734 0.2
20.2593994140625 -16.554349899291992 2.0368499755859375 0.2
20.261301040649414 -16.287151336669922 1.9702510833740234 0.2
20.472999572753906 -16.168350219726562 1.9519500732421875 0.2
20.657899856567383 -16.27614974975586 2.0798511505126953 0.2
20.697200775146484 -16.456350326538086 2.2610511779785156 0.2
20.736400604248047 -16.51395034790039 2.4991512298583984 0.2
20.752700805664062 -16.443750381469727 2.740449905395508 0.2
20.80280113220215 -16.30245018005371 2.9419498443603516 0.2
20.962100982666016 -16.128551483154297 2.921051025390625 0.2
21.06890106201172 -16.183950424194336 2.7009506225585938 0.2
21.032100677490234 -16.330150604248047 2.491849899291992 0.2
20.867700576782227 -16.381549835205078 2.3216514587402344 0.2
20.77359962463379 -16.186349868774414 2.1730499267578125 0.2
20.706899642944336 -15.965150833129883 2.250751495361328 0.2
20.74720001220703 -15.904251098632812 2.5055503845214844 0.2
20.766399383544922 -16.047651290893555 2.727750778198242 0.2
20.91550064086914 -16.254051208496094 2.820150375366211 0.2
21.156999588012695 -16.258150100708008 2.920450210571289 0.2
21.382999420166016 -16.11115074157715 2.947050094604492 0.2
21.6072998046875 -16.024150848388672 2.8147506713867188 0.2
21.646400451660156 -16.12955093383789 2.587350845336914 0.2
21.448699951171875 -16.30845069885254 2.573150634765625 0.2
21.20840072631836 -16.403650283813477 2.651151657104492 0.2
20.957500457763672 -16.343151092529297 2.6625499725341797 0.2
20.899999618530273 -16.083650588989258 2.6225509643554688 0.2
21.05780029296875 -15.903850555419922 2.529651641845703 0.2
21.289199829101562 -15.978851318359375 2.575450897216797 0.2
21.396800994873047 -16.17045021057129 2.7142505645751953 0.2
21.491199493408203 -16.276451110839844 2.919750213623047 0.2
21.58489990234375 -16.23834991455078 3.1490516662597656 0.2
21.696199417114258 -16.130849838256836 3.345050811767578 0.2
21.861101150512695 -15.960149765014648 3.326150894165039 0.2
21.9148006439209 -15.97504997253418 3.090850830078125 0.2
21.826900482177734 -16.100351333618164 2.886350631713867 0.2
21.62150001525879 -16.170150756835938 2.765951156616211 0.2
21.48400115966797 -15.983449935913086 2.6422500610351562 0.2
21.442100524902344 -15.745851516723633 2.6902503967285156 0.2
21.54669952392578 -15.653249740600586 2.904550552368164 0.2
21.621601104736328 -15.75615119934082 3.135650634765625 0.2
21.72719955444336 -15.986150741577148 3.213651657104492 0.2
21.961599349975586 -16.11115074157715 3.2286510467529297 0.2
22.210100173950195 -16.014650344848633 3.225749969482422 0.2
22.425600051879883 -15.921051025390625 3.106050491333008 0.2
22.478700637817383 -15.925651550292969 2.8505516052246094 0.2
22.295499801635742 -16.086750030517578 2.78125 0.2
22.0841007232666 -16.195751190185547 2.9018516540527344 0.2
21.853900909423828 -16.19875144958496 3.0303516387939453 0.2
21.71969985961914 -15.978851318359375 3.047250747680664 0.2
21.788000106811523 -15.726951599121094 2.9650516510009766 0.2
22.00950050354004 -15.71714973449707 2.8723506927490234 0.2
22.178600311279297 -15.901350021362305 2.9108505249023438 0.2
22.27880096435547 -16.09455108642578 3.043651580810547 0.2
22.439899444580078 -16.162250518798828 3.215351104736328 0.2
22.61880111694336 -16.137250900268555 3.386951446533203 0.2
22.82819938659668 -16.035551071166992 3.4596500396728516 0.2
22.91699981689453 -15.923250198364258 3.2762508392333984 0.2
22.783599853515625 -15.97555160522461 3.064451217651367 0.2
22.55579948425293 -16.04505157470703 2.969350814819336 0.2
22.351299285888672 -15.921051025390625 2.9242515563964844 0.2
22.311599731445312 -15.670751571655273 2.919351577758789 0.2
22.461000442504883 -15.534250259399414 3.055450439453125 0.2
22.636699676513672 -15.601051330566406 3.24114990234375 0.2
22.714399337768555 -15.825950622558594 3.3512516021728516 0.2
22.835500717163086 -16.055950164794922 3.2763500213623047 0.2
23.073400497436523 -16.083749771118164 3.175050735473633 0.2
23.27090072631836 -16.028751373291016 3.010150909423828 0.2
23.3080997467041 -16.000150680541992 2.7468509674072266 0.2
23.10219955444336 -16.07655143737793 2.6346511840820312 0.2
22.915599822998047 -16.160051345825195 2.809751510620117 0.2
22.77549934387207 -16.169851303100586 3.0397510528564453 0.2
22.659400939941406 -15.987951278686523 3.1778507232666016 0.2
22.722000122070312 -15.724550247192383 3.133150100708008 0.2
22.847700119018555 -15.660051345825195 2.9342498779296875 0.2
22.990800857543945 -15.84575080871582 2.8534507751464844 0.2
23.07539939880371 -16.082050323486328 2.9154510498046875 0.2
23.25119972229004 -16.235151290893555 2.9931507110595703 0.2
23.48590087890625 -16.270851135253906 3.0700511932373047 0.2
23.732601165771484 -16.23885154724121 3.080850601196289 0.2
23.84119987487793 -16.13265037536621 2.9001502990722656 0.2
23.661699295043945 -16.132150650024414 2.726449966430664 0.2
23.408000946044922 -16.1684513092041 2.7012500762939453 0.2
23.196701049804688 -16.0799503326416 2.7749500274658203 0.2
23.141599655151367 -15.824350357055664 2.758951187133789 0.2
23.304100036621094 -15.648950576782227 2.80255126953125 0.2
23.555400848388672 -15.705249786376953 2.864950180053711 0.2
23.668899536132812 -15.915950775146484 2.9773502349853516 0.2
23.68480110168457 -16.179750442504883 2.924551010131836 0.2
23.8302001953125 -16.305049896240234 2.7484512329101562 0.2
23.980100631713867 -16.26905059814453 2.527050018310547 0.2
23.964000701904297 -16.241849899291992 2.255250930786133 0.2
23.735599517822266 -16.27964973449707 2.1566505432128906 0.2
23.591899871826172 -16.34545135498047 2.370250701904297 0.2
23.550600051879883 -16.35365104675293 2.6360511779785156 0.2
23.52400016784668 -16.203350067138672 2.8440513610839844 0.2
23.603200912475586 -15.947250366210938 2.8180503845214844 0.2
23.648000717163086 -15.830949783325195 2.594951629638672 0.2
23.705400466918945 -16.006549835205078 2.4296512603759766 0.2
23.762800216674805 -16.259050369262695 2.4418506622314453 0.2
23.919599533081055 -16.449251174926758 2.4707508087158203 0.2
24.158300399780273 -16.52065086364746 2.4802513122558594 0.2
24.40290069580078 -16.526050567626953 2.439451217651367 0.2
24.50189971923828 -16.43185043334961 2.2461509704589844 0.2
24.310699462890625 -16.400951385498047 2.103250503540039 0.2
24.058700561523438 -16.417850494384766 2.123250961303711 0.2
23.86479949951172 -16.35875129699707 2.264150619506836 0.2
23.79840087890625 -16.10685157775879 2.282350540161133 0.2
23.926401138305664 -15.897850036621094 2.282550811767578 0.2
24.179000854492188 -15.92085075378418 2.266450881958008 0.2
24.3528995513916 -16.106151580810547 2.3310508728027344 0.2
24.354801177978516 -16.368051528930664 2.3294506072998047 0.2
24.381999969482422 -16.570751190185547 2.1618499755859375 0.2
24.487300872802734 -16.570350646972656 1.9186515808105469 0.2
24.471399307250977 -16.545249938964844 1.6565513610839844 0.2
24.252901077270508 -16.53835105895996 1.5247516632080078 0.2
24.098899841308594 -16.599151611328125 1.72235107421875 0.2
24.107200622558594 -16.620349884033203 1.987649917602539 0.2
24.1510009765625 -16.522350311279297 2.2244510650634766 0.2
24.23150062561035 -16.272451400756836 2.246551513671875 0.2
24.261301040649414 -16.080350875854492 2.0609512329101562 0.2
24.24530029296875 -16.17875099182129 1.8389511108398438 0.2
24.24679946899414 -16.426450729370117 1.7937507629394531 0.2
24.3435001373291 -16.656049728393555 1.8177509307861328 0.2
24.543800354003906 -16.788949966430664 1.7740516662597656 0.2
24.77589988708496 -16.844650268554688 1.705850601196289 0.2
24.941600799560547 -16.819551467895508 1.5344505310058594 0.2
24.82550048828125 -16.73805046081543 1.3531513214111328 0.2
24.57270050048828 -16.729450225830078 1.3673515319824219 0.2
24.382400512695312 -16.699050903320312 1.526651382446289 0.2
24.29949951171875 -16.512149810791016 1.6535511016845703 0.2
24.345600128173828 -16.264249801635742 1.6234512329101562 0.2
24.56610107421875 -16.194250106811523 1.5628509521484375 0.2
24.774900436401367 -16.34375 1.521951675415039 0.2
24.839599609375 -16.59025001525879 1.5599498748779297 0.2
24.774600982666016 -16.833650588989258 1.4734516143798828 0.2
24.798500061035156 -16.924850463867188 1.2389507293701172 0.2
24.77519989013672 -16.907451629638672 0.9783515930175781 0.2
24.579200744628906 -16.87015151977539 0.7991504669189453 0.2
24.39109992980957 -16.90505027770996 0.9600505828857422 0.2
24.42300033569336 -16.935649871826172 1.2213516235351562 0.2
24.53420066833496 -16.886150360107422 1.4527511596679688 0.2
24.641700744628906 -16.67045021057129 1.5276508331298828 0.2
24.694000244140625 -16.45145034790039 1.3790512084960938 0.2
