-15.168800354003906 1.1844482421875 -1.0746498107910156 0.2
-15.244298934936523 1.0394477844238281 -0.9576492309570312 0.2
-15.325698852539062 0.9788475036621094 -0.7830486297607422 0.2
-15.410600662231445 0.9316482543945312 -0.6065483093261719 0.2
-15.54439926147461 0.9163475036621094 -0.4564495086669922 0.2
-15.743499755859375 0.9424476623535156 -0.4658489227294922 0.2
-15.877099990844727 0.9110488891601562 -0.6149482727050781 0.2
-15.90369987487793 0.8244476318359375 -0.7952499389648438 0.2
-15.771299362182617 0.7833480834960938 -0.9421501159667969 0.2
-15.606500625610352 0.8499488830566406 -1.0381488800048828 0.2
-15.447399139404297 0.9385490417480469 -1.1242485046386719 0.2
-15.309499740600586 1.0535507202148438 -1.2189483642578125 0.2
-15.295400619506836 1.2015495300292969 -1.354848861694336 0.2
-15.396799087524414 1.2398490905761719 -1.5260486602783203 0.2
-15.510000228881836 1.1534500122070312 -1.6706485748291016 0.2
-15.603099822998047 0.9750480651855469 -1.6510486602783203 0.2
-15.688499450683594 0.87445068359375 -1.4955501556396484 0.2
-15.77389907836914 0.8085479736328125 -1.3249492645263672 0.2
-15.870199203491211 0.7546501159667969 -1.1554489135742188 0.2
-16.0364990234375 0.7712478637695312 -1.0401496887207031 0.2
-16.222999572753906 0.8067474365234375 -1.1104488372802734 0.2
-16.330900192260742 0.7702484130859375 -1.2791500091552734 0.2
-16.281200408935547 0.700347900390625 -1.4630489349365234 0.2
-16.11910057067871 0.7294502258300781 -1.5830497741699219 0.2
-15.955499649047852 0.8064498901367188 -1.6746482849121094 0.2
-15.795499801635742 0.8927497863769531 -1.765249252319336 0.2
-15.689699172973633 1.0350494384765625 -1.8654499053955078 0.2
-15.750799179077148 1.16925048828125 -2.0048484802246094 0.2
-15.885299682617188 1.17144775390625 -2.157949447631836 0.2
-16.014699935913086 1.0310478210449219 -2.225248336791992 0.2
-16.1122989654541 0.8910484313964844 -2.1122493743896484 0.2
-16.199600219726562 0.8073501586914062 -1.949850082397461 0.2
-16.289400100708008 0.7330474853515625 -1.784149169921875 0.2
-16.41309928894043 0.7054481506347656 -1.6231498718261719 0.2
-16.601099014282227 0.7748489379882812 -1.5897483825683594 0.2
-16.7549991607666 0.8048477172851562 -1.7215499877929688 0.2
-16.79669952392578 0.7638511657714844 -1.9172496795654297 0.2
-16.663599014282227 0.757049560546875 -2.072549819946289 0.2
-16.4960994720459 0.8194503784179688 -2.1713485717773438 0.2
-16.330400466918945 0.8917503356933594 -2.2636489868164062 0.2
-16.18160057067871 0.9986495971679688 -2.353649139404297 0.2
-16.16469955444336 1.1761474609375 -2.4524497985839844 0.2
-16.292299270629883 1.2645492553710938 -2.584749221801758 0.2
-16.45039939880371 1.2052497863769531 -2.698148727416992 0.2
-16.575899124145508 1.0512504577636719 -2.6483497619628906 0.2
-16.66830062866211 0.9484481811523438 -2.4990501403808594 0.2
-16.75779914855957 0.8583488464355469 -2.3404483795166016 0.2
-16.860700607299805 0.792449951171875 -2.1752490997314453 0.2
-17.021400451660156 0.8480491638183594 -2.0615501403808594 0.2
-17.191299438476562 0.9358482360839844 -2.1363487243652344 0.2
-17.29439926147461 0.9524497985839844 -2.3133487701416016 0.2
-17.218700408935547 0.9337501525878906 -2.5025501251220703 0.2
-17.052799224853516 0.9797477722167969 -2.614948272705078 0.2
-16.88409996032715 1.043548583984375 -2.708749771118164 0.2
-16.720199584960938 1.1249504089355469 -2.7984485626220703 0.2
-16.63170051574707 1.2943496704101562 -2.8718490600585938 0.2
-16.721399307250977 1.4486503601074219 -2.9701499938964844 0.2
-16.88360023498535 1.4753494262695312 -3.0921497344970703 0.2
-17.041399002075195 1.3465499877929688 -3.1115493774414062 0.2
-17.14539909362793 1.2230491638183594 -2.9856491088867188 0.2
-17.236799240112305 1.1193504333496094 -2.836149215698242 0.2
-17.33289909362793 1.0263481140136719 -2.6806488037109375 0.2
-17.46649932861328 1.03485107421875 -2.525148391723633 0.2
-17.63279914855957 1.1547508239746094 -2.528348922729492 0.2
-17.76409912109375 1.2294502258300781 -2.6683483123779297 0.2
-17.75629997253418 1.2330474853515625 -2.872549057006836 0.2
-17.603599548339844 1.2640495300292969 -3.007049560546875 0.2
-17.433000564575195 1.3216476440429688 -3.101848602294922 0.2
-17.263099670410156 1.3888511657714844 -3.191648483276367 0.2
-17.126100540161133 1.5279502868652344 -3.2552490234375 0.2
-17.15690040588379 1.7201499938964844 -3.315248489379883 0.2
-17.30430030822754 1.8187484741210938 -3.419048309326172 0.2
-17.484399795532227 1.7519493103027344 -3.489849090576172 0.2
-17.609699249267578 1.6144485473632812 -3.4025497436523438 0.2
-17.705900192260742 1.4979476928710938 -3.2655487060546875 0.2
-17.802499771118164 1.3873481750488281 -3.1236495971679688 0.2
-17.91830062866211 1.3441505432128906 -2.959749221801758 0.2
-18.068899154663086 1.4623489379882812 -2.888050079345703 0.2
-18.206199645996094 1.5838508605957031 -2.9812488555908203 0.2
-18.253999710083008 1.6322479248046875 -3.1737499237060547 0.2
-18.12969970703125 1.6575508117675781 -3.3352489471435547 0.2
-17.9591007232666 1.7093505859375 -3.433349609375 0.2
-17.786399841308594 1.7681503295898438 -3.5232486724853516 0.2
-17.622798919677734 1.8742485046386719 -3.587949752807617 0.2
-17.58769989013672 2.073150634765625 -3.615549087524414 0.2
-17.715200424194336 2.2296485900878906 -3.692049026489258 0.2
-17.910200119018555 2.225749969482422 -3.780550003051758 0.2
-18.061599731445312 2.0843505859375 -3.7219486236572266 0.2
-18.16819953918457 1.9519500732421875 -3.591348648071289 0.2
-18.273300170898438 1.8256492614746094 -3.4538497924804688 0.2
-18.39150047302246 1.7748489379882812 -3.281848907470703 0.2
-18.53190040588379 1.9116477966308594 -3.1973495483398438 0.2
-18.65920066833496 2.0610504150390625 -3.2869491577148438 0.2
-18.678998947143555 2.130451202392578 -3.4873485565185547 0.2
-18.5310001373291 2.1688499450683594 -3.6388492584228516 0.2
-18.350500106811523 2.2195510864257812 -3.7402496337890625 0.2
-18.167999267578125 2.2819480895996094 -3.831348419189453 0.2
-18.019100189208984 2.432147979736328 -3.862049102783203 0.2
-18.056699752807617 2.6482505798339844 -3.8798484802246094 0.2
-18.228700637817383 2.767749786376953 -3.9596500396728516 0.2
-18.431798934936523 2.6772499084472656 -3.9789485931396484 0.2
-18.559099197387695 2.5304489135742188 -3.8657493591308594 0.2
-18.672500610351562 2.3887481689453125 -3.7343482971191406 0.2
-18.7898006439209 2.2931480407714844 -3.5663490295410156 0.2
-18.916099548339844 2.402851104736328 -3.421548843383789 0.2
-19.0403995513916 2.5846481323242188 -3.471649169921875 0.2
-19.080400466918945 2.6920509338378906 -3.663349151611328 0.2
-18.935298919677734 2.7358474731445312 -3.8297500610351562 0.2
-18.74519920349121 2.7838478088378906 -3.9388484954833984 0.2
-18.5497989654541 2.846649169921875 -4.032649993896484 0.2
-18.402099609375 3.0131492614746094 -4.043649673461914 0.2
-18.456998825073242 3.2306480407714844 -4.051849365234375 0.2
-18.63949966430664 3.3416481018066406 -4.119548797607422 0.2
-18.837799072265625 3.2390480041503906 -4.113548278808594 0.2
-18.963600158691406 3.089649200439453 -4.001049041748047 0.2
-19.07939910888672 2.944549560546875 -3.8756484985351562 0.2
-19.19219970703125 2.8699493408203125 -3.6971492767333984 0.2
-19.300899505615234 3.0137481689453125 -3.5687484741210938 0.2
-19.40530014038086 3.2047500610351562 -3.624948501586914 0.2
-19.413000106811523 3.309650421142578 -3.819448471069336 0.2
-19.258100509643555 3.351551055908203 -3.976348876953125 0.2
-19.07149887084961 3.3929481506347656 -4.090250015258789 0.2
-18.876100540161133 3.4595489501953125 -4.175548553466797 0.2
-18.752199172973633 3.641448974609375 -4.161748886108398 0.2
-18.822898864746094 3.851947784423828 -4.163249969482422 0.2
-19.01759910583496 3.9382476806640625 -4.215749740600586 0.2
-19.20639991760254 3.824848175048828 -4.184349060058594 0.2
-19.32859992980957 3.6760482788085938 -4.074548721313477 0.2
-19.44409942626953 3.5340499877929688 -3.949249267578125 0.2
-19.54400062561035 3.499950408935547 -3.7550487518310547 0.2
-19.633399963378906 3.6706504821777344 -3.651449203491211 0.2
-19.717500686645508 3.8617477416992188 -3.7242488861083984 0.2
-19.69070053100586 3.957550048828125 -3.920848846435547 0.2
-19.52790069580078 3.995849609375 -4.0668487548828125 0.2
-19.343700408935547 4.032947540283203 -4.183149337768555 0.2
-19.14550018310547 4.111949920654297 -4.244548797607422 0.2
-19.053499221801758 4.306049346923828 -4.206449508666992 0.2
-19.14419937133789 4.508148193359375 -4.202049255371094 0.2
-19.3528995513916 4.564449310302734 -4.235048294067383 0.2
-19.525800704956055 4.437549591064453 -4.180149078369141 0.2
-19.645700454711914 4.2850494384765625 -4.074548721313477 0.2
-19.757400512695312 4.148448944091797 -3.939149856567383 0.2
-19.833900451660156 4.163150787353516 -3.735248565673828 0.2
-19.903600692749023 4.358249664306641 -3.6612491607666016 0.2
-19.96339988708496 4.549247741699219 -3.7521495819091797 0.2
-19.900100708007812 4.631748199462891 -3.9455490112304688 0.2
-19.733699798583984 4.664447784423828 -4.087648391723633 0.2
-19.549699783325195 4.699348449707031 -4.204648971557617 0.2
-19.35449981689453 4.796051025390625 -4.227348327636719 0.2
-19.30459976196289 4.999748229980469 -4.16874885559082 0.2
-19.415599822998047 5.188350677490234 -4.152050018310547 0.2
-19.632400512695312 5.200649261474609 -4.160648345947266 0.2
-19.789600372314453 5.061450958251953 -4.09324836730957 0.2
-19.909900665283203 4.905651092529297 -3.9966487884521484 0.2
-20.00790023803711 4.7879486083984375 -3.840250015258789 0.2
-20.055599212646484 4.862751007080078 -3.6442489624023438 0.2
-20.104700088500977 5.070350646972656 -3.5965499877929688 0.2
-20.13599967956543 5.249549865722656 -3.712249755859375 0.2
-20.04319953918457 5.3186492919921875 -3.89794921875 0.2
-19.878000259399414 5.346748352050781 -4.037448883056641 0.2
-19.689199447631836 5.384548187255859 -4.140249252319336 0.2
-19.511098861694336 5.503749847412109 -4.113548278808594 0.2
-19.498300552368164 5.707248687744141 -4.042348861694336 0.2
-19.635799407958984 5.870449066162109 -4.01824951171875 0.2
-19.850200653076172 5.841350555419922 -4.005949020385742 0.2
-19.99289894104004 5.693149566650391 -3.935749053955078 0.2
-20.110000610351562 5.537147521972656 -3.8405494689941406 0.2
-20.17889976501465 5.4530487060546875 -3.653348922729492 0.2
-20.201499938964844 5.575649261474609 -3.4813499450683594 0.2
-20.23390007019043 5.788249969482422 -3.457948684692383 0.2
-20.23780059814453 5.952350616455078 -3.5956497192382812 0.2
-20.12380027770996 6.007747650146484 -3.7714500427246094 0.2
-19.959800720214844 6.031349182128906 -3.91094970703125 0.2
-19.75909996032715 6.073947906494141 -3.980348587036133 0.2
-19.611799240112305 6.211650848388672 -3.9129486083984375 0.2
-19.628700256347656 6.411251068115234 -3.831949234008789 0.2
-19.792098999023438 6.542850494384766 -3.7979488372802734 0.2
-19.994400024414062 6.4754486083984375 -3.7697486877441406 0.2
-20.1304988861084 6.319648742675781 -3.7060489654541016 0.2
-20.237600326538086 6.1658477783203125 -3.5981483459472656 0.2
-20.267398834228516 6.124050140380859 -3.3916492462158203 0.2
-20.26729965209961 6.282649993896484 -3.249349594116211 0.2
-20.279699325561523 6.4967498779296875 -3.2461490631103516 0.2
-20.25510025024414 6.641349792480469 -3.4012489318847656 0.2
-20.131000518798828 6.685150146484375 -3.5716495513916016 0.2
-19.96470069885254 6.705348968505859 -3.7070484161376953 0.2
-19.75819969177246 6.753650665283203 -3.7281494140625 0.2
-19.650299072265625 6.906150817871094 -3.6287498474121094 0.2
-19.689899444580078 7.093250274658203 -3.533048629760742 0.2
-19.877500534057617 7.179450988769531 -3.4890499114990234 0.2
-20.064498901367188 7.081748962402344 -3.453948974609375 0.2
-20.19649887084961 6.921749114990234 -3.3995494842529297 0.2
-20.27429962158203 6.779048919677734 -3.263050079345703 0.2
-20.260099411010742 6.7955474853515625 -3.0557498931884766 0.2
-20.23550033569336 6.973850250244141 -2.9423484802246094 0.2
-20.228700637817383 7.1817474365234375 -2.9701499938964844 0.2
-20.17729949951172 7.30364990234375 -3.1369495391845703 0.2
-20.048999786376953 7.3356475830078125 -3.304248809814453 0.2
-19.868000030517578 7.350349426269531 -3.4146499633789062 0.2
-19.673200607299805 7.414249420166016 -3.371950149536133 0.2
-19.604000091552734 7.571849822998047 -3.2495498657226562 0.2
-19.678800582885742 7.735347747802734 -3.1428489685058594 0.2
-19.882200241088867 7.764148712158203 -3.0946483612060547 0.2
-20.049699783325195 7.637451171875 -3.0667495727539062 0.2
-20.167600631713867 7.473247528076172 -3.0038490295410156 0.2
-20.185400009155273 7.3641510009765625 -2.825349807739258 0.2
-20.133699417114258 7.447750091552734 -2.64324951171875 0.2
-20.091899871826172 7.639148712158203 -2.564748764038086 0.2
-20.070199966430664 7.831748962402344 -2.6411495208740234 0.2
-19.99209976196289 7.917449951171875 -2.817249298095703 0.2
-19.852699279785156 7.935150146484375 -2.9754486083984375 0.2
-19.64739990234375 7.944950103759766 -3.0192489624023438 0.2
-19.495100021362305 8.040050506591797 -2.9157485961914062 0.2
-19.46929931640625 8.19594955444336 -2.776449203491211 0.2
-19.60379981994629 8.31414794921875 -2.6740493774414062 0.2
-19.804800033569336 8.269248962402344 -2.639749526977539 0.2
-19.953699111938477 8.120548248291016 -2.620849609375 0.2
-20.02280044555664 7.956748962402344 -2.510648727416992 0.2
-19.978199005126953 7.921550750732422 -2.3133487701416016 0.2
-19.908599853515625 8.05685043334961 -2.1694488525390625 0.2
-19.86789894104004 8.257747650146484 -2.134550094604492 0.2
-19.82659912109375 8.41415023803711 -2.266550064086914 0.2
-19.7283992767334 8.461151123046875 -2.4460487365722656 0.2
-19.557100296020508 8.458747863769531 -2.5661487579345703 0.2
-19.357500076293945 8.480949401855469 -2.5214500427246094 0.2
-19.259599685668945 8.591449737548828 -2.373350143432617 0.2
-19.292200088500977 8.726749420166016 -2.220548629760742 0.2
-19.477800369262695 8.77724838256836 -2.1423492431640625 0.2
-19.66230010986328 8.681049346923828 -2.130949020385742 0.2
-19.783199310302734 8.517047882080078 -2.088949203491211 0.2
-19.78350067138672 8.382549285888672 -1.9326496124267578 0.2
-19.704599380493164 8.427349090576172 -1.7486495971679688 0.2
-19.632699966430664 8.585350036621094 -1.6324501037597656 0.2
-19.59309959411621 8.784748077392578 -1.6637496948242188 0.2
-19.527999877929688 8.892349243164062 -1.8293495178222656 0.2
-19.40799903869629 8.908348083496094 -1.998849868774414 0.2
-19.2096004486084 8.884849548339844 -2.0497493743896484 0.2
-19.048099517822266 8.924949645996094 -1.9294490814208984 0.2
-18.992599487304688 9.028247833251953 -1.7574501037597656 0.2
-19.093900680541992 9.136249542236328 -1.6171493530273438 0.2
-19.296100616455078 9.129947662353516 -1.5722484588623047 0.2
-19.462900161743164 9.005348205566406 -1.5703487396240234 0.2
-19.534000396728516 8.833148956298828 -1.484048843383789 0.2
-19.47920036315918 8.765449523925781 -1.3014488220214844 0.2
-19.39419937133789 8.85634994506836 -1.1356487274169922 0.2
-19.331998825073242 9.035449981689453 -1.0591487884521484 0.2
-19.279300689697266 9.208747863769531 -1.1570491790771484 0.2
-19.19729995727539 9.266349792480469 -1.3385486602783203 0.2
-19.044198989868164 9.247650146484375 -1.4743499755859375 0.2
-18.847599029541016 9.211849212646484 -1.4414501190185547 0.2
-18.72319984436035 9.256950378417969 -1.2725486755371094 0.2
-18.723499298095703 9.36294937133789 -1.0852489471435547 0.2
-18.89940071105957 9.43764877319336 -0.9850482940673828 0.2
-19.106599807739258 9.369850158691406 -0.9830493927001953 0.2
-19.236299514770508 9.20425033569336 -0.9369487762451172 0.2
-19.211299896240234 9.076351165771484 -0.7697486877441406 0.2
-19.118499755859375 9.123149871826172 -0.578948974609375 0.2
-19.03339958190918 9.285350799560547 -0.46574974060058594 0.2
-18.95829963684082 9.47134780883789 -0.5426483154296875 0.2
-18.87150001525879 9.532649993896484 -0.73284912109375 0.2
-18.71419906616211 9.493850708007812 -0.8748493194580078 0.2
-18.517799377441406 9.430049896240234 -0.8255500793457031 0.2
-18.398799896240234 9.451950073242188 -0.6444492340087891 0.2
-18.404300689697266 9.553848266601562 -0.4566497802734375 0.2
-18.583398818969727 9.635547637939453 -0.3692493438720703 0.2
-18.79319953918457 9.578147888183594 -0.3728485107421875 0.2
-18.920499801635742 9.417449951171875 -0.31024932861328125 0.2
-18.88629913330078 9.310550689697266 -0.13054847717285156 0.2
-18.79439926147461 9.362751007080078 0.05945014953613281 0.2
-18.699298858642578 9.527347564697266 0.15635108947753906 0.2
-18.607099533081055 9.692848205566406 0.05555152893066406 0.2
-18.51959991455078 9.72705078125 -0.14044952392578125 0.2
-18.357398986816406 9.657550811767578 -0.26114845275878906 0.2
-18.18039894104004 9.580848693847656 -0.17514991760253906 0.2
-18.093000411987305 9.602348327636719 0.02265167236328125 0.2
-18.122499465942383 9.709247589111328 0.20515060424804688 0.2
-18.310800552368164 9.7823486328125 0.2790508270263672 0.2
-18.518098831176758 9.720848083496094 0.2747516632080078 0.2
-18.61949920654297 9.555950164794922 0.3630504608154297 0.2
-18.55539894104004 9.47604751586914 0.5511512756347656 0.2
-18.4507999420166 9.537750244140625 0.7305507659912109 0.2
-18.3341007232666 9.706348419189453 0.7838516235351562 0.2
-18.226299285888672 9.828350067138672 0.643951416015625 0.2
-18.126800537109375 9.814750671386719 0.4523506164550781 0.2
-17.980998992919922 9.68735122680664 0.3601512908935547 0.2
-17.841899871826172 9.549549102783203 0.4510517120361328 0.2
-17.728300094604492 9.514549255371094 0.6300506591796875 0.2
-17.7106990814209 9.650348663330078 0.7875499725341797 0.2
-17.86829948425293 9.789649963378906 0.8369503021240234 0.2
-18.083099365234375 9.799549102783203 0.8548507690429688 0.2
-18.23080062866211 9.681049346923828 0.9541511535644531 0.2
-18.19849967956543 9.577049255371094 1.1381511688232422 0.2
-18.090099334716797 9.595149993896484 1.3244514465332031 0.2
-17.951900482177734 9.735248565673828 1.4028511047363281 0.2
-17.831899642944336 9.860950469970703 1.2792510986328125 0.2
-17.75790023803711 9.854049682617188 1.0760517120361328 0.2
-17.633499145507812 9.73175048828125 0.9537506103515625 0.2
-17.48710060119629 9.594047546386719 1.021951675415039 0.2
-17.37220001220703 9.550647735595703 1.2008514404296875 0.2
-17.351900100708008 9.640148162841797 1.3923511505126953 0.2
-17.494800567626953 9.76675033569336 1.4883499145507812 0.2
-17.70509910583496 9.808448791503906 1.5101509094238281 0.2
-17.865999221801758 9.686050415039062 1.5727500915527344 0.2
-17.84429931640625 9.514450073242188 1.6990509033203125 0.2
-17.71769905090332 9.431747436523438 1.8529510498046875 0.2
-17.52039909362793 9.474250793457031 1.9150505065917969 0.2
-17.371999740600586 9.54854965209961 1.78125 0.2
-17.334999084472656 9.534347534179688 1.5691509246826172 0.2
-17.297399520874023 9.386650085449219 1.418050765991211 0.2
-17.194000244140625 9.213150024414062 1.4737510681152344 0.2
-17.06869888305664 9.16925048828125 1.6435508728027344 0.2
-17.00670051574707 9.24184799194336 1.8354511260986328 0.2
-17.09779930114746 9.384849548339844 1.9650516510009766 0.2
-17.292200088500977 9.461849212646484 2.013050079345703 0.2
-17.455799102783203 9.358749389648438 2.0971508026123047 0.2
-17.423900604248047 9.19384765625 2.2280502319335938 0.2
-17.265899658203125 9.115947723388672 2.3522510528564453 0.2
-17.057600021362305 9.145748138427734 2.3783512115478516 0.2
-16.91779899597168 9.199348449707031 2.225851058959961 0.2
-16.89299964904785 9.1822509765625 2.0121517181396484 0.2
-16.895099639892578 9.033149719238281 1.8594512939453125 0.2
-16.824800491333008 8.841049194335938 1.9043502807617188 0.2
-16.70009994506836 8.7740478515625 2.066150665283203 0.2
-16.60070037841797 8.836448669433594 2.2438507080078125 0.2
-16.65250015258789 8.993247985839844 2.381650924682617 0.2
-16.82499885559082 9.099048614501953 2.4537506103515625 0.2
-16.99970054626465 9.032150268554688 2.552051544189453 0.2
-16.992000579833984 8.862449645996094 2.6790504455566406 0.2
-16.842899322509766 8.763050079345703 2.798551559448242 0.2
-16.6427001953125 8.790950775146484 2.867950439453125 0.2
-16.4960994720459 8.90694808959961 2.7690505981445312 0.2
-16.463699340820312 8.9886474609375 2.5716514587402344 0.2
-16.428699493408203 8.91634750366211 2.3772506713867188 0.2
-16.359800338745117 8.719749450683594 2.3481502532958984 0.2
-16.255599975585938 8.571949005126953 2.4678516387939453 0.2
-16.213199615478516 8.52764892578125 2.674051284790039 0.2
-16.308198928833008 8.612751007080078 2.8416500091552734 0.2
-16.503999710083008 8.658748626708984 2.9117507934570312 0.2
-16.656700134277344 8.515949249267578 2.9496517181396484 0.2
-16.646499633789062 8.302349090576172 2.9648513793945312 0.2
-16.514299392700195 8.137649536132812 3.003551483154297 0.2
-16.305299758911133 8.121749877929688 2.9878501892089844 0.2
-16.174299240112305 8.23434829711914 2.8613510131835938 0.2
-16.144100189208984 8.338050842285156 2.675050735473633 0.2
-16.226999282836914 8.32864761352539 2.479450225830078 0.2
-16.292600631713867 8.144248962402344 2.4094505310058594 0.2
-16.219900131225586 7.962848663330078 2.4736499786376953 0.2
-16.13319969177246 7.86614990234375 2.628650665283203 0.2
-16.165599822998047 7.874149322509766 2.8280506134033203 0.2
-16.291799545288086 7.916450500488281 2.984651565551758 0.2
-16.39929962158203 7.805450439453125 3.1099510192871094 0.2
-16.3882999420166 7.60784912109375 3.1559505462646484 0.2
-16.27869987487793 7.4443511962890625 3.205150604248047 0.2
-16.088300704956055 7.419349670410156 3.2620506286621094 0.2
-15.941400527954102 7.5480499267578125 3.218050003051758 0.2
-15.937000274658203 7.703449249267578 3.0877513885498047 0.2
-15.983200073242188 7.774448394775391 2.903951644897461 0.2
-15.979400634765625 7.682048797607422 2.725351333618164 0.2
-15.914600372314453 7.500247955322266 2.6599502563476562 0.2
-15.796600341796875 7.336948394775391 2.6920509338378906 0.2
-15.70669937133789 7.258350372314453 2.8510513305664062 0.2
-15.752099990844727 7.321147918701172 3.0374507904052734 0.2
-15.850500106811523 7.3504486083984375 3.21295166015625 0.2
-15.821300506591797 7.251251220703125 3.38385009765625 0.2
-15.670799255371094 7.150947570800781 3.482851028442383 0.2
-15.469499588012695 7.158050537109375 3.5044498443603516 0.2
-15.355998992919922 7.245948791503906 3.3671512603759766 0.2
-15.413400650024414 7.305347442626953 3.1814498901367188 0.2
-15.493598937988281 7.257549285888672 3.0022506713867188 0.2
-15.475500106811523 7.088447570800781 2.897451400756836 0.2
-15.384199142456055 6.9118499755859375 2.940450668334961 0.2
-15.264999389648438 6.802547454833984 3.0665512084960938 0.2
-15.173299789428711 6.82244873046875 3.2447509765625 0.2
-15.20989990234375 6.935749053955078 3.4125499725341797 0.2
-15.35409927368164 7.000049591064453 3.5394515991210938 0.2
-15.537799835205078 6.923549652099609 3.567951202392578 0.2
-15.593900680541992 6.728050231933594 3.555950164794922 0.2
-15.545000076293945 6.538047790527344 3.616750717163086 0.2
-15.448099136352539 6.455848693847656 3.7738513946533203 0.2
-15.302200317382812 6.56414794921875 3.8540515899658203 0.2
-15.201700210571289 6.695850372314453 3.740449905395508 0.2
-15.189300537109375 6.741847991943359 3.5410499572753906 0.2
-15.14579963684082 6.671848297119141 3.353151321411133 0.2
-15.024999618530273 6.517848968505859 3.302450180053711 0.2
-14.872299194335938 6.404048919677734 3.3805503845214844 0.2
-14.78499984741211 6.365550994873047 3.558950424194336 0.2
-14.865699768066406 6.3930511474609375 3.743051528930664 0.2
-15.049798965454102 6.421848297119141 3.830150604248047 0.2
-15.244100570678711 6.366847991943359 3.8105506896972656 0.2
-15.325799942016602 6.2055511474609375 3.715250015258789 0.2
-15.293800354003906 6.005348205566406 3.673450469970703 0.2
-15.179500579833984 5.851551055908203 3.739950180053711 0.2
-15.006898880004883 5.882648468017578 3.8392505645751953 0.2
-14.886999130249023 6.048248291015625 3.8341503143310547 0.2
-14.794198989868164 6.1788482666015625 3.709951400756836 0.2
-14.717100143432617 6.1423492431640625 3.5244503021240234 0.2
-14.654800415039062 5.986850738525391 3.4034500122070312 0.2
-14.600399017333984 5.781749725341797 3.4165515899658203 0.2
-14.65999984741211 5.661048889160156 3.5817508697509766 0.2
-14.824800491333008 5.676849365234375 3.722249984741211 0.2
-15.037500381469727 5.682949066162109 3.721151351928711 0.2
-15.153499603271484 5.5865478515625 3.5703506469726562 0.2
-15.140499114990234 5.407749176025391 3.444551467895508 0.2
-15.001100540161133 5.250450134277344 3.4083499908447266 0.2
-14.792098999023438 5.283050537109375 3.439250946044922 0.2
-14.674200057983398 5.464847564697266 3.428050994873047 0.2
-14.633199691772461 5.621448516845703 3.2858505249023438 0.2
-14.620698928833008 5.5722503662109375 3.080150604248047 0.2
-14.566900253295898 5.385349273681641 2.9825515747070312 0.2
-14.513599395751953 5.1817474365234375 3.0292510986328125 0.2
-14.585500717163086 5.077949523925781 3.2015514373779297 0.2
-14.771200180053711 5.090351104736328 3.314250946044922 0.2
-14.979799270629883 5.064048767089844 3.2674503326416016 0.2
-15.051399230957031 4.914947509765625 3.126150131225586 0.2
-15.012699127197266 4.712650299072266 3.0553512573242188 0.2
-14.843099594116211 4.590450286865234 3.0926513671875 0.2
-14.660299301147461 4.685050964355469 3.1561508178710938 0.2
-14.560998916625977 4.87554931640625 3.120950698852539 0.2
-14.460800170898438 4.9510498046875 2.945850372314453 0.2
-14.384698867797852 4.8157501220703125 2.796051025390625 0.2
-14.336000442504883 4.603950500488281 2.7673511505126953 0.2
-14.374099731445312 4.437049865722656 2.8959503173828125 0.2
-14.542499542236328 4.415050506591797 3.0322513580322266 0.2
-14.759899139404297 4.424350738525391 3.048351287841797 0.2
-14.903999328613281 4.323150634765625 2.924650192260742 0.2
-14.90880012512207 4.128047943115234 2.8222503662109375 0.2
-14.784200668334961 3.9548492431640625 2.8040504455566406 0.2
-14.576200485229492 3.972747802734375 2.8603515625 0.2
-14.441099166870117 4.144950866699219 2.8776512145996094 0.2
-14.341899871826172 4.301750183105469 2.7621517181396484 0.2
-14.275999069213867 4.276149749755859 2.559450149536133 0.2
-14.242599487304688 4.095348358154297 2.438051223754883 0.2
-14.236099243164062 3.8819503784179688 2.470050811767578 0.2
-14.33639907836914 3.7827491760253906 2.6216506958007812 0.2
-14.514400482177734 3.781749725341797 2.732250213623047 0.2
-14.722000122070312 3.764850616455078 2.718351364135742 0.2
-14.839399337768555 3.6469497680664062 2.5965499877929688 0.2
-14.840400695800781 3.4626502990722656 2.4968509674072266 0.2
-14.696800231933594 3.3210487365722656 2.468250274658203 0.2
-14.496599197387695 3.3641510009765625 2.5003509521484375 0.2
-14.365798950195312 3.5290489196777344 2.5080509185791016 0.2
-14.272300720214844 3.6861495971679688 2.405750274658203 0.2
-14.223299026489258 3.6913490295410156 2.2054500579833984 0.2
-14.204099655151367 3.5374488830566406 2.0640506744384766 0.2
-14.202600479125977 3.3306503295898438 2.049551010131836 0.2
-14.27869987487793 3.194549560546875 2.188051223754883 0.2
-14.438299179077148 3.168048858642578 2.323751449584961 0.2
-14.644100189208984 3.1608505249023438 2.3697509765625 0.2
-14.812299728393555 3.082050323486328 2.275850296020508 0.2
-14.855899810791016 2.9153480529785156 2.1534500122070312 0.2
-14.756599426269531 2.7513504028320312 2.076051712036133 0.2
-14.54789924621582 2.745349884033203 2.081350326538086 0.2
-14.39229965209961 2.8889503479003906 2.091951370239258 0.2
-14.28030014038086 3.060150146484375 2.0379505157470703 0.2
-14.226699829101562 3.1404495239257812 1.8516502380371094 0.2
-14.213899612426758 3.0350494384765625 1.6695499420166016 0.2
-14.215999603271484 2.8397483825683594 1.591451644897461 0.2
-14.268499374389648 2.6630477905273438 1.6910514831542969 0.2
-14.407800674438477 2.602550506591797 1.840250015258789 0.2
-14.594099044799805 2.587848663330078 1.9430503845214844 0.2
-14.798900604248047 2.5511474609375 1.903951644897461 0.2
-14.895599365234375 2.4189491271972656 1.7686500549316406 0.2
-14.856599807739258 2.2522506713867188 1.6445503234863281 0.2
-14.660299301147461 2.189350128173828 1.6051502227783203 0.2
-14.478300094604492 2.3015480041503906 1.608449935913086 0.2
-14.34280014038086 2.4672508239746094 1.5906505584716797 0.2
-14.270999908447266 2.6093482971191406 1.4494514465332031 0.2
-14.269599914550781 2.5762481689453125 1.2406501770019531 0.2
-14.283599853515625 2.4134483337402344 1.1027507781982422 0.2
-14.320600509643555 2.2089500427246094 1.1371517181396484 0.2
-14.438499450683594 2.106048583984375 1.2843513488769531 0.2
-14.601200103759766 2.0702476501464844 1.4216499328613281 0.2
-14.812299728393555 2.053447723388672 1.4570503234863281 0.2
-14.967199325561523 1.97235107421875 1.3342514038085938 0.2
-14.993900299072266 1.8261489868164062 1.1782512664794922 0.2
-14.840200424194336 1.7174491882324219 1.0823516845703125 0.2
-14.637100219726562 1.7873497009277344 1.064950942993164 0.2
-14.478599548339844 1.9354476928710938 1.0617504119873047 0.2
-14.37030029296875 2.1032485961914062 0.9800510406494141 0.2
-14.370100021362305 2.160449981689453 0.7746505737304688 0.2
-14.405500411987305 2.050750732421875 0.5910511016845703 0.2
-14.443899154663086 1.8471488952636719 0.5418510437011719 0.2
-14.541999816894531 1.69744873046875 0.6630516052246094 0.2
-14.68709945678711 1.6362495422363281 0.8132514953613281 0.2
-14.874198913574219 1.6080474853515625 0.9209499359130859 0.2
-15.080099105834961 1.5850486755371094 0.8608512878417969 0.2
-15.180900573730469 1.4848480224609375 0.6951503753662109 0.2
-15.116300582885742 1.3531494140625 0.5386505126953125 0.2
-14.909200668334961 1.35675048828125 0.47644996643066406 0.2
-14.728500366210938 1.4795494079589844 0.4689502716064453 0.2
-14.572799682617188 1.630950927734375 0.4411506652832031 0.2
-14.530799865722656 1.7803497314453125 0.2893505096435547 0.2
-14.585899353027344 1.7607498168945312 0.07955169677734375 0.2
-14.64539909362793 1.6090507507324219 -0.06494903564453125 0.2
-14.726299285888672 1.4121475219726562 -0.024250030517578125 0.2
-14.858999252319336 1.3152503967285156 0.12185096740722656 0.2
-15.010000228881836 1.2549476623535156 0.270050048828125 0.2
-15.220300674438477 1.247650146484375 0.3327503204345703 0.2
-15.401800155639648 1.2210502624511719 0.2133502960205078 0.2
-15.473199844360352 1.1209487915039062 0.02935028076171875 0.2
-15.348899841308594 1.0277481079101562 -0.12204933166503906 0.2
-15.143299102783203 1.0944480895996094 -0.16624832153320312 0.2
-14.958599090576172 1.2157478332519531 -0.1784496307373047 0.2
-14.80739974975586 1.3714485168457031 -0.22534942626953125 0.2
-14.809000015258789 1.5101509094238281 -0.3945484161376953 0.2
-14.894800186157227 1.4894485473632812 -0.5981483459472656 0.2
-14.986799240112305 1.4335479736328125 -0.7918491363525391 0.2
-15.08169937133789 1.3628501892089844 -0.9819488525390625 0.2
-15.168800354003906 1.1844482421875 -1.0746498107910156 0.2
