24.94230079650879 -4.921150207519531 -3.8261489868164062 0.2
25.108301162719727 -5.028652191162109 -3.8192501068115234 0.2
25.175899505615234 -5.180450439453125 -3.7053489685058594 0.2
25.16710090637207 -5.349250793457031 -3.597148895263672 0.2
25.10070037841797 -5.531650543212891 -3.5409488677978516 0.2
25.01919937133789 -5.697750091552734 -3.616849899291992 0.2
25.029800415039062 -5.807151794433594 -3.7832489013671875 0.2
25.1564998626709 -5.809051513671875 -3.931650161743164 0.2
25.289199829101562 -5.662052154541016 -3.946849822998047 0.2
25.291500091552734 -5.462852478027344 -3.921649932861328 0.2
25.234600067138672 -5.270252227783203 -3.9177494049072266 0.2
25.130300521850586 -5.103851318359375 -3.971149444580078 0.2
25.043001174926758 -5.022850036621094 -4.132349014282227 0.2
25.078899383544922 -5.022251129150391 -4.32914924621582 0.2
25.238300323486328 -5.093952178955078 -4.432350158691406 0.2
25.3700008392334 -5.235752105712891 -4.346748352050781 0.2
25.379199981689453 -5.403450012207031 -4.216848373413086 0.2
25.336999893188477 -5.588050842285156 -4.121448516845703 0.2
25.257400512695312 -5.780551910400391 -4.169149398803711 0.2
25.270299911499023 -5.885349273681641 -4.350648880004883 0.2
25.3887996673584 -5.856449127197266 -4.5191497802734375 0.2
25.493499755859375 -5.676952362060547 -4.5621490478515625 0.2
25.479700088500977 -5.465549468994141 -4.545949935913086 0.2
25.409000396728516 -5.265251159667969 -4.541648864746094 0.2
25.269399642944336 -5.133251190185547 -4.6340484619140625 0.2
25.21500015258789 -5.126750946044922 -4.836549758911133 0.2
25.299800872802734 -5.202350616455078 -5.012548446655273 0.2
25.458600997924805 -5.341350555419922 -5.011148452758789 0.2
25.517099380493164 -5.511650085449219 -4.897748947143555 0.2
25.513900756835938 -5.686550140380859 -4.776948928833008 0.2
25.427101135253906 -5.869152069091797 -4.708049774169922 0.2
25.31909942626953 -6.020351409912109 -4.804449081420898 0.2
25.32080078125 -6.0964508056640625 -5.000949859619141 0.2
25.4502010345459 -6.034950256347656 -5.149049758911133 0.2
25.54050064086914 -5.842552185058594 -5.168249130249023 0.2
25.530799865722656 -5.6307525634765625 -5.161249160766602 0.2
25.471599578857422 -5.4266510009765625 -5.167749404907227 0.2
25.32859992980957 -5.293949127197266 -5.255449295043945 0.2
25.256099700927734 -5.288249969482422 -5.451349258422852 0.2
25.32539939880371 -5.370849609375 -5.628749847412109 0.2
25.475500106811523 -5.5209503173828125 -5.631448745727539 0.2
25.53030014038086 -5.689552307128906 -5.5144500732421875 0.2
25.52950096130371 -5.859249114990234 -5.386848449707031 0.2
25.437000274658203 -6.045452117919922 -5.331249237060547 0.2
25.337800979614258 -6.184551239013672 -5.451250076293945 0.2
25.3523006439209 -6.222148895263672 -5.656949996948242 0.2
25.46339988708496 -6.106151580810547 -5.7944488525390625 0.2
25.506799697875977 -5.8988494873046875 -5.815248489379883 0.2
25.491701126098633 -5.68695068359375 -5.803749084472656 0.2
25.38949966430664 -5.498950958251953 -5.816549301147461 0.2
25.232900619506836 -5.4331512451171875 -5.939548492431641 0.2
25.18480110168457 -5.490150451660156 -6.137548446655273 0.2
25.28459930419922 -5.626850128173828 -6.259550094604492 0.2
25.396100997924805 -5.799949645996094 -6.202449798583984 0.2
25.435100555419922 -5.971149444580078 -6.081150054931641 0.2
25.41860008239746 -6.144351959228516 -5.956748962402344 0.2
25.28380012512207 -6.304851531982422 -5.917549133300781 0.2
25.173900604248047 -6.411949157714844 -6.062749862670898 0.2
25.187299728393555 -6.426952362060547 -6.271648406982422 0.2
25.29840087890625 -6.287849426269531 -6.387748718261719 0.2
25.335100173950195 -6.0776519775390625 -6.40574836730957 0.2
25.32550048828125 -5.864250183105469 -6.405849456787109 0.2
25.221500396728516 -5.676750183105469 -6.414949417114258 0.2
25.054901123046875 -5.618049621582031 -6.528648376464844 0.2
24.9862003326416 -5.680850982666016 -6.719049453735352 0.2
25.078100204467773 -5.827350616455078 -6.837549209594727 0.2
25.187400817871094 -6.002849578857422 -6.77924919128418 0.2
25.23710060119629 -6.1694488525390625 -6.65574836730957 0.2
25.21980094909668 -6.344249725341797 -6.533548355102539 0.2
25.079999923706055 -6.503849029541016 -6.519350051879883 0.2
24.975200653076172 -6.591949462890625 -6.679849624633789 0.2
24.99679946899414 -6.5621490478515625 -6.885448455810547 0.2
25.073801040649414 -6.387851715087891 -6.985649108886719 0.2
25.091800689697266 -6.175651550292969 -6.995349884033203 0.2
25.06450080871582 -5.9638519287109375 -6.988849639892578 0.2
24.91230010986328 -5.814052581787109 -7.005048751831055 0.2
24.751399993896484 -5.814849853515625 -7.139549255371094 0.2
24.716400146484375 -5.920551300048828 -7.317249298095703 0.2
24.828001022338867 -6.092250823974609 -7.3782501220703125 0.2
24.913799285888672 -6.268650054931641 -7.293249130249023 0.2
24.964200973510742 -6.438549041748047 -7.174348831176758 0.2
24.918500900268555 -6.605548858642578 -7.046148300170898 0.2
24.755399703979492 -6.737251281738281 -7.048648834228516 0.2
24.641399383544922 -6.804351806640625 -7.214649200439453 0.2
24.665300369262695 -6.752651214599609 -7.416448593139648 0.2
24.7322998046875 -6.5686492919921875 -7.503448486328125 0.2
24.75040054321289 -6.3558502197265625 -7.519350051879883 0.2
24.72319984436035 -6.142951965332031 -7.514749526977539 0.2
24.5669002532959 -5.996849060058594 -7.51515007019043 0.2
24.390300750732422 -6.0061492919921875 -7.632349014282227 0.2
24.33449935913086 -6.122951507568359 -7.799049377441406 0.2
24.434999465942383 -6.303951263427734 -7.854349136352539 0.2
24.526500701904297 -6.479351043701172 -7.770849227905273 0.2
24.58690071105957 -6.648551940917969 -7.6535491943359375 0.2
24.533000946044922 -6.812049865722656 -7.524448394775391 0.2
24.358200073242188 -6.928852081298828 -7.536649703979492 0.2
24.231000900268555 -6.969852447509766 -7.701648712158203 0.2
24.243499755859375 -6.875949859619141 -7.892549514770508 0.2
24.28820037841797 -6.678749084472656 -7.965049743652344 0.2
24.311100006103516 -6.466548919677734 -7.981548309326172 0.2
24.258100509643555 -6.2597503662109375 -7.960649490356445 0.2
24.070100784301758 -6.1647491455078125 -7.965648651123047 0.2
23.899600982666016 -6.218849182128906 -8.080549240112305 0.2
23.87849998474121 -6.37445068359375 -8.219449996948242 0.2
23.97760009765625 -6.566051483154297 -8.225149154663086 0.2
24.061100006103516 -6.740451812744141 -8.134349822998047 0.2
24.112300872802734 -6.908050537109375 -8.011449813842773 0.2
24.02519989013672 -7.043750762939453 -7.870349884033203 0.2
23.835899353027344 -7.131050109863281 -7.892448425292969 0.2
23.710100173950195 -7.154449462890625 -8.059349060058594 0.2
23.73150062561035 -7.048549652099609 -8.243749618530273 0.2
23.774200439453125 -6.850849151611328 -8.314350128173828 0.2
23.795900344848633 -6.639949798583984 -8.340648651123047 0.2
23.739099502563477 -6.433250427246094 -8.316049575805664 0.2
23.548799514770508 -6.344451904296875 -8.313848495483398 0.2
23.37420082092285 -6.4042510986328125 -8.419748306274414 0.2
23.350099563598633 -6.567150115966797 -8.550548553466797 0.2
23.446800231933594 -6.758750915527344 -8.548248291015625 0.2
23.536800384521484 -6.9302520751953125 -8.456649780273438 0.2
23.584699630737305 -7.0953521728515625 -8.327949523925781 0.2
23.480600357055664 -7.226551055908203 -8.195348739624023 0.2
23.286100387573242 -7.303150177001953 -8.23134994506836 0.2
23.164899826049805 -7.299652099609375 -8.403749465942383 0.2
23.182100296020508 -7.15985107421875 -8.566749572753906 0.2
23.221099853515625 -6.957149505615234 -8.62594985961914 0.2
23.239500045776367 -6.744049072265625 -8.645648956298828 0.2
23.1471004486084 -6.556049346923828 -8.598949432373047 0.2
22.939300537109375 -6.522151947021484 -8.608848571777344 0.2
22.78260040283203 -6.623050689697266 -8.71084976196289 0.2
22.799100875854492 -6.814750671386719 -8.803449630737305 0.2
22.892601013183594 -7.004150390625 -8.764249801635742 0.2
22.981000900268555 -7.176551818847656 -8.673248291015625 0.2
23.0137996673584 -7.327049255371094 -8.524148941040039 0.2
22.878799438476562 -7.4230499267578125 -8.395149230957031 0.2
22.67729949951172 -7.472850799560547 -8.439048767089844 0.2
22.568700790405273 -7.446250915527344 -8.616249084472656 0.2
22.589200973510742 -7.29534912109375 -8.768848419189453 0.2
22.625 -7.095149993896484 -8.833648681640625 0.2
22.640100479125977 -6.883251190185547 -8.85784912109375 0.2
22.544599533081055 -6.701850891113281 -8.796148300170898 0.2
22.337299346923828 -6.674152374267578 -8.781848907470703 0.2
22.175100326538086 -6.781349182128906 -8.860849380493164 0.2
22.185100555419922 -6.979949951171875 -8.940448760986328 0.2
22.28070068359375 -7.167049407958984 -8.901449203491211 0.2
22.375999450683594 -7.337650299072266 -8.815750122070312 0.2
22.395099639892578 -7.4815521240234375 -8.656648635864258 0.2
22.243000030517578 -7.564052581787109 -8.539249420166016 0.2
22.038999557495117 -7.591449737548828 -8.587348937988281 0.2
21.938899993896484 -7.5227508544921875 -8.761449813842773 0.2
21.955400466918945 -7.348548889160156 -8.88494873046875 0.2
21.99380111694336 -7.148052215576172 -8.947349548339844 0.2
21.995901107788086 -6.933448791503906 -8.94005012512207 0.2
21.86359977722168 -6.794551849365234 -8.853248596191406 0.2
21.653100967407227 -6.817852020263672 -8.838850021362305 0.2
21.524999618530273 -6.9676513671875 -8.911249160766602 0.2
21.569400787353516 -7.174350738525391 -8.949748992919922 0.2
21.666400909423828 -7.358348846435547 -8.899349212646484 0.2
21.759599685668945 -7.527050018310547 -8.805549621582031 0.2
21.763900756835938 -7.639949798583984 -8.624448776245117 0.2
21.589500427246094 -7.693050384521484 -8.520648956298828 0.2
21.385601043701172 -7.701549530029297 -8.5771484375 0.2
21.302400588989258 -7.617851257324219 -8.754249572753906 0.2
21.320499420166016 -7.440151214599609 -8.872749328613281 0.2
21.352100372314453 -7.24005126953125 -8.940349578857422 0.2
21.35449981689453 -7.026649475097656 -8.926448822021484 0.2
21.225400924682617 -6.895648956298828 -8.826250076293945 0.2
21.0177001953125 -6.919349670410156 -8.791948318481445 0.2
20.88949966430664 -7.073150634765625 -8.852649688720703 0.2
20.93160057067871 -7.280551910400391 -8.890249252319336 0.2
21.035499572753906 -7.462551116943359 -8.852149963378906 0.2
21.12849998474121 -7.629451751708984 -8.757549285888672 0.2
21.1072998046875 -7.733852386474609 -8.573648452758789 0.2
20.924699783325195 -7.768951416015625 -8.477249145507812 0.2
20.728099822998047 -7.741851806640625 -8.541948318481445 0.2
20.65570068359375 -7.614051818847656 -8.699249267578125 0.2
20.68079948425293 -7.428852081298828 -8.800748825073242 0.2
20.715299606323242 -7.226249694824219 -8.85584831237793 0.2
20.690900802612305 -7.027950286865234 -8.78125 0.2
20.52589988708496 -6.966949462890625 -8.670848846435547 0.2
20.33500099182129 -7.050350189208984 -8.645349502563477 0.2
20.269500732421875 -7.246051788330078 -8.696949005126953 0.2
20.340299606323242 -7.447151184082031 -8.693349838256836 0.2
20.442501068115234 -7.627651214599609 -8.647249221801758 0.2
20.5408992767334 -7.767452239990234 -8.51865005493164 0.2
20.497499465942383 -7.822052001953125 -8.322948455810547 0.2
20.304800033569336 -7.827949523925781 -8.236749649047852 0.2
20.115100860595703 -7.7884521484375 -8.31505012512207 0.2
20.056800842285156 -7.658550262451172 -8.474748611450195 0.2
20.07390022277832 -7.476051330566406 -8.583250045776367 0.2
20.102500915527344 -7.273250579833984 -8.642349243164062 0.2
20.086200714111328 -7.076751708984375 -8.563749313354492 0.2
19.929901123046875 -7.015750885009766 -8.438148498535156 0.2
19.742799758911133 -7.09735107421875 -8.387849807739258 0.2
19.67840003967285 -7.297149658203125 -8.423948287963867 0.2
19.75349998474121 -7.496452331542969 -8.425149917602539 0.2
19.862699508666992 -7.674652099609375 -8.385049819946289 0.2
19.950599670410156 -7.7998504638671875 -8.23714828491211 0.2
19.87660026550293 -7.831352233886719 -8.045249938964844 0.2
19.682899475097656 -7.8056488037109375 -7.966848373413086 0.2
19.51490020751953 -7.71514892578125 -8.061149597167969 0.2
19.479999542236328 -7.5572509765625 -8.199150085449219 0.2
19.503799438476562 -7.3771514892578125 -8.309349060058594 0.2
19.5408992767334 -7.168552398681641 -8.314949035644531 0.2
19.479999542236328 -7.032550811767578 -8.172449111938477 0.2
19.314300537109375 -7.053749084472656 -8.044448852539062 0.2
19.176401138305664 -7.208148956298828 -8.014249801635742 0.2
19.181900024414062 -7.4219512939453125 -8.02614974975586 0.2
19.270700454711914 -7.613250732421875 -8.008749008178711 0.2
19.393199920654297 -7.774951934814453 -7.947849273681641 0.2
19.4822998046875 -7.838748931884766 -7.770050048828125 0.2
19.37580108642578 -7.826148986816406 -7.593648910522461 0.2
19.175701141357422 -7.786449432373047 -7.548849105834961 0.2
19.01930046081543 -7.700550079345703 -7.663549423217773 0.2
18.981800079345703 -7.545249938964844 -7.802648544311523 0.2
18.99169921875 -7.364650726318359 -7.912248611450195 0.2
19.03190040588379 -7.1560516357421875 -7.919748306274414 0.2
18.98780059814453 -7.014350891113281 -7.777050018310547 0.2
18.835498809814453 -7.019351959228516 -7.632749557495117 0.2
18.693300247192383 -7.1647491455078125 -7.58384895324707 0.2
18.692501068115234 -7.375751495361328 -7.596948623657227 0.2
18.783599853515625 -7.566749572753906 -7.600749969482422 0.2
18.907501220703125 -7.722850799560547 -7.5303497314453125 0.2
18.971599578857422 -7.7718505859375 -7.337848663330078 0.2
18.865501403808594 -7.734249114990234 -7.161649703979492 0.2
18.679800033569336 -7.644351959228516 -7.123649597167969 0.2
18.56330108642578 -7.5039520263671875 -7.23084831237793 0.2
18.544200897216797 -7.347049713134766 -7.371250152587891 0.2
18.581501007080078 -7.157352447509766 -7.45574951171875 0.2
18.637100219726562 -6.979450225830078 -7.36454963684082 0.2
18.570999145507812 -6.94525146484375 -7.171049118041992 0.2
18.449298858642578 -7.045650482177734 -7.033149719238281 0.2
18.388999938964844 -7.248050689697266 -6.999849319458008 0.2
18.437400817871094 -7.453651428222656 -7.000249862670898 0.2
18.54290008544922 -7.636749267578125 -6.99384880065918 0.2
18.707901000976562 -7.726951599121094 -6.903749465942383 0.2
18.72840118408203 -7.698249816894531 -6.704248428344727 0.2
18.576499938964844 -7.628650665283203 -6.578649520874023 0.2
18.385299682617188 -7.5433502197265625 -6.591348648071289 0.2
18.271699905395508 -7.4089508056640625 -6.709949493408203 0.2
18.241300582885742 -7.245052337646484 -6.839048385620117 0.2
18.278900146484375 -7.0545501708984375 -6.918849945068359 0.2
18.3346004486084 -6.879550933837891 -6.826448440551758 0.2
18.275001525878906 -6.827850341796875 -6.634550094604492 0.2
18.151599884033203 -6.909549713134766 -6.48914909362793 0.2
18.079299926757812 -7.105949401855469 -6.455049514770508 0.2
18.122699737548828 -7.3099517822265625 -6.482448577880859 0.2
18.229400634765625 -7.490348815917969 -6.47974967956543 0.2
18.375499725341797 -7.569652557373047 -6.353248596191406 0.2
18.3843994140625 -7.526451110839844 -6.152549743652344 0.2
18.263099670410156 -7.4212493896484375 -6.020549774169922 0.2
18.1112003326416 -7.274650573730469 -6.042148590087891 0.2
18.03900146484375 -7.126949310302734 -6.172948837280273 0.2
18.04129981994629 -6.9591522216796875 -6.297948837280273 0.2
18.14780044555664 -6.781150817871094 -6.289649963378906 0.2
18.19659996032715 -6.7113494873046875 -6.10474967956543 0.2
18.146699905395508 -6.77294921875 -5.91254997253418 0.2
18.072200775146484 -6.9454498291015625 -5.814449310302734 0.2
18.076801300048828 -7.155849456787109 -5.808849334716797 0.2
18.149600982666016 -7.351451873779297 -5.831748962402344 0.2
18.321399688720703 -7.469249725341797 -5.81464958190918 0.2
18.43440055847168 -7.456249237060547 -5.649448394775391 0.2
18.350299835205078 -7.376552581787109 -5.478748321533203 0.2
18.17380142211914 -7.284950256347656 -5.414348602294922 0.2
18.016799926757812 -7.161251068115234 -5.484149932861328 0.2
17.947898864746094 -7.0061492919921875 -5.60784912109375 0.2
17.952899932861328 -6.831451416015625 -5.723749160766602 0.2
18.04360008239746 -6.647251129150391 -5.709749221801758 0.2
18.063499450683594 -6.557048797607422 -5.527050018310547 0.2
17.99359893798828 -6.594551086425781 -5.334148406982422 0.2
17.90060043334961 -6.756950378417969 -5.236249923706055 0.2
17.89459991455078 -6.96514892578125 -5.251150131225586 0.2
17.966999053955078 -7.1589508056640625 -5.283849716186523 0.2
18.129100799560547 -7.273952484130859 -5.222448348999023 0.2
18.214099884033203 -7.245052337646484 -5.0397491455078125 0.2
18.15380096435547 -7.135051727294922 -4.873249053955078 0.2
18.014999389648438 -6.983249664306641 -4.827348709106445 0.2
17.90880012512207 -6.831451416015625 -4.923349380493164 0.2
17.86600112915039 -6.678951263427734 -5.060548782348633 0.2
17.95840072631836 -6.510749816894531 -5.137548446655273 0.2
18.09170150756836 -6.412651062011719 -5.021450042724609 0.2
18.13129997253418 -6.4349517822265625 -4.818248748779297 0.2
18.089401245117188 -6.563850402832031 -4.660249710083008 0.2
18.057899475097656 -6.768352508544922 -4.618349075317383 0.2
18.097599029541016 -6.971649169921875 -4.648649215698242 0.2
18.241600036621094 -7.119049072265625 -4.682849884033203 0.2
18.40530014038086 -7.139350891113281 -4.568849563598633 0.2
18.39440155029297 -7.067649841308594 -4.37755012512207 0.2
18.25349998474121 -6.973949432373047 -4.2579498291015625 0.2
18.078399658203125 -6.857452392578125 -4.270448684692383 0.2
17.979801177978516 -6.7093505859375 -4.380149841308594 0.2
17.95800018310547 -6.54534912109375 -4.507749557495117 0.2
18.04560089111328 -6.361850738525391 -4.545848846435547 0.2
18.11359977722168 -6.246349334716797 -4.395050048828125 0.2
18.078800201416016 -6.263648986816406 -4.191648483276367 0.2
17.989999771118164 -6.393951416015625 -4.052549362182617 0.2
17.950300216674805 -6.597148895263672 -4.0397491455078125 0.2
17.99169921875 -6.796852111816406 -4.085849761962891 0.2
18.145000457763672 -6.935550689697266 -4.063348770141602 0.2
18.288000106811523 -6.9371490478515625 -3.9171485900878906 0.2
18.310298919677734 -6.844551086425781 -3.733348846435547 0.2
18.211200714111328 -6.693752288818359 -3.630350112915039 0.2
18.08380126953125 -6.540351867675781 -3.6877498626708984 0.2
17.992198944091797 -6.401050567626953 -3.8138484954833984 0.2
18.026100158691406 -6.240550994873047 -3.940248489379883 0.2
18.19260025024414 -6.120750427246094 -3.9494495391845703 0.2
18.351900100708008 -6.077850341796875 -3.8227500915527344 0.2
18.410900115966797 -6.1385498046875 -3.637449264526367 0.2
18.361900329589844 -6.318752288818359 -3.5398483276367188 0.2
18.350799560546875 -6.526752471923828 -3.552448272705078 0.2
18.435699462890625 -6.710948944091797 -3.611349105834961 0.2
18.61370086669922 -6.800048828125 -3.578948974609375 0.2
18.69150161743164 -6.764350891113281 -3.3964500427246094 0.2
18.61009979248047 -6.670650482177734 -3.230348587036133 0.2
18.447799682617188 -6.555549621582031 -3.1688499450683594 0.2
18.31570053100586 -6.409950256347656 -3.239849090576172 0.2
18.26810073852539 -6.252250671386719 -3.368349075317383 0.2
18.325599670410156 -6.074951171875 -3.4577484130859375 0.2
18.433799743652344 -5.929649353027344 -3.369548797607422 0.2
18.44900131225586 -5.905448913574219 -3.1654491424560547 0.2
18.382200241088867 -5.991249084472656 -2.9877490997314453 0.2
18.31130027770996 -6.1759490966796875 -2.9236488342285156 0.2
18.306699752807617 -6.379852294921875 -2.969348907470703 0.2
18.41189956665039 -6.554950714111328 -2.996349334716797 0.2
18.59469985961914 -6.610050201416016 -2.9202499389648438 0.2
18.710599899291992 -6.551750183105469 -2.758749008178711 0.2
18.694400787353516 -6.414852142333984 -2.6059494018554688 0.2
18.573299407958984 -6.248649597167969 -2.589550018310547 0.2
18.452999114990234 -6.107151031494141 -2.6849498748779297 0.2
18.43199920654297 -5.950649261474609 -2.817049026489258 0.2
18.568599700927734 -5.822052001953125 -2.9057483673095703 0.2
18.76140022277832 -5.751350402832031 -2.8801498413085938 0.2
18.894500732421875 -5.766551971435547 -2.7283496856689453 0.2
18.868099212646484 -5.908050537109375 -2.581348419189453 0.2
18.81909942626953 -6.109951019287109 -2.5567493438720703 0.2
18.84130096435547 -6.310749053955078 -2.6087493896484375 0.2
18.984500885009766 -6.452251434326172 -2.6542491912841797 0.2
19.142499923706055 -6.469150543212891 -2.5327491760253906 0.2
19.141799926757812 -6.390850067138672 -2.3433494567871094 0.2
19.02359962463379 -6.280849456787109 -2.212949752807617 0.2
18.869400024414062 -6.139949798583984 -2.212848663330078 0.2
18.783000946044922 -5.985752105712891 -2.3222484588623047 0.2
18.78689956665039 -5.817649841308594 -2.4437484741210938 0.2
18.908100128173828 -5.653751373291016 -2.4495487213134766 0.2
18.995899200439453 -5.582149505615234 -2.280149459838867 0.2
18.993999481201172 -5.617950439453125 -2.075448989868164 0.2
18.93440055847168 -5.766151428222656 -1.9429492950439453 0.2
18.88920021057129 -5.968151092529297 -1.9510498046875 0.2
18.923500061035156 -6.16455078125 -2.005748748779297 0.2
19.0939998626709 -6.2803497314453125 -2.0185489654541016 0.2
19.281600952148438 -6.265750885009766 -1.932748794555664 0.2
19.38159942626953 -6.1560516357421875 -1.7911491394042969 0.2
19.322900772094727 -5.981349945068359 -1.7012500762939453 0.2
19.186599731445312 -5.828250885009766 -1.7360496520996094 0.2
19.1023006439209 -5.677349090576172 -1.8479499816894531 0.2
19.172100067138672 -5.546649932861328 -1.9938488006591797 0.2
19.34910011291504 -5.4725494384765625 -2.072050094604492 0.2
19.543701171875 -5.465450286865234 -2.015249252319336 0.2
19.599599838256836 -5.570350646972656 -1.851348876953125 0.2
19.547300338745117 -5.756252288818359 -1.7674484252929688 0.2
19.516799926757812 -5.960552215576172 -1.7883491516113281 0.2
19.59040069580078 -6.135150909423828 -1.8758487701416016 0.2
19.781999588012695 -6.188652038574219 -1.854349136352539 0.2
19.889801025390625 -6.116950988769531 -1.6968498229980469 0.2
19.862300872802734 -5.9956512451171875 -1.5320491790771484 0.2
19.738500595092773 -5.8446502685546875 -1.457448959350586 0.2
19.62150001525879 -5.686149597167969 -1.5221500396728516 0.2
19.570600509643555 -5.529151916503906 -1.6480484008789062 0.2
19.670101165771484 -5.374950408935547 -1.739349365234375 0.2
19.82990074157715 -5.28375244140625 -1.6552486419677734 0.2
19.91950035095215 -5.284450531005859 -1.46875 0.2
19.916900634765625 -5.390449523925781 -1.2902488708496094 0.2
19.8533992767334 -5.579551696777344 -1.2382488250732422 0.2
19.823101043701172 -5.781150817871094 -1.2763500213623047 0.2
19.942100524902344 -5.937549591064453 -1.3395500183105469 0.2
20.146100997924805 -5.963550567626953 -1.3399486541748047 0.2
20.31730079650879 -5.8818511962890625 -1.2614498138427734 0.2
20.343299865722656 -5.7055511474609375 -1.1599483489990234 0.2
20.22879981994629 -5.53375244140625 -1.149148941040039 0.2
20.112699508666992 -5.381752014160156 -1.2279491424560547 0.2
20.120901107788086 -5.258251190185547 -1.3951492309570312 0.2
20.249799728393555 -5.1925506591796875 -1.5432491302490234 0.2
20.450700759887695 -5.180751800537109 -1.5745487213134766 0.2
20.57590103149414 -5.259349822998047 -1.438650131225586 0.2
20.54400062561035 -5.423351287841797 -1.3114490509033203 0.2
20.48780059814453 -5.621650695800781 -1.2851486206054688 0.2
20.496999740600586 -5.8177490234375 -1.3612499237060547 0.2
20.659700393676758 -5.920951843261719 -1.4119491577148438 0.2
20.829299926757812 -5.875148773193359 -1.311849594116211 0.2
20.880599975585938 -5.751350402832031 -1.1535491943359375 0.2
20.80579948425293 -5.594249725341797 -1.0391483306884766 0.2
20.683700561523438 -5.427452087402344 -1.059549331665039 0.2
20.60070037841797 -5.273151397705078 -1.172149658203125 0.2
20.649600982666016 -5.1235504150390625 -1.3040485382080078 0.2
20.81960105895996 -5.017551422119141 -1.28594970703125 0.2
20.94379997253418 -4.998451232910156 -1.122049331665039 0.2
20.97480010986328 -5.0704498291015625 -0.9296493530273438 0.2
20.925600051879883 -5.242851257324219 -0.8278484344482422 0.2
20.868900299072266 -5.442951202392578 -0.8405494689941406 0.2
20.930500030517578 -5.627052307128906 -0.9074497222900391 0.2
21.1200008392334 -5.693752288818359 -0.9495487213134766 0.2
21.316600799560547 -5.643852233886719 -0.9082489013671875 0.2
21.403200149536133 -5.4902496337890625 -0.8031482696533203 0.2
21.323101043701172 -5.307949066162109 -0.7513484954833984 0.2
21.189199447631836 -5.153251647949219 -0.7877483367919922 0.2
21.1476993560791 -5.009849548339844 -0.9296493530273438 0.2
21.24410057067871 -4.927650451660156 -1.0942497253417969 0.2
21.42970085144043 -4.905551910400391 -1.1789493560791016 0.2
21.59709930419922 -4.974449157714844 -1.0940494537353516 0.2
21.609600067138672 -5.132152557373047 -0.9552497863769531 0.2
21.55030059814453 -5.3260498046875 -0.9096488952636719 0.2
21.515600204467773 -5.522251129150391 -0.9731483459472656 0.2
21.63089942932129 -5.649250030517578 -1.0780487060546875 0.2
21.8302001953125 -5.630550384521484 -1.0494499206542969 0.2
21.94300079345703 -5.518150329589844 -0.9173488616943359 0.2
21.933300018310547 -5.361049652099609 -0.7814483642578125 0.2
21.83180046081543 -5.182552337646484 -0.7538490295410156 0.2
21.723800659179688 -5.018451690673828 -0.8235492706298828 0.2
21.71820068359375 -4.86865234375 -0.9659500122070312 0.2
21.876699447631836 -4.770149230957031 -1.0451488494873047 0.2
22.07229995727539 -4.743751525878906 -0.9831485748291016 0.2
22.200700759887695 -4.809051513671875 -0.8342494964599609 0.2
22.190799713134766 -4.971752166748047 -0.7095489501953125 0.2
22.109399795532227 -5.159751892089844 -0.6691493988037109 0.2
22.103599548339844 -5.3558502197265625 -0.7323493957519531 0.2
22.227100372314453 -5.4631500244140625 -0.8590488433837891 0.2
22.416500091552734 -5.449451446533203 -0.9405498504638672 0.2
22.562999725341797 -5.306251525878906 -0.9303493499755859 0.2
22.546100616455078 -5.107749938964844 -0.8782501220703125 0.2
22.437000274658203 -4.931049346923828 -0.8594493865966797 0.2
22.329500198364258 -4.792652130126953 -0.9702491760253906 0.2
22.296100616455078 -4.7391510009765625 -1.1690483093261719 0.2
22.38159942626953 -4.7521514892578125 -1.3553485870361328 0.2
22.56130027770996 -4.837749481201172 -1.380849838256836 0.2
22.64419937133789 -4.977352142333984 -1.2466487884521484 0.2
22.61750030517578 -5.151752471923828 -1.1353492736816406 0.2
22.541099548339844 -5.348049163818359 -1.1239490509033203 0.2
22.55229949951172 -5.509552001953125 -1.245248794555664 0.2
22.728500366210938 -5.527751922607422 -1.341949462890625 0.2
22.90679931640625 -5.422451019287109 -1.325948715209961 0.2
22.987600326538086 -5.25054931640625 -1.2402496337890625 0.2
22.935800552368164 -5.053852081298828 -1.191549301147461 0.2
22.822599411010742 -4.880451202392578 -1.2205486297607422 0.2
22.739299774169922 -4.744850158691406 -1.3532485961914062 0.2
22.827699661254883 -4.671051025390625 -1.5196495056152344 0.2
23.03070068359375 -4.658351898193359 -1.558349609375 0.2
23.212800979614258 -4.708950042724609 -1.4726486206054688 0.2
23.27050018310547 -4.847949981689453 -1.3297500610351562 0.2
23.215200424194336 -5.023349761962891 -1.229949951171875 0.2
23.163700103759766 -5.223949432373047 -1.2271499633789062 0.2
23.197599411010742 -5.381351470947266 -1.3588485717773438 0.2
23.332399368286133 -5.431652069091797 -1.508249282836914 0.2
23.5 -5.337451934814453 -1.5779495239257812 0.2
23.54800033569336 -5.137950897216797 -1.5502490997314453 0.2
23.469499588012695 -4.947349548339844 -1.5130500793457031 0.2
23.348800659179688 -4.787849426269531 -1.5675487518310547 0.2
23.258699417114258 -4.713748931884766 -1.742349624633789 0.2
23.278200149536133 -4.711849212646484 -1.9485492706298828 0.2
23.435501098632812 -4.782249450683594 -2.0528488159179688 0.2
23.568201065063477 -4.905250549316406 -1.9507484436035156 0.2
23.57430076599121 -5.069252014160156 -1.8192501068115234 0.2
23.510400772094727 -5.2579498291015625 -1.7526493072509766 0.2
23.457000732421875 -5.449550628662109 -1.816049575805664 0.2
23.580699920654297 -5.548252105712891 -1.941049575805664 0.2
23.78070068359375 -5.505149841308594 -1.976449966430664 0.2
23.92530059814453 -5.365852355957031 -1.9230499267578125 0.2
23.92449951171875 -5.166149139404297 -1.8624496459960938 0.2
23.828800201416016 -4.979351043701172 -1.8610496520996094 0.2
23.722299575805664 -4.814052581787109 -1.932149887084961 0.2
23.70440101623535 -4.71875 -2.1146488189697266 0.2
23.843799591064453 -4.698951721191406 -2.2674484252929688 0.2
24.04330062866211 -4.74114990234375 -2.300048828125 0.2
24.166200637817383 -4.865852355957031 -2.1879501342773438 0.2
24.1471004486084 -5.0339508056640625 -2.0644493103027344 0.2
24.083499908447266 -5.223949432373047 -2.0056495666503906 0.2
24.048601150512695 -5.410449981689453 -2.0970497131347656 0.2
24.126800537109375 -5.504650115966797 -2.2656497955322266 0.2
24.281200408935547 -5.4667510986328125 -2.395448684692383 0.2
24.38089942932129 -5.28485107421875 -2.400449752807617 0.2
24.33679962158203 -5.083049774169922 -2.3629493713378906 0.2
24.226999282836914 -4.905052185058594 -2.3722496032714844 0.2
24.102500915527344 -4.7989501953125 -2.5061492919921875 0.2
24.080801010131836 -4.777149200439453 -2.712949752807617 0.2
24.19860076904297 -4.821750640869141 -2.873849868774414 0.2
24.366500854492188 -4.929248809814453 -2.8279495239257812 0.2
24.411800384521484 -5.084449768066406 -2.689149856567383 0.2
24.37459945678711 -5.268852233886719 -2.5951499938964844 0.2
24.306800842285156 -5.4703521728515625 -2.608348846435547 0.2
24.368999481201172 -5.615150451660156 -2.739248275756836 0.2
24.545499801635742 -5.6459503173828125 -2.847249984741211 0.2
24.727699279785156 -5.552051544189453 -2.8515491485595703 0.2
24.769001007080078 -5.358051300048828 -2.785348892211914 0.2
24.693599700927734 -5.1625518798828125 -2.769948959350586 0.2
24.593900680541992 -4.979549407958984 -2.797649383544922 0.2
24.507999420166016 -4.8482513427734375 -2.93804931640625 0.2
24.548200607299805 -4.798549652099609 -3.135648727416992 0.2
24.714099884033203 -4.812450408935547 -3.2626495361328125 0.2
24.893301010131836 -4.919849395751953 -3.1978492736816406 0.2
24.915300369262695 -5.094749450683594 -3.0638484954833984 0.2
24.86829948425293 -5.288749694824219 -2.9660491943359375 0.2
24.817699432373047 -5.500049591064453 -3.0197486877441406 0.2
24.865699768066406 -5.617149353027344 -3.1984500885009766 0.2
25.015501022338867 -5.583850860595703 -3.350648880004883 0.2
25.120901107788086 -5.389751434326172 -3.3692493438720703 0.2
25.077699661254883 -5.173450469970703 -3.3403491973876953 0.2
24.971900939941406 -4.9779510498046875 -3.34954833984375 0.2
24.842599868774414 -4.8717498779296875 -3.4959487915039062 0.2
24.853200912475586 -4.876949310302734 -3.715250015258789 0.2
