-13.608499526977539 2.0327491760253906 -2.275848388671875 0.2
-13.659799575805664 2.00994873046875 -2.4502487182617188 0.2
-13.722200393676758 1.9584503173828125 -2.6152496337890625 0.2
-13.8125 1.8088493347167969 -2.672548294067383 0.2
-13.89780044555664 1.7001495361328125 -2.5481491088867188 0.2
-13.96619987487793 1.6698493957519531 -2.3802490234375 0.2
-14.034200668334961 1.6506500244140625 -2.21044921875 0.2
-14.126998901367188 1.6464500427246094 -2.0491485595703125 0.2
-14.296699523925781 1.693450927734375 -1.9900493621826172 0.2
-14.44019889831543 1.7123489379882812 -2.106748580932617 0.2
-14.503900527954102 1.6697502136230469 -2.275949478149414 0.2
-14.455499649047852 1.5933494567871094 -2.4378490447998047 0.2
-14.313499450683594 1.5814476013183594 -2.557849884033203 0.2
-14.166000366210938 1.6238479614257812 -2.660449981689453 0.2
-14.021200180053711 1.6772499084472656 -2.7614498138427734 0.2
-13.901399612426758 1.7751502990722656 -2.864849090576172 0.2
-13.892499923706055 1.9086494445800781 -2.992748260498047 0.2
-13.981599807739258 1.9715499877929688 -3.1429500579833984 0.2
-14.10580062866211 1.9163475036621094 -3.2698497772216797 0.2
-14.212600708007812 1.7662506103515625 -3.2300491333007812 0.2
-14.287799835205078 1.6867485046386719 -3.0781497955322266 0.2
-14.357000350952148 1.6325492858886719 -2.9156494140625 0.2
-14.435699462890625 1.5894508361816406 -2.7538490295410156 0.2
-14.577499389648438 1.6138496398925781 -2.6328487396240234 0.2
-14.74679946899414 1.6719474792480469 -2.685150146484375 0.2
-14.846099853515625 1.6642494201660156 -2.8422489166259766 0.2
-14.82699966430664 1.6076507568359375 -3.0190486907958984 0.2
-14.691999435424805 1.6071510314941406 -3.148649215698242 0.2
-14.545299530029297 1.6621475219726562 -3.248048782348633 0.2
-14.40049934387207 1.7268486022949219 -3.3433494567871094 0.2
-14.275100708007812 1.8335494995117188 -3.431049346923828 0.2
-14.270700454711914 1.9939498901367188 -3.534849166870117 0.2
-14.390298843383789 2.0662498474121094 -3.682149887084961 0.2
-14.538000106811523 1.9809494018554688 -3.790048599243164 0.2
-14.64739990234375 1.8265495300292969 -3.711648941040039 0.2
-14.726499557495117 1.7366485595703125 -3.5484485626220703 0.2
-14.805200576782227 1.65985107421875 -3.3786487579345703 0.2
-14.919000625610352 1.6330490112304688 -3.209949493408203 0.2
-15.101499557495117 1.7136497497558594 -3.1731491088867188 0.2
-15.24530029296875 1.7533493041992188 -3.3121490478515625 0.2
-15.26409912109375 1.7211494445800781 -3.512248992919922 0.2
-15.125799179077148 1.7277488708496094 -3.662649154663086 0.2
-14.963600158691406 1.7900505065917969 -3.767749786376953 0.2
-14.802799224853516 1.8640480041503906 -3.8671493530273438 0.2
-14.680700302124023 2.004150390625 -3.951448440551758 0.2
-14.724599838256836 2.174449920654297 -4.052148818969727 0.2
-14.870399475097656 2.231647491455078 -4.18174934387207 0.2
-15.03019905090332 2.1228485107421875 -4.24114990234375 0.2
-15.132400512695312 1.9845504760742188 -4.129650115966797 0.2
-15.209999084472656 1.8843498229980469 -3.972148895263672 0.2
-15.290599822998047 1.7955474853515625 -3.8093490600585938 0.2
-15.414100646972656 1.7937507629394531 -3.646249771118164 0.2
-15.58639907836914 1.8989486694335938 -3.637350082397461 0.2
-15.718999862670898 1.9551506042480469 -3.7810497283935547 0.2
-15.711099624633789 1.9455490112304688 -3.983949661254883 0.2
-15.565500259399414 1.9765510559082031 -4.123350143432617 0.2
-15.403600692749023 2.0396499633789062 -4.2272491455078125 0.2
-15.242198944091797 2.11614990234375 -4.324649810791016 0.2
-15.129798889160156 2.2718505859375 -4.3923492431640625 0.2
-15.190500259399414 2.4490509033203125 -4.469949722290039 0.2
-15.347299575805664 2.5180511474609375 -4.579648971557617 0.2
-15.516399383544922 2.4141502380371094 -4.620849609375 0.2
-15.618799209594727 2.2766494750976562 -4.508749008178711 0.2
-15.69729995727539 2.1637496948242188 -4.360748291015625 0.2
-15.77869987487793 2.062450408935547 -4.205848693847656 0.2
-15.893798828125 2.0585479736328125 -4.037248611450195 0.2
-16.051898956298828 2.180950164794922 -4.009248733520508 0.2
-16.184799194335938 2.269550323486328 -4.135049819946289 0.2
-16.18939971923828 2.2881507873535156 -4.337249755859375 0.2
-16.049699783325195 2.3239479064941406 -4.481449127197266 0.2
-15.888299942016602 2.3841476440429688 -4.587648391723633 0.2
-15.725900650024414 2.4555511474609375 -4.686748504638672 0.2
-15.597900390625 2.6029510498046875 -4.744548797607422 0.2
-15.639400482177734 2.7983474731445312 -4.79224967956543 0.2
-15.802200317382812 2.9027481079101562 -4.883249282836914 0.2
-15.990798950195312 2.814647674560547 -4.922248840332031 0.2
-16.10140037536621 2.6686477661132812 -4.809848785400391 0.2
-16.18589973449707 2.53955078125 -4.664148330688477 0.2
-16.27429962158203 2.4265480041503906 -4.506948471069336 0.2
-16.394498825073242 2.449848175048828 -4.333049774169922 0.2
-16.54599952697754 2.5975494384765625 -4.325948715209961 0.2
-16.662099838256836 2.6990509033203125 -4.471948623657227 0.2
-16.614099502563477 2.7327499389648438 -4.67664909362793 0.2
-16.453899383544922 2.7855491638183594 -4.806949615478516 0.2
-16.28420066833496 2.8486480712890625 -4.917549133300781 0.2
-16.114700317382812 2.946949005126953 -5.004148483276367 0.2
-16.050199508666992 3.1470489501953125 -5.028148651123047 0.2
-16.16469955444336 3.3199501037597656 -5.080049514770508 0.2
-16.361400604248047 3.3469505310058594 -5.155550003051758 0.2
-16.51609992980957 3.2072486877441406 -5.108148574829102 0.2
-16.607500076293945 3.066650390625 -4.975749969482422 0.2
-16.694398880004883 2.9322509765625 -4.835350036621094 0.2
-16.791399002075195 2.8639488220214844 -4.657449722290039 0.2
-16.92099952697754 2.9864501953125 -4.543449401855469 0.2
-17.054500579833984 3.1399497985839844 -4.609748840332031 0.2
-17.096799850463867 3.2189483642578125 -4.801248550415039 0.2
-16.969999313354492 3.2631492614746094 -4.967948913574219 0.2
-16.80259895324707 3.3205490112304688 -5.084749221801758 0.2
-16.63170051574707 3.390148162841797 -5.189748764038086 0.2
-16.491300582885742 3.5457496643066406 -5.224948883056641 0.2
-16.53459930419922 3.7596511840820312 -5.234748840332031 0.2
-16.714399337768555 3.8748512268066406 -5.296449661254883 0.2
-16.913599014282227 3.7769508361816406 -5.300449371337891 0.2
-17.022300720214844 3.622150421142578 -5.1806488037109375 0.2
-17.114900588989258 3.473247528076172 -5.043048858642578 0.2
-17.21179962158203 3.379749298095703 -4.863149642944336 0.2
-17.33139991760254 3.494049072265625 -4.71824836730957 0.2
-17.46310043334961 3.6681480407714844 -4.768650054931641 0.2
-17.503599166870117 3.76824951171875 -4.962348937988281 0.2
-17.365400314331055 3.8204498291015625 -5.131050109863281 0.2
-17.188199996948242 3.8795509338378906 -5.252849578857422 0.2
-17.00349998474121 3.9614486694335938 -5.351348876953125 0.2
-16.888500213623047 4.150348663330078 -5.353849411010742 0.2
-16.974699020385742 4.356849670410156 -5.359348297119141 0.2
-17.176599502563477 4.432750701904297 -5.411249160766602 0.2
-17.353599548339844 4.301849365234375 -5.375450134277344 0.2
-17.454898834228516 4.1423492431640625 -5.255149841308594 0.2
-17.54949951171875 3.9901504516601562 -5.120550155639648 0.2
-17.642499923706055 3.94384765625 -4.923849105834961 0.2
-17.756799697875977 4.1051483154296875 -4.82404899597168 0.2
-17.869998931884766 4.280548095703125 -4.904150009155273 0.2
-17.853700637817383 4.369148254394531 -5.105949401855469 0.2
-17.695999145507812 4.423851013183594 -5.2552490234375 0.2
-17.51919937133789 4.48175048828125 -5.377048492431641 0.2
-17.33370018005371 4.5845489501953125 -5.44474983215332 0.2
-17.271499633789062 4.792949676513672 -5.4129486083984375 0.2
-17.388099670410156 4.982250213623047 -5.413049697875977 0.2
-17.603099822998047 5.003047943115234 -5.446849822998047 0.2
-17.75629997253418 4.853950500488281 -5.383949279785156 0.2
-17.855998992919922 4.690849304199219 -5.272748947143555 0.2
-17.95050048828125 4.5462493896484375 -5.133150100708008 0.2
-18.034700393676758 4.563449859619141 -4.93134880065918 0.2
-18.13759994506836 4.748149871826172 -4.870048522949219 0.2
-18.22279930114746 4.9176483154296875 -4.979448318481445 0.2
-18.156999588012695 4.999851226806641 -5.173749923706055 0.2
-17.99169921875 5.055450439453125 -5.309450149536133 0.2
-17.813400268554688 5.11614990234375 -5.424549102783203 0.2
-17.635099411010742 5.244049072265625 -5.44434928894043 0.2
-17.620100021362305 5.45465087890625 -5.3896484375 0.2
-17.763099670410156 5.621349334716797 -5.384248733520508 0.2
-17.97949981689453 5.592350006103516 -5.395549774169922 0.2
-18.112699508666992 5.433250427246094 -5.319849014282227 0.2
-18.213300704956055 5.266448974609375 -5.217748641967773 0.2
-18.300399780273438 5.140048980712891 -5.058349609375 0.2
-18.36949920654297 5.212551116943359 -4.86614990234375 0.2
-18.458599090576172 5.411048889160156 -4.831548690795898 0.2
-18.510000228881836 5.577449798583984 -4.962648391723633 0.2
-18.407100677490234 5.653949737548828 -5.14164924621582 0.2
-18.239599227905273 5.707450866699219 -5.273948669433594 0.2
-18.053499221801758 5.772850036621094 -5.373350143432617 0.2
-17.892900466918945 5.916648864746094 -5.343549728393555 0.2
-17.91390037536621 6.122749328613281 -5.271450042724609 0.2
-18.07900047302246 6.263950347900391 -5.253349304199219 0.2
-18.285499572753906 6.193149566650391 -5.2431488037109375 0.2
-18.410200119018555 6.02655029296875 -5.17034912109375 0.2
-18.514299392700195 5.857151031494141 -5.075849533081055 0.2
-18.584400177001953 5.759349822998047 -4.893650054931641 0.2
-18.636499404907227 5.878849029541016 -4.721549987792969 0.2
-18.705900192260742 6.085750579833984 -4.702249526977539 0.2
-18.7189998626709 6.243648529052734 -4.84954833984375 0.2
-18.594600677490234 6.314750671386719 -5.015649795532227 0.2
-18.428600311279297 6.366249084472656 -5.148048400878906 0.2
-18.233999252319336 6.43695068359375 -5.217449188232422 0.2
-18.104900360107422 6.5921478271484375 -5.142848968505859 0.2
-18.15060043334961 6.78704833984375 -5.057548522949219 0.2
-18.33650016784668 6.890148162841797 -5.032548904418945 0.2
-18.528799057006836 6.790248870849609 -5.008449554443359 0.2
-18.64900016784668 6.620449066162109 -4.945249557495117 0.2
-18.750099182128906 6.455047607421875 -4.846549987792969 0.2
-18.795900344848633 6.4017486572265625 -4.642749786376953 0.2
-18.833499908447266 6.553447723388672 -4.495948791503906 0.2
-18.883899688720703 6.762451171875 -4.499050140380859 0.2
-18.860198974609375 6.907550811767578 -4.657148361206055 0.2
-18.72130012512207 6.971149444580078 -4.81144905090332 0.2
-18.551799774169922 7.020549774169922 -4.937250137329102 0.2
-18.350200653076172 7.096649169921875 -4.95734977722168 0.2
-18.259599685668945 7.257350921630859 -4.851049423217773 0.2
-18.330900192260742 7.4389495849609375 -4.75834846496582 0.2
-18.53350067138672 7.49945068359375 -4.730749130249023 0.2
-18.707399368286133 7.3746490478515625 -4.700948715209961 0.2
-18.827299118041992 7.202548980712891 -4.647850036621094 0.2
-18.913999557495117 7.045448303222656 -4.527050018310547 0.2
-18.934900283813477 7.042449951171875 -4.315948486328125 0.2
-18.958599090576172 7.217647552490234 -4.193349838256836 0.2
-18.986099243164062 7.427249908447266 -4.221149444580078 0.2
-18.926000595092773 7.554149627685547 -4.3840484619140625 0.2
-18.780000686645508 7.609550476074219 -4.533548355102539 0.2
-18.599300384521484 7.654750823974609 -4.642950057983398 0.2
-18.404300689697266 7.733551025390625 -4.608648300170898 0.2
-18.35140037536621 7.895450592041016 -4.479448318481445 0.2
-18.44719886779785 8.056949615478516 -4.377948760986328 0.2
-18.658300399780273 8.070549011230469 -4.349748611450195 0.2
-18.819799423217773 7.930549621582031 -4.324548721313477 0.2
-18.941598892211914 7.759250640869141 -4.277248382568359 0.2
-19.000900268554688 7.618747711181641 -4.128549575805664 0.2
-18.996200561523438 7.6654510498046875 -3.9242496490478516 0.2
-18.998498916625977 7.850948333740234 -3.8176498413085938 0.2
-18.999300003051758 8.054248809814453 -3.8728485107421875 0.2
-18.913400650024414 8.1656494140625 -4.03434944152832 0.2
-18.766300201416016 8.214847564697266 -4.181949615478516 0.2
-18.57159996032715 8.250648498535156 -4.260950088500977 0.2
-18.397899627685547 8.330650329589844 -4.174949645996094 0.2
-18.369298934936523 8.48134994506836 -4.02764892578125 0.2
-18.491498947143555 8.614250183105469 -3.922149658203125 0.2
-18.701398849487305 8.591751098632812 -3.8935489654541016 0.2
-18.855600357055664 8.445449829101562 -3.8798484802246094 0.2
-18.97010040283203 8.275150299072266 -3.8252487182617188 0.2
-18.98979949951172 8.161849975585938 -3.6487483978271484 0.2
-18.95989990234375 8.245250701904297 -3.459848403930664 0.2
-18.941200256347656 8.43594741821289 -3.372049331665039 0.2
-18.91670036315918 8.62874984741211 -3.4520492553710938 0.2
-18.813899993896484 8.72235107421875 -3.6122493743896484 0.2
-18.661699295043945 8.763648986816406 -3.7543487548828125 0.2
-18.45349884033203 8.783950805664062 -3.7851486206054688 0.2
-18.310800552368164 8.865848541259766 -3.6582489013671875 0.2
-18.30500030517578 9.003250122070312 -3.497650146484375 0.2
-18.456298828125 9.102848052978516 -3.3959484100341797 0.2
-18.657800674438477 9.045448303222656 -3.3769493103027344 0.2
-18.809099197387695 8.8968505859375 -3.3752498626708984 0.2
-18.895700454711914 8.723148345947266 -3.2933483123779297 0.2
-18.872299194335938 8.653850555419922 -3.100149154663086 0.2
-18.81839942932129 8.768550872802734 -2.932748794555664 0.2
-18.779699325561523 8.965049743652344 -2.8739490509033203 0.2
-18.728199005126953 9.13705062866211 -2.9831485748291016 0.2
-18.614999771118164 9.21084976196289 -3.1451492309570312 0.2
-18.443199157714844 9.231849670410156 -3.2650489807128906 0.2
-18.238698959350586 9.240348815917969 -3.230348587036133 0.2
-18.133899688720703 9.324951171875 -3.0699501037597656 0.2
-18.161300659179688 9.443248748779297 -2.9007492065429688 0.2
-18.34600067138672 9.4969482421875 -2.819049835205078 0.2
-18.536800384521484 9.410148620605469 -2.821249008178711 0.2
-18.67759895324707 9.254749298095703 -2.814249038696289 0.2
-18.712900161743164 9.089248657226562 -2.6935501098632812 0.2
-18.650400161743164 9.084648132324219 -2.4986495971679688 0.2
-18.577899932861328 9.219749450683594 -2.355649948120117 0.2
-18.526599884033203 9.41965103149414 -2.3465499877929688 0.2
-18.447599411010742 9.558349609375 -2.4820499420166016 0.2
-18.32069969177246 9.607547760009766 -2.6416492462158203 0.2
-18.12579917907715 9.594749450683594 -2.712848663330078 0.2
-17.95159912109375 9.606147766113281 -2.6051483154296875 0.2
-17.88629913330078 9.682548522949219 -2.421649932861328 0.2
-17.972400665283203 9.777851104736328 -2.2621498107910156 0.2
-18.174999237060547 9.785049438476562 -2.2124500274658203 0.2
-18.354999542236328 9.680248260498047 -2.2338485717773438 0.2
-18.465999603271484 9.509750366210938 -2.198049545288086 0.2
-18.44610023498535 9.380748748779297 -2.0420494079589844 0.2
-18.35919952392578 9.42464828491211 -1.8599491119384766 0.2
-18.279399871826172 9.576248168945312 -1.7447490692138672 0.2
-18.211299896240234 9.76675033569336 -1.7881488800048828 0.2
-18.116498947143555 9.86764907836914 -1.9436492919921875 0.2
-17.96809959411621 9.886150360107422 -2.0874500274658203 0.2
-17.767799377441406 9.844551086425781 -2.0891494750976562 0.2
-17.631799697875977 9.855049133300781 -1.9343490600585938 0.2
-17.604799270629883 9.919448852539062 -1.7402496337890625 0.2
-17.743000030517578 9.99074935913086 -1.6067485809326172 0.2
-17.94729995727539 9.964347839355469 -1.5947494506835938 0.2
-18.11590003967285 9.845050811767578 -1.6149482727050781 0.2
-18.17799949645996 9.66354751586914 -1.5397491455078125 0.2
-18.114700317382812 9.586849212646484 -1.363748550415039 0.2
-18.015399932861328 9.656150817871094 -1.1953487396240234 0.2
-17.927900314331055 9.824951171875 -1.1215496063232422 0.2
-17.8435001373291 9.986549377441406 -1.2175483703613281 0.2
-17.739299774169922 10.054248809814453 -1.38385009765625 0.2
-17.564498901367188 10.02655029296875 -1.4894485473632812 0.2
-17.38319969177246 9.971248626708984 -1.417449951171875 0.2
-17.282400131225586 9.979747772216797 -1.2365493774414062 0.2
-17.307600021362305 10.041248321533203 -1.0445499420166016 0.2
-17.487998962402344 10.088447570800781 -0.9567489624023438 0.2
-17.68669891357422 10.036148071289062 -0.9757499694824219 0.2
-17.827098846435547 9.885650634765625 -0.9702491760253906 0.2
-17.8346004486084 9.725151062011719 -0.8477497100830078 0.2
-17.751800537109375 9.716949462890625 -0.6615486145019531 0.2
-17.659099578857422 9.826549530029297 -0.5136489868164062 0.2
-17.571399688720703 10.01144790649414 -0.5067501068115234 0.2
-17.481399536132812 10.132549285888672 -0.6458492279052734 0.2
-17.35540008544922 10.15475082397461 -0.8068485260009766 0.2
-17.167098999023438 10.089950561523438 -0.8475494384765625 0.2
-17.024999618530273 10.055747985839844 -0.7022495269775391 0.2
-16.985898971557617 10.093448638916016 -0.49144935607910156 0.2
-17.106300354003906 10.165550231933594 -0.32864952087402344 0.2
-17.320199966430664 10.166648864746094 -0.30534934997558594 0.2
-17.50589942932129 10.0594482421875 -0.328948974609375 0.2
-17.560800552368164 9.864349365234375 -0.2619495391845703 0.2
-17.476999282836914 9.751750946044922 -0.09794998168945312 0.2
-17.34910011291504 9.765949249267578 0.07455062866210938 0.2
-17.213300704956055 9.922847747802734 0.11995124816894531 0.2
-17.12540054321289 10.074649810791016 -0.0058498382568359375 0.2
-17.005699157714844 10.119449615478516 -0.1777496337890625 0.2
-16.832199096679688 10.01934814453125 -0.25605010986328125 0.2
-16.677000045776367 9.882450103759766 -0.19104957580566406 0.2
-16.608200073242188 9.798347473144531 -0.00994873046875 0.2
-16.731399536132812 9.819351196289062 0.16215133666992188 0.2
-16.945600509643555 9.82925033569336 0.18545150756835938 0.2
-17.133298873901367 9.72494888305664 0.1638507843017578 0.2
-17.18669891357422 9.539749145507812 0.24505043029785156 0.2
-17.102699279785156 9.491050720214844 0.4313507080078125 0.2
-16.98699951171875 9.596149444580078 0.5797500610351562 0.2
-16.859100341796875 9.765548706054688 0.6118507385253906 0.2
-16.753799438476562 9.898147583007812 0.4813499450683594 0.2
-16.64109992980957 9.925048828125 0.3005504608154297 0.2
-16.465700149536133 9.825347900390625 0.2391510009765625 0.2
-16.3346004486084 9.73134994506836 0.3777503967285156 0.2
-16.29509925842285 9.718650817871094 0.5897502899169922 0.2
-16.406099319458008 9.773250579833984 0.7627506256103516 0.2
-16.61859893798828 9.793350219726562 0.7897510528564453 0.2
-16.803199768066406 9.686149597167969 0.7789516448974609 0.2
-16.844799041748047 9.487850189208984 0.8434505462646484 0.2
-16.77050018310547 9.340648651123047 0.9819507598876953 0.2
-16.65519905090332 9.340950012207031 1.158050537109375 0.2
-16.549400329589844 9.514549255371094 1.2155513763427734 0.2
-16.470399856567383 9.67654800415039 1.099151611328125 0.2
-16.34600067138672 9.732948303222656 0.9356498718261719 0.2
-16.168399810791016 9.644451141357422 0.8539505004882812 0.2
-16.004098892211914 9.51314926147461 0.9036502838134766 0.2
-15.927400588989258 9.430549621582031 1.0804500579833984 0.2
-16.044700622558594 9.438850402832031 1.2550506591796875 0.2
-16.256799697875977 9.45644760131836 1.2873516082763672 0.2
-16.44070053100586 9.349647521972656 1.276651382446289 0.2
-16.50909996032715 9.14434814453125 1.2823505401611328 0.2
-16.465700149536133 8.942848205566406 1.337850570678711 0.2
-16.303699493408203 8.877548217773438 1.4506511688232422 0.2
-16.149200439453125 9.019451141357422 1.4796504974365234 0.2
-16.069700241088867 9.180347442626953 1.3614501953125 0.2
-15.949600219726562 9.23794937133789 1.1929512023925781 0.2
-15.755800247192383 9.170948028564453 1.156850814819336 0.2
-15.640298843383789 9.120349884033203 1.3250503540039062 0.2
-15.65719985961914 9.135948181152344 1.53955078125 0.2
-15.796998977661133 9.142047882080078 1.7020511627197266 0.2
-16.00969886779785 9.133548736572266 1.7095508575439453 0.2
-16.176898956298828 9.008750915527344 1.6755504608154297 0.2
-16.17129898071289 8.804550170898438 1.7209510803222656 0.2
-16.021900177001953 8.715049743652344 1.8415508270263672 0.2
-15.846899032592773 8.757850646972656 1.9609508514404297 0.2
-15.690099716186523 8.901451110839844 1.962350845336914 0.2
-15.61199951171875 9.048347473144531 1.8264503479003906 0.2
-15.508699417114258 9.04384994506836 1.6405506134033203 0.2
-15.373199462890625 8.890449523925781 1.6011505126953125 0.2
-15.279199600219727 8.772750854492188 1.7522506713867188 0.2
-15.285900115966797 8.72235107421875 1.9615516662597656 0.2
-15.446399688720703 8.71194839477539 2.099851608276367 0.2
-15.660200119018555 8.685848236083984 2.092151641845703 0.2
-15.804399490356445 8.543949127197266 2.023050308227539 0.2
-15.812799453735352 8.333850860595703 1.9780502319335938 0.2
-15.728199005126953 8.145149230957031 2.0282516479492188 0.2
-15.598400115966797 8.10995101928711 2.18695068359375 0.2
-15.50469970703125 8.28125 2.2679500579833984 0.2
-15.425300598144531 8.464248657226562 2.1868515014648438 0.2
-15.247900009155273 8.550949096679688 2.1063499450683594 0.2
-15.061500549316406 8.519649505615234 2.195751190185547 0.2
-15.006799697875977 8.480949401855469 2.3970508575439453 0.2
-15.073299407958984 8.463150024414062 2.588550567626953 0.2
-15.258699417114258 8.441448211669922 2.661050796508789 0.2
-15.441400527954102 8.408950805664062 2.5759506225585938 0.2
-15.56399917602539 8.289947509765625 2.4686508178710938 0.2
-15.561599731445312 8.089847564697266 2.453550338745117 0.2
-15.457799911499023 7.937747955322266 2.541950225830078 0.2
-15.326099395751953 7.877048492431641 2.684650421142578 0.2
-15.196199417114258 7.9761505126953125 2.801950454711914 0.2
-15.121299743652344 8.165748596191406 2.810750961303711 0.2
-15.023099899291992 8.314350128173828 2.715850830078125 0.2
-14.88170051574707 8.304450988769531 2.570150375366211 0.2
-14.750099182128906 8.160850524902344 2.5080509185791016 0.2
-14.668399810791016 7.978748321533203 2.545949935913086 0.2
-14.741100311279297 7.831951141357422 2.6626510620117188 0.2
-14.931900024414062 7.787250518798828 2.7167510986328125 0.2
-15.129499435424805 7.7832489013671875 2.666351318359375 0.2
-15.247098922729492 7.710350036621094 2.518251419067383 0.2
-15.205299377441406 7.541648864746094 2.420949935913086 0.2
-15.08650016784668 7.3775482177734375 2.447050094604492 0.2
-14.937200546264648 7.287250518798828 2.5504512786865234 0.2
-14.79680061340332 7.369449615478516 2.665651321411133 0.2
-14.716699600219727 7.5563507080078125 2.670450210571289 0.2
-14.621999740600586 7.708549499511719 2.5728511810302734 0.2
-14.447898864746094 7.710750579833984 2.478750228881836 0.2
-14.298398971557617 7.598751068115234 2.5491504669189453 0.2
-14.267499923706055 7.516750335693359 2.7321510314941406 0.2
-14.342100143432617 7.467449188232422 2.915851593017578 0.2
-14.52440071105957 7.432949066162109 2.9968509674072266 0.2
-14.714300155639648 7.404148101806641 2.929250717163086 0.2
-14.826099395751953 7.2680511474609375 2.830951690673828 0.2
-14.792299270629883 7.073551177978516 2.8452510833740234 0.2
-14.69729995727539 6.989048004150391 3.0015506744384766 0.2
-14.587900161743164 7.024547576904297 3.1720504760742188 0.2
-14.470100402832031 7.164150238037109 3.2568511962890625 0.2
-14.38640022277832 7.339748382568359 3.1972503662109375 0.2
-14.241399765014648 7.392650604248047 3.0692501068115234 0.2
-14.09280014038086 7.275848388671875 2.9955501556396484 0.2
-13.990699768066406 7.0968475341796875 3.027050018310547 0.2
-13.993099212646484 6.932949066162109 3.1614513397216797 0.2
-14.154699325561523 6.877349853515625 3.287351608276367 0.2
-14.367300033569336 6.891147613525391 3.3246517181396484 0.2
-14.54789924621582 6.854648590087891 3.2203502655029297 0.2
-14.548500061035156 6.742549896240234 3.0415515899658203 0.2
-14.413999557495117 6.581348419189453 3.0104503631591797 0.2
-14.23699951171875 6.490150451660156 3.0910511016845703 0.2
-14.052799224853516 6.5881500244140625 3.1212501525878906 0.2
-13.9739990234375 6.778247833251953 3.0535507202148438 0.2
-13.86989974975586 6.851249694824219 2.8842506408691406 0.2
-13.74009895324707 6.714550018310547 2.792449951171875 0.2
-13.671998977661133 6.523250579833984 2.863750457763672 0.2
-13.684900283813477 6.382450103759766 3.02655029296875 0.2
-13.847000122070312 6.337947845458984 3.158550262451172 0.2
-14.062700271606445 6.332149505615234 3.163450241088867 0.2
-14.209800720214844 6.238849639892578 3.040151596069336 0.2
-14.226499557495117 6.077247619628906 2.897451400756836 0.2
-14.131799697875977 5.893550872802734 2.844350814819336 0.2
-13.963600158691406 5.831249237060547 2.9508514404296875 0.2
-13.846399307250977 5.9714508056640625 3.0622501373291016 0.2
-13.739299774169922 6.1573486328125 3.0473499298095703 0.2
-13.553400039672852 6.179950714111328 2.946451187133789 0.2
-13.428199768066406 6.011051177978516 2.9130516052246094 0.2
-13.39069938659668 5.810947418212891 2.9883499145507812 0.2
-13.500999450683594 5.685550689697266 3.1205501556396484 0.2
-13.714799880981445 5.6817474365234375 3.1487503051757812 0.2
-13.912500381469727 5.678947448730469 3.0615501403808594 0.2
-13.986400604248047 5.556850433349609 2.903951644897461 0.2
-13.934999465942383 5.3605499267578125 2.824251174926758 0.2
-13.80270004272461 5.199249267578125 2.865650177001953 0.2
-13.629499435424805 5.220951080322266 2.9916515350341797 0.2
-13.516698837280273 5.395450592041016 3.0570507049560547 0.2
-13.401599884033203 5.565349578857422 2.9910507202148438 0.2
-13.280899047851562 5.574951171875 2.8156509399414062 0.2
-13.202899932861328 5.416149139404297 2.6885509490966797 0.2
-13.173599243164062 5.203849792480469 2.695951461791992 0.2
-13.292499542236328 5.070949554443359 2.8164501190185547 0.2
-13.502300262451172 5.0511474609375 2.8760509490966797 0.2
-13.703699111938477 5.026050567626953 2.7980499267578125 0.2
-13.775100708007812 4.909549713134766 2.629251480102539 0.2
-13.738800048828125 4.7243499755859375 2.5190505981445312 0.2
-13.570098876953125 4.598850250244141 2.5463504791259766 0.2
-13.393600463867188 4.674350738525391 2.6489505767822266 0.2
-13.288799285888672 4.862850189208984 2.692350387573242 0.2
-13.170400619506836 5.0115509033203125 2.586650848388672 0.2
-13.069999694824219 4.960750579833984 2.4048500061035156 0.2
-13.019699096679688 4.77294921875 2.3011512756347656 0.2
-13.045598983764648 4.564647674560547 2.345550537109375 0.2
-13.21150016784668 4.469249725341797 2.4527511596679688 0.2
-13.429698944091797 4.455348968505859 2.482851028442383 0.2
-13.612298965454102 4.418647766113281 2.3681507110595703 0.2
-13.65719985961914 4.277149200439453 2.2050514221191406 0.2
-13.584199905395508 4.091949462890625 2.1178512573242188 0.2
-13.387300491333008 4.025249481201172 2.17864990234375 0.2
-13.231800079345703 4.151348114013672 2.269451141357422 0.2
-13.11509895324707 4.3381500244140625 2.284250259399414 0.2
-12.992799758911133 4.442150115966797 2.1355514526367188 0.2
-12.92080020904541 4.332950592041016 1.9608516693115234 0.2
-12.902599334716797 4.1257476806640625 1.8861503601074219 0.2
-12.989399909973145 3.9448509216308594 1.9634513854980469 0.2
-13.173099517822266 3.8864479064941406 2.0480499267578125 0.2
-13.383600234985352 3.8758506774902344 2.057950973510742 0.2
-13.547599792480469 3.8365478515625 1.9348506927490234 0.2
-13.588499069213867 3.7010498046875 1.7785511016845703 0.2
-13.510499954223633 3.531749725341797 1.6877498626708984 0.2
-13.31679916381836 3.472747802734375 1.7362499237060547 0.2
-13.160799026489258 3.586151123046875 1.8211517333984375 0.2
-13.038900375366211 3.755847930908203 1.8544502258300781 0.2
-12.920100212097168 3.879749298095703 1.7333507537841797 0.2
-12.853499412536621 3.813648223876953 1.5479507446289062 0.2
-12.840999603271484 3.6346511840820312 1.4360504150390625 0.2
-12.906999588012695 3.439647674560547 1.4666500091552734 0.2
-13.077098846435547 3.350749969482422 1.5575504302978516 0.2
-13.284799575805664 3.33184814453125 1.6006507873535156 0.2
-13.48029899597168 3.3216476440429688 1.5193500518798828 0.2
-13.56399917602539 3.2225494384765625 1.3519515991210938 0.2
-13.52669906616211 3.064250946044922 1.217050552368164 0.2
-13.343399047851562 2.9639511108398438 1.2182502746582031 0.2
-13.16469955444336 3.042949676513672 1.3023509979248047 0.2
-13.029800415039062 3.1978492736816406 1.3645515441894531 0.2
-12.902999877929688 3.3458480834960938 1.2810516357421875 0.2
-12.839599609375 3.325347900390625 1.082550048828125 0.2
-12.83899974822998 3.1684494018554688 0.9372501373291016 0.2
-12.90880012512207 2.9701499938964844 0.9311504364013672 0.2
-13.076398849487305 2.866748809814453 1.0158500671386719 0.2
-13.272100448608398 2.8421478271484375 1.0699501037597656 0.2
-13.469900131225586 2.8462486267089844 1.0197505950927734 0.2
-13.579999923706055 2.78704833984375 0.8595504760742188 0.2
-13.582698822021484 2.6584510803222656 0.7011508941650391 0.2
-13.433300018310547 2.535350799560547 0.6472511291503906 0.2
-13.242300033569336 2.5669479370117188 0.7124500274658203 0.2
-13.099899291992188 2.6918487548828125 0.7931499481201172 0.2
-12.965999603271484 2.8459510803222656 0.7806510925292969 0.2
-12.892600059509277 2.9116477966308594 0.6039505004882812 0.2
-12.891399383544922 2.817150115966797 0.42185020446777344 0.2
-12.934000015258789 2.6381492614746094 0.3348503112792969 0.2
-13.05929946899414 2.484050750732422 0.38465118408203125 0.2
-13.243900299072266 2.42864990234375 0.45925140380859375 0.2
-13.449600219726562 2.424549102783203 0.48255157470703125 0.2
-13.619699478149414 2.425647735595703 0.3674507141113281 0.2
-13.688798904418945 2.346149444580078 0.18955039978027344 0.2
-13.625099182128906 2.2097511291503906 0.0516510009765625 0.2
-13.427299499511719 2.1569480895996094 0.06185150146484375 0.2
-13.259300231933594 2.2412490844726562 0.15035057067871094 0.2
-13.10529899597168 2.3693504333496094 0.20545005798339844 0.2
-12.999700546264648 2.494647979736328 0.08165168762207031 0.2
-13.003000259399414 2.4466476440429688 -0.1181488037109375 0.2
-13.064300537109375 2.2956504821777344 -0.24625015258789062 0.2
-13.19849967956543 2.1386489868164062 -0.25354957580566406 0.2
-13.385499954223633 2.0741500854492188 -0.18634986877441406 0.2
-13.591999053955078 2.075847625732422 -0.15254974365234375 0.2
-13.763999938964844 2.104949951171875 -0.25624847412109375 0.2
-13.843399047851562 2.0702476501464844 -0.42534828186035156 0.2
-13.840099334716797 1.98284912109375 -0.5947494506835938 0.2
-13.690299987792969 1.8988494873046875 -0.675048828125 0.2
-13.504098892211914 1.9254493713378906 -0.6419486999511719 0.2
-13.337900161743164 2.017749786376953 -0.6218490600585938 0.2
-13.242399215698242 2.133251190185547 -0.7389488220214844 0.2
-13.253599166870117 2.1626510620117188 -0.9278488159179688 0.2
-13.296499252319336 2.15155029296875 -1.1130485534667969 0.2
-13.343000411987305 2.1358489990234375 -1.2973499298095703 0.2
-13.39069938659668 2.1188507080078125 -1.4813499450683594 0.2
-13.439399719238281 2.100749969482422 -1.665048599243164 0.2
-13.48900032043457 2.0815505981445312 -1.8485488891601562 0.2
-13.539600372314453 2.0613479614257812 -2.031848907470703 0.2
-13.59119987487793 2.040050506591797 -2.215250015258789 0.2
