-14.642599105834961 1.5947494506835938 -1.5262489318847656 0.2
-14.72130012512207 1.4194488525390625 -1.5804500579833984 0.2
-14.798900604248047 1.2911491394042969 -1.4453487396240234 0.2
-14.87660026550293 1.2394485473632812 -1.2674484252929688 0.2
-14.960800170898438 1.1989479064941406 -1.0894489288330078 0.2
-15.110198974609375 1.1982498168945312 -0.9538497924804688 0.2
-15.303998947143555 1.2226486206054688 -1.0015487670898438 0.2
-15.413700103759766 1.1830482482910156 -1.167449951171875 0.2
-15.403099060058594 1.0972480773925781 -1.3499488830566406 0.2
-15.252300262451172 1.0829505920410156 -1.4841499328613281 0.2
-15.088600158691406 1.1549491882324219 -1.579549789428711 0.2
-14.930398941040039 1.2412490844726562 -1.6708488464355469 0.2
-14.813798904418945 1.3692474365234375 -1.7756500244140625 0.2
-14.840999603271484 1.4991493225097656 -1.9272499084472656 0.2
-14.946800231933594 1.5075492858886719 -2.0994491577148438 0.2
-15.056999206542969 1.3824501037597656 -2.212249755859375 0.2
-15.147699356079102 1.2206497192382812 -2.1294498443603516 0.2
-15.230199813842773 1.1444511413574219 -1.9614486694335938 0.2
-15.313600540161133 1.0839500427246094 -1.7877483367919922 0.2
-15.427000045776367 1.0503501892089844 -1.6212501525878906 0.2
-15.61870002746582 1.0948486328125 -1.5729484558105469 0.2
-15.774499893188477 1.1044502258300781 -1.7041492462158203 0.2
-15.823699951171875 1.0455474853515625 -1.8927497863769531 0.2
-15.701900482177734 1.0123481750488281 -2.052448272705078 0.2
-15.53689956665039 1.0722503662109375 -2.1563491821289062 0.2
-15.375598907470703 1.149749755859375 -2.2506484985351562 0.2
-15.230199813842773 1.2550506591796875 -2.3458499908447266 0.2
-15.204399108886719 1.4198493957519531 -2.461549758911133 0.2
-15.316400527954102 1.492950439453125 -2.613748550415039 0.2
-15.454399108886719 1.4230499267578125 -2.7443485260009766 0.2
-15.566200256347656 1.2568511962890625 -2.7071495056152344 0.2
-15.652999877929688 1.1581497192382812 -2.552448272705078 0.2
-15.737298965454102 1.080047607421875 -2.3858489990234375 0.2
-15.835199356079102 1.0197486877441406 -2.2166500091552734 0.2
-16.001100540161133 1.057647705078125 -2.1041488647460938 0.2
-16.178800582885742 1.1185493469238281 -2.1843490600585938 0.2
-16.277099609375 1.10675048828125 -2.3633499145507812 0.2
-16.199298858642578 1.0708503723144531 -2.548349380493164 0.2
-16.03619956970215 1.1169509887695312 -2.663249969482422 0.2
-15.872499465942383 1.1872482299804688 -2.7596492767333984 0.2
-15.714799880981445 1.2742500305175781 -2.8531494140625 0.2
-15.635398864746094 1.4404487609863281 -2.940948486328125 0.2
-15.727800369262695 1.5761489868164062 -3.0597496032714844 0.2
-15.883399963378906 1.575347900390625 -3.191049575805664 0.2
-16.025299072265625 1.4295501708984375 -3.2043495178222656 0.2
-16.120399475097656 1.3094482421875 -3.069448471069336 0.2
-16.205598831176758 1.2150497436523438 -2.911348342895508 0.2
-16.296600341796875 1.1314506530761719 -2.748849868774414 0.2
-16.43389892578125 1.141448974609375 -2.597249984741211 0.2
-16.611000061035156 1.2415504455566406 -2.6146488189697266 0.2
-16.74139976501465 1.2855491638183594 -2.766550064086914 0.2
-16.72100067138672 1.26715087890625 -2.9683494567871094 0.2
-16.56719970703125 1.2987480163574219 -3.100648880004883 0.2
-16.40130043029785 1.3622474670410156 -3.198648452758789 0.2
-16.23740005493164 1.4365501403808594 -3.292449951171875 0.2
-16.11549949645996 1.5834503173828125 -3.3664493560791016 0.2
-16.165599822998047 1.7619476318359375 -3.4488487243652344 0.2
-16.319599151611328 1.8280487060546875 -3.5661487579345703 0.2
-16.488399505615234 1.7289505004882812 -3.6235485076904297 0.2
-16.59910011291504 1.5923500061035156 -3.518148422241211 0.2
-16.686800003051758 1.4836502075195312 -3.3705501556396484 0.2
-16.776399612426758 1.3819503784179688 -3.2182483673095703 0.2
-16.89419937133789 1.3548507690429688 -3.0527496337890625 0.2
-17.05780029296875 1.468048095703125 -3.0078487396240234 0.2
-17.19969940185547 1.5603485107421875 -3.123748779296875 0.2
-17.228599548339844 1.5783500671386719 -3.3244495391845703 0.2
-17.093599319458008 1.6027488708496094 -3.477048873901367 0.2
-16.926700592041016 1.6608505249023438 -3.5770492553710938 0.2
-16.759300231933594 1.7271499633789062 -3.6706485748291016 0.2
-16.611099243164062 1.8511505126953125 -3.7391490936279297 0.2
-16.61199951171875 2.0483474731445312 -3.787649154663086 0.2
-16.74989891052246 2.169147491455078 -3.879049301147461 0.2
-16.933399200439453 2.1321487426757812 -3.9606494903564453 0.2
-17.065399169921875 1.9907493591308594 -3.891948699951172 0.2
-17.157800674438477 1.8687477111816406 -3.7572498321533203 0.2
-17.24880027770996 1.7524490356445312 -3.617349624633789 0.2
-17.355998992919922 1.6905479431152344 -3.453948974609375 0.2
-17.501699447631836 1.7946510314941406 -3.3569488525390625 0.2
-17.642099380493164 1.9234504699707031 -3.432649612426758 0.2
-17.704099655151367 1.9840507507324219 -3.616649627685547 0.2
-17.593700408935547 2.012348175048828 -3.7869491577148438 0.2
-17.427099227905273 2.066650390625 -3.8898487091064453 0.2
-17.257699966430664 2.127849578857422 -3.983449935913086 0.2
-17.095300674438477 2.2332496643066406 -4.0509490966796875 0.2
-17.054500579833984 2.431049346923828 -4.074649810791016 0.2
-17.188899993896484 2.597850799560547 -4.148149490356445 0.2
-17.396699905395508 2.5817489624023438 -4.229448318481445 0.2
-17.543498992919922 2.4288482666015625 -4.150749206542969 0.2
-17.647600173950195 2.2866477966308594 -4.011148452758789 0.2
-17.753599166870117 2.155548095703125 -3.859649658203125 0.2
-17.882099151611328 2.1617507934570312 -3.676349639892578 0.2
-18.0314998626709 2.32965087890625 -3.6593494415283203 0.2
-18.140600204467773 2.4578475952148438 -3.8099498748779297 0.2
-18.064300537109375 2.505748748779297 -4.015249252319336 0.2
-17.881898880004883 2.5597496032714844 -4.137548446655273 0.2
-17.693599700927734 2.6211509704589844 -4.243648529052734 0.2
-17.513500213623047 2.7415504455566406 -4.304548263549805 0.2
-17.495800018310547 2.9637489318847656 -4.310049057006836 0.2
-17.643299102783203 3.123149871826172 -4.370349884033203 0.2
-17.855100631713867 3.0810508728027344 -4.420949935913086 0.2
-17.99329948425293 2.928150177001953 -4.327449798583984 0.2
-18.10059928894043 2.780651092529297 -4.198049545288086 0.2
-18.209999084472656 2.6554489135742188 -4.046749114990234 0.2
-18.330900192260742 2.7082481384277344 -3.868549346923828 0.2
-18.460100173950195 2.890949249267578 -3.8689498901367188 0.2
-18.538299560546875 3.021648406982422 -4.030149459838867 0.2
-18.433500289916992 3.0743484497070312 -4.220949172973633 0.2
-18.251298904418945 3.1269493103027344 -4.338850021362305 0.2
-18.06369972229004 3.18695068359375 -4.444049835205078 0.2
-17.89389991760254 3.327850341796875 -4.478248596191406 0.2
-17.906700134277344 3.5483474731445312 -4.473049163818359 0.2
-18.06839942932129 3.6910476684570312 -4.528348922729492 0.2
-18.278400421142578 3.62445068359375 -4.55204963684082 0.2
-18.406999588012695 3.472949981689453 -4.449249267578125 0.2
-18.515100479125977 3.3239479064941406 -4.323949813842773 0.2
-18.622600555419922 3.2150497436523438 -4.15934944152832 0.2
-18.730899810791016 3.3079490661621094 -3.9921493530273438 0.2
-18.845600128173828 3.4990501403808594 -4.01154899597168 0.2
-18.896400451660156 3.627948760986328 -4.1842498779296875 0.2
-18.769899368286133 3.6789474487304688 -4.361148834228516 0.2
-18.587499618530273 3.7272491455078125 -4.479848861694336 0.2
-18.396799087524414 3.7885475158691406 -4.580348968505859 0.2
-18.240798950195312 3.945148468017578 -4.586448669433594 0.2
-18.279800415039062 4.163547515869141 -4.571949005126953 0.2
-18.455699920654297 4.292049407958984 -4.614948272705078 0.2
-18.658899307250977 4.203849792480469 -4.612148284912109 0.2
-18.78260040283203 4.048450469970703 -4.508949279785156 0.2
-18.892099380493164 3.8960494995117188 -4.389549255371094 0.2
-18.991600036621094 3.810749053955078 -4.210149765014648 0.2
-19.08289909362793 3.943450927734375 -4.061649322509766 0.2
-19.178499221801758 4.14215087890625 -4.092449188232422 0.2
-19.194599151611328 4.264747619628906 -4.273550033569336 0.2
-19.05389976501465 4.3139495849609375 -4.4389495849609375 0.2
-18.875699996948242 4.357547760009766 -4.562049865722656 0.2
-18.683300018310547 4.4261474609375 -4.648248672485352 0.2
-18.55609893798828 4.601848602294922 -4.620048522949219 0.2
-18.618499755859375 4.811748504638672 -4.595149993896484 0.2
-18.811599731445312 4.907947540283203 -4.622148513793945 0.2
-19.001399993896484 4.799247741699219 -4.591548919677734 0.2
-19.11910057067871 4.642047882080078 -4.492149353027344 0.2
-19.226999282836914 4.491748809814453 -4.372549057006836 0.2
-19.30780029296875 4.453147888183594 -4.172449111938477 0.2
-19.379899978637695 4.620147705078125 -4.054048538208008 0.2
-19.455299377441406 4.818950653076172 -4.10624885559082 0.2
-19.43269920349121 4.92974853515625 -4.293548583984375 0.2
-19.28019905090332 4.9754486083984375 -4.445749282836914 0.2
-19.1033992767334 5.016651153564453 -4.568948745727539 0.2
-18.9060001373291 5.099647521972656 -4.619548797607422 0.2
-18.817298889160156 5.287448883056641 -4.559848785400391 0.2
-18.904199600219727 5.486248016357422 -4.526149749755859 0.2
-19.112998962402344 5.542850494384766 -4.53594970703125 0.2
-19.28299903869629 5.4136505126953125 -4.485048294067383 0.2
-19.39889907836914 5.251750946044922 -4.39324951171875 0.2
-19.499799728393555 5.109149932861328 -4.259149551391602 0.2
-19.554399490356445 5.12554931640625 -4.050649642944336 0.2
-19.609600067138672 5.318347930908203 -3.9647483825683594 0.2
-19.66069984436035 5.515850067138672 -4.039848327636719 0.2
-19.59910011291504 5.610950469970703 -4.226049423217773 0.2
-19.44059944152832 5.650848388671875 -4.372249603271484 0.2
-19.259300231933594 5.691551208496094 -4.488849639892578 0.2
-19.066099166870117 5.789848327636719 -4.490449905395508 0.2
-19.021299362182617 5.985149383544922 -4.408748626708984 0.2
-19.131799697875977 6.166950225830078 -4.36454963684082 0.2
-19.34749984741211 6.174949645996094 -4.3587493896484375 0.2
-19.50189971923828 6.030750274658203 -4.302349090576172 0.2
-19.619298934936523 5.866550445556641 -4.220048904418945 0.2
-19.701499938964844 5.7449493408203125 -4.060548782348633 0.2
-19.730499267578125 5.819850921630859 -3.863248825073242 0.2
-19.767200469970703 6.024650573730469 -3.8014488220214844 0.2
-19.790300369262695 6.210948944091797 -3.9034500122070312 0.2
-19.699199676513672 6.292148590087891 -4.083049774169922 0.2
-19.540300369262695 6.3269500732421875 -4.226049423217773 0.2
-19.349199295043945 6.369049072265625 -4.318948745727539 0.2
-19.177499771118164 6.485050201416016 -4.267648696899414 0.2
-19.167600631713867 6.677349090576172 -4.172248840332031 0.2
-19.306499481201172 6.830448150634766 -4.122749328613281 0.2
-19.518400192260742 6.796150207519531 -4.104148864746094 0.2
-19.660099029541016 6.642448425292969 -4.051048278808594 0.2
-19.773500442504883 6.479549407958984 -3.9671497344970703 0.2
-19.822099685668945 6.393848419189453 -3.7768497467041016 0.2
-19.82859992980957 6.5135498046875 -3.6031494140625 0.2
-19.847700119018555 6.723247528076172 -3.5638484954833984 0.2
-19.842199325561523 6.895050048828125 -3.6890487670898438 0.2
-19.730199813842773 6.961151123046875 -3.860149383544922 0.2
-19.570098876953125 6.990947723388672 -4.00054931640625 0.2
-19.365699768066406 7.033748626708984 -4.049949645996094 0.2
-19.228199005126953 7.163448333740234 -3.9570484161376953 0.2
-19.2460994720459 7.347949981689453 -3.8493499755859375 0.2
-19.412500381469727 7.46405029296875 -3.7933483123779297 0.2
-19.61079978942871 7.390251159667969 -3.7663497924804688 0.2
-19.747699737548828 7.230548858642578 -3.722949981689453 0.2
-19.844099044799805 7.071048736572266 -3.617948532104492 0.2
-19.85059928894043 7.031848907470703 -3.411348342895508 0.2
-19.833799362182617 7.184749603271484 -3.265249252319336 0.2
-19.831199645996094 7.396049499511719 -3.2489490509033203 0.2
-19.795900344848633 7.546947479248047 -3.3940486907958984 0.2
-19.674400329589844 7.598751068115234 -3.561948776245117 0.2
-19.505599975585938 7.622447967529297 -3.690549850463867 0.2
-19.29949951171875 7.667350769042969 -3.6824493408203125 0.2
-19.20279884338379 7.8074493408203125 -3.5580501556396484 0.2
-19.246700286865234 7.974647521972656 -3.435749053955078 0.2
-19.438600540161133 8.038848876953125 -3.377948760986328 0.2
-19.620800018310547 7.932750701904297 -3.3534488677978516 0.2
-19.751800537109375 7.769451141357422 -3.313749313354492 0.2
-19.80500030517578 7.623748779296875 -3.1717491149902344 0.2
-19.76849937438965 7.649848937988281 -2.9700489044189453 0.2
-19.728099822998047 7.82135009765625 -2.852548599243164 0.2
-19.709199905395508 8.027149200439453 -2.8774490356445312 0.2
-19.648300170898438 8.150650024414062 -3.038148880004883 0.2
-19.52079963684082 8.187450408935547 -3.2035484313964844 0.2
-19.330400466918945 8.198749542236328 -3.2927494049072266 0.2
-19.14739990234375 8.260650634765625 -3.2177486419677734 0.2
-19.08810043334961 8.40155029296875 -3.0727500915527344 0.2
-19.1781005859375 8.539947509765625 -2.9482498168945312 0.2
-19.38290023803711 8.544048309326172 -2.9000492095947266 0.2
-19.547100067138672 8.411849975585938 -2.8900489807128906 0.2
-19.652099609375 8.242549896240234 -2.8263492584228516 0.2
-19.641300201416016 8.14175033569336 -2.645750045776367 0.2
-19.57550048828125 8.230751037597656 -2.470449447631836 0.2
-19.526599884033203 8.416149139404297 -2.387849807739258 0.2
-19.494400024414062 8.605350494384766 -2.468050003051758 0.2
-19.40839958190918 8.688949584960938 -2.6401500701904297 0.2
-19.262100219726562 8.706550598144531 -2.789548873901367 0.2
-19.054899215698242 8.707347869873047 -2.802549362182617 0.2
-18.918498992919922 8.787250518798828 -2.669149398803711 0.2
-18.904399871826172 8.915950775146484 -2.5055484771728516 0.2
-19.0531005859375 9.007049560546875 -2.3960494995117188 0.2
-19.25189971923828 8.951648712158203 -2.3729496002197266 0.2
-19.400999069213867 8.804450988769531 -2.364349365234375 0.2
-19.45170021057129 8.636348724365234 -2.252849578857422 0.2
-19.392398834228516 8.605548858642578 -2.060649871826172 0.2
-19.314699172973633 8.730548858642578 -1.912649154663086 0.2
-19.264999389648438 8.926948547363281 -1.87554931640625 0.2
-19.209699630737305 9.080448150634766 -2.004148483276367 0.2
-19.10849952697754 9.130149841308594 -2.1801490783691406 0.2
-18.93090057373047 9.118450164794922 -2.2875499725341797 0.2
-18.738300323486328 9.119548797607422 -2.2198486328125 0.2
-18.644800186157227 9.199649810791016 -2.051748275756836 0.2
-18.683198928833008 9.309749603271484 -1.8831501007080078 0.2
-18.87019920349121 9.352951049804688 -1.8052482604980469 0.2
-19.058799743652344 9.266048431396484 -1.8067493438720703 0.2
-19.180999755859375 9.1031494140625 -1.771749496459961 0.2
-19.174400329589844 8.963748931884766 -1.6221485137939453 0.2
-19.092300415039062 8.996650695800781 -1.4371490478515625 0.2
-19.013700485229492 9.141250610351562 -1.3108501434326172 0.2
-18.955900192260742 9.336448669433594 -1.3373489379882812 0.2
-18.88010025024414 9.444450378417969 -1.4966487884521484 0.2
-18.756500244140625 9.460250854492188 -1.66204833984375 0.2
-18.560998916625977 9.4156494140625 -1.7052497863769531 0.2
-18.40369987487793 9.42034912109375 -1.5741500854492188 0.2
-18.343900680541992 9.490249633789062 -1.3886489868164062 0.2
-18.44070053100586 9.586448669433594 -1.237548828125 0.2
-18.642799377441406 9.593250274658203 -1.1955490112304688 0.2
-18.820600509643555 9.487648010253906 -1.2044486999511719 0.2
-18.90250015258789 9.315250396728516 -1.1306495666503906 0.2
-18.84950065612793 9.231048583984375 -0.9550495147705078 0.2
-18.756999969482422 9.29684829711914 -0.7826499938964844 0.2
-18.673398971557617 9.460750579833984 -0.6962490081787109 0.2
-18.59619903564453 9.629947662353516 -0.7837486267089844 0.2
-18.507400512695312 9.690849304199219 -0.9601497650146484 0.2
-18.35569953918457 9.66135025024414 -1.0941486358642578 0.2
-18.169198989868164 9.592750549316406 -1.060049057006836 0.2
-18.043699264526367 9.596549987792969 -0.8866500854492188 0.2
-18.03339958190918 9.677749633789062 -0.6887493133544922 0.2
-18.20039939880371 9.762950897216797 -0.5833492279052734 0.2
-18.41390037536621 9.722747802734375 -0.5876483917236328 0.2
-18.561599731445312 9.570247650146484 -0.5551490783691406 0.2
-18.553998947143555 9.429450988769531 -0.39804840087890625 0.2
-18.464799880981445 9.454849243164062 -0.20244979858398438 0.2
-18.368000030517578 9.600349426269531 -0.07844924926757812 0.2
-18.27120018005371 9.7823486328125 -0.13974952697753906 0.2
-18.180500030517578 9.850448608398438 -0.32485008239746094 0.2
-18.02739906311035 9.808048248291016 -0.46875 0.2
-17.841100692749023 9.722549438476562 -0.4188499450683594 0.2
-17.74209976196289 9.72705078125 -0.22664833068847656 0.2
-17.757598876953125 9.811149597167969 -0.029748916625976562 0.2
-17.931900024414062 9.885650634765625 0.07175064086914062 0.2
-18.14459991455078 9.845050811767578 0.05975151062011719 0.2
-18.276599884033203 9.683650970458984 0.103851318359375 0.2
-18.237899780273438 9.552047729492188 0.26545143127441406 0.2
-18.13450050354004 9.567249298095703 0.4550514221191406 0.2
-18.002899169921875 9.701351165771484 0.5540504455566406 0.2
-17.87660026550293 9.844749450683594 0.4584503173828125 0.2
-17.77899932861328 9.877147674560547 0.2682514190673828 0.2
-17.646699905395508 9.776847839355469 0.13245010375976562 0.2
-17.513700485229492 9.608448028564453 0.15415000915527344 0.2
-17.39419937133789 9.497848510742188 0.2935504913330078 0.2
-17.355100631713867 9.552349090576172 0.49085044860839844 0.2
-17.48659896850586 9.690948486328125 0.5874500274658203 0.2
-17.698200225830078 9.731849670410156 0.5997505187988281 0.2
-17.870800018310547 9.642047882080078 0.6880512237548828 0.2
-17.868099212646484 9.551948547363281 0.8789501190185547 0.2
-17.76099967956543 9.58755111694336 1.0627498626708984 0.2
-17.617000579833984 9.721748352050781 1.1429500579833984 0.2
-17.484800338745117 9.845951080322266 1.031351089477539 0.2
-17.415699005126953 9.851150512695312 0.8264503479003906 0.2
-17.3085994720459 9.74734878540039 0.6755504608154297 0.2
-17.166099548339844 9.594348907470703 0.7078514099121094 0.2
-17.05270004272461 9.520050048828125 0.8759498596191406 0.2
-17.00629997253418 9.564647674560547 1.0786514282226562 0.2
-17.117300033569336 9.691947937011719 1.207651138305664 0.2
-17.31760025024414 9.768150329589844 1.232351303100586 0.2
-17.50429916381836 9.68404769897461 1.2870502471923828 0.2
-17.54949951171875 9.501251220703125 1.3914508819580078 0.2
-17.476200103759766 9.357349395751953 1.5322513580322266 0.2
-17.283599853515625 9.347549438476562 1.6106510162353516 0.2
-17.12030029296875 9.439449310302734 1.5080509185791016 0.2
-17.063400268554688 9.469348907470703 1.3029499053955078 0.2
-16.970199584960938 9.353450775146484 1.1506500244140625 0.2
-16.835100173950195 9.201950073242188 1.204050064086914 0.2
-16.711299896240234 9.155750274658203 1.3743515014648438 0.2
-16.674999237060547 9.21004867553711 1.5772514343261719 0.2
-16.794198989868164 9.331050872802734 1.7036514282226562 0.2
-16.99449920654297 9.406547546386719 1.7245502471923828 0.2
-17.176000595092773 9.315849304199219 1.7796516418457031 0.2
-17.184200286865234 9.132648468017578 1.8860511779785156 0.2
-17.058000564575195 9.007247924804688 2.006551742553711 0.2
-16.85249900817871 8.9886474609375 2.0461502075195312 0.2
-16.692899703979492 9.047847747802734 1.9164505004882812 0.2
-16.64859962463379 9.062850952148438 1.7062511444091797 0.2
-16.598100662231445 8.936847686767578 1.5435504913330078 0.2
-16.481300354003906 8.770050048828125 1.5863513946533203 0.2
-16.368799209594727 8.729148864746094 1.7633514404296875 0.2
-16.310298919677734 8.799949645996094 1.9568500518798828 0.2
-16.395700454711914 8.931049346923828 2.1022510528564453 0.2
-16.588699340820312 9.014148712158203 2.1466503143310547 0.2
-16.768999099731445 8.936149597167969 2.221750259399414 0.2
-16.7549991607666 8.780349731445312 2.359251022338867 0.2
-16.5841007232666 8.743949890136719 2.4801502227783203 0.2
-16.38319969177246 8.804550170898438 2.5299510955810547 0.2
-16.224300384521484 8.89365005493164 2.4225502014160156 0.2
-16.17889976501465 8.916851043701172 2.214151382446289 0.2
-16.127500534057617 8.789649963378906 2.0539512634277344 0.2
-16.05539894104004 8.587650299072266 2.0517501831054688 0.2
-15.96299934387207 8.427749633789062 2.1601505279541016 0.2
-15.915899276733398 8.400848388671875 2.3640499114990234 0.2
-15.961000442504883 8.528949737548828 2.5262508392333984 0.2
-16.083200454711914 8.685749053955078 2.607851028442383 0.2
-16.287399291992188 8.701549530029297 2.645050048828125 0.2
-16.412700653076172 8.5323486328125 2.628551483154297 0.2
-16.386499404907227 8.319049835205078 2.6371517181396484 0.2
-16.236299514770508 8.174449920654297 2.606151580810547 0.2
-16.076398849487305 8.184749603271484 2.4672508239746094 0.2
-16.003000259399414 8.21044921875 2.2656517028808594 0.2
-15.89900016784668 8.077350616455078 2.1471500396728516 0.2
-15.776100158691406 7.943248748779297 2.2493515014648438 0.2
-15.72130012512207 7.928447723388672 2.4473514556884766 0.2
-15.762100219726562 7.961250305175781 2.644651412963867 0.2
-15.918498992919922 8.014450073242188 2.758251190185547 0.2
-16.11789894104004 8.054950714111328 2.7503509521484375 0.2
-16.29290008544922 7.970951080322266 2.6980514526367188 0.2
-16.321699142456055 7.775150299072266 2.6848506927490234 0.2
-16.220199584960938 7.618949890136719 2.7633514404296875 0.2
-16.058500289916992 7.554347991943359 2.8664512634277344 0.2
-15.86870002746582 7.615550994873047 2.8878517150878906 0.2
-15.748600006103516 7.757350921630859 2.803251266479492 0.2
-15.631898880004883 7.798248291015625 2.6449508666992188 0.2
-15.529399871826172 7.695850372314453 2.5015506744384766 0.2
-15.434700012207031 7.525848388671875 2.450450897216797 0.2
-15.37339973449707 7.381549835205078 2.568950653076172 0.2
-15.436199188232422 7.369449615478516 2.7604503631591797 0.2
-15.597900390625 7.442150115966797 2.8587512969970703 0.2
-15.797800064086914 7.438549041748047 2.8818511962890625 0.2
-15.912599563598633 7.27764892578125 2.8920516967773438 0.2
-15.838399887084961 7.099750518798828 2.941150665283203 0.2
-15.672599792480469 7.033348083496094 3.036651611328125 0.2
-15.482900619506836 7.0585479736328125 3.1028499603271484 0.2
-15.319398880004883 7.156349182128906 3.040151596069336 0.2
-15.266799926757812 7.277050018310547 2.8853511810302734 0.2
-15.21419906616211 7.280849456787109 2.689950942993164 0.2
-15.103599548339844 7.142749786376953 2.6024513244628906 0.2
-14.994298934936523 7.0032501220703125 2.697450637817383 0.2
-14.934200286865234 6.9342498779296875 2.879850387573242 0.2
-14.979598999023438 6.953449249267578 3.0746517181396484 0.2
-15.152399063110352 7.003448486328125 3.168651580810547 0.2
-15.333599090576172 6.927249908447266 3.2083511352539062 0.2
-15.391799926757812 6.740348815917969 3.2637500762939453 0.2
-15.330299377441406 6.577049255371094 3.3675498962402344 0.2
-15.167499542236328 6.532649993896484 3.4744510650634766 0.2
-15.008800506591797 6.654850006103516 3.482450485229492 0.2
-14.950399398803711 6.793148040771484 3.3458499908447266 0.2
-14.862899780273438 6.81195068359375 3.1655502319335938 0.2
-14.750299453735352 6.6824493408203125 3.0598506927490234 0.2
-14.627899169921875 6.519950866699219 3.0722503662109375 0.2
-14.481500625610352 6.463951110839844 3.1960506439208984 0.2
-14.469099044799805 6.5256500244140625 3.386951446533203 0.2
-14.619998931884766 6.5762481689453125 3.512451171875 0.2
-14.818300247192383 6.5628509521484375 3.560150146484375 0.2
-14.968000411987305 6.4259490966796875 3.563251495361328 0.2
-14.977399826049805 6.221649169921875 3.550050735473633 0.2
-14.883298873901367 6.0455474853515625 3.5907516479492188 0.2
-14.707300186157227 6.0090484619140625 3.6806507110595703 0.2
-14.558300018310547 6.143749237060547 3.6920509338378906 0.2
-14.484600067138672 6.308048248291016 3.5959510803222656 0.2
-14.41349983215332 6.346149444580078 3.4112510681152344 0.2
-14.361299514770508 6.246849060058594 3.237751007080078 0.2
-14.303199768066406 6.070648193359375 3.1565513610839844 0.2
-14.270599365234375 5.8977508544921875 3.272350311279297 0.2
-14.36359977722168 5.856048583984375 3.4602508544921875 0.2
-14.541999816894531 5.875148773193359 3.5782508850097656 0.2
-14.746299743652344 5.836448669433594 3.5301513671875 0.2
-14.835699081420898 5.711750030517578 3.376951217651367 0.2
-14.804698944091797 5.538448333740234 3.2545509338378906 0.2
-14.618099212646484 5.444950103759766 3.228151321411133 0.2
-14.438499450683594 5.5610504150390625 3.2396507263183594 0.2
-14.374000549316406 5.757350921630859 3.177450180053711 0.2
-14.333900451660156 5.838848114013672 2.984149932861328 0.2
-14.263099670410156 5.700347900390625 2.841951370239258 0.2
-14.186599731445312 5.498249053955078 2.857450485229492 0.2
-14.170299530029297 5.331550598144531 2.9910507202148438 0.2
-14.306699752807617 5.2727508544921875 3.1464500427246094 0.2
-14.518798828125 5.2814483642578125 3.1913509368896484 0.2
-14.690299987792969 5.2124481201171875 3.084951400756836 0.2
-14.70949935913086 5.035148620605469 2.9601516723632812 0.2
-14.625699996948242 4.839347839355469 2.926450729370117 0.2
-14.441400527954102 4.775249481201172 3.0116500854492188 0.2
-14.292200088500977 4.913448333740234 3.0829505920410156 0.2
-14.189498901367188 5.097248077392578 3.0339508056640625 0.2
-14.069799423217773 5.1394500732421875 2.8603515625 0.2
-13.987899780273438 4.9891510009765625 2.7274513244628906 0.2
-13.943399429321289 4.776348114013672 2.714750289916992 0.2
-14.016799926757812 4.626850128173828 2.849550247192383 0.2
-14.206199645996094 4.612049102783203 2.9566516876220703 0.2
-14.422800064086914 4.606349945068359 2.935750961303711 0.2
-14.539499282836914 4.497447967529297 2.791351318359375 0.2
-14.529300689697266 4.305450439453125 2.6850509643554688 0.2
-14.386999130249023 4.1477508544921875 2.67864990234375 0.2
-14.187299728393555 4.187351226806641 2.7510509490966797 0.2
-14.062599182128906 4.366050720214844 2.7793502807617188 0.2
-13.959699630737305 4.524250030517578 2.6689510345458984 0.2
-13.883499145507812 4.499549865722656 2.4702510833740234 0.2
-13.843000411987305 4.320949554443359 2.348051071166992 0.2
-13.840700149536133 4.1076507568359375 2.3778514862060547 0.2
-13.954999923706055 4.004749298095703 2.516450881958008 0.2
-14.142099380493164 3.994049072265625 2.6098499298095703 0.2
-14.347299575805664 3.9737510681152344 2.577251434326172 0.2
-14.454999923706055 3.861248016357422 2.442150115966797 0.2
-14.44999885559082 3.6825485229492188 2.333650588989258 0.2
-14.302299499511719 3.544849395751953 2.3110504150390625 0.2
-14.106399536132812 3.5902481079101562 2.3611507415771484 0.2
-13.979598999023438 3.755950927734375 2.3878517150878906 0.2
-13.878700256347656 3.9184494018554688 2.3028507232666016 0.2
-13.812799453735352 3.9342498779296875 2.1082515716552734 0.2
-13.783300399780273 3.7858505249023438 1.9635505676269531 0.2
-13.780799865722656 3.5797500610351562 1.9397506713867188 0.2
-13.867500305175781 3.436450958251953 2.063650131225586 0.2
-14.038299560546875 3.4006500244140625 2.1820507049560547 0.2
-14.246999740600586 3.390350341796875 2.211050033569336 0.2
-14.409099578857422 3.3193511962890625 2.1016502380371094 0.2
-14.447198867797852 3.160747528076172 1.9677505493164062 0.2
-14.346000671386719 2.9985504150390625 1.8899517059326172 0.2
-14.138999938964844 2.9871482849121094 1.9136505126953125 0.2
-13.984600067138672 3.1277503967285156 1.9483509063720703 0.2
-13.867799758911133 3.301250457763672 1.918050765991211 0.2
-13.795000076293945 3.39324951171875 1.744150161743164 0.2
-13.767900466918945 3.2962493896484375 1.5598506927490234 0.2
-13.767398834228516 3.104949951171875 1.4720516204833984 0.2
-13.829399108886719 2.922748565673828 1.553750991821289 0.2
-13.98189926147461 2.853748321533203 1.6849498748779297 0.2
-14.17759895324707 2.836048126220703 1.7669506072998047 0.2
-14.378499984741211 2.8051490783691406 1.7080516815185547 0.2
-14.46769905090332 2.6817474365234375 1.560251235961914 0.2
-14.423200607299805 2.5197486877441406 1.4327507019042969 0.2
-14.225500106811523 2.4538497924804688 1.4100513458251953 0.2
-14.044099807739258 2.5620498657226562 1.4409503936767578 0.2
-13.90719985961914 2.726947784423828 1.4476509094238281 0.2
-13.82029914855957 2.871448516845703 1.3182506561279297 0.2
-13.800800323486328 2.8404502868652344 1.1106510162353516 0.2
-13.80929946899414 2.6795501708984375 0.9703502655029297 0.2
-13.858600616455078 2.4766502380371094 0.9956512451171875 0.2
-13.995199203491211 2.373249053955078 1.1249504089355469 0.2
-14.175399780273438 2.337749481201172 1.2379512786865234 0.2
-14.389400482177734 2.3244476318359375 1.2375507354736328 0.2
-14.524599075317383 2.2438507080078125 1.0931510925292969 0.2
-14.53070068359375 2.1010475158691406 0.9327507019042969 0.2
-14.359600067138672 2.0026512145996094 0.8575515747070312 0.2
-14.159200668334961 2.0806503295898438 0.8727512359619141 0.2
-14.00320053100586 2.229949951171875 0.8959503173828125 0.2
-13.895700454711914 2.396747589111328 0.8129501342773438 0.2
-13.884199142456055 2.4298477172851562 0.6029510498046875 0.2
-13.910499572753906 2.306549072265625 0.4268512725830078 0.2
-13.961299896240234 2.1021499633789062 0.3968505859375 0.2
-14.087600708007812 1.9696502685546875 0.5125503540039062 0.2
-14.255199432373047 1.9141502380371094 0.6404514312744141 0.2
-14.465900421142578 1.8989486694335938 0.6912498474121094 0.2
-14.639999389648438 1.8609504699707031 0.5691509246826172 0.2
-14.694099426269531 1.7496490478515625 0.38935089111328125 0.2
-14.56209945678711 1.6383476257324219 0.26365089416503906 0.2
-14.350700378417969 1.6886482238769531 0.25514984130859375 0.2
-14.176799774169922 1.8193511962890625 0.2821502685546875 0.2
-14.042600631713867 1.9859504699707031 0.23904991149902344 0.2
-14.031000137329102 2.0782508850097656 0.04425048828125 0.2
-14.078800201416016 2.0014495849609375 -0.15594863891601562 0.2
-14.141599655151367 1.8136482238769531 -0.24254989624023438 0.2
-14.263999938964844 1.6566505432128906 -0.15294837951660156 0.2
-14.423099517822266 1.5828475952148438 -0.018749237060546875 0.2
-14.603099822998047 1.5506477355957031 0.074951171875 0.2
-14.796499252319336 1.5562477111816406 0.028350830078125 0.2
-14.912599563598633 1.5089492797851562 -0.12704849243164062 0.2
-14.921998977661133 1.41094970703125 -0.3005485534667969 0.2
-14.762699127197266 1.3531494140625 -0.4031486511230469 0.2
-14.576000213623047 1.425048828125 -0.40654945373535156 0.2
-14.408199310302734 1.5322494506835938 -0.3890495300292969 0.2
-14.269599914550781 1.6758499145507812 -0.4133491516113281 0.2
-14.252599716186523 1.8088493347167969 -0.5613498687744141 0.2
-14.315099716186523 1.8066482543945312 -0.7519493103027344 0.2
-14.38759994506836 1.7658500671386719 -0.9342498779296875 0.2
-14.461700439453125 1.72344970703125 -1.1154499053955078 0.2
-14.537099838256836 1.6801490783691406 -1.295949935913086 0.2
-14.615400314331055 1.6263504028320312 -1.4740486145019531 0.2
