0.652320146560669 -15.156150817871094 10.513151168823242 0.2
0.6860902309417725 -15.347051620483398 10.56825065612793 0.2
0.6773402690887451 -15.546649932861328 10.531450271606445 0.2
0.6583402156829834 -15.72545051574707 10.43644905090332 0.2
0.6823301315307617 -15.814149856567383 10.257349014282227 0.2
0.8430702686309814 -15.814950942993164 10.139150619506836 0.2
1.045140266418457 -15.798851013183594 10.141149520874023 0.2
1.2018601894378662 -15.775449752807617 10.262449264526367 0.2
1.1877002716064453 -15.710149765014648 10.450448989868164 0.2
1.0706102848052979 -15.573051452636719 10.54224967956543 0.2
0.9480202198028564 -15.413949966430664 10.571649551391602 0.2
0.8743302822113037 -15.228351593017578 10.535749435424805 0.2
0.9571502208709717 -15.071950912475586 10.44255256652832 0.2
1.15103018283844 -15.020151138305664 10.420949935913086 0.2
1.3518502712249756 -15.043750762939453 10.476350784301758 0.2
1.4410802125930786 -15.181350708007812 10.60725212097168 0.2
1.3938502073287964 -15.384450912475586 10.650350570678711 0.2
1.3366502523422241 -15.586050033569336 10.606252670288086 0.2
1.4066802263259888 -15.755350112915039 10.50105094909668 0.2
1.6061302423477173 -15.812950134277344 10.457952499389648 0.2
1.8083502054214478 -15.776451110839844 10.513151168823242 0.2
1.8788602352142334 -15.626550674438477 10.641351699829102 0.2
1.7839702367782593 -15.443750381469727 10.695451736450195 0.2
1.6643202304840088 -15.26715087890625 10.672151565551758 0.2
1.6711602210998535 -15.089151382446289 10.559652328491211 0.2
1.8541902303695679 -15.008451461791992 10.49424934387207 0.2
2.0658583641052246 -15.019950866699219 10.527250289916992 0.2
2.2011382579803467 -15.13705062866211 10.637350082397461 0.2
2.185446262359619 -15.341751098632812 10.69325065612793 0.2
2.116598129272461 -15.538650512695312 10.642549514770508 0.2
2.075226306915283 -15.697250366210938 10.50684928894043 0.2
2.1767423152923584 -15.752950668334961 10.331949234008789 0.2
2.3857383728027344 -15.759651184082031 10.29115104675293 0.2
2.5883431434631348 -15.75925064086914 10.359350204467773 0.2
2.67000412940979 -15.732551574707031 10.54985237121582 0.2
2.5843822956085205 -15.606651306152344 10.696050643920898 0.2
2.4687323570251465 -15.429349899291992 10.734350204467773 0.2
2.4085793495178223 -15.225950241088867 10.70775032043457 0.2
2.519991159439087 -15.061349868774414 10.637651443481445 0.2
2.7323081493377686 -15.020950317382812 10.661249160766602 0.2
2.9198670387268066 -15.080249786376953 10.770151138305664 0.2
2.943039655685425 -15.266851425170898 10.886651992797852 0.2
2.8575732707977295 -15.475250244140625 10.863851547241211 0.2
2.820188283920288 -15.672750473022461 10.762849807739258 0.2
2.9633371829986572 -15.80525016784668 10.65825080871582 0.2
3.1875853538513184 -15.835350036621094 10.668752670288086 0.2
3.363652229309082 -15.775449752807617 10.79224967956543 0.2
3.3501341342926025 -15.602251052856445 10.927850723266602 0.2
3.22796630859375 -15.41305160522461 10.96095085144043 0.2
3.1633262634277344 -15.20465087890625 10.910150527954102 0.2
3.293844223022461 -15.059850692749023 10.806150436401367 0.2
3.4991791248321533 -15.06985092163086 10.722452163696289 0.2
3.5628480911254883 -15.202850341796875 10.572450637817383 0.2
3.482466220855713 -15.387651443481445 10.500249862670898 0.2
3.3952531814575195 -15.583650588989258 10.496252059936523 0.2
3.4441192150115967 -15.766550064086914 10.588151931762695 0.2
3.635970115661621 -15.822250366210938 10.662252426147461 0.2
3.844778299331665 -15.775251388549805 10.65825080871582 0.2
3.957087278366089 -15.61185073852539 10.588350296020508 0.2
3.8974151611328125 -15.40945053100586 10.557550430297852 0.2
3.7954702377319336 -15.224651336669922 10.598249435424805 0.2
3.799527168273926 -15.077449798583984 10.749750137329102 0.2
3.9695632457733154 -15.02505111694336 10.864351272583008 0.2
4.183890342712402 -15.035650253295898 10.87025260925293 0.2
4.331560134887695 -15.13224983215332 10.756250381469727 0.2
4.307420253753662 -15.316650390625 10.653451919555664 0.2
4.212080001831055 -15.509450912475586 10.640249252319336 0.2
4.141260147094727 -15.690250396728516 10.727849960327148 0.2
4.219630241394043 -15.78635025024414 10.897150039672852 0.2
4.424750328063965 -15.80255126953125 10.952352523803711 0.2
4.632930278778076 -15.781450271606445 10.906351089477539 0.2
4.73852014541626 -15.697351455688477 10.745450973510742 0.2
4.680100440979004 -15.526651382446289 10.633249282836914 0.2
4.585190296173096 -15.333450317382812 10.641550064086914 0.2
4.5488600730896 -15.144451141357422 10.733850479125977 0.2
4.680150032043457 -15.027851104736328 10.850149154663086 0.2
4.892150402069092 -14.995349884033203 10.846052169799805 0.2
5.069420337677002 -15.025850296020508 10.733449935913086 0.2
5.081270217895508 -15.158851623535156 10.570051193237305 0.2
4.971850395202637 -15.337650299072266 10.522851943969727 0.2
4.898480415344238 -15.536951065063477 10.548551559448242 0.2
5.00670051574707 -15.706951141357422 10.608652114868164 0.2
5.217530250549316 -15.740550994873047 10.598352432250977 0.2
5.397510528564453 -15.660751342773438 10.518651962280273 0.2
5.428130149841309 -15.466350555419922 10.440450668334961 0.2
5.342870235443115 -15.270549774169922 10.469350814819336 0.2
5.305290222167969 -15.093351364135742 10.581949234008789 0.2
5.443340301513672 -14.990449905395508 10.70305061340332 0.2
5.6568803787231445 -14.970951080322266 10.69215202331543 0.2
5.834210395812988 -15.01755142211914 10.577951431274414 0.2
5.842650413513184 -15.17905044555664 10.425149917602539 0.2
5.737210273742676 -15.379350662231445 10.411050796508789 0.2
5.645020484924316 -15.572050094604492 10.486452102661133 0.2
5.704649925231934 -15.698751449584961 10.65785026550293 0.2
5.920470237731934 -15.725351333618164 10.708452224731445 0.2
6.129330158233643 -15.710750579833984 10.622549057006836 0.2
6.208189964294434 -15.643251419067383 10.426851272583008 0.2
6.1338300704956055 -15.466150283813477 10.314249038696289 0.2
6.056410312652588 -15.253551483154297 10.337850570678711 0.2
6.090300559997559 -15.061050415039062 10.447751998901367 0.2
6.289310455322266 -14.978750228881836 10.501749038696289 0.2
6.508280277252197 -14.97504997253418 10.442251205444336 0.2
6.724530220031738 -15.025350570678711 10.401151657104492 0.2
6.828619956970215 -15.208049774169922 10.470651626586914 0.2
6.727320194244385 -15.405651092529297 10.512552261352539 0.2
6.565330505371094 -15.564550399780273 10.494150161743164 0.2
6.425990104675293 -15.655050277709961 10.348550796508789 0.2
6.4835205078125 -15.655550003051758 10.13654899597168 0.2
6.69027042388916 -15.674951553344727 10.048151016235352 0.2
6.904360294342041 -15.698949813842773 10.10474967956543 0.2
6.996120452880859 -15.625850677490234 10.294351577758789 0.2
7.013030052185059 -15.43065071105957 10.40825080871582 0.2
7.027220249176025 -15.206050872802734 10.428251266479492 0.2
7.106040000915527 -15.039251327514648 10.31035041809082 0.2
7.292280197143555 -15.023550033569336 10.211549758911133 0.2
7.489950180053711 -15.102550506591797 10.221750259399414 0.2
7.549900054931641 -15.260150909423828 10.34895133972168 0.2
7.427770137786865 -15.420450210571289 10.419450759887695 0.2
7.265250205993652 -15.560050964355469 10.417749404907227 0.2
7.159300327301025 -15.720451354980469 10.327550888061523 0.2
7.232980251312256 -15.851751327514648 10.181451797485352 0.2
7.431680202484131 -15.897050857543945 10.121450424194336 0.2
7.622250080108643 -15.810649871826172 10.166849136352539 0.2
7.680650234222412 -15.636751174926758 10.275251388549805 0.2
7.695919990539551 -15.437150955200195 10.348051071166992 0.2
7.72976016998291 -15.253850936889648 10.250349044799805 0.2
7.822300434112549 -15.277851104736328 10.066751480102539 0.2
7.901200294494629 -15.453950881958008 9.971952438354492 0.2
7.859950065612793 -15.661849975585938 9.958051681518555 0.2
7.719680309295654 -15.822450637817383 9.966150283813477 0.2
7.527760028839111 -15.913450241088867 9.95305061340332 0.2
7.3753204345703125 -15.877851486206055 9.817350387573242 0.2
7.433050155639648 -15.825250625610352 9.623552322387695 0.2
7.612540245056152 -15.778249740600586 9.523550033569336 0.2
7.774400234222412 -15.69474983215332 9.621850967407227 0.2
7.794960021972656 -15.566949844360352 9.79475212097168 0.2
7.725740432739258 -15.399351119995117 9.923151016235352 0.2
7.57834005355835 -15.246850967407227 9.901750564575195 0.2
7.543760299682617 -15.12135124206543 9.741750717163086 0.2
7.713600158691406 -15.136850357055664 9.631452560424805 0.2
7.829250335693359 -15.324050903320312 9.632349014282227 0.2
7.8660502433776855 -15.535850524902344 9.599752426147461 0.2
7.987980365753174 -15.68065071105957 9.495149612426758 0.2
8.192000389099121 -15.693050384521484 9.462652206420898 0.2
8.298870086669922 -15.541950225830078 9.555849075317383 0.2
8.20741081237793 -15.365650177001953 9.626951217651367 0.2
8.057180404663086 -15.216251373291016 9.649450302124023 0.2
7.890210151672363 -15.079750061035156 9.646051406860352 0.2
7.790380001068115 -14.945550918579102 9.517251968383789 0.2
7.923140048980713 -14.867450714111328 9.378751754760742 0.2
8.13306999206543 -14.888450622558594 9.351350784301758 0.2
8.280719757080078 -15.02025032043457 9.419851303100586 0.2
8.313409805297852 -15.229351043701172 9.450551986694336 0.2
8.32904052734375 -15.437650680541992 9.401750564575195 0.2
8.278400421142578 -15.613750457763672 9.285852432250977 0.2
8.331069946289062 -15.689451217651367 9.098352432250977 0.2
8.512069702148438 -15.708749771118164 8.988752365112305 0.2
8.715360641479492 -15.704851150512695 9.031351089477539 0.2
8.760600090026855 -15.643850326538086 9.224149703979492 0.2
8.665679931640625 -15.491950988769531 9.338750839233398 0.2
8.555500030517578 -15.314050674438477 9.379751205444336 0.2
8.459830284118652 -15.120651245117188 9.365049362182617 0.2
8.506190299987793 -14.942850112915039 9.260049819946289 0.2
8.705020904541016 -14.887750625610352 9.212949752807617 0.2
8.899909973144531 -14.943750381469727 9.269350051879883 0.2
8.96738052368164 -15.118949890136719 9.364351272583008 0.2
8.938779830932617 -15.329750061035156 9.383852005004883 0.2
8.911450386047363 -15.538450241088867 9.34895133972168 0.2
8.973580360412598 -15.695850372314453 9.221052169799805 0.2
9.149020195007324 -15.737251281738281 9.10875129699707 0.2
9.345849990844727 -15.666650772094727 9.095449447631836 0.2
9.404609680175781 -15.489049911499023 9.189752578735352 0.2
9.301609992980957 -15.318950653076172 9.266450881958008 0.2
9.17255973815918 -15.150350570678711 9.286249160766602 0.2
9.133630752563477 -14.983150482177734 9.164949417114258 0.2
9.276430130004883 -14.923351287841797 9.023950576782227 0.2
9.478429794311523 -14.958650588989258 8.96495246887207 0.2
9.631210327148438 -15.094249725341797 9.010149002075195 0.2
9.636119842529297 -15.30215072631836 9.055051803588867 0.2
9.568639755249023 -15.502950668334961 9.028951644897461 0.2
9.472129821777344 -15.652650833129883 8.913549423217773 0.2
9.492400169372559 -15.698650360107422 8.711450576782227 0.2
9.660030364990234 -15.703350067138672 8.580949783325195 0.2
9.870349884033203 -15.7010498046875 8.559850692749023 0.2
10.004690170288086 -15.668251037597656 8.714151382446289 0.2
9.973540306091309 -15.537351608276367 8.877050399780273 0.2
9.887750625610352 -15.360750198364258 8.961149215698242 0.2
9.822650909423828 -15.158151626586914 8.958349227905273 0.2
9.887069702148438 -14.998350143432617 8.838850021362305 0.2
10.07800006866455 -14.963150024414062 8.752252578735352 0.2
10.27811050415039 -15.028751373291016 8.753549575805664 0.2
10.349740028381348 -15.206850051879883 8.838850021362305 0.2
10.280010223388672 -15.4051513671875 8.873849868774414 0.2
10.204930305480957 -15.59775161743164 8.826452255249023 0.2
10.248140335083008 -15.731651306152344 8.670549392700195 0.2
10.421880722045898 -15.753650665283203 8.55055046081543 0.2
10.6183500289917 -15.679750442504883 8.540349960327148 0.2
10.688400268554688 -15.510650634765625 8.643651962280273 0.2
10.608920097351074 -15.33395004272461 8.733049392700195 0.2
10.519689559936523 -15.142049789428711 8.724550247192383 0.2
10.553590774536133 -14.995851516723633 8.579050064086914 0.2
10.72212028503418 -14.969751358032227 8.453149795532227 0.2
10.927579879760742 -15.05885124206543 8.41254997253418 0.2
10.984100341796875 -15.278751373291016 8.468351364135742 0.2
10.8822603225708 -15.49435043334961 8.467050552368164 0.2
10.725760459899902 -15.649749755859375 8.379049301147461 0.2
10.67533016204834 -15.667850494384766 8.156251907348633 0.2
10.84807014465332 -15.642650604248047 7.996049880981445 0.2
11.082540512084961 -15.643150329589844 7.993650436401367 0.2
11.216279983520508 -15.600351333618164 8.181852340698242 0.2
11.207759857177734 -15.418951034545898 8.33234977722168 0.2
11.161600112915039 -15.188850402832031 8.360052108764648 0.2
11.199830055236816 -15.019050598144531 8.206552505493164 0.2
11.317100524902344 -15.018951416015625 8.00615119934082 0.2
11.301460266113281 -15.168149948120117 7.844449996948242 0.2
11.260769844055176 -15.388851165771484 7.829050064086914 0.2
11.281450271606445 -15.591850280761719 7.918550491333008 0.2
11.436670303344727 -15.687250137329102 8.047151565551758 0.2
11.652880668640137 -15.714250564575195 8.010549545288086 0.2
11.806550025939941 -15.717849731445312 7.848649978637695 0.2
11.767749786376953 -15.65985107421875 7.644250869750977 0.2
11.610440254211426 -15.507949829101562 7.603849411010742 0.2
11.502620697021484 -15.321651458740234 7.671049118041992 0.2
11.48684024810791 -15.126350402832031 7.779550552368164 0.2
11.650959968566895 -14.990350723266602 7.830450057983398 0.2
11.837739944458008 -14.95895004272461 7.717851638793945 0.2
11.925129890441895 -15.001649856567383 7.532449722290039 0.2
11.85731029510498 -15.143251419067383 7.393449783325195 0.2
11.763299942016602 -15.334051132202148 7.392049789428711 0.2
11.752400398254395 -15.541950225830078 7.429052352905273 0.2
11.893839836120605 -15.696250915527344 7.409650802612305 0.2
12.063570022583008 -15.72545051574707 7.285951614379883 0.2
12.162620544433594 -15.632650375366211 7.12755012512207 0.2
12.126150131225586 -15.435050964355469 7.071249008178711 0.2
12.043829917907715 -15.25885009765625 7.15785026550293 0.2
12.036620140075684 -15.095251083374023 7.291749954223633 0.2
12.196260452270508 -14.983150482177734 7.364252090454102 0.2
12.383749961853027 -14.961851119995117 7.270151138305664 0.2
12.494120597839355 -15.007650375366211 7.096551895141602 0.2
12.455719947814941 -15.147649765014648 6.94635009765625 0.2
12.379220008850098 -15.34535026550293 6.935850143432617 0.2
12.345809936523438 -15.542150497436523 7.008451461791992 0.2
12.436079978942871 -15.689350128173828 7.126852035522461 0.2
12.634910583496094 -15.746749877929688 7.115350723266602 0.2
12.792190551757812 -15.753351211547852 6.973150253295898 0.2
12.855870246887207 -15.72665023803711 6.775350570678711 0.2
12.746200561523438 -15.63585090637207 6.625850677490234 0.2
12.6181001663208 -15.469951629638672 6.642351150512695 0.2
12.558859825134277 -15.286251068115234 6.731550216674805 0.2
12.613800048828125 -15.101951599121094 6.819551467895508 0.2
12.781030654907227 -14.98495101928711 6.782649993896484 0.2
12.912710189819336 -14.957450866699219 6.587751388549805 0.2
12.892510414123535 -15.02975082397461 6.369550704956055 0.2
12.768899917602539 -15.218950271606445 6.316249847412109 0.2
12.703390121459961 -15.435750961303711 6.39015007019043 0.2
12.790040016174316 -15.650449752807617 6.407051086425781 0.2
12.959440231323242 -15.739049911499023 6.273651123046875 0.2
13.07859992980957 -15.686450958251953 6.076850891113281 0.2
13.06920051574707 -15.481651306152344 5.973550796508789 0.2
12.98313045501709 -15.270650863647461 6.040250778198242 0.2
12.977450370788574 -15.076850891113281 6.170949935913086 0.2
13.168200492858887 -14.991250991821289 6.268951416015625 0.2
13.379000663757324 -15.07135009765625 6.289951324462891 0.2
13.437100410461426 -15.27385139465332 6.349851608276367 0.2
13.346500396728516 -15.477550506591797 6.370550155639648 0.2
13.245800018310547 -15.661951065063477 6.301549911499023 0.2
13.25730037689209 -15.755849838256836 6.1029510498046875 0.2
13.385900497436523 -15.73805046081543 5.92085075378418 0.2
13.564599990844727 -15.627950668334961 5.859651565551758 0.2
13.645500183105469 -15.456750869750977 5.969951629638672 0.2
13.609700202941895 -15.291351318359375 6.117250442504883 0.2
13.514900207519531 -15.093950271606445 6.136751174926758 0.2
13.480899810791016 -14.966751098632812 5.963050842285156 0.2
13.569900512695312 -14.962350845336914 5.758350372314453 0.2
13.705400466918945 -15.077051162719727 5.645050048828125 0.2
13.748600006103516 -15.283050537109375 5.651651382446289 0.2
13.675000190734863 -15.480350494384766 5.672750473022461 0.2
13.520299911499023 -15.620050430297852 5.643350601196289 0.2
13.387100219726562 -15.642650604248047 5.487150192260742 0.2
13.422599792480469 -15.620550155639648 5.281551361083984 0.2
13.557700157165527 -15.598350524902344 5.120550155639648 0.2
13.762200355529785 -15.578849792480469 5.107250213623047 0.2
13.883200645446777 -15.498550415039062 5.258251190185547 0.2
13.886199951171875 -15.344751358032227 5.403650283813477 0.2
13.838399887084961 -15.153850555419922 5.478851318359375 0.2
13.796500205993652 -14.972051620483398 5.387050628662109 0.2
13.874700546264648 -14.898950576782227 5.207050323486328 0.2
14.029200553894043 -14.931550979614258 5.070150375366211 0.2
14.164999961853027 -15.089651107788086 5.068750381469727 0.2
14.151300430297852 -15.289251327514648 5.134450912475586 0.2
14.064400672912598 -15.480751037597656 5.146650314331055 0.2
14.00510025024414 -15.619150161743164 5.00255012512207 0.2
14.065800666809082 -15.649150848388672 4.804050445556641 0.2
14.206600189208984 -15.58755111694336 4.66295051574707 0.2
14.337200164794922 -15.426651000976562 4.679450988769531 0.2
14.338600158691406 -15.258350372314453 4.806251525878906 0.2
14.262900352478027 -15.084550857543945 4.897150039672852 0.2
14.165900230407715 -14.921051025390625 4.812351226806641 0.2
14.184599876403809 -14.866451263427734 4.612150192260742 0.2
14.292400360107422 -14.915851593017578 4.439451217651367 0.2
14.408100128173828 -15.082950592041016 4.394550323486328 0.2
14.3996000289917 -15.290950775146484 4.429750442504883 0.2
14.295499801635742 -15.47275161743164 4.456451416015625 0.2
14.119199752807617 -15.565450668334961 4.3948516845703125 0.2
14.04740047454834 -15.569450378417969 4.201250076293945 0.2
14.122700691223145 -15.554950714111328 4.004350662231445 0.2
14.288800239562988 -15.53795051574707 3.879850387573242 0.2
14.478700637817383 -15.497650146484375 3.9479503631591797 0.2
14.542699813842773 -15.36935043334961 4.102149963378906 0.2
14.520400047302246 -15.191150665283203 4.213550567626953 0.2
14.457900047302246 -14.990150451660156 4.20625114440918 0.2
14.473700523376465 -14.859651565551758 4.046550750732422 0.2
14.596000671386719 -14.84105110168457 3.876150131225586 0.2
14.762200355529785 -14.945449829101562 3.811450958251953 0.2
14.820000648498535 -15.138750076293945 3.869649887084961 0.2
14.755300521850586 -15.329351425170898 3.934650421142578 0.2
14.66510009765625 -15.506351470947266 3.873950958251953 0.2
14.657100677490234 -15.585451126098633 3.6820507049560547 0.2
14.749899864196777 -15.564451217651367 3.4943504333496094 0.2
14.895700454711914 -15.43735122680664 3.4196510314941406 0.2
14.96049976348877 -15.258251190185547 3.504150390625 0.2
14.923299789428711 -15.090551376342773 3.627349853515625 0.2
14.816200256347656 -14.91145133972168 3.6293506622314453 0.2
14.760300636291504 -14.812850952148438 3.4572505950927734 0.2
14.814499855041504 -14.825750350952148 3.254251480102539 0.2
14.9306001663208 -14.955249786376953 3.143350601196289 0.2
14.974400520324707 -15.161050796508789 3.165050506591797 0.2
14.906700134277344 -15.354150772094727 3.2160511016845703 0.2
14.744000434875488 -15.485151290893555 3.2285499572753906 0.2
14.593600273132324 -15.51085090637207 3.091550827026367 0.2
14.600299835205078 -15.499650955200195 2.8823509216308594 0.2
14.709199905395508 -15.483150482177734 2.7031517028808594 0.2
14.908599853515625 -15.458749771118164 2.664051055908203 0.2
15.041399955749512 -15.365150451660156 2.7945499420166016 0.2
15.05880069732666 -15.198551177978516 2.9223499298095703 0.2
15.010900497436523 -14.998550415039062 2.9703502655029297 0.2
14.971700668334961 -14.829050064086914 2.857450485229492 0.2
15.046199798583984 -14.769050598144531 2.6706504821777344 0.2
15.198100090026855 -14.824251174926758 2.541950225830078 0.2
15.31029987335205 -14.998750686645508 2.563150405883789 0.2
15.284100532531738 -15.189550399780273 2.648151397705078 0.2
15.19360065460205 -15.377050399780273 2.6590499877929688 0.2
15.122700691223145 -15.498651504516602 2.5067501068115234 0.2
15.156100273132324 -15.505550384521484 2.299551010131836 0.2
15.269100189208984 -15.414451599121094 2.1517505645751953 0.2
15.37760066986084 -15.239450454711914 2.170351028442383 0.2
15.390600204467773 -15.070350646972656 2.295551300048828 0.2
15.310700416564941 -14.889350891113281 2.3635501861572266 0.2
15.193900108337402 -14.755849838256836 2.256650924682617 0.2
15.173999786376953 -14.734550476074219 2.0491504669189453 0.2
15.246399879455566 -14.823051452636719 1.8768501281738281 0.2
15.327899932861328 -15.015951156616211 1.8580513000488281 0.2
15.30459976196289 -15.216449737548828 1.9178504943847656 0.2
15.181300163269043 -15.37485122680664 1.9794502258300781 0.2
14.98960018157959 -15.430351257324219 1.9303512573242188 0.2
14.914899826049805 -15.426851272583008 1.7374515533447266 0.2
14.959799766540527 -15.411550521850586 1.5323505401611328 0.2
15.118000030517578 -15.391050338745117 1.402151107788086 0.2
15.305000305175781 -15.328950881958008 1.462350845336914 0.2
15.376100540161133 -15.17915153503418 1.5906505584716797 0.2
15.361900329589844 -14.986650466918945 1.6741504669189453 0.2
15.296100616455078 -14.79425048828125 1.6235504150390625 0.2
15.307400703430176 -14.693349838256836 1.4430503845214844 0.2
15.414600372314453 -14.70155143737793 1.2661514282226562 0.2
15.55940055847168 -14.843151092529297 1.221750259399414 0.2
15.585000038146973 -15.034250259399414 1.3010501861572266 0.2
15.519499778747559 -15.220451354980469 1.3719501495361328 0.2
15.41510009765625 -15.378551483154297 1.287851333618164 0.2
15.378600120544434 -15.420150756835938 1.0876502990722656 0.2
15.430399894714355 -15.361751556396484 0.8946514129638672 0.2
15.543700218200684 -15.202350616455078 0.8273506164550781 0.2
15.605299949645996 -15.026250839233398 0.9216499328613281 0.2
15.575400352478027 -14.849851608276367 1.0296516418457031 0.2
15.43790054321289 -14.695150375366211 1.0043506622314453 0.2
15.330900192260742 -14.640451431274414 0.8350505828857422 0.2
15.324000358581543 -14.688251495361328 0.6340503692626953 0.2
15.414299964904785 -14.854949951171875 0.5503501892089844 0.2
15.444700241088867 -15.057950973510742 0.5978507995605469 0.2
15.380300521850586 -15.238349914550781 0.6829509735107422 0.2
15.199399948120117 -15.331850051879883 0.7201499938964844 0.2
15.047599792480469 -15.343851089477539 0.5830516815185547 0.2
15.025800704956055 -15.332250595092773 0.37454986572265625 0.2
15.111900329589844 -15.309850692749023 0.18695068359375 0.2
15.307000160217285 -15.261850357055664 0.15205001831054688 0.2
15.434000015258789 -15.133251190185547 0.2581501007080078 0.2
15.455300331115723 -14.948650360107422 0.35575103759765625 0.2
15.392600059509277 -14.747550964355469 0.3641510009765625 0.2
15.342000007629395 -14.611051559448242 0.21665000915527344 0.2
15.382699966430664 -14.573551177978516 0.015651702880859375 0.2
15.524900436401367 -14.670751571655273 -0.096649169921875 0.2
15.609100341796875 -14.855751037597656 -0.04974937438964844 0.2
15.58750057220459 -15.040451049804688 0.04915046691894531 0.2
15.494400024414062 -15.224550247192383 0.04235076904296875 0.2
15.403600692749023 -15.311151504516602 -0.1217498779296875 0.2
15.392000198364258 -15.284151077270508 -0.3291492462158203 0.2
15.469200134277344 -15.149450302124023 -0.46544837951660156 0.2
15.55459976196289 -14.96364974975586 -0.42984962463378906 0.2
15.568300247192383 -14.789251327514648 -0.31384849548339844 0.2
15.452099800109863 -14.621150970458984 -0.2720489501953125 0.2
15.294099807739258 -14.538150787353516 -0.3789501190185547 0.2
15.209700584411621 -14.550050735473633 -0.5686492919921875 0.2
15.271699905395508 -14.681150436401367 -0.7117500305175781 0.2
15.349800109863281 -14.878250122070312 -0.69744873046875 0.2
15.342400550842285 -15.071149826049805 -0.6155490875244141 0.2
15.213800430297852 -15.207250595092773 -0.5246486663818359 0.2
15.023200035095215 -15.24785041809082 -0.5841484069824219 0.2
14.94070053100586 -15.245651245117188 -0.7759494781494141 0.2
14.961000442504883 -15.227149963378906 -0.9837493896484375 0.2
15.119000434875488 -15.187749862670898 -1.1063499450683594 0.2
15.2878999710083 -15.083450317382812 -1.0457496643066406 0.2
15.344900131225586 -14.90945053100586 -0.9434490203857422 0.2
15.307900428771973 -14.708150863647461 -0.8930492401123047 0.2
15.225500106811523 -14.541950225830078 -0.985748291015625 0.2
15.217100143432617 -14.470451354980469 -1.1822490692138672 0.2
15.322100639343262 -14.51675033569336 -1.3511486053466797 0.2
15.446900367736816 -14.682550430297852 -1.3582496643066406 0.2
15.466800689697266 -14.86655044555664 -1.2590484619140625 0.2
15.405400276184082 -15.058151245117188 -1.2066497802734375 0.2
15.290400505065918 -15.192350387573242 -1.3139495849609375 0.2
15.23169994354248 -15.19955062866211 -1.5145492553710938 0.2
15.25890064239502 -15.101551055908203 -1.6946487426757812 0.2
15.348299980163574 -14.918350219726562 -1.726449966430664 0.2
15.400500297546387 -14.741950988769531 -1.6247501373291016 0.2
15.33080005645752 -14.564050674438477 -1.5414485931396484 0.2
15.15999984741211 -14.4510498046875 -1.5811500549316406 0.2
15.01990032196045 -14.43065071105957 -1.7342491149902344 0.2
15.017300605773926 -14.5218505859375 -1.9159488677978516 0.2
15.114800453186035 -14.705551147460938 -1.9512500762939453 0.2
15.149900436401367 -14.902549743652344 -1.8870487213134766 0.2
15.078300476074219 -15.068151473999023 -1.7810497283935547 0.2
14.888899803161621 -15.141151428222656 -1.7577495574951172 0.2
14.752099990844727 -15.152450561523438 -1.9117488861083984 0.2
14.720300674438477 -15.139450073242188 -2.1189498901367188 0.2
14.81879997253418 -15.108251571655273 -2.296548843383789 0.2
15.008600234985352 -15.030851364135742 -2.3063488006591797 0.2
15.107399940490723 -14.87295150756836 -2.2112483978271484 0.2
15.10669994354248 -14.67755126953125 -2.134449005126953 0.2
15.020000457763672 -14.489351272583008 -2.166248321533203 0.2
14.971700668334961 -14.386850357055664 -2.3393497467041016 0.2
15.026300430297852 -14.388851165771484 -2.537649154663086 0.2
15.164299964904785 -14.522649765014648 -2.615549087524414 0.2
15.223999977111816 -14.707250595092773 -2.540048599243164 0.2
15.197100639343262 -14.893251419067383 -2.4476490020751953 0.2
15.08530044555664 -15.061349868774414 -2.491748809814453 0.2
14.98740005493164 -15.109149932861328 -2.667848587036133 0.2
14.9660005569458 -15.048650741577148 -2.8656482696533203 0.2
15.036900520324707 -14.883350372314453 -2.9665489196777344 0.2
15.115099906921387 -14.701150894165039 -2.900848388671875 0.2
15.103799819946289 -14.521949768066406 -2.7954483032226562 0.2
14.950400352478027 -14.380849838256836 -2.7739486694335938 0.2
14.774499893188477 -14.329750061035156 -2.8729496002197266 0.2
14.697800636291504 -14.38115119934082 -3.0550498962402344 0.2
14.77869987487793 -14.543350219726562 -3.1547489166259766 0.2
14.846000671386719 -14.740251541137695 -3.1188488006591797 0.2
14.827199935913086 -14.924650192260742 -3.0227489471435547 0.2
14.67199993133545 -15.030349731445312 -2.9377498626708984 0.2
14.491900444030762 -15.056951522827148 -3.030550003051758 0.2
14.416600227355957 -15.049150466918945 -3.2259483337402344 0.2
14.449100494384766 -15.023250579833984 -3.429048538208008 0.2
14.62440013885498 -14.966550827026367 -3.5151500701904297 0.2
14.769499778747559 -14.833551406860352 -3.4449501037597656 0.2
14.805200576782227 -14.647451400756836 -3.355348587036133 0.2
14.741000175476074 -14.448650360107422 -3.3287487030029297 0.2
14.659500122070312 -14.312850952148438 -3.4602489471435547 0.2
14.66450023651123 -14.279550552368164 -3.6660499572753906 0.2
14.780799865722656 -14.370950698852539 -3.809450149536133 0.2
14.88129997253418 -14.551351547241211 -3.78594970703125 0.2
14.888899803161621 -14.732351303100586 -3.6789493560791016 0.2
14.802900314331055 -14.917951583862305 -3.6573486328125 0.2
14.676700592041016 -15.010749816894531 -3.791349411010742 0.2
14.609600067138672 -14.986551284790039 -3.9878482818603516 0.2
14.640999794006348 -14.851850509643555 -4.140649795532227 0.2
14.728700637817383 -14.664251327514648 -4.13224983215332 0.2
14.76870059967041 -14.487649917602539 -4.027549743652344 0.2
14.660699844360352 -14.324150085449219 -3.9560489654541016 0.2
14.471600532531738 -14.244451522827148 -3.9949493408203125 0.2
14.326499938964844 -14.258451461791992 -4.140649795532227 0.2
14.350900650024414 -14.390951156616211 -4.292148590087891 0.2
14.441300392150879 -14.583650588989258 -4.300149917602539 0.2
14.467400550842285 -14.77695083618164 -4.224449157714844 0.2
14.369100570678711 -14.91604995727539 -4.105949401855469 0.2
14.172100067138672 -14.962650299072266 -4.123649597167969 0.2
14.051199913024902 -14.960750579833984 -4.29334831237793 0.2
14.026700019836426 -14.938051223754883 -4.499849319458008 0.2
14.152000427246094 -14.893150329589844 -4.654048919677734 0.2
14.32859992980957 -14.787050247192383 -4.633150100708008 0.2
14.4035005569458 -14.61305046081543 -4.544149398803711 0.2
14.377799987792969 -14.415050506591797 -4.477548599243164 0.2
14.275099754333496 -14.247650146484375 -4.5415496826171875 0.2
14.239700317382812 -14.186151504516602 -4.737049102783203 0.2
14.306699752807617 -14.232749938964844 -4.92664909362793 0.2
14.428299903869629 -14.393449783325195 -4.975849151611328 0.2
14.4753999710083 -14.575250625610352 -4.883949279785156 0.2
14.428000450134277 -14.763450622558594 -4.811349868774414 0.2
14.292099952697754 -14.90005111694336 -4.884748458862305 0.2
14.184800148010254 -14.912050247192383 -5.063348770141602 0.2
14.16100025177002 -14.816650390625 -5.2449493408203125 0.2
14.236200332641602 -14.63385009765625 -5.301549911499023 0.2
14.316300392150879 -14.457950592041016 -5.2198486328125 0.2
14.270899772644043 -14.281949996948242 -5.119348526000977 0.2
14.094099998474121 -14.173049926757812 -5.096149444580078 0.2
13.907000541687012 -14.154451370239258 -5.184549331665039 0.2
13.845100402832031 -14.249549865722656 -5.352449417114258 0.2
13.929800033569336 -14.432149887084961 -5.417049407958984 0.2
13.99120044708252 -14.627750396728516 -5.372348785400391 0.2
13.953400611877441 -14.793451309204102 -5.2514495849609375 0.2
13.77560043334961 -14.867549896240234 -5.185749053955078 0.2
13.608500480651855 -14.876649856567383 -5.305549621582031 0.2
13.531599998474121 -14.856651306152344 -5.499549865722656 0.2
13.585599899291992 -14.817150115966797 -5.693748474121094 0.2
13.765399932861328 -14.735151290893555 -5.748149871826172 0.2
13.882200241088867 -14.576650619506836 -5.6788482666015625 0.2
13.900800704956055 -14.385049819946289 -5.595849990844727 0.2
13.806699752807617 -14.198551177978516 -5.588048934936523 0.2
13.720800399780273 -14.101350784301758 -5.745948791503906 0.2
13.731100082397461 -14.112550735473633 -5.952949523925781 0.2
13.838000297546387 -14.238151550292969 -6.07874870300293 0.2
13.923700332641602 -14.420949935913086 -6.033048629760742 0.2
13.925000190734863 -14.604150772094727 -5.932048797607422 0.2
13.807400703430176 -14.772850036621094 -5.942850112915039 0.2
13.666500091552734 -14.824150085449219 -6.085548400878906 0.2
13.588200569152832 -14.765750885009766 -6.268749237060547 0.2
13.62190055847168 -14.598649978637695 -6.38385009765625 0.2
13.715400695800781 -14.416749954223633 -6.342548370361328 0.2
13.73330020904541 -14.239950180053711 -6.235248565673828 0.2
13.591100692749023 -14.105951309204102 -6.160348892211914 0.2
13.389699935913086 -14.060150146484375 -6.185749053955078 0.2
13.254600524902344 -14.116250991821289 -6.327249526977539 0.2
13.299099922180176 -14.277549743652344 -6.44904899597168 0.2
13.382599830627441 -14.471450805664062 -6.444250106811523 0.2
13.400800704956055 -14.65625 -6.350349426269531 0.2
13.275700569152832 -14.765050888061523 -6.229448318481445 0.2
13.079100608825684 -14.793350219726562 -6.276248931884766 0.2
12.958419799804688 -14.77964973449707 -6.4465484619140625 0.2
12.938310623168945 -14.743650436401367 -6.64954948425293 0.2
13.08240032196045 -14.677249908447266 -6.776649475097656 0.2
13.237000465393066 -14.540651321411133 -6.7449493408203125 0.2
13.291500091552734 -14.356651306152344 -6.661149978637695 0.2
13.235799789428711 -14.163351058959961 -6.60114860534668 0.2
13.1181001663208 -14.028450012207031 -6.698049545288086 0.2
13.080500602722168 -14.005849838256836 -6.901449203491211 0.2
13.148200035095215 -14.089651107788086 -7.078248977661133 0.2
13.25610065460205 -14.264949798583984 -7.1031494140625 0.2
13.300200462341309 -14.444650650024414 -7.003950119018555 0.2
13.227399826049805 -14.631050109863281 -6.958950042724609 0.2
13.072500228881836 -14.726850509643555 -7.054948806762695 0.2
12.952630043029785 -14.704750061035156 -7.22454833984375 0.2
12.93336009979248 -14.567550659179688 -7.376649856567383 0.2
13.015399932861328 -14.378150939941406 -7.389749526977539 0.2
13.08120059967041 -14.203651428222656 -7.295949935913086 0.2
12.994750022888184 -14.04745101928711 -7.189048767089844 0.2
12.800749778747559 -13.975650787353516 -7.161449432373047 0.2
12.616049766540527 -13.99315071105957 -7.250049591064453 0.2
12.592090606689453 -14.123149871826172 -7.403450012207031 0.2
12.681830406188965 -14.311450958251953 -7.445749282836914 0.2
12.73865032196045 -14.50374984741211 -7.3876495361328125 0.2
12.681970596313477 -14.647550582885742 -7.250049591064453 0.2
12.48922061920166 -14.70155143737793 -7.217449188232422 0.2
12.329060554504395 -14.699251174926758 -7.350248336791992 0.2
12.251359939575195 -14.670551300048828 -7.54224967956543 0.2
12.327630043029785 -14.617050170898438 -7.723249435424805 0.2
12.500980377197266 -14.50775146484375 -7.7496490478515625 0.2
12.593700408935547 -14.334650039672852 -7.678449630737305 0.2
12.586299896240234 -14.141151428222656 -7.59684944152832 0.2
12.468210220336914 -13.97385025024414 -7.618049621582031 0.2
12.389080047607422 -13.913349151611328 -7.798749923706055 0.2
12.408690452575684 -13.956750869750977 -8.001049041748047 0.2
12.512260437011719 -14.109050750732422 -8.096649169921875 0.2
12.588940620422363 -14.290349960327148 -8.029150009155273 0.2
12.567180633544922 -14.478750228881836 -7.946249008178711 0.2
12.4214506149292 -14.619050979614258 -7.983249664306641 0.2
12.270890235900879 -14.633550643920898 -8.126649856567383 0.2
12.194089889526367 -14.53795051574707 -8.292648315429688 0.2
12.245260238647461 -14.353050231933594 -8.364948272705078 0.2
12.343850135803223 -14.178150177001953 -8.30474853515625 0.2
12.326140403747559 -14.006750106811523 -8.189849853515625 0.2
12.161190032958984 -13.904552459716797 -8.113349914550781 0.2
11.956040382385254 -13.88895034790039 -8.140649795532227 0.2
11.846449851989746 -13.982250213623047 -8.283149719238281 0.2
11.910770416259766 -14.16145133972168 -8.37354850769043 0.2
11.989130020141602 -14.354850769042969 -8.352949142456055 0.2
11.991840362548828 -14.522150039672852 -8.229049682617188 0.2
11.841230392456055 -14.60245132446289 -8.119150161743164 0.2
11.648540496826172 -14.614950180053711 -8.189249038696289 0.2
11.52196979522705 -14.593549728393555 -8.35464859008789 0.2
11.51731014251709 -14.550750732421875 -8.555448532104492 0.2
11.672690391540527 -14.468549728393555 -8.659749984741211 0.2
11.805520057678223 -14.312150955200195 -8.623849868774414 0.2
11.847519874572754 -14.122650146484375 -8.54534912109375 0.2
11.761870384216309 -13.93655014038086 -8.505748748779297 0.2
11.637840270996094 -13.83645248413086 -8.632049560546875 0.2
11.597980499267578 -13.846752166748047 -8.835748672485352 0.2
11.662710189819336 -13.966350555419922 -8.992548942565918 0.2
11.760129928588867 -14.147649765014648 -8.980249404907227 0.2
11.793359756469727 -14.32925033569336 -8.88224983215332 0.2
11.68082046508789 -14.499351501464844 -8.859149932861328 0.2
11.50492000579834 -14.55255126953125 -8.954050064086914 0.2
11.372330665588379 -14.49435043334961 -9.10254955291748 0.2
11.362810134887695 -14.325550079345703 -9.218849182128906 0.2
11.463590621948242 -14.143449783325195 -9.208349227905273 0.2
11.513480186462402 -13.968950271606445 -9.108749389648438 0.2
11.40112018585205 -13.8426513671875 -8.986248970031738 0.2
11.202760696411133 -13.803749084472656 -8.937250137329102 0.2
11.02791976928711 -13.863750457763672 -9.021849632263184 0.2
11.029970169067383 -14.024450302124023 -9.151848793029785 0.2
11.114709854125977 -14.215749740600586 -9.178648948669434 0.2
11.169110298156738 -14.39885139465332 -9.09744930267334 0.2
11.093790054321289 -14.509550094604492 -8.942649841308594 0.2
10.893550872802734 -14.541650772094727 -8.921548843383789 0.2
10.722089767456055 -14.528051376342773 -9.04024887084961 0.2
10.632940292358398 -14.489850997924805 -9.222949028015137 0.2
10.722770690917969 -14.420650482177734 -9.391448974609375 0.2
10.8779296875 -14.283651351928711 -9.414849281311035 0.2
10.957710266113281 -14.100351333618164 -9.353448867797852 0.2
10.924970626831055 -13.908550262451172 -9.276148796081543 0.2
10.778550148010254 -13.776248931884766 -9.324849128723145 0.2
10.673360824584961 -13.7552490234375 -9.502849578857422 0.2
10.673879623413086 -13.838050842285156 -9.693049430847168 0.2
10.76729965209961 -14.01085090637207 -9.756548881530762 0.2
10.849510192871094 -14.188051223754883 -9.680449485778809 0.2
10.798890113830566 -14.37485122680664 -9.614249229431152 0.2
10.619660377502441 -14.470149993896484 -9.647549629211426 0.2
10.442609786987305 -14.446651458740234 -9.7552490234375 0.2
10.361749649047852 -14.30364990234375 -9.878549575805664 0.2
10.428510665893555 -14.1114501953125 -9.914548873901367 0.2
10.519410133361816 -13.936450958251953 -9.84804916381836 0.2
10.47549057006836 -13.792449951171875 -9.704548835754395 0.2
10.309720039367676 -13.737751007080078 -9.59014892578125 0.2
10.107200622558594 -13.76865005493164 -9.591548919677734 0.2
10.030879974365234 -13.901351928710938 -9.724248886108398 0.2
10.102790832519531 -14.084550857543945 -9.805048942565918 0.2
10.186460494995117 -14.27385139465332 -9.781449317932129 0.2
10.19381046295166 -14.419151306152344 -9.634949684143066 0.2
10.029769897460938 -14.480951309204102 -9.53334903717041 0.2
9.82975959777832 -14.481050491333008 -9.59074878692627 0.2
9.680290222167969 -14.448850631713867 -9.73284912109375 0.2
9.677680015563965 -14.384450912475586 -9.925748825073242 0.2
9.821460723876953 -14.26395034790039 -10.012449264526367 0.2
9.927970886230469 -14.087850570678711 -9.97714900970459 0.2
9.945050239562988 -13.897151947021484 -9.890949249267578 0.2
9.817859649658203 -13.739452362060547 -9.85884952545166 0.2
9.668350219726562 -13.68484878540039 -9.990249633789062 0.2
9.605220794677734 -13.72745132446289 -10.183548927307129 0.2
9.66653060913086 -13.874752044677734 -10.315149307250977 0.2
9.775190353393555 -14.05055046081543 -10.29004955291748 0.2
9.793720245361328 -14.242050170898438 -10.215249061584473 0.2
9.646440505981445 -14.384151458740234 -10.197649002075195 0.2
9.449580192565918 -14.397451400756836 -10.264749526977539 0.2
9.307450294494629 -14.293651580810547 -10.371748924255371 0.2
9.317729949951172 -14.099750518798828 -10.437849044799805 0.2
9.421310424804688 -13.919849395751953 -10.409049034118652 0.2
9.439020156860352 -13.761051177978516 -10.276948928833008 0.2
9.320390701293945 -13.687252044677734 -10.122049331665039 0.2
9.12582015991211 -13.694049835205078 -10.05204963684082 0.2
8.976600646972656 -13.794349670410156 -10.144449234008789 0.2
9.011240005493164 -13.962249755859375 -10.267949104309082 0.2
9.101690292358398 -14.14834976196289 -10.300949096679688 0.2
9.164850234985352 -14.32025146484375 -10.202149391174316 0.2
9.073360443115234 -14.418451309204102 -10.050349235534668 0.2
8.869260787963867 -14.441450119018555 -10.0406494140625 0.2
8.68572998046875 -14.418251037597656 -10.138648986816406 0.2
8.601739883422852 -14.3603515625 -10.316449165344238 0.2
8.700510025024414 -14.255651473999023 -10.461949348449707 0.2
8.825160026550293 -14.088750839233398 -10.464149475097656 0.2
8.88152027130127 -13.901451110839844 -10.389248847961426 0.2
8.804040908813477 -13.728649139404297 -10.302549362182617 0.2
8.634400367736816 -13.636852264404297 -10.366649627685547 0.2
8.523889541625977 -13.643951416015625 -10.542649269104004 0.2
8.5316801071167 -13.751850128173828 -10.720048904418945 0.2
8.636640548706055 -13.925151824951172 -10.758548736572266 0.2
8.712850570678711 -14.109651565551758 -10.697149276733398 0.2
8.622880935668945 -14.287651062011719 -10.64854907989502 0.2
8.425990104675293 -14.345651626586914 -10.674149513244629 0.2
8.244569778442383 -14.285850524902344 -10.754549026489258 0.2
8.185890197753906 -14.107950210571289 -10.838549613952637 0.2
8.274410247802734 -13.91925048828125 -10.845449447631836 0.2
8.345620155334473 -13.749752044677734 -10.750449180603027 0.2
8.280509948730469 -13.647350311279297 -10.580248832702637 0.2
8.114230155944824 -13.630851745605469 -10.45634937286377 0.2
7.925400257110596 -13.701549530029297 -10.479449272155762 0.2
7.892490386962891 -13.852249145507812 -10.617448806762695 0.2
7.972500324249268 -14.032550811767578 -10.692449569702148 0.2
8.062259674072266 -14.215950012207031 -10.655149459838867 0.2
8.05154037475586 -14.344449996948242 -10.496349334716797 0.2
7.872430324554443 -14.395151138305664 -10.412849426269531 0.2
7.669950008392334 -14.38585090637207 -10.463849067687988 0.2
7.522830009460449 -14.339950561523438 -10.601749420166016 0.2
7.549290180206299 -14.24985122680664 -10.781848907470703 0.2
7.679270267486572 -14.097450256347656 -10.839849472045898 0.2
7.76308012008667 -13.912250518798828 -10.789949417114258 0.2
7.747000217437744 -13.730548858642578 -10.68704891204834 0.2
7.585540294647217 -13.608150482177734 -10.67444896697998 0.2
7.430110454559326 -13.585250854492188 -10.810249328613281 0.2
7.375330448150635 -13.65665054321289 -10.997549057006836 0.2
7.450550079345703 -13.818252563476562 -11.101749420166016 0.2
7.560800075531006 -13.994251251220703 -11.072349548339844 0.2
7.543060302734375 -14.188251495361328 -11.009549140930176 0.2
7.366990089416504 -14.292951583862305 -10.990049362182617 0.2
7.163530349731445 -14.27345085144043 -11.03174877166748 0.2
7.041460037231445 -14.127250671386719 -11.108749389648438 0.2
7.0844502449035645 -13.928451538085938 -11.146248817443848 0.2
7.183010101318359 -13.751850128173828 -11.096749305725098 0.2
7.182590007781982 -13.622249603271484 -10.933849334716797 0.2
7.063440322875977 -13.58645248413086 -10.7660493850708 0.2
6.873610496520996 -13.631149291992188 -10.704049110412598 0.2
6.765860557556152 -13.760551452636719 -10.816848754882812 0.2
6.816720008850098 -13.931949615478516 -10.932649612426758 0.2
6.911230087280273 -14.116250991821289 -10.955449104309082 0.2
6.97307014465332 -14.271150588989258 -10.83324909210205 0.2
6.853650093078613 -14.351951599121094 -10.690949440002441 0.2
6.645920276641846 -14.361650466918945 -10.682549476623535 0.2
6.458730220794678 -14.329351425170898 -10.769148826599121 0.2
6.396270275115967 -14.252050399780273 -10.946649551391602 0.2
6.501500129699707 -14.115550994873047 -11.061248779296875 0.2
6.603520393371582 -13.933849334716797 -11.046049118041992 0.2
6.6376800537109375 -13.748050689697266 -10.954049110412598 0.2
6.52016019821167 -13.60165023803711 -10.87144947052002 0.2
6.3366498947143555 -13.5489501953125 -10.949249267578125 0.2
6.222010135650635 -13.585651397705078 -11.118948936462402 0.2
6.2448201179504395 -13.722850799560547 -11.272249221801758 0.2
6.361420154571533 -13.894149780273438 -11.294149398803711 0.2
6.409780502319336 -14.088251113891602 -11.242548942565918 0.2
6.281559944152832 -14.239250183105469 -11.18764877319336 0.2
6.074150085449219 -14.260049819946289 -11.18744945526123 0.2
5.901830196380615 -14.157951354980469 -11.23604965209961 0.2
5.884340286254883 -13.960451126098633 -11.288649559020996 0.2
5.98451042175293 -13.776351928710938 -11.282548904418945 0.2
6.03747034072876 -13.62335205078125 -11.152749061584473 0.2
5.973870277404785 -13.562850952148438 -10.963249206542969 0.2
5.813450336456299 -13.582950592041016 -10.834249496459961 0.2
5.647630214691162 -13.688949584960938 -10.8802490234375 0.2
5.6487202644348145 -13.848949432373047 -11.018548965454102 0.2
5.730220317840576 -14.02815055847168 -11.090949058532715 0.2
5.828800201416016 -14.2010498046875 -11.029549598693848 0.2
5.795320510864258 -14.312650680541992 -10.863749504089355 0.2
5.605959892272949 -14.348451614379883 -10.792049407958984 0.2
5.400259971618652 -14.330850601196289 -10.826848983764648 0.2
5.264670372009277 -14.26865005493164 -10.9673490524292 0.2
5.311409950256348 -14.150251388549805 -11.127948760986328 0.2
5.421060562133789 -13.975351333618164 -11.157548904418945 0.2
5.4891204833984375 -13.787849426269531 -11.09334945678711 0.2
5.4344801902771 -13.62405014038086 -10.976849555969238 0.2
5.249200344085693 -13.54024887084961 -10.979948997497559 0.2
5.089300155639648 -13.547351837158203 -11.112449645996094 0.2
5.046060562133789 -13.650352478027344 -11.28804874420166 0.2
5.142250061035156 -13.81595230102539 -11.365348815917969 0.2
5.240920066833496 -13.998451232910156 -11.341949462890625 0.2
5.175800323486328 -14.182149887084961 -11.277249336242676 0.2
4.982500076293945 -14.246850967407227 -11.241549491882324 0.2
4.783820152282715 -14.189750671386719 -11.256049156188965 0.2
4.698430061340332 -14.009349822998047 -11.304948806762695 0.2
4.772980213165283 -13.815250396728516 -11.3246488571167 0.2
4.8615803718566895 -13.646751403808594 -11.243148803710938 0.2
4.852290153503418 -13.558551788330078 -11.053349494934082 0.2
4.736700057983398 -13.556949615478516 -10.880549430847168 0.2
4.553120136260986 -13.63705062866211 -10.849449157714844 0.2
4.486400127410889 -13.781051635742188 -10.982449531555176 0.2
4.545420169830322 -13.951950073242188 -11.091949462890625 0.2
4.646790504455566 -14.133150100708008 -11.097949028015137 0.2
4.687800407409668 -14.272550582885742 -10.953749656677246 0.2
4.542010307312012 -14.338150024414062 -10.827249526977539 0.2
4.333120346069336 -14.335550308227539 -10.81994915008545 0.2
4.1528000831604 -14.28805160522461 -10.909449577331543 0.2
4.127190113067627 -14.186151504516602 -11.083349227905273 0.2
4.232120513916016 -14.024351119995117 -11.163249015808105 0.2
4.319740295410156 -13.838050842285156 -11.12514877319336 0.2
4.328900337219238 -13.6634521484375 -11.009549140930176 0.2
4.175240516662598 -13.547149658203125 -10.945849418640137 0.2
3.9913711547851562 -13.523052215576172 -11.038848876953125 0.2
3.893233299255371 -13.58584976196289 -11.211249351501465 0.2
3.9400973320007324 -13.739151000976562 -11.341849327087402 0.2
4.057140350341797 -13.91305160522461 -11.352648735046387 0.2
4.063240051269531 -14.110750198364258 -11.299249649047852 0.2
3.9023261070251465 -14.22504997253418 -11.240949630737305 0.2
3.694394111633301 -14.213251113891602 -11.228448867797852 0.2
3.5520012378692627 -14.06974983215332 -11.265949249267578 0.2
3.5786592960357666 -13.868049621582031 -11.30324935913086 0.2
3.683363199234009 -13.690650939941406 -11.271749496459961 0.2
3.720172166824341 -13.5655517578125 -11.109249114990234 0.2
3.6429390907287598 -13.536251068115234 -10.91724967956543 0.2
3.4734582901000977 -13.58584976196289 -10.81364917755127 0.2
3.343407154083252 -13.713249206542969 -10.901948928833008 0.2
3.3695201873779297 -13.87845230102539 -11.034249305725098 0.2
3.459172248840332 -14.058950424194336 -11.087749481201172 0.2
3.5515291690826416 -14.218151092529297 -10.993148803710938 0.2
3.471710205078125 -14.310550689697266 -10.831549644470215 0.2
3.2716872692108154 -14.328350067138672 -10.777249336242676 0.2
3.0691580772399902 -14.299251556396484 -10.818948745727539 0.2
2.965787172317505 -14.219249725341797 -10.974848747253418 0.2
3.039940357208252 -14.077850341796875 -11.106549263000488 0.2
3.139449119567871 -13.894050598144531 -11.10884952545166 0.2
3.190615177154541 -13.70975112915039 -11.02194881439209 0.2
3.094879627227783 -13.566650390625 -10.909749031066895 0.2
2.898724317550659 -13.513751983642578 -10.943649291992188 0.2
2.7507152557373047 -13.546749114990234 -11.086249351501465 0.2
2.739969253540039 -13.67755126953125 -11.246648788452148 0.2
2.851318120956421 -13.84524917602539 -11.300048828125 0.2
2.9158637523651123 -14.038850784301758 -11.26724910736084 0.2
2.8076932430267334 -14.196451187133789 -11.191549301147461 0.2
2.6057353019714355 -14.223550796508789 -11.147748947143555 0.2
2.424142360687256 -14.12605094909668 -11.155549049377441 0.2
2.389634132385254 -13.928050994873047 -11.197548866271973 0.2
2.4842302799224854 -13.741249084472656 -11.207849502563477 0.2
2.5612382888793945 -13.588951110839844 -11.089749336242676 0.2
2.5399601459503174 -13.532649993896484 -10.889549255371094 0.2
2.4120922088623047 -13.557552337646484 -10.728849411010742 0.2
2.241330146789551 -13.665050506591797 -10.73974895477295 0.2
2.2156102657318115 -13.821250915527344 -10.879949569702148 0.2
2.283022165298462 -13.99635124206543 -10.97404956817627 0.2
2.3953943252563477 -14.16884994506836 -10.941649436950684 0.2
2.401397228240967 -14.286149978637695 -10.776549339294434 0.2
2.23219633102417 -14.328950881958008 -10.668048858642578 0.2
2.023369312286377 -14.315549850463867 -10.660449028015137 0.2
1.8604302406311035 -14.254951477050781 -10.769248962402344 0.2
1.8706802129745483 -14.134950637817383 -10.934948921203613 0.2
1.9690302610397339 -13.957950592041016 -10.984349250793457 0.2
2.045842170715332 -13.769752502441406 -10.933149337768555 0.2
2.016712188720703 -13.607749938964844 -10.804948806762695 0.2
1.8350201845169067 -13.524951934814453 -10.767949104309082 0.2
1.6531102657318115 -13.531749725341797 -10.868449211120605 0.2
1.5752102136611938 -13.63125228881836 -11.03394889831543 0.2
1.6530401706695557 -13.794750213623047 -11.132948875427246 0.2
1.7583001852035522 -13.975250244140625 -11.133349418640137 0.2
1.7149202823638916 -14.162050247192383 -11.059649467468262 0.2
1.5363801717758179 -14.234251022338867 -10.98384952545166 0.2
1.337400197982788 -14.184350967407227 -10.95414924621582 0.2
1.2371501922607422 -14.00724983215332 -10.98224925994873 0.2
1.3007702827453613 -13.811649322509766 -11.01824951171875 0.2
1.4020702838897705 -13.640949249267578 -10.95944881439209 0.2
1.4314302206039429 -13.550949096679688 -10.772549629211426 0.2
1.3553202152252197 -13.550651550292969 -10.578948974609375 0.2
1.1855201721191406 -13.635250091552734 -10.507248878479004 0.2
1.0950002670288086 -13.782352447509766 -10.621149063110352 0.2
1.1335402727127075 -13.952449798583984 -10.74074935913086 0.2
1.236200213432312 -14.13075065612793 -10.769649505615234 0.2
1.3137502670288086 -14.268350601196289 -10.639549255371094 0.2
1.2037502527236938 -14.338550567626953 -10.48284912109375 0.2
1.0024001598358154 -14.343351364135742 -10.42704963684082 0.2
0.8046402931213379 -14.303150177001953 -10.472249031066895 0.2
0.7358202934265137 -14.204750061035156 -10.636049270629883 0.2
0.8142802715301514 -14.041650772094727 -10.740049362182617 0.2
0.9027903079986572 -13.85245132446289 -10.726149559020996 0.2
0.931260347366333 -13.675350189208984 -10.617949485778809 0.2
0.7922501564025879 -13.564151763916016 -10.520049095153809 0.2
0.5894002914428711 -13.547050476074219 -10.561348915100098 0.2
0.45344018936157227 -13.616950988769531 -10.702349662780762 0.2
0.47602033615112305 -13.770050048828125 -10.839049339294434 0.2
0.5946602821350098 -13.938650131225586 -10.878449440002441 0.2
0.6179001331329346 -14.135551452636719 -10.827649116516113 0.2
0.4783201217651367 -14.252050399780273 -10.731049537658691 0.2
0.28016018867492676 -14.243751525878906 -10.666449546813965 0.2
0.13158011436462402 -14.101751327514648 -10.664849281311035 0.2
0.14423012733459473 -13.89895248413086 -10.703848838806152 0.2
0.24662017822265625 -13.717948913574219 -10.693549156188965 0.2
0.3196401596069336 -13.595951080322266 -10.540849685668945 0.2
0.2955801486968994 -13.573150634765625 -10.334548950195312 0.2
0.15963029861450195 -13.63125228881836 -10.19334888458252 0.2
0.016720294952392578 -13.761749267578125 -10.251648902893066 0.2
0.015560150146484375 -13.9239501953125 -10.390349388122559 0.2
0.09335017204284668 -14.101350784301758 -10.467649459838867 0.2
0.2087101936340332 -14.259550094604492 -10.400649070739746 0.2
0.17005014419555664 -14.35715103149414 -10.227449417114258 0.2
-0.01170969009399414 -14.381549835205078 -10.129348754882812 0.2
-0.21902966499328613 -14.357650756835938 -10.122949600219727 0.2
-0.35724973678588867 -14.279350280761719 -10.24994945526123 0.2
-0.31784987449645996 -14.13585090637207 -10.393749237060547 0.2
-0.2248396873474121 -13.950050354003906 -10.415449142456055 0.2
-0.15933966636657715 -13.765251159667969 -10.339749336242676 0.2
-0.23056983947753906 -13.624252319335938 -10.20824909210205 0.2
-0.4302396774291992 -13.575252532958984 -10.200749397277832 0.2
-0.6034097671508789 -13.610851287841797 -10.310949325561523 0.2
-0.6459298133850098 -13.741050720214844 -10.466548919677734 0.2
-0.5464298725128174 -13.907150268554688 -10.543349266052246 0.2
-0.4726698398590088 -14.099550247192383 -10.526049613952637 0.2
-0.5588397979736328 -14.259950637817383 -10.43074893951416 0.2
-0.7464497089385986 -14.29275131225586 -10.346049308776855 0.2
-0.9281296730041504 -14.200250625610352 -10.315349578857422 0.2
-0.9748396873474121 -14.003250122070312 -10.348949432373047 0.2
-0.8865096569061279 -13.815452575683594 -10.37864875793457 0.2
-0.7900598049163818 -13.66135025024414 -10.278348922729492 0.2
-0.7753796577453613 -13.603649139404297 -10.07814884185791 0.2
-0.8712897300720215 -13.629051208496094 -9.896549224853516 0.2
-1.039029598236084 -13.739349365234375 -9.873449325561523 0.2
-1.0874099731445312 -13.897151947021484 -10.005148887634277 0.2
-1.034989833831787 -14.071550369262695 -10.109649658203125 0.2
-0.9153897762298584 -14.241950988769531 -10.100249290466309 0.2
-0.8746497631072998 -14.35995101928711 -9.94054889678955 0.2
-1.0177297592163086 -14.407451629638672 -9.800949096679688 0.2
-1.2210197448730469 -14.400251388549805 -9.751548767089844 0.2
-1.4044899940490723 -14.346151351928711 -9.825348854064941 0.2
-1.4315299987792969 -14.229650497436523 -9.991449356079102 0.2
-1.3481197357177734 -14.052450180053711 -10.062549591064453 0.2
-1.2670297622680664 -13.862049102783203 -10.030348777770996 0.2
-1.2755999565124512 -13.697151184082031 -9.90264892578125 0.2
-1.4482598304748535 -13.61655044555664 -9.832249641418457 0.2
-1.646589756011963 -13.628349304199219 -9.893349647521973 0.2
-1.7529897689819336 -13.732349395751953 -10.038848876953125 0.2
-1.690929889678955 -13.895149230957031 -10.149349212646484 0.2
-1.582979679107666 -14.073051452636719 -10.168048858642578 0.2
-1.6077399253845215 -14.259349822998047 -10.08544921875 0.2
-1.767509937286377 -14.332950592041016 -9.976449012756348 0.2
-1.9580798149108887 -14.285551071166992 -9.910149574279785 0.2
-2.065359592437744 -14.110549926757812 -9.91974925994873 0.2
-2.014159679412842 -13.914051055908203 -9.96834945678711 0.2
-1.907449722290039 -13.74074935913086 -9.930549621582031 0.2
-1.8444995880126953 -13.648551940917969 -9.753349304199219 0.2
-1.881619930267334 -13.647350311279297 -9.548748970031738 0.2
-2.0334396362304688 -13.733650207519531 -9.445549011230469 0.2
-2.140929698944092 -13.88275146484375 -9.53964900970459 0.2
-2.121549606323242 -14.053251266479492 -9.66344928741455 0.2
-2.0231895446777344 -14.23015022277832 -9.710148811340332 0.2
-1.919759750366211 -14.365550994873047 -9.596749305725098 0.2
-1.9964900016784668 -14.436651229858398 -9.421749114990234 0.2
-2.1835098266601562 -14.445150375366211 -9.328948974609375 0.2
-2.387279987335205 -14.410850524902344 -9.336548805236816 0.2
-2.488849639892578 -14.319150924682617 -9.486549377441406 0.2
-2.43511962890625 -14.15825080871582 -9.60784912109375 0.2
-2.349149703979492 -13.9676513671875 -9.614648818969727 0.2
-2.304309844970703 -13.787052154541016 -9.51824951171875 0.2
-2.423609733581543 -13.674049377441406 -9.39894962310791 0.2
-2.6306395530700684 -13.660152435302734 -9.404349327087402 0.2
-2.789179801940918 -13.734149932861328 -9.516749382019043 0.2
-2.7917098999023438 -13.890350341796875 -9.651749610900879 0.2
-2.6797499656677246 -14.058549880981445 -9.708449363708496 0.2
-2.6409897804260254 -14.253351211547852 -9.65894889831543 0.2
-2.7547597885131836 -14.37135124206543 -9.534449577331543 0.2
-2.9362897872924805 -14.367650985717773 -9.431849479675293 0.2
-3.0871996879577637 -14.230951309204102 -9.404048919677734 0.2
-3.0901098251342773 -14.029850006103516 -9.451848983764648 0.2
-2.9926199913024902 -13.846851348876953 -9.470748901367188 0.2
-2.8948397636413574 -13.716350555419922 -9.340949058532715 0.2
-2.8796796798706055 -13.686050415039062 -9.134749412536621 0.2
-2.9820098876953125 -13.742050170898438 -8.966649055480957 0.2
-3.128929615020752 -13.879249572753906 -8.988049507141113 0.2
-3.152869701385498 -14.04734992980957 -9.117049217224121 0.2
-3.085599899291992 -14.224950790405273 -9.202849388122559 0.2
-2.9513096809387207 -14.375751495361328 -9.157949447631836 0.2
-2.944849967956543 -14.466850280761719 -8.97714900970459 0.2
-3.097109794616699 -14.494050979614258 -8.838048934936523 0.2
-3.297879695892334 -14.478450775146484 -8.783248901367188 0.2
-3.4657397270202637 -14.411849975585938 -8.876649856567383 0.2
-3.46852970123291 -14.274049758911133 -9.03084945678711 0.2
-3.3919496536254883 -14.086650848388672 -9.082249641418457 0.2
-3.3202896118164062 -13.895950317382812 -9.031549453735352 0.2
-3.3664798736572266 -13.75265121459961 -8.89164924621582 0.2
-3.5596799850463867 -13.71145248413086 -8.832550048828125 0.2
-3.754089832305908 -13.758750915527344 -8.889348983764648 0.2
-3.8261799812316895 -13.898151397705078 -9.024148941040039 0.2
-3.739149570465088 -14.06155014038086 -9.119648933410645 0.2
-3.6552295684814453 -14.250249862670898 -9.11574935913086 0.2
-3.707399845123291 -14.408151626586914 -8.995049476623535 0.2
-3.8637399673461914 -14.442350387573242 -8.861549377441406 0.2
-4.033139705657959 -14.353351593017578 -8.785049438476562 0.2
-4.094269752502441 -14.158950805664062 -8.809549331665039 0.2
-4.026639938354492 -13.968549728393555 -8.865148544311523 0.2
-3.913419723510742 -13.80875015258789 -8.796548843383789 0.2
-3.844289779663086 -13.74625015258789 -8.609548568725586 0.2
-3.882689952850342 -13.771049499511719 -8.407949447631836 0.2
-4.03201961517334 -13.88785171508789 -8.338048934936523 0.2
-4.107509613037109 -14.051050186157227 -8.448848724365234 0.2
-4.078779697418213 -14.226251602172852 -8.560649871826172 0.2
-3.9530797004699707 -14.391050338745117 -8.581949234008789 0.2
-3.863119602203369 -14.501251220703125 -8.437549591064453 0.2
-3.9579296112060547 -14.549650192260742 -8.261749267578125 0.2
-4.138429641723633 -14.549150466918945 -8.15584945678711 0.2
-4.337799549102783 -14.505651473999023 -8.175048828125 0.2
-4.417119979858398 -14.396551132202148 -8.328948974609375 0.2
-4.36644983291626 -14.21875 -8.424749374389648 0.2
-4.28849983215332 -14.024450302124023 -8.421249389648438 0.2
-4.268029689788818 -13.855449676513672 -8.300348281860352 0.2
-4.417299747467041 -13.779048919677734 -8.185949325561523 0.2
-4.624009609222412 -13.800651550292969 -8.188848495483398 0.2
-4.762749671936035 -13.913951873779297 -8.294549942016602 0.2
-4.7282795906066895 -14.07925033569336 -8.413049697875977 0.2
-4.621979713439941 -14.253650665283203 -8.456850051879883 0.2
-4.611479759216309 -14.437049865722656 -8.365249633789062 0.2
-4.726539611816406 -14.513450622558594 -8.211149215698242 0.2
-4.890329837799072 -14.47275161743164 -8.090950012207031 0.2
-5.00568962097168 -14.303951263427734 -8.07284927368164 0.2
-4.982819557189941 -14.108650207519531 -8.142749786376953 0.2
-4.879329681396484 -13.929550170898438 -8.146648406982422 0.2
-4.772669792175293 -13.825950622558594 -7.999349594116211 0.2
-4.7483296394348145 -13.817852020263672 -7.792949676513672 0.2
-4.855259895324707 -13.907451629638672 -7.645750045776367 0.2
-4.975989818572998 -14.067850112915039 -7.695949554443359 0.2
-4.98475980758667 -14.243551254272461 -7.812950134277344 0.2
-4.891729831695557 -14.415550231933594 -7.882450103759766 0.2
-4.747859954833984 -14.53645133972168 -7.80164909362793 0.2
-4.759909629821777 -14.600250244140625 -7.608249664306641 0.2
-4.9047698974609375 -14.61305046081543 -7.458148956298828 0.2
-5.101280212402344 -14.58905029296875 -7.398948669433594 0.2
-5.251219749450684 -14.507650375366211 -7.509248733520508 0.2
-5.251299858093262 -14.347450256347656 -7.642749786376953 0.2
-5.185349464416504 -14.152450561523438 -7.680549621582031 0.2
-5.122439384460449 -13.966449737548828 -7.607248306274414 0.2
-5.20419979095459 -13.85634994506836 -7.4577484130859375 0.2
-5.4023895263671875 -13.855548858642578 -7.396249771118164 0.2
-5.583209991455078 -13.944049835205078 -7.448549270629883 0.2
-5.61985969543457 -14.107049942016602 -7.569950103759766 0.2
-5.522459983825684 -14.27225112915039 -7.654949188232422 0.2
-5.456299781799316 -14.461851119995117 -7.614749908447266 0.2
-5.512899398803711 -14.579151153564453 -7.455348968505859 0.2
-5.64877986907959 -14.580450057983398 -7.297149658203125 0.2
-5.791669845581055 -14.451850891113281 -7.22454833984375 0.2
-5.826359748840332 -14.254951477050781 -7.277050018310547 0.2
-5.755579948425293 -14.068349838256836 -7.336248397827148 0.2
-5.631629943847656 -13.923851013183594 -7.251949310302734 0.2
-5.552959442138672 -13.880752563476562 -7.063249588012695 0.2
-5.58866024017334 -13.934452056884766 -6.868949890136719 0.2
-5.72091007232666 -14.084150314331055 -6.834749221801758 0.2
-5.7721099853515625 -14.262250900268555 -6.93964958190918 0.2
-5.720429420471191 -14.439250946044922 -7.036949157714844 0.2
-5.563449859619141 -14.573850631713867 -7.03594970703125 0.2
-5.484930038452148 -14.649450302124023 -6.865049362182617 0.2
-5.57174015045166 -14.677350997924805 -6.677848815917969 0.2
-5.737909317016602 -14.672550201416016 -6.551849365234375 0.2
-5.932629585266113 -14.621551513671875 -6.580148696899414 0.2
-6.0023698806762695 -14.489049911499023 -6.723148345947266 0.2
-5.967439651489258 -14.298551559448242 -6.801448822021484 0.2
-5.899439811706543 -14.100650787353516 -6.7823486328125 0.2
-5.907589912414551 -13.956951141357422 -6.636049270629883 0.2
-6.068789482116699 -13.930648803710938 -6.509550094604492 0.2
-6.263629913330078 -13.999351501464844 -6.487649917602539 0.2
-6.361929893493652 -14.154850006103516 -6.582048416137695 0.2
-6.299530029296875 -14.317251205444336 -6.697149276733398 0.2
-6.205470085144043 -14.500150680541992 -6.714550018310547 0.2
-6.195699691772461 -14.649450302124023 -6.5733489990234375 0.2
-6.28577995300293 -14.682149887084961 -6.388149261474609 0.2
-6.419770240783691 -14.595849990844727 -6.257648468017578 0.2
-6.499489784240723 -14.406949996948242 -6.267648696899414 0.2
-6.473889350891113 -14.216449737548828 -6.351648330688477 0.2
-6.35591983795166 -14.046451568603516 -6.333349227905273 0.2
-6.227169990539551 -13.970951080322266 -6.187349319458008 0.2
-6.185659408569336 -13.99114990234375 -5.985849380493164 0.2
-6.287789344787598 -14.118551254272461 -5.866849899291992 0.2
-6.3826494216918945 -14.294851303100586 -5.93604850769043 0.2
-6.379829406738281 -14.474851608276367 -6.043149948120117 0.2
-6.2514495849609375 -14.627250671386719 -6.104148864746094 0.2
-6.103799819946289 -14.716350555419922 -5.997650146484375 0.2
-6.118860244750977 -14.757150650024414 -5.796148300170898 0.2
-6.240079879760742 -14.762250900268555 -5.62554931640625 0.2
-6.433879852294922 -14.729150772094727 -5.568748474121094 0.2
-6.5698699951171875 -14.623451232910156 -5.6806488037109375 0.2
-6.57228946685791 -14.441650390625 -5.783048629760742 0.2
-6.512259483337402 -14.242050170898438 -5.806049346923828 0.2
-6.461939811706543 -14.072851181030273 -5.695749282836914 0.2
-6.56520938873291 -14.011850357055664 -5.531148910522461 0.2
-6.751930236816406 -14.054250717163086 -5.450448989868164 0.2
-6.90487003326416 -14.187450408935547 -5.497049331665039 0.2
-6.898469924926758 -14.354650497436523 -5.619049072265625 0.2
-6.806419372558594 -14.526250839233398 -5.693948745727539 0.2
-6.750309944152832 -14.701950073242188 -5.603048324584961 0.2
-6.794260025024414 -14.773151397705078 -5.413448333740234 0.2
-6.904839515686035 -14.73175048828125 -5.243249893188477 0.2
-7.014299392700195 -14.564950942993164 -5.193149566650391 0.2
-7.027400016784668 -14.371049880981445 -5.270448684692383 0.2
-6.941479682922363 -14.18655014038086 -5.308849334716797 0.2
-6.795889854431152 -14.074050903320312 -5.208648681640625 0.2
-6.70281982421875 -14.059249877929688 -5.023248672485352 0.2
-6.751230239868164 -14.152250289916992 -4.849948883056641 0.2
-6.872849464416504 -14.320751190185547 -4.858148574829102 0.2
-6.908510208129883 -14.502050399780273 -4.960248947143555 0.2
-6.832159996032715 -14.671751022338867 -5.05314826965332 0.2
-6.660869598388672 -14.780050277709961 -5.023550033569336 0.2
-6.600859642028809 -14.836050033569336 -4.836248397827148 0.2
-6.679299354553223 -14.852651596069336 -4.642749786376953 0.2
-6.843629837036133 -14.837150573730469 -4.518749237060547 0.2
-7.024399757385254 -14.761550903320312 -4.573749542236328 0.2
-7.075200080871582 -14.598751068115234 -4.694549560546875 0.2
-7.034299850463867 -14.400251388549805 -4.747949600219727 0.2
-6.959829330444336 -14.211750030517578 -4.692548751831055 0.2
-6.9994001388549805 -14.109251022338867 -4.521549224853516 0.2
-7.163999557495117 -14.121749877929688 -4.39484977722168 0.2
-7.343500137329102 -14.226449966430664 -4.387449264526367 0.2
-7.399999618530273 -14.395851135253906 -4.492448806762695 0.2
-7.326899528503418 -14.560550689697266 -4.600349426269531 0.2
-7.24269962310791 -14.74625015258789 -4.5769500732421875 0.2
-7.239099502563477 -14.858251571655273 -4.403848648071289 0.2
-7.319700241088867 -14.859050750732422 -4.211248397827148 0.2
-7.441699981689453 -14.732049942016602 -4.104648590087891 0.2
-7.497799873352051 -14.53754997253418 -4.149049758911133 0.2
-7.455399513244629 -14.348451614379883 -4.225948333740234 0.2
-7.319899559020996 -14.195951461791992 -4.180849075317383 0.2
-7.195099830627441 -14.144149780273438 -4.021450042724609 0.2
-7.176400184631348 -14.195350646972656 -3.8239498138427734 0.2
-7.2906999588012695 -14.349050521850586 -3.755949020385742 0.2
-7.359999656677246 -14.532350540161133 -3.839649200439453 0.2
-7.32759952545166 -14.71135139465332 -3.9423484802246094 0.2
-7.170100212097168 -14.83945083618164 -3.9843482971191406 0.2
-7.040299415588379 -14.905950546264648 -3.8429489135742188 0.2
-7.0647993087768555 -14.93385124206543 -3.6375484466552734 0.2
-7.185999870300293 -14.935150146484375 -3.467649459838867 0.2
-7.383099555969238 -14.891950607299805 -3.442049026489258 0.2
-7.493000030517578 -14.759750366210938 -3.5584487915039062 0.2
-7.487199783325195 -14.566650390625 -3.638948440551758 0.2
-7.422399520874023 -14.366050720214844 -3.633150100708008 0.2
-7.399600028991699 -14.224250793457031 -3.486349105834961 0.2
-7.5214996337890625 -14.204050064086914 -3.3198490142822266 0.2
-7.699899673461914 -14.28165054321289 -3.2478485107421875 0.2
-7.808199882507324 -14.443851470947266 -3.3176498413085938 0.2
-7.769700050354004 -14.608449935913086 -3.441049575805664 0.2
-7.677199363708496 -14.789451599121094 -3.4807491302490234 0.2
-7.620999336242676 -14.935850143432617 -3.3469486236572266 0.2
-7.65880012512207 -14.97035026550293 -3.144449234008789 0.2
-7.763599395751953 -14.889650344848633 -2.9861488342285156 0.2
-7.855500221252441 -14.705650329589844 -2.978649139404297 0.2
-7.860899925231934 -14.515350341796875 -3.0674495697021484 0.2
-7.755199432373047 -14.336250305175781 -3.0791492462158203 0.2
-7.604700088500977 -14.245750427246094 -2.965648651123047 0.2
-7.5214996337890625 -14.256549835205078 -2.7762489318847656 0.2
-7.590999603271484 -14.383150100708008 -2.6346492767333984 0.2
-7.690299987792969 -14.56515121459961 -2.678049087524414 0.2
-7.698399543762207 -14.749750137329102 -2.7774486541748047 0.2
-7.5824995040893555 -14.899250030517578 -2.866849899291992 0.2
-7.403900146484375 -14.97705078125 -2.808248519897461 0.2
-7.354700088500977 -15.015850067138672 -2.611349105834961 0.2
-7.419099807739258 -15.029150009155273 -2.4122486114501953 0.2
-7.592100143432617 -15.010749816894531 -2.3045482635498047 0.2
-7.759499549865723 -14.91495132446289 -2.376649856567383 0.2
-7.800199508666992 -14.734149932861328 -2.47344970703125 0.2
-7.76099967956543 -14.530349731445312 -2.505849838256836 0.2
-7.699399948120117 -14.359251022338867 -2.4036483764648438 0.2
-7.756199836730957 -14.30095100402832 -2.214649200439453 0.2
-7.905599594116211 -14.34695053100586 -2.0792484283447266 0.2
-8.052000045776367 -14.493949890136719 -2.093648910522461 0.2
-8.05929946899414 -14.66295051574707 -2.2149486541748047 0.2
-7.983499526977539 -14.833850860595703 -2.3080501556396484 0.2
-7.892199516296387 -15.003351211547852 -2.233949661254883 0.2
-7.874499320983887 -15.070850372314453 -2.0385494232177734 0.2
-7.937399864196777 -15.030349731445312 -1.8451499938964844 0.2
-8.041600227355957 -14.868450164794922 -1.7710494995117188 0.2
-8.085100173950195 -14.676050186157227 -1.841949462890625 0.2
-8.023499488830566 -14.486150741577148 -1.8986492156982422 0.2
-7.8660993576049805 -14.360950469970703 -1.8375492095947266 0.2
-7.733099937438965 -14.335651397705078 -1.6794490814208984 0.2
-7.738699913024902 -14.425651550292969 -1.4978485107421875 0.2
-7.852700233459473 -14.598451614379883 -1.4774494171142578 0.2
-7.895699501037598 -14.785650253295898 -1.5651493072509766 0.2
-7.835599899291992 -14.954851150512695 -1.6718482971191406 0.2
-7.6561994552612305 -15.051750183105469 -1.700948715209961 0.2
-7.530200004577637 -15.100950241088867 -1.5469493865966797 0.2
-7.53380012512207 -15.125751495361328 -1.3385486602783203 0.2
-7.648499488830566 -15.126550674438477 -1.1669483184814453 0.2
-7.843099594116211 -15.066450119018555 -1.1628494262695312 0.2
-7.939299583435059 -14.907951354980469 -1.260549545288086 0.2
-7.931099891662598 -14.706451416015625 -1.3182487487792969 0.2
-7.861499786376953 -14.513351440429688 -1.2689495086669922 0.2
-7.855099678039551 -14.414451599121094 -1.0877494812011719 0.2
-7.9542999267578125 -14.422250747680664 -0.9047489166259766 0.2
-8.113999366760254 -14.54425048828125 -0.8552494049072266 0.2
-8.172200202941895 -14.717950820922852 -0.9535484313964844 0.2
-8.127399444580078 -14.883050918579102 -1.075948715209961 0.2
-8.031000137329102 -15.06505012512207 -1.0745487213134766 0.2
-7.9639997482299805 -15.168251037597656 -0.9084491729736328 0.2
-7.979000091552734 -15.163351058959961 -0.6999492645263672 0.2
-8.070499420166016 -15.035650253295898 -0.5660495758056641 0.2
-8.142499923706055 -14.842451095581055 -0.5936489105224609 0.2
-8.127799987792969 -14.649850845336914 -0.6728496551513672 0.2
-7.989199638366699 -14.492351531982422 -0.6628494262695312 0.2
-7.82919979095459 -14.434551239013672 -0.5411491394042969 0.2
-7.765399932861328 -14.482351303100586 -0.35234832763671875 0.2
-7.862500190734863 -14.63585090637207 -0.2604484558105469 0.2
-7.940999984741211 -14.822050094604492 -0.3264484405517578 0.2
-7.92609977722168 -15.003049850463867 -0.43144989013671875 0.2
-7.786299705505371 -15.127050399780273 -0.5234489440917969 0.2
-7.609799385070801 -15.187049865722656 -0.4407501220703125 0.2
-7.553999900817871 -15.221351623535156 -0.2420482635498047 0.2
-7.604800224304199 -15.23685073852539 -0.03994941711425781 0.2
-7.784699440002441 -15.20895004272461 0.05095100402832031 0.2
-7.932499885559082 -15.082250595092773 -0.022649765014648438 0.2
-7.961699485778809 -14.888450622558594 -0.09724998474121094 0.2
-7.908599853515625 -14.68375015258789 -0.09244918823242188 0.2
-7.853300094604492 -14.546051025390625 0.052249908447265625 0.2
-7.896100044250488 -14.51515007019043 0.25444984436035156 0.2
-8.039899826049805 -14.599851608276367 0.3728504180908203 0.2
-8.144399642944336 -14.769451141357422 0.31635093688964844 0.2
-8.13479995727539 -14.934850692749023 0.18634986877441406 0.2
-8.057299613952637 -15.11815071105957 0.12725067138671875 0.2
-7.956600189208984 -15.258050918579102 0.2418498992919922 0.2
-7.929200172424316 -15.285051345825195 0.4475517272949219 0.2
-7.987400054931641 -15.199649810791016 0.6264514923095703 0.2
-8.075599670410156 -15.014949798583984 0.6551513671875 0.2
-8.102700233459473 -14.822650909423828 0.5740509033203125 0.2
-8.002999305725098 -14.641349792480469 0.5408515930175781 0.2
-7.83329963684082 -14.549751281738281 0.6218509674072266 0.2
-7.717199325561523 -14.559249877929688 0.7935504913330078 0.2
-7.761899948120117 -14.683351516723633 0.9475517272949219 0.2
-7.866600036621094 -14.865150451660156 0.9236507415771484 0.2
-7.88700008392334 -15.051050186157227 0.8271503448486328 0.2
-7.797499656677246 -15.200250625610352 0.7097511291503906 0.2
-7.606800079345703 -15.274250030517578 0.7062511444091797 0.2
-7.49370002746582 -15.316150665283203 0.8747501373291016 0.2
-7.488299369812012 -15.340150833129883 1.0832500457763672 0.2
-7.620499610900879 -15.33584976196289 1.2396507263183594 0.2
-7.806099891662598 -15.24795150756836 1.2207508087158203 0.2
-7.878399848937988 -15.067649841308594 1.1419506072998047 0.2
-7.855500221252441 -14.860651016235352 1.1113510131835938 0.2
-7.777099609375 -14.690650939941406 1.2062511444091797 0.2
-7.7652997970581055 -14.623750686645508 1.4030513763427734 0.2
-7.866799354553223 -14.667850494384766 1.5751514434814453 0.2
-8.005499839782715 -14.82335090637207 1.5811500549316406 0.2
-8.032499313354492 -14.993850708007812 1.4626502990722656 0.2
-7.983799934387207 -15.169351577758789 1.3598499298095703 0.2
-7.871899604797363 -15.33595085144043 1.4111499786376953 0.2
-7.80210018157959 -15.397150039672852 1.5970516204833984 0.2
-7.8177995681762695 -15.352951049804688 1.7993507385253906 0.2
-7.907099723815918 -15.191751480102539 1.8940505981445312 0.2
-7.9670000076293945 -14.998950958251953 1.836050033569336 0.2
-7.925999641418457 -14.806150436401367 1.7684516906738281 0.2
-7.7652997970581055 -14.67555046081543 1.8029499053955078 0.2
-7.614899635314941 -14.65114974975586 1.9455509185791016 0.2
-7.587900161743164 -14.739749908447266 2.1271514892578125 0.2
-7.690799713134766 -14.915250778198242 2.1706504821777344 0.2
-7.739699363708496 -15.10365104675293 2.08905029296875 0.2
-7.69849967956543 -15.270650863647461 1.9689502716064453 0.2
-7.529999732971191 -15.3614501953125 1.8901500701904297 0.2
-7.362299919128418 -15.405851364135742 2.000051498413086 0.2
-7.304999351501465 -15.43545150756836 2.2002506256103516 0.2
-7.367199897766113 -15.447851181030273 2.3971500396728516 0.2
-7.557099342346191 -15.399650573730469 2.4547500610351562 0.2
-7.682799339294434 -15.244451522827148 2.389751434326172 0.2
-7.6992998123168945 -15.04155158996582 2.3381500244140625 0.2
-7.627799987792969 -14.846250534057617 2.3782501220703125 0.2
-7.569399833679199 -14.742950439453125 2.550050735473633 0.2
-7.608099937438965 -14.747051239013672 2.753551483154297 0.2
-7.746500015258789 -14.880050659179688 2.8311500549316406 0.2
-7.812899589538574 -15.058450698852539 2.7450504302978516 0.2
-7.79379940032959 -15.22854995727539 2.621950149536133 0.2
-7.6915998458862305 -15.407451629638672 2.604551315307617 0.2
-7.580399513244629 -15.502250671386719 2.7513504028320312 0.2
-7.546299934387207 -15.493249893188477 2.9579505920410156 0.2
-7.613299369812012 -15.368249893188477 3.109149932861328 0.2
-7.69849967956543 -15.178150177001953 3.1006507873535156 0.2
-7.721099853515625 -14.985151290893555 3.0208511352539062 0.2
-7.602899551391602 -14.813850402832031 2.997251510620117 0.2
-7.434999465942383 -14.755451202392578 3.1054515838623047 0.2
-7.338799476623535 -14.807950973510742 3.282550811767578 0.2
-7.388999938964844 -14.971651077270508 3.3958511352539062 0.2
-7.458000183105469 -15.166851043701172 3.3492507934570312 0.2
-7.453299522399902 -15.341251373291016 3.2316513061523438 0.2
-7.334499359130859 -15.450349807739258 3.099050521850586 0.2
-7.13599967956543 -15.491750717163086 3.1246509552001953 0.2
-7.02079963684082 -15.52035140991211 3.2976512908935547 0.2
-7.008600234985352 -15.540151596069336 3.5057506561279297 0.2
-7.156499862670898 -15.52225112915039 3.6453514099121094 0.2
-7.323299407958984 -15.397951126098633 3.626750946044922 0.2
-7.385099411010742 -15.203550338745117 3.5746517181396484 0.2
-7.340799331665039 -14.99635124206543 3.5682506561279297 0.2
-7.240900039672852 -14.859750747680664 3.688751220703125 0.2
-7.205499649047852 -14.83125114440918 3.8930511474609375 0.2
-7.296599388122559 -14.929651260375977 4.047550201416016 0.2
-7.399999618530273 -15.10835075378418 4.019750595092773 0.2
-7.42140007019043 -15.277650833129883 3.8953514099121094 0.2
-7.353699684143066 -15.459150314331055 3.8185501098632812 0.2
-7.212399482727051 -15.588550567626953 3.8982505798339844 0.2
-7.12399959564209 -15.611051559448242 4.087251663208008 0.2
-7.1356000900268555 -15.529050827026367 4.277351379394531 0.2
-7.222599983215332 -15.349651336669922 4.3343505859375 0.2
-7.287899971008301 -15.158950805664062 4.271150588989258 0.2
-7.235499382019043 -14.965850830078125 4.207651138305664 0.2
-7.062399864196777 -14.860549926757812 4.251251220703125 0.2
-6.924039840698242 -14.882650375366211 4.407251358032227 0.2
-6.90071964263916 -15.015649795532227 4.563051223754883 0.2
-6.970109939575195 -15.214950561523438 4.575351715087891 0.2
-6.998099327087402 -15.397550582885742 4.473850250244141 0.2
-6.938340187072754 -15.529850006103516 4.321451187133789 0.2
-6.75132942199707 -15.576749801635742 4.251150131225586 0.2
-6.584109306335449 -15.600650787353516 4.372350692749023 0.2
-6.50685977935791 -15.619050979614258 4.567649841308594 0.2
-6.580539703369141 -15.615951538085938 4.759550094604492 0.2
-6.759469985961914 -15.52385139465332 4.812749862670898 0.2
-6.858349800109863 -15.34065055847168 4.780651092529297 0.2
-6.858019828796387 -15.132450103759766 4.744550704956055 0.2
-6.742829322814941 -14.964950561523438 4.792150497436523 0.2
-6.6432600021362305 -14.910850524902344 4.967851638793945 0.2
-6.647259712219238 -14.966751098632812 5.16655158996582 0.2
-6.758919715881348 -15.13075065612793 5.23375129699707 0.2
-6.828740119934082 -15.304450988769531 5.137550354003906 0.2
-6.820650100708008 -15.478950500488281 5.021051406860352 0.2
-6.688429832458496 -15.639650344848633 5.0198516845703125 0.2
-6.552689552307129 -15.697750091552734 5.167150497436523 0.2
-6.498990058898926 -15.658050537109375 5.364850997924805 0.2
-6.557979583740234 -15.504251480102539 5.492650985717773 0.2
-6.639220237731934 -15.311450958251953 5.467851638793945 0.2
-6.646909713745117 -15.113851547241211 5.3968505859375 0.2
-6.500249862670898 -14.965850830078125 5.382051467895508 0.2
-6.330929756164551 -14.94635009765625 5.501951217651367 0.2
-6.248909950256348 -15.03805160522461 5.669151306152344 0.2
-6.297259330749512 -15.227951049804688 5.744850158691406 0.2
-6.348629951477051 -15.419151306152344 5.67125129699707 0.2
-6.345819473266602 -15.575050354003906 5.529150009155273 0.2
-6.213259696960449 -15.646249771118164 5.385250091552734 0.2
-6.0114593505859375 -15.666950225830078 5.4219512939453125 0.2
-5.881899833679199 -15.684150695800781 5.5881500244140625 0.2
-5.8670196533203125 -15.690450668334961 5.795551300048828 0.2
-6.017799377441406 -15.63224983215332 5.924551010131836 0.2
-6.149669647216797 -15.467350006103516 5.930950164794922 0.2
-6.193769454956055 -15.262750625610352 5.900850296020508 0.2
-6.110459327697754 -15.068851470947266 5.891151428222656 0.2
-5.96796989440918 -14.978950500488281 6.014251708984375 0.2
-5.891039848327637 -14.996150970458984 6.209150314331055 0.2
-5.953390121459961 -15.133050918579102 6.352251052856445 0.2
-6.053659439086914 -15.314451217651367 6.31505012512207 0.2
-6.098869323730469 -15.481050491333008 6.191650390625 0.2
-6.019060134887695 -15.657951354980469 6.116350173950195 0.2
-5.853859901428223 -15.75615119934082 6.19525146484375 0.2
-5.73954963684082 -15.752750396728516 6.372751235961914 0.2
-5.743529319763184 -15.640750885009766 6.548851013183594 0.2
-5.823569297790527 -15.450651168823242 6.588350296020508 0.2
-5.876039505004883 -15.25265121459961 6.5339508056640625 0.2
-5.788729667663574 -15.069049835205078 6.480951309204102 0.2
-5.605059623718262 -14.999549865722656 6.549051284790039 0.2
-5.469749450683594 -15.045051574707031 6.704450607299805 0.2
-5.465859413146973 -15.20785140991211 6.833250045776367 0.2
-5.530590057373047 -15.408050537109375 6.805450439453125 0.2
-5.566760063171387 -15.577051162719727 6.682350158691406 0.2
-5.515669822692871 -15.687950134277344 6.510950088500977 0.2
-5.324850082397461 -15.715551376342773 6.439250946044922 0.2
-5.1482696533203125 -15.731851577758789 6.552650451660156 0.2
-5.055419921875 -15.747251510620117 6.741750717163086 0.2
-5.129829406738281 -15.732250213623047 6.933750152587891 0.2
-5.284910202026367 -15.60675048828125 7.000450134277344 0.2
-5.366159439086914 -15.410751342773438 6.9985504150390625 0.2
-5.343629837036133 -15.200349807739258 6.978950500488281 0.2
-5.201290130615234 -15.061250686645508 7.039751052856445 0.2
-5.076990127563477 -15.039850234985352 7.20985221862793 0.2
-5.0577898025512695 -15.131351470947266 7.395151138305664 0.2
-5.156469345092773 -15.31195068359375 7.434652328491211 0.2
-5.236899375915527 -15.47504997253418 7.324850082397461 0.2
-5.235710144042969 -15.64375114440918 7.19835090637207 0.2
-5.086750030517578 -15.78805160522461 7.176950454711914 0.2
-4.931089878082275 -15.824350357055664 7.314050674438477 0.2
-4.869359970092773 -15.769250869750977 7.507551193237305 0.2
-4.926159858703613 -15.609149932861328 7.631952285766602 0.2
-4.998419761657715 -15.409351348876953 7.62495231628418 0.2
-4.975469589233398 -15.203550338745117 7.58125114440918 0.2
-4.813609600067139 -15.074649810791016 7.607751846313477 0.2
-4.654599666595459 -15.068851470947266 7.74744987487793 0.2
-4.589719772338867 -15.202150344848633 7.916452407836914 0.2
-4.651549816131592 -15.428350448608398 7.913850784301758 0.2
-4.701509952545166 -15.610851287841797 7.768449783325195 0.2
-4.690179824829102 -15.731151580810547 7.564050674438477 0.2
-4.506269931793213 -15.72665023803711 7.429952621459961 0.2
-4.303329944610596 -15.71095085144043 7.547151565551758 0.2
-4.225729942321777 -15.726751327514648 7.769052505493164 0.2
-4.345069885253906 -15.700651168823242 7.971349716186523 0.2
-4.465469837188721 -15.523750305175781 8.06934928894043 0.2
-4.49062967300415 -15.289649963378906 8.08955192565918 0.2
-4.332949638366699 -15.119550704956055 8.087152481079102 0.2
-4.103079795837402 -15.127450942993164 8.113252639770508 0.2
-3.9684996604919434 -15.275350570678711 8.020051956176758 0.2
-3.992849826812744 -15.485250473022461 7.944250106811523 0.2
-4.101019859313965 -15.678350448608398 7.963151931762695 0.2
-4.1951799392700195 -15.771650314331055 8.14375114440918 0.2
-4.103489875793457 -15.813051223754883 8.340250015258789 0.2
-3.9028897285461426 -15.824850082397461 8.43425178527832 0.2
-3.727919578552246 -15.748651504516602 8.331949234008789 0.2
-3.730459690093994 -15.566751480102539 8.202352523803711 0.2
-3.8007898330688477 -15.357450485229492 8.158349990844727 0.2
-3.882429599761963 -15.169151306152344 8.246850967407227 0.2
-3.8294596672058105 -15.076850891113281 8.438749313354492 0.2
-3.650399684906006 -15.065549850463867 8.567850112915039 0.2
-3.4564995765686035 -15.135551452636719 8.544351577758789 0.2
-3.410059928894043 -15.28955078125 8.408651351928711 0.2
-3.484489917755127 -15.462949752807617 8.307851791381836 0.2
-3.5349197387695312 -15.66775131225586 8.321752548217773 0.2
-3.455789566040039 -15.801050186157227 8.463048934936523 0.2
-3.282059669494629 -15.797950744628906 8.585351943969727 0.2
-3.119879722595215 -15.668750762939453 8.614751815795898 0.2
-3.1099095344543457 -15.461250305175781 8.578248977661133 0.2
-3.2062997817993164 -15.270450592041016 8.570150375366211 0.2
-3.2898898124694824 -15.115951538085938 8.688249588012695 0.2
-3.2234396934509277 -15.051250457763672 8.875452041625977 0.2
-3.043919563293457 -15.05525016784668 8.990449905395508 0.2
-2.855759620666504 -15.142950057983398 8.970151901245117 0.2
-2.819309711456299 -15.316751480102539 8.854951858520508 0.2
-2.9026598930358887 -15.500249862670898 8.78285026550293 0.2
-3.0252599716186523 -15.674751281738281 8.786649703979492 0.2
-3.0952095985412598 -15.789350509643555 8.946752548217773 0.2
-2.975069999694824 -15.832651138305664 9.113649368286133 0.2
-2.7769198417663574 -15.834150314331055 9.192850112915039 0.2
-2.5854897499084473 -15.776451110839844 9.131650924682617 0.2
-2.534489631652832 -15.617050170898438 9.003549575805664 0.2
-2.5824499130249023 -15.413351058959961 8.96095085144043 0.2
-2.64363956451416 -15.212850570678711 8.999849319458008 0.2
-2.625969886779785 -15.072549819946289 9.155752182006836 0.2
-2.4603495597839355 -15.021650314331055 9.277250289916992 0.2
-2.2250499725341797 -15.03645133972168 9.291952133178711 0.2
-2.107639789581299 -15.170249938964844 9.144449234008789 0.2
-2.1953797340393066 -15.363349914550781 9.037252426147461 0.2
-2.3104395866394043 -15.56985092163086 9.006551742553711 0.2
-2.2806496620178223 -15.77505111694336 9.110452651977539 0.2
-2.083589553833008 -15.844249725341797 9.221349716186523 0.2
-1.8564095497131348 -15.781450271606445 9.237852096557617 0.2
-1.7743096351623535 -15.570350646972656 9.184652328491211 0.2
-1.8470196723937988 -15.343351364135742 9.163652420043945 0.2
-1.9188799858093262 -15.128049850463867 9.230550765991211 0.2
-1.8483495712280273 -15.009050369262695 9.416749954223633 0.2
-1.6740999221801758 -15.039649963378906 9.563249588012695 0.2
-1.666489601135254 -15.212850570678711 9.698751449584961 0.2
-1.7996296882629395 -15.392950057983398 9.68644905090332 0.2
-1.9427299499511719 -15.550050735473633 9.608549118041992 0.2
-1.9785199165344238 -15.732650756835938 9.490751266479492 0.2
-1.8010196685791016 -15.848051071166992 9.42955207824707 0.2
-1.5865097045898438 -15.840850830078125 9.496450424194336 0.2
-1.4519596099853516 -15.733251571655273 9.637250900268555 0.2
-1.4397296905517578 -15.530050277709961 9.732049942016602 0.2
-1.46282958984375 -15.30765151977539 9.763051986694336 0.2
-1.4322099685668945 -15.093151092529297 9.711050033569336 0.2
-1.2612595558166504 -14.99155044555664 9.614252090454102 0.2
-1.0480899810791016 -15.022750854492188 9.604551315307617 0.2
-0.9396498203277588 -15.183450698852539 9.683950424194336 0.2
-1.014859676361084 -15.382949829101562 9.725351333618164 0.2
-1.137199878692627 -15.554750442504883 9.695451736450195 0.2
-1.252469539642334 -15.713951110839844 9.61414909362793 0.2
-1.2711997032165527 -15.800651550292969 9.423849105834961 0.2
-1.0985498428344727 -15.814849853515625 9.311750411987305 0.2
-0.8948397636413574 -15.807149887084961 9.372549057006836 0.2
-0.7749698162078857 -15.749351501464844 9.535051345825195 0.2
-0.7974898815155029 -15.587150573730469 9.676050186157227 0.2
-0.791799783706665 -15.382850646972656 9.741750717163086 0.2
-0.7674598693847656 -15.170450210571289 9.734750747680664 0.2
-0.6436097621917725 -15.031949996948242 9.638051986694336 0.2
-0.4339296817779541 -15.029550552368164 9.60365104675293 0.2
-0.2879798412322998 -15.135150909423828 9.703752517700195 0.2
-0.3901097774505615 -15.279550552368164 9.831850051879883 0.2
-0.5540897846221924 -15.419151306152344 9.856149673461914 0.2
-0.6939797401428223 -15.579851150512695 9.842050552368164 0.2
-0.7047598361968994 -15.775150299072266 9.764150619506836 0.2
-0.5315697193145752 -15.879850387573242 9.790349960327148 0.2
-0.3856496810913086 -15.815851211547852 9.928049087524414 0.2
-0.3494298458099365 -15.637350082397461 10.041250228881836 0.2
-0.3566598892211914 -15.425149917602539 10.020952224731445 0.2
-0.28979969024658203 -15.231050491333008 9.954851150512695 0.2
-0.10220980644226074 -15.15625 9.893651962280273 0.2
0.04093027114868164 -15.244850158691406 10.009450912475586 0.2
-0.013239860534667969 -15.376649856567383 10.164949417114258 0.2
-0.13734984397888184 -15.553451538085938 10.148351669311523 0.2
-0.19219970703125 -15.713850021362305 10.008352279663086 0.2
-0.12903976440429688 -15.820350646972656 9.835050582885742 0.2
0.06557011604309082 -15.891450881958008 9.83234977722168 0.2
0.20458030700683594 -15.947050094604492 9.981649398803711 0.2
0.15378022193908691 -16.00135040283203 10.173151016235352 0.2
-0.0365297794342041 -15.946550369262695 10.247350692749023 0.2
-0.18143987655639648 -15.790250778198242 10.260549545288086 0.2
-0.25674986839294434 -15.591850280761719 10.26555061340332 0.2
-0.1975998878479004 -15.391250610351562 10.30994987487793 0.2
-0.07394981384277344 -15.279251098632812 10.43855094909668 0.2
-0.00022983551025390625 -15.392650604248047 10.605951309204102 0.2
-0.0012097358703613281 -15.614551544189453 10.589349746704102 0.2
-0.006249666213989258 -15.811651229858398 10.479551315307617 0.2
0.1303403377532959 -15.958450317382812 10.381952285766602 0.2
0.35424017906188965 -15.955650329589844 10.38115119934082 0.2
0.4994802474975586 -15.834051132202148 10.493951797485352 0.2
0.4472203254699707 -15.652650833129883 10.611452102661133 0.2
0.2942202091217041 -15.490550994873047 10.645349502563477 0.2
0.1615002155303955 -15.31515121459961 10.600751876831055 0.2
0.19855022430419922 -15.152750015258789 10.454950332641602 0.2
0.40171027183532715 -15.074850082397461 10.401651382446289 0.2
0.6078603267669678 -15.109750747680664 10.472650527954102 0.2
