-19.77790069580078 13.164649963378906 6.371150970458984 0.2
-19.555200576782227 13.20684814453125 6.295249938964844 0.2
-19.45479965209961 13.412147521972656 6.258550643920898 0.2
-19.53179931640625 13.608348846435547 6.365650177001953 0.2
-19.569499969482422 13.703048706054688 6.578151702880859 0.2
-19.435400009155273 13.673149108886719 6.7727508544921875 0.2
-19.228899002075195 13.638748168945312 6.886650085449219 0.2
-19.018098831176758 13.613048553466797 6.794950485229492 0.2
-18.989999771118164 13.51824951171875 6.58125114440918 0.2
-19.09910011291504 13.40224838256836 6.400550842285156 0.2
-19.26420021057129 13.247150421142578 6.336750030517578 0.2
-19.383298873901367 13.126850128173828 6.496150970458984 0.2
-19.375598907470703 13.058849334716797 6.729249954223633 0.2
-19.375200271606445 13.153350830078125 6.937551498413086 0.2
-19.36680030822754 13.381649017333984 7.009550094604492 0.2
-19.177099227905273 13.503047943115234 7.060750961303711 0.2
-18.944799423217773 13.501350402832031 7.131250381469727 0.2
-18.848499298095703 13.401451110839844 7.318449020385742 0.2
-18.957199096679688 13.21194839477539 7.391752243041992 0.2
-19.130199432373047 13.096649169921875 7.275651931762695 0.2
-19.185998916625977 13.017250061035156 7.061651229858398 0.2
-19.02199935913086 12.963550567626953 6.902351379394531 0.2
-18.782800674438477 12.962749481201172 6.864950180053711 0.2
-18.616199493408203 13.118648529052734 6.823251724243164 0.2
-18.662799835205078 13.349349975585938 6.823850631713867 0.2
-18.74839973449707 13.521949768066406 6.958850860595703 0.2
-18.679399490356445 13.553348541259766 7.17955207824707 0.2
-18.53019905090332 13.484050750732422 7.355051040649414 0.2
-18.30929946899414 13.412750244140625 7.36705207824707 0.2
-18.231698989868164 13.273948669433594 7.19725227355957 0.2
-18.32849884033203 13.140449523925781 7.022451400756836 0.2
-18.50320053100586 12.98904800415039 6.988151550292969 0.2
-18.623899459838867 12.894149780273438 7.167051315307617 0.2
-18.661100387573242 12.847549438476562 7.401250839233398 0.2
-18.723600387573242 12.998649597167969 7.559850692749023 0.2
-18.70549964904785 13.235950469970703 7.546651840209961 0.2
-18.51689910888672 13.368350982666016 7.567850112915039 0.2
-18.287700653076172 13.361148834228516 7.646650314331055 0.2
-18.194700241088867 13.355949401855469 7.858549118041992 0.2
-18.311599731445312 13.23324966430664 8.01445198059082 0.2
-18.484800338745117 13.080249786376953 7.959550857543945 0.2
-18.580400466918945 12.93294906616211 7.796350479125977 0.2
-18.47679901123047 12.790847778320312 7.647748947143555 0.2
-18.239700317382812 12.744949340820312 7.639249801635742 0.2
-18.010398864746094 12.804950714111328 7.641050338745117 0.2
-17.9468994140625 13.020450592041016 7.578752517700195 0.2
-18.007400512695312 13.248149871826172 7.609949111938477 0.2
-17.980499267578125 13.350650787353516 7.816049575805664 0.2
-17.896699905395508 13.30434799194336 8.04005241394043 0.2
-17.724599838256836 13.186748504638672 8.144250869750977 0.2
-17.63800048828125 13.003849029541016 8.030252456665039 0.2
-17.724599838256836 12.866649627685547 7.852849960327148 0.2
-17.903499603271484 12.720951080322266 7.825250625610352 0.2
-18.030399322509766 12.626049041748047 8.00684928894043 0.2
-18.156999588012695 12.632148742675781 8.206750869750977 0.2
-18.267799377441406 12.82864761352539 8.255151748657227 0.2
-18.222999572753906 13.051250457763672 8.17915153503418 0.2
-18.042098999023438 13.191848754882812 8.216451644897461 0.2
-17.853300094604492 13.16094970703125 8.362749099731445 0.2
-17.782499313354492 13.115249633789062 8.584650039672852 0.2
-17.920900344848633 13.006851196289062 8.73265266418457 0.2
-18.095800399780273 12.865348815917969 8.654352188110352 0.2
-18.1564998626709 12.704750061035156 8.48954963684082 0.2
-18.010900497436523 12.542449951171875 8.416349411010742 0.2
-17.80259895324707 12.468250274658203 8.513849258422852 0.2
-17.58329963684082 12.518348693847656 8.57765007019043 0.2
-17.47920036315918 12.713748931884766 8.500650405883789 0.2
-17.518199920654297 12.9427490234375 8.447450637817383 0.2
-17.579299926757812 13.105350494384766 8.600149154663086 0.2
-17.611099243164062 13.092548370361328 8.838750839233398 0.2
-17.566099166870117 12.983150482177734 9.045450210571289 0.2
-17.464399337768555 12.775550842285156 9.05525016784668 0.2
-17.45199966430664 12.597450256347656 8.894552230834961 0.2
-17.59160041809082 12.439449310302734 8.795351028442383 0.2
-17.789400100708008 12.355247497558594 8.896951675415039 0.2
-17.985599517822266 12.386650085449219 9.026151657104492 0.2
-18.10529899597168 12.586448669433594 9.023752212524414 0.2
-18.04290008544922 12.806747436523438 8.948751449584961 0.2
-17.882699966430664 12.978050231933594 8.975652694702148 0.2
-17.763500213623047 12.984249114990234 9.17485237121582 0.2
-17.778900146484375 12.899547576904297 9.401750564575195 0.2
-17.9330997467041 12.813751220703125 9.557550430297852 0.2
-18.10300064086914 12.671749114990234 9.481752395629883 0.2
-18.145000457763672 12.515548706054688 9.303651809692383 0.2
-18.033300399780273 12.31985092163086 9.243951797485352 0.2
-17.899599075317383 12.19704818725586 9.400251388549805 0.2
-17.74810028076172 12.19635009765625 9.583250045776367 0.2
-17.581899642944336 12.35934829711914 9.602052688598633 0.2
-17.53369903564453 12.58115005493164 9.518152236938477 0.2
-17.61870002746582 12.793750762939453 9.560049057006836 0.2
-17.765899658203125 12.854949951171875 9.73954963684082 0.2
-17.878000259399414 12.793251037597656 9.943151473999023 0.2
-17.852399826049805 12.600250244140625 10.070951461791992 0.2
-17.76599884033203 12.39114761352539 9.991750717163086 0.2
-17.775100708007812 12.21445083618164 9.831151962280273 0.2
-17.97049903869629 12.105548858642578 9.761850357055664 0.2
-18.208999633789062 12.107048034667969 9.807851791381836 0.2
-18.367000579833984 12.275749206542969 9.771451950073242 0.2
-18.3125 12.498649597167969 9.704851150512695 0.2
-18.166399002075195 12.689750671386719 9.722951889038086 0.2
-18.095800399780273 12.79494857788086 9.917951583862305 0.2
-18.18630027770996 12.757648468017578 10.138849258422852 0.2
-18.37419891357422 12.68594741821289 10.271852493286133 0.2
-18.54559898376465 12.545448303222656 10.198850631713867 0.2
-18.562000274658203 12.383148193359375 10.018949508666992 0.2
-18.474300384521484 12.174549102783203 9.949651718139648 0.2
-18.39889907836914 12.010948181152344 10.102849960327148 0.2
-18.347299575805664 11.978649139404297 10.335050582885742 0.2
-18.195499420166016 12.107749938964844 10.458650588989258 0.2
-18.084199905395508 12.31734848022461 10.40675163269043 0.2
-18.10650062561035 12.550548553466797 10.368349075317383 0.2
-18.280799865722656 12.68294906616211 10.462850570678711 0.2
-18.47760009765625 12.67544937133789 10.605749130249023 0.2
-18.560998916625977 12.519248962402344 10.762250900268555 0.2
-18.494998931884766 12.29024887084961 10.77134895324707 0.2
-18.42329978942871 12.090450286865234 10.652952194213867 0.2
-18.521099090576172 11.947750091552734 10.49275016784668 0.2
-18.75670051574707 11.92184829711914 10.440351486206055 0.2
-18.94409942626953 12.051651000976562 10.38005256652832 0.2
-18.917999267578125 12.277347564697266 10.31245231628418 0.2
-18.772199630737305 12.473648071289062 10.322351455688477 0.2
-18.692100524902344 12.633548736572266 10.476350784301758 0.2
-18.793699264526367 12.663249969482422 10.690450668334961 0.2
-18.993000030517578 12.60934829711914 10.819849014282227 0.2
-19.194799423217773 12.493350982666016 10.776250839233398 0.2
-19.226699829101562 12.328548431396484 10.602449417114258 0.2
-19.156299591064453 12.129447937011719 10.484052658081055 0.2
-19.09819984436035 11.92034912109375 10.577749252319336 0.2
-19.1299991607666 11.832347869873047 10.802152633666992 0.2
-19.0487003326416 11.902050018310547 11.012651443481445 0.2
-18.90559959411621 12.093048095703125 11.044851303100586 0.2
-18.834999084472656 12.320449829101562 10.99275016784668 0.2
-18.95359992980957 12.523250579833984 11.00724983215332 0.2
-19.17490005493164 12.576148986816406 11.097452163696289 0.2
-19.353099822998047 12.490047454833984 11.23335075378418 0.2
-19.364200592041016 12.266349792480469 11.309350967407227 0.2
-19.273300170898438 12.046749114990234 11.247751235961914 0.2
-19.26259994506836 11.863750457763672 11.092649459838867 0.2
-19.438098907470703 11.794548034667969 10.946752548217773 0.2
-19.656200408935547 11.869049072265625 10.874650955200195 0.2
-19.701900482177734 12.086048126220703 10.790849685668945 0.2
-19.57379913330078 12.294548034667969 10.797552108764648 0.2
-19.454999923706055 12.477149963378906 10.903852462768555 0.2
-19.51409912109375 12.57394790649414 11.112150192260742 0.2
-19.711599349975586 12.558547973632812 11.256349563598633 0.2
-19.939800262451172 12.480049133300781 11.253850936889648 0.2
-20.028099060058594 12.325748443603516 11.095151901245117 0.2
-19.96739959716797 12.145050048828125 10.938650131225586 0.2
-19.895599365234375 11.917850494384766 10.928449630737305 0.2
-19.939199447631836 11.760948181152344 11.105051040649414 0.2
-19.982398986816406 11.753547668457031 11.342248916625977 0.2
-19.866498947143555 11.898750305175781 11.490251541137695 0.2
-19.734399795532227 12.107048034667969 11.483549118041992 0.2
-19.730600357055664 12.345149993896484 11.457551956176758 0.2
-19.923900604248047 12.484447479248047 11.490152359008789 0.2
-20.155500411987305 12.477848052978516 11.569150924682617 0.2
-20.28529930114746 12.307548522949219 11.674150466918945 0.2
-20.2362003326416 12.069648742675781 11.670251846313477 0.2
-20.155899047851562 11.85894775390625 11.572351455688477 0.2
-20.216100692749023 11.729450225830078 11.380949020385742 0.2
-20.421199798583984 11.744148254394531 11.250852584838867 0.2
-20.536399841308594 11.91965103149414 11.138551712036133 0.2
-20.450599670410156 12.145347595214844 11.124052047729492 0.2
-20.31060028076172 12.331649780273438 11.20734977722168 0.2
-20.29450035095215 12.48434829711914 11.389249801635742 0.2
-20.47760009765625 12.523948669433594 11.543851852416992 0.2
-20.718900680541992 12.490348815917969 11.571451187133789 0.2
-20.876399993896484 12.374950408935547 11.43535041809082 0.2
-20.840599060058594 12.199848175048828 11.267148971557617 0.2
-20.757200241088867 11.987850189208984 11.178251266479492 0.2
-20.763399124145508 11.7718505859375 11.279451370239258 0.2
-20.893798828125 11.699249267578125 11.474550247192383 0.2
-20.889598846435547 11.775947570800781 11.699350357055664 0.2
-20.7549991607666 11.9615478515625 11.782251358032227 0.2
-20.647300720214844 12.182647705078125 11.77815055847168 0.2
-20.739299774169922 12.400249481201172 11.755250930786133 0.2
-20.974599838256836 12.472148895263672 11.755849838256836 0.2
-21.197500228881836 12.393550872802734 11.80885124206543 0.2
-21.254199981689453 12.1656494140625 11.85365104675293 0.2
-21.171600341796875 11.935348510742188 11.817850112915039 0.2
-21.121999740600586 11.748050689697266 11.673749923706055 0.2
-21.23040008544922 11.706550598144531 11.463651657104492 0.2
-21.375900268554688 11.823150634765625 11.306550979614258 0.2
-21.335100173950195 12.04935073852539 11.24165153503418 0.2
-21.2052001953125 12.242149353027344 11.326349258422852 0.2
-21.142398834228516 12.414947509765625 11.485651016235352 0.2
-21.290800094604492 12.517250061035156 11.642450332641602 0.2
-21.535499572753906 12.528549194335938 11.665449142456055 0.2
-21.73270034790039 12.465049743652344 11.540952682495117 0.2
-21.7273006439209 12.301750183105469 11.363252639770508 0.2
-21.625 12.105949401855469 11.251150131225586 0.2
-21.597000122070312 11.868648529052734 11.27855110168457 0.2
-21.74329948425293 11.736949920654297 11.416952133178711 0.2
-21.875099182128906 11.761947631835938 11.616350173950195 0.2
-21.81049919128418 11.91135025024414 11.793249130249023 0.2
-21.669300079345703 12.106849670410156 11.850252151489258 0.2
-21.63129997253418 12.343849182128906 11.836851119995117 0.2
-21.808198928833008 12.49844741821289 11.777650833129883 0.2
-22.051000595092773 12.506851196289062 11.737852096557617 0.2
-22.220399856567383 12.339950561523438 11.755651473999023 0.2
-22.196300506591797 12.096248626708984 11.760950088500977 0.2
-22.112199783325195 11.873550415039062 11.698652267456055 0.2
-22.093700408935547 11.759849548339844 11.489351272583008 0.2
-22.19719886779785 11.819950103759766 11.27454948425293 0.2
-22.183000564575195 12.019149780273438 11.144552230834961 0.2
-22.06879997253418 12.223548889160156 11.212350845336914 0.2
-21.980600357055664 12.393749237060547 11.368249893188477 0.2
-22.069900512695312 12.545848846435547 11.528348922729492 0.2
-22.304899215698242 12.60824966430664 11.544149398803711 0.2
-22.513399124145508 12.600948333740234 11.416749954223633 0.2
-22.555200576782227 12.479248046875 11.215749740600586 0.2
-22.451099395751953 12.285747528076172 11.103452682495117 0.2
-22.383100509643555 12.053348541259766 11.078451156616211 0.2
-22.503398895263672 11.865348815917969 11.161352157592773 0.2
-22.729999542236328 11.851348876953125 11.25505256652832 0.2
-22.815500259399414 11.958549499511719 11.449850082397461 0.2
-22.714399337768555 12.130550384521484 11.592351913452148 0.2
-22.596899032592773 12.33755111694336 11.65245246887207 0.2
-22.633899688720703 12.55904769897461 11.576349258422852 0.2
-22.81329917907715 12.652347564697266 11.435750961303711 0.2
-23.028499603271484 12.597248077392578 11.340551376342773 0.2
-23.12139892578125 12.376548767089844 11.341951370239258 0.2
-23.073999404907227 12.134349822998047 11.359151840209961 0.2
-22.984800338745117 11.939250946044922 11.250452041625977 0.2
-22.963699340820312 11.916248321533203 11.012350082397461 0.2
-22.94179916381836 12.055747985839844 10.817850112915039 0.2
-22.819000244140625 12.262248992919922 10.820550918579102 0.2
-22.73349952697754 12.430549621582031 10.979852676391602 0.2
-22.759899139404297 12.605350494384766 11.145051956176758 0.2
-22.956499099731445 12.740447998046875 11.157449722290039 0.2
-23.146499633789062 12.785148620605469 11.008550643920898 0.2
-23.21269989013672 12.720149993896484 10.787450790405273 0.2
-23.129199981689453 12.528247833251953 10.665349960327148 0.2
-23.04129981994629 12.299148559570312 10.644750595092773 0.2
-23.12139892578125 12.079448699951172 10.691652297973633 0.2
-23.358200073242188 12.029048919677734 10.70625114440918 0.2
-23.559499740600586 12.121849060058594 10.796552658081055 0.2
-23.559499740600586 12.284049987792969 10.973249435424805 0.2
-23.44099998474121 12.458747863769531 11.100652694702148 0.2
-23.359699249267578 12.681949615478516 11.086751937866211 0.2
-23.42020034790039 12.836849212646484 10.911149978637695 0.2
-23.565099716186523 12.866950988769531 10.717248916625977 0.2
-23.737600326538086 12.727649688720703 10.632452011108398 0.2
-23.782800674438477 12.490947723388672 10.672552108764648 0.2
-23.732500076293945 12.253150939941406 10.680051803588867 0.2
-23.619800567626953 12.124248504638672 10.515748977661133 0.2
-23.548099517822266 12.18124771118164 10.289251327514648 0.2
-23.395099639892578 12.348548889160156 10.215848922729492 0.2
-23.294198989868164 12.525249481201172 10.348451614379883 0.2
-23.2864990234375 12.699447631835938 10.520952224731445 0.2
-23.42009925842285 12.890148162841797 10.560750961303711 0.2
-23.575199127197266 12.987850189208984 10.401350021362305 0.2
-23.646699905395508 12.975849151611328 10.169149398803711 0.2
-23.58839988708496 12.805347442626953 10.014650344848633 0.2
-23.499500274658203 12.575950622558594 10.006952285766602 0.2
-23.542600631713867 12.343048095703125 10.043951034545898 0.2
-23.761199951171875 12.25014877319336 10.035650253295898 0.2
-23.986299514770508 12.334247589111328 10.008749008178711 0.2
-24.091800689697266 12.498550415039062 10.143251419067383 0.2
-24.01409912109375 12.659049987792969 10.310651779174805 0.2
-23.88749885559082 12.849349975585938 10.386449813842773 0.2
-23.834299087524414 13.036949157714844 10.25145149230957 0.2
-23.880599975585938 13.113250732421875 10.023550033569336 0.2
-24.02519989013672 13.060749053955078 9.841352462768555 0.2
-24.15559959411621 12.861648559570312 9.822751998901367 0.2
-24.18400001525879 12.62445068359375 9.876352310180664 0.2
-24.083599090576172 12.417747497558594 9.821249008178711 0.2
-23.950599670410156 12.381950378417969 9.633352279663086 0.2
-23.80970001220703 12.469348907470703 9.499551773071289 0.2
-23.65880012512207 12.613548278808594 9.538049697875977 0.2
-23.605600357055664 12.760047912597656 9.688650131225586 0.2
-23.632400512695312 12.925048828125 9.825250625610352 0.2
-23.74449920654297 13.102848052978516 9.817949295043945 0.2
-23.84630012512207 13.193550109863281 9.652349472045898 0.2
-23.885499954223633 13.197650909423828 9.439851760864258 0.2
-23.8341007232666 13.083648681640625 9.269948959350586 0.2
-23.75309944152832 12.885547637939453 9.244749069213867 0.2
-23.735300064086914 12.674549102783203 9.285451889038086 0.2
-23.869800567626953 12.51205062866211 9.298849105834961 0.2
-24.06599998474121 12.501049041748047 9.218050003051758 0.2
-24.24009895324707 12.60894775390625 9.154050827026367 0.2
-24.34630012512207 12.765949249267578 9.24635124206543 0.2
-24.315000534057617 12.905250549316406 9.407949447631836 0.2
-24.2096004486084 13.056747436523438 9.517549514770508 0.2
-24.097700119018555 13.224449157714844 9.458051681518555 0.2
-24.051898956298828 13.323047637939453 9.271749496459961 0.2
-24.077899932861328 13.345348358154297 9.060152053833008 0.2
-24.20170021057129 13.251850128173828 8.918249130249023 0.2
-24.3169002532959 13.071048736572266 8.921651840209961 0.2
-24.355100631713867 12.864349365234375 8.968851089477539 0.2
-24.257999420166016 12.679847717285156 8.941251754760742 0.2
-24.098400115966797 12.628448486328125 8.809450149536133 0.2
-23.92020034790039 12.688247680664062 8.708150863647461 0.2
-23.761699676513672 12.81264877319336 8.771249771118164 0.2
-23.725000381469727 12.95574951171875 8.927751541137695 0.2
-23.769100189208984 13.124149322509766 9.053651809692383 0.2
-23.861299514770508 13.309150695800781 9.020650863647461 0.2
-23.91900062561035 13.401649475097656 8.836851119995117 0.2
-23.913000106811523 13.407649993896484 8.621950149536133 0.2
-23.827999114990234 13.295547485351562 8.466249465942383 0.2
-23.752500534057617 13.095348358154297 8.462751388549805 0.2
-23.759199142456055 12.887550354003906 8.514951705932617 0.2
-23.905000686645508 12.73714828491211 8.498449325561523 0.2
-24.070899963378906 12.73794937133789 8.367952346801758 0.2
-24.20009994506836 12.852649688720703 8.240652084350586 0.2
-24.319000244140625 13.02225112915039 8.273950576782227 0.2
-24.339399337768555 13.167247772216797 8.430349349975586 0.2
-24.264999389648438 13.310447692871094 8.570352554321289 0.2
-24.11910057067871 13.460350036621094 8.559450149536133 0.2
-23.989398956298828 13.54465103149414 8.410348892211914 0.2
-23.917499542236328 13.56264877319336 8.210451126098633 0.2
-23.986000061035156 13.491249084472656 8.026250839233398 0.2
-24.125699996948242 13.337947845458984 7.98015022277832 0.2
-24.216999053955078 13.14754867553711 8.017251968383789 0.2
-24.155099868774414 12.948650360107422 8.033052444458008 0.2
-23.97249984741211 12.862751007080078 7.969049453735352 0.2
-23.765399932861328 12.881950378417969 7.919351577758789 0.2
-23.603099822998047 12.97235107421875 8.017549514770508 0.2
-23.585899353027344 13.10464859008789 8.183950424194336 0.2
-23.645999908447266 13.274948120117188 8.298151016235352 0.2
-23.701099395751953 13.469650268554688 8.248151779174805 0.2
-23.683000564575195 13.565948486328125 8.059850692749023 0.2
-23.60700035095215 13.575050354003906 7.859251022338867 0.2
-23.49359893798828 13.4593505859375 7.726850509643555 0.2
-23.444900512695312 13.253250122070312 7.737649917602539 0.2
-23.492799758911133 13.051048278808594 7.785951614379883 0.2
-23.652000427246094 12.926948547363281 7.734651565551758 0.2
-23.78569984436035 12.965248107910156 7.578248977661133 0.2
-23.854598999023438 13.100048065185547 7.425249099731445 0.2
-23.947599411010742 13.286449432373047 7.422449111938477 0.2
-23.99180030822754 13.436450958251953 7.567651748657227 0.2
-23.927000045776367 13.570449829101562 7.717752456665039 0.2
-23.75040054321289 13.680248260498047 7.73265266418457 0.2
-23.56399917602539 13.72134780883789 7.633749008178711 0.2
-23.431299209594727 13.713748931884766 7.469350814819336 0.2
-23.465299606323242 13.631450653076172 7.282350540161133 0.2
-23.612699508666992 13.495048522949219 7.213251113891602 0.2
-23.722000122070312 13.31515121459961 7.237749099731445 0.2
-23.658199310302734 13.12704849243164 7.29694938659668 0.2
-23.462200164794922 13.049850463867188 7.325250625610352 0.2
-23.255599975585938 13.053050994873047 7.377752304077148 0.2
-23.148399353027344 13.144149780273438 7.53175163269043 0.2
-23.189899444580078 13.289848327636719 7.681249618530273 0.2
-23.260499954223633 13.483848571777344 7.722349166870117 0.2
-23.247600555419922 13.649650573730469 7.598852157592773 0.2
-23.153099060058594 13.702648162841797 7.414251327514648 0.2
-23.003398895263672 13.68954849243164 7.263750076293945 0.2
-22.8705997467041 13.537849426269531 7.219152450561523 0.2
-22.865299224853516 13.335147857666016 7.281549453735352 0.2
-22.97089958190918 13.155548095703125 7.315549850463867 0.2
-23.12779998779297 13.075347900390625 7.207052230834961 0.2
-23.19179916381836 13.138248443603516 7.0162506103515625 0.2
-23.206298828125 13.270549774169922 6.848550796508789 0.2
-23.28660011291504 13.46004867553711 6.826850891113281 0.2
-23.36039924621582 13.610347747802734 6.958250045776367 0.2
-23.30579948425293 13.744247436523438 7.108850479125977 0.2
-23.11709976196289 13.828350067138672 7.136449813842773 0.2
-22.914400100708008 13.840850830078125 7.067251205444336 0.2
-22.76930046081543 13.813247680664062 6.9183502197265625 0.2
-22.79909896850586 13.719947814941406 6.736751556396484 0.2
-22.946399688720703 13.583148956298828 6.669851303100586 0.2
-23.030500411987305 13.395347595214844 6.705951690673828 0.2
-22.92959976196289 13.233749389648438 6.788450241088867 0.2
-22.718000411987305 13.163848876953125 6.861351013183594 0.2
-22.534299850463867 13.20615005493164 7.045751571655273 0.2
-22.58180046081543 13.405147552490234 7.222650527954102 0.2
-22.633399963378906 13.659347534179688 7.183149337768555 0.2
-22.549299240112305 13.752250671386719 6.942350387573242 0.2
-22.35059928894043 13.813350677490234 6.776050567626953 0.2
-22.105998992919922 13.764949798583984 6.854351043701172 0.2
-22.092300415039062 13.527851104736328 6.9696502685546875 0.2
-22.2677001953125 13.31705093383789 6.974550247192383 0.2
-22.44070053100586 13.220149993896484 6.799449920654297 0.2
-22.45509910583496 13.301448822021484 6.557651519775391 0.2
-22.430700302124023 13.482250213623047 6.383150100708008 0.2
-22.436399459838867 13.723648071289062 6.44685173034668 0.2
-22.312000274658203 13.901649475097656 6.571651458740234 0.2
-22.062999725341797 13.956050872802734 6.549650192260742 0.2
-21.860000610351562 13.963550567626953 6.4024505615234375 0.2
-21.882099151611328 13.873149871826172 6.177150726318359 0.2
-22.077098846435547 13.728748321533203 6.105051040649414 0.2
-22.243499755859375 13.549549102783203 6.171550750732422 0.2
-22.186899185180664 13.367950439453125 6.3240509033203125 0.2
-21.954700469970703 13.293750762939453 6.461250305175781 0.2
-21.831100463867188 13.39324951171875 6.6618499755859375 0.2
-21.89579963684082 13.645149230957031 6.721950531005859 0.2
-21.777099609375 13.843048095703125 6.59535026550293 0.2
-21.5364990234375 13.880348205566406 6.476951599121094 0.2
-21.325199127197266 13.740047454833984 6.545650482177734 0.2
-21.410600662231445 13.508750915527344 6.638950347900391 0.2
-21.61859893798828 13.35274887084961 6.564451217651367 0.2
-21.65369987487793 13.314647674560547 6.305351257324219 0.2
-21.527599334716797 13.395450592041016 6.088550567626953 0.2
-21.476299285888672 13.610347747802734 5.97905158996582 0.2
-21.510700225830078 13.837947845458984 6.084051132202148 0.2
-21.446300506591797 13.975547790527344 6.281551361083984 0.2
-21.231599807739258 13.945148468017578 6.408550262451172 0.2
-20.983400344848633 13.916549682617188 6.437950134277344 0.2
-20.82979965209961 13.918350219726562 6.249549865722656 0.2
-20.921199798583984 13.82965087890625 6.034351348876953 0.2
-21.114398956298828 13.699848175048828 5.925350189208984 0.2
-21.25899887084961 13.503250122070312 5.97035026550293 0.2
-21.213899612426758 13.370548248291016 6.176250457763672 0.2
-21.074800491333008 13.336151123046875 6.385650634765625 0.2
-21.02869987487793 13.501350402832031 6.565151214599609 0.2
-20.86680030822754 13.665748596191406 6.627851486206055 0.2
-20.609399795532227 13.684150695800781 6.596050262451172 0.2
-20.425498962402344 13.55215072631836 6.692050933837891 0.2
-20.494199752807617 13.324150085449219 6.744649887084961 0.2
-20.709699630737305 13.224449157714844 6.659151077270508 0.2
-20.864200592041016 13.229148864746094 6.460151672363281 0.2
-20.810800552368164 13.280548095703125 6.218950271606445 0.2
-20.6210994720459 13.339248657226562 6.074451446533203 0.2
-20.50029945373535 13.528450012207031 6.010551452636719 0.2
-20.516399383544922 13.729747772216797 6.12645149230957 0.2
-20.51569938659668 13.803749084472656 6.351551055908203 0.2
-20.35689926147461 13.775249481201172 6.52345085144043 0.2
-20.13399887084961 13.75844955444336 6.603950500488281 0.2
-19.939699172973633 13.80474853515625 6.487850189208984 0.2
-19.93899917602539 13.765949249267578 6.257551193237305 0.2
-20.070098876953125 13.67034912109375 6.079250335693359 0.2
-20.230998992919922 13.51934814453125 5.987550735473633 0.2
-20.32779884338379 13.338951110839844 6.094051361083984 0.2
-20.267799377441406 13.243049621582031 6.3072509765625 0.2
-20.16830062866211 13.244449615478516 6.520351409912109 0.2
-20.174999237060547 13.431350708007812 6.67085075378418 0.2
-20.036300659179688 13.60165023803711 6.731451034545898 0.2
-19.793399810791016 13.621650695800781 6.727451324462891 0.2
-19.613300323486328 13.543949127197266 6.849651336669922 0.2
-19.646699905395508 13.343849182128906 6.956951141357422 0.2
-19.824399948120117 13.205047607421875 6.889751434326172 0.2
-19.958799362182617 13.167049407958984 6.69685173034668 0.2
-19.907400131225586 13.162750244140625 6.468650817871094 0.2
