0.40807032585144043 14.285850524902344 5.442850112915039 0.2
0.6500601768493652 14.25014877319336 5.416950225830078 0.2
0.7319502830505371 14.05044937133789 5.313251495361328 0.2
0.6069903373718262 13.837249755859375 5.308950424194336 0.2
0.4901602268218994 13.624347686767578 5.276851654052734 0.2
0.5903701782226562 13.437549591064453 5.164251327514648 0.2
0.8302302360534668 13.395851135253906 5.1961517333984375 0.2
0.9930503368377686 13.503650665283203 5.336450576782227 0.2
0.9804301261901855 13.739250183105469 5.407550811767578 0.2
0.9299201965332031 13.979248046875 5.357551574707031 0.2
0.9680802822113037 14.193550109863281 5.46135139465332 0.2
1.17093026638031 14.233348846435547 5.59425163269043 0.2
1.3142502307891846 14.09124755859375 5.726251602172852 0.2
1.255900263786316 13.857547760009766 5.7550506591796875 0.2
1.1440702676773071 13.665050506591797 5.640951156616211 0.2
1.1315202713012695 13.476348876953125 5.483449935913086 0.2
1.3270602226257324 13.360847473144531 5.405050277709961 0.2
1.5603302717208862 13.363449096679688 5.4853515625 0.2
1.6495102643966675 13.500450134277344 5.66254997253418 0.2
1.571960210800171 13.709648132324219 5.772251129150391 0.2
1.4994702339172363 13.943248748779297 5.810251235961914 0.2
1.5909302234649658 14.152050018310547 5.729551315307617 0.2
1.8304002285003662 14.191150665283203 5.694250106811523 0.2
2.001260280609131 14.04534912109375 5.611751556396484 0.2
1.948600172996521 13.811050415039062 5.569751739501953 0.2
1.8284202814102173 13.594249725341797 5.578651428222656 0.2
1.8795802593231201 13.376949310302734 5.482250213623047 0.2
2.1083343029022217 13.285148620605469 5.482049942016602 0.2
2.318120241165161 13.33584976196289 5.595951080322266 0.2
2.3304762840270996 13.550251007080078 5.705951690673828 0.2
2.2374162673950195 13.770950317382812 5.639350891113281 0.2
2.211087226867676 14.01314926147461 5.641151428222656 0.2
2.3767621517181396 14.15155029296875 5.744350433349609 0.2
2.6053082942962646 14.095550537109375 5.816450119018555 0.2
2.6722002029418945 13.895851135253906 5.93494987487793 0.2
2.5716092586517334 13.670650482177734 5.922651290893555 0.2
2.492687225341797 13.457550048828125 5.824251174926758 0.2
2.6233062744140625 13.292549133300781 5.708650588989258 0.2
2.8709943294525146 13.276847839355469 5.70155143737793 0.2
3.0507209300994873 13.427249908447266 5.761951446533203 0.2
3.013869047164917 13.646747589111328 5.866250991821289 0.2
2.903513193130493 13.865650177001953 5.904951095581055 0.2
2.8815481662750244 14.054149627685547 5.7568511962890625 0.2
2.9961190223693848 14.076850891113281 5.538949966430664 0.2
2.965951919555664 13.929149627685547 5.352849960327148 0.2
2.8334732055664062 13.721847534179688 5.365650177001953 0.2
2.747335195541382 13.509750366210938 5.46135139465332 0.2
2.876774311065674 13.316047668457031 5.52385139465332 0.2
3.1222922801971436 13.269451141357422 5.509851455688477 0.2
3.2946581840515137 13.390148162841797 5.39375114440918 0.2
3.266252279281616 13.615848541259766 5.297550201416016 0.2
3.186319351196289 13.85165023803711 5.284551620483398 0.2
3.236912250518799 14.05685043334961 5.402050018310547 0.2
3.4633982181549072 14.106948852539062 5.479949951171875 0.2
3.6643662452697754 13.976348876953125 5.521251678466797 0.2
3.6472342014312744 13.735248565673828 5.528751373291016 0.2
3.5163192749023438 13.53274917602539 5.455150604248047 0.2
3.480377197265625 13.30364990234375 5.531150817871094 0.2
3.672100305557251 13.18594741821289 5.614850997924805 0.2
3.9148173332214355 13.216949462890625 5.573051452636719 0.2
4.011740207672119 13.402149200439453 5.453550338745117 0.2
3.9421002864837646 13.636848449707031 5.47905158996582 0.2
3.881359100341797 13.870849609375 5.535449981689453 0.2
3.977224349975586 14.065650939941406 5.431251525878906 0.2
4.19087028503418 14.067951202392578 5.304950714111328 0.2
4.25661039352417 13.891651153564453 5.150850296020508 0.2
4.195950508117676 13.652347564697266 5.168050765991211 0.2
4.139520168304443 13.433349609375 5.27815055847168 0.2
4.238890171051025 13.251148223876953 5.406850814819336 0.2
4.481220245361328 13.198047637939453 5.394451141357422 0.2
4.668849945068359 13.273948669433594 5.255149841308594 0.2
4.642080307006836 13.47454833984375 5.115251541137695 0.2
4.52085018157959 13.690250396728516 5.068050384521484 0.2
4.442650318145752 13.923049926757812 5.104450225830078 0.2
4.560140132904053 14.079750061035156 5.246049880981445 0.2
4.801770210266113 14.047649383544922 5.290950775146484 0.2
4.9136199951171875 13.829948425292969 5.3128509521484375 0.2
4.8679399490356445 13.595550537109375 5.229150772094727 0.2
4.883500099182129 13.350250244140625 5.211250305175781 0.2
5.077710151672363 13.202350616455078 5.18695068359375 0.2
5.303440093994141 13.228748321533203 5.079851150512695 0.2
5.38169002532959 13.445549011230469 5.011451721191406 0.2
5.252830505371094 13.642650604248047 5.092750549316406 0.2
5.131180286407471 13.8011474609375 5.247951507568359 0.2
5.081610202789307 14.038150787353516 5.28955078125 0.2
5.245790481567383 14.20534896850586 5.2214508056640625 0.2
5.477439880371094 14.163948059082031 5.146251678466797 0.2
5.512160301208496 13.932849884033203 5.080150604248047 0.2
5.426210403442383 13.730247497558594 5.199651718139648 0.2
5.300849914550781 13.553150177001953 5.3287506103515625 0.2
5.256920337677002 13.315250396728516 5.329250335693359 0.2
5.431770324707031 13.19424819946289 5.206350326538086 0.2
5.645210266113281 13.271549224853516 5.099950790405273 0.2
5.767300128936768 13.48794937133789 5.106151580810547 0.2
5.720829963684082 13.728050231933594 5.059450149536133 0.2
5.700070381164551 13.975250244140625 5.037151336669922 0.2
5.87578010559082 14.137649536132812 5.079050064086914 0.2
6.113640308380127 14.0865478515625 5.108251571655273 0.2
6.181950569152832 13.868648529052734 5.19635009765625 0.2
6.081480026245117 13.639350891113281 5.195150375366211 0.2
5.962680339813232 13.423450469970703 5.149450302124023 0.2
5.935890197753906 13.262248992919922 4.96925163269043 0.2
6.094490051269531 13.262451171875 4.781850814819336 0.2
6.305610179901123 13.380550384521484 4.750450134277344 0.2
6.388270378112793 13.573650360107422 4.883251190185547 0.2
6.373700141906738 13.778648376464844 5.028951644897461 0.2
6.328730583190918 14.019050598144531 5.034351348876953 0.2
6.376930236816406 14.159347534179688 4.841550827026367 0.2
6.465970039367676 14.100349426269531 4.620050430297852 0.2
6.434659957885742 13.873550415039062 4.538450241088867 0.2
6.402280330657959 13.635250091552734 4.615251541137695 0.2
6.3291802406311035 13.40884780883789 4.545351028442383 0.2
6.391260147094727 13.327449798583984 4.328250885009766 0.2
6.587290287017822 13.389949798583984 4.191350936889648 0.2
6.7390899658203125 13.555248260498047 4.272350311279297 0.2
6.679610252380371 13.767349243164062 4.390651702880859 0.2
6.613880157470703 14.007049560546875 4.427150726318359 0.2
6.701180458068848 14.207347869873047 4.5386505126953125 0.2
6.933460235595703 14.260150909423828 4.605451583862305 0.2
7.054200172424316 14.082550048828125 4.713651657104492 0.2
6.957950115203857 13.857650756835938 4.690151214599609 0.2
6.828280448913574 13.67654800415039 4.57335090637207 0.2
6.890590190887451 13.514049530029297 4.406850814819336 0.2
7.1313300132751465 13.510250091552734 4.391651153564453 0.2
7.304020404815674 13.639850616455078 4.518150329589844 0.2
7.315420150756836 13.856849670410156 4.639251708984375 0.2
7.256720066070557 14.093250274658203 4.6972503662109375 0.2
7.2559404373168945 14.312850952148438 4.588550567626953 0.2
7.423770427703857 14.402549743652344 4.431650161743164 0.2
7.538120269775391 14.274250030517578 4.266750335693359 0.2
7.484340190887451 14.036849975585938 4.279550552368164 0.2
7.404280185699463 13.826549530029297 4.386350631713867 0.2
7.434800148010254 13.593448638916016 4.311851501464844 0.2
7.65086030960083 13.518348693847656 4.21565055847168 0.2
7.856800079345703 13.643749237060547 4.223550796508789 0.2
7.843430042266846 13.888851165771484 4.242351531982422 0.2
7.733150005340576 14.108749389648438 4.183250427246094 0.2
7.775270462036133 14.348350524902344 4.211750030517578 0.2
8.001199722290039 14.441349029541016 4.203151702880859 0.2
8.215280532836914 14.33945083618164 4.250751495361328 0.2
8.227609634399414 14.108448028564453 4.335451126098633 0.2
8.118630409240723 13.882247924804688 4.341550827026367 0.2
8.040969848632812 13.65625 4.270151138305664 0.2
8.145120620727539 13.518550872802734 4.097949981689453 0.2
8.375240325927734 13.53594970703125 4.002950668334961 0.2
8.529230117797852 13.711750030517578 4.068851470947266 0.2
8.50652027130127 13.944549560546875 4.163150787353516 0.2
8.4451904296875 14.182647705078125 4.219751358032227 0.2
8.405360221862793 14.402149200439453 4.115650177001953 0.2
8.538619995117188 14.486747741699219 3.923450469970703 0.2
8.659680366516113 14.365650177001953 3.7510509490966797 0.2
8.638139724731445 14.121849060058594 3.760751724243164 0.2
8.594369888305664 13.906349182128906 3.8882503509521484 0.2
8.596839904785156 13.66244888305664 3.8399505615234375 0.2
8.769550323486328 13.57455062866211 3.692150115966797 0.2
8.99098014831543 13.668251037597656 3.6395511627197266 0.2
9.03617000579834 13.904548645019531 3.6915512084960938 0.2
8.90386962890625 14.118549346923828 3.6567516326904297 0.2
8.844579696655273 14.358650207519531 3.645650863647461 0.2
9.013830184936523 14.536048889160156 3.629850387573242 0.2
9.2606201171875 14.518848419189453 3.595550537109375 0.2
9.367000579833984 14.314750671386719 3.6814498901367188 0.2
9.292190551757812 14.073348999023438 3.7089500427246094 0.2
9.237039566040039 13.834648132324219 3.6502513885498047 0.2
9.365460395812988 13.704151153564453 3.487751007080078 0.2
9.597220420837402 13.750850677490234 3.403350830078125 0.2
9.720290184020996 13.954151153564453 3.4613513946533203 0.2
9.650819778442383 14.185249328613281 3.5397510528564453 0.2
9.545350074768066 14.413650512695312 3.571451187133789 0.2
9.492910385131836 14.605049133300781 3.4231510162353516 0.2
9.630720138549805 14.661750793457031 3.221250534057617 0.2
9.735799789428711 14.482250213623047 3.0922508239746094 0.2
9.774259567260742 14.250747680664062 3.1879501342773438 0.2
9.81548023223877 14.0240478515625 3.292551040649414 0.2
9.947549819946289 13.826648712158203 3.2156505584716797 0.2
10.187959671020508 13.823150634765625 3.1307506561279297 0.2
10.346630096435547 14.010848999023438 3.085451126098633 0.2
10.226280212402344 14.227447509765625 3.060750961303711 0.2
10.009639739990234 14.35744857788086 3.013650894165039 0.2
9.875520706176758 14.567848205566406 2.9756507873535156 0.2
9.982730865478516 14.768447875976562 2.8812503814697266 0.2
10.183670043945312 14.74374771118164 2.7331504821777344 0.2
10.304170608520508 14.542350769042969 2.769550323486328 0.2
10.2099609375 14.3260498046875 2.817350387573242 0.2
10.07903003692627 14.129447937011719 2.86614990234375 0.2
10.107890129089355 13.911148071289062 2.9418506622314453 0.2
10.335430145263672 13.837348937988281 2.915151596069336 0.2
10.516229629516602 13.912750244140625 2.777250289916992 0.2
10.51947021484375 14.09124755859375 2.619649887084961 0.2
10.471850395202637 14.328048706054688 2.6330509185791016 0.2
10.436750411987305 14.567447662353516 2.625150680541992 0.2
10.49884033203125 14.7115478515625 2.4465503692626953 0.2
10.641650199890137 14.654647827148438 2.260650634765625 0.2
10.653960227966309 14.429847717285156 2.2014503479003906 0.2
10.638250350952148 14.23324966430664 2.3203506469726562 0.2
10.661420822143555 14.06264877319336 2.474550247192383 0.2
10.83745002746582 13.961849212646484 2.573251724243164 0.2
11.051830291748047 13.957347869873047 2.488851547241211 0.2
11.13444995880127 14.019649505615234 2.287050247192383 0.2
11.02184009552002 14.165950775146484 2.151651382446289 0.2
10.877700805664062 14.340850830078125 2.102550506591797 0.2
10.867719650268555 14.567951202392578 2.0833511352539062 0.2
11.04684066772461 14.687549591064453 2.00885009765625 0.2
11.264260292053223 14.62514877319336 1.9839515686035156 0.2
11.337719917297363 14.423347473144531 2.063251495361328 0.2
11.297030448913574 14.20064926147461 2.125551223754883 0.2
11.391230583190918 14.020748138427734 2.2332515716552734 0.2
11.610520362854004 13.948448181152344 2.203350067138672 0.2
11.747139930725098 13.964649200439453 2.016550064086914 0.2
11.690549850463867 14.138851165771484 1.8786506652832031 0.2
11.595220565795898 14.353950500488281 1.901651382446289 0.2
11.50487995147705 14.567848205566406 1.8739509582519531 0.2
11.533060073852539 14.70364761352539 1.6900501251220703 0.2
11.680689811706543 14.67144775390625 1.5116500854492188 0.2
11.755290031433105 14.459449768066406 1.4567508697509766 0.2
11.801239967346191 14.253650665283203 1.5612506866455078 0.2
11.847040176391602 14.058048248291016 1.6835498809814453 0.2
11.92593002319336 13.882247924804688 1.8076515197753906 0.2
12.092519760131836 13.76504898071289 1.8645515441894531 0.2
12.278220176696777 13.66054916381836 1.8289508819580078 0.2
12.469820022583008 13.538249969482422 1.7650508880615234 0.2
12.608670234680176 13.58115005493164 1.5989513397216797 0.2
12.697600364685059 13.709850311279297 1.451150894165039 0.2
12.715700149536133 13.914348602294922 1.389150619506836 0.2
12.593339920043945 14.088249206542969 1.3580513000488281 0.2
12.435330390930176 14.225849151611328 1.3152503967285156 0.2
12.276430130004883 14.362350463867188 1.2725505828857422 0.2
12.122660636901855 14.507648468017578 1.2326507568359375 0.2
12.058690071105957 14.710147857666016 1.2074508666992188 0.2
12.171979904174805 14.872947692871094 1.1228504180908203 0.2
12.373160362243652 14.900550842285156 1.0492515563964844 0.2
12.537810325622559 14.767349243164062 1.083150863647461 0.2
12.631410598754883 14.57925033569336 1.129150390625 0.2
12.720610618591309 14.390251159667969 1.175149917602539 0.2
12.810460090637207 14.201351165771484 1.2200508117675781 0.2
12.903600692749023 14.00735092163086 1.2284507751464844 0.2
13.027299880981445 13.875850677490234 1.113250732421875 0.2
13.196499824523926 13.886749267578125 0.9812507629394531 0.2
13.3302001953125 14.020549774169922 0.8507499694824219 0.2
13.42180061340332 14.184249877929688 0.7137508392333984 0.2
13.406900405883789 14.359447479248047 0.5916500091552734 0.2
13.303899765014648 14.478248596191406 0.4468517303466797 0.2
13.10830020904541 14.54684829711914 0.3945503234863281 0.2
12.954170227050781 14.675148010253906 0.46465110778808594 0.2
12.836540222167969 14.845550537109375 0.5646514892578125 0.2
12.706510543823242 15.025249481201172 0.6516513824462891 0.2
12.563819885253906 15.197151184082031 0.5840511322021484 0.2
12.599440574645996 15.332950592041016 0.3919506072998047 0.2
12.735610008239746 15.299049377441406 0.20425033569335938 0.2
12.915050506591797 15.146350860595703 0.1961517333984375 0.2
13.10099983215332 15.0218505859375 0.2725505828857422 0.2
13.262100219726562 14.851848602294922 0.2987499237060547 0.2
13.284900665283203 14.714950561523438 0.11645126342773438 0.2
13.284500122070312 14.831249237060547 -0.08794975280761719 0.2
13.25979995727539 15.058948516845703 -0.13484954833984375 0.2
13.094200134277344 15.211750030517578 -0.07234954833984375 0.2
12.86851978302002 15.319549560546875 -0.0173492431640625 0.2
12.763790130615234 15.553050994873047 0.002750396728515625 0.2
12.849320411682129 15.73215103149414 -0.1663494110107422 0.2
13.085700035095215 15.701950073242188 -0.25424957275390625 0.2
13.226699829101562 15.478748321533203 -0.23994827270507812 0.2
13.321800231933594 15.231449127197266 -0.2541484832763672 0.2
13.37190055847168 15.09804916381836 -0.4628486633300781 0.2
13.424799919128418 15.243350982666016 -0.6715488433837891 0.2
13.408900260925293 15.498649597167969 -0.6536483764648438 0.2
13.274700164794922 15.678947448730469 -0.5184497833251953 0.2
13.091800689697266 15.84124755859375 -0.4266490936279297 0.2
12.928400039672852 15.972450256347656 -0.5694484710693359 0.2
12.96448040008545 16.008548736572266 -0.8251495361328125 0.2
13.092599868774414 15.818347930908203 -0.9332485198974609 0.2
13.287099838256836 15.653648376464844 -0.869049072265625 0.2
13.436500549316406 15.44424819946289 -0.8859500885009766 0.2
13.487299919128418 15.360050201416016 -1.11614990234375 0.2
13.527299880981445 15.530147552490234 -1.3002490997314453 0.2
13.432600021362305 15.765251159667969 -1.2621498107910156 0.2
13.208600044250488 15.866348266601562 -1.1753482818603516 0.2
13.027999877929688 16.030548095703125 -1.0944499969482422 0.2
13.027200698852539 16.265350341796875 -1.1829490661621094 0.2
13.165300369262695 16.346649169921875 -1.3853492736816406 0.2
13.386199951171875 16.229450225830078 -1.4281482696533203 0.2
13.51140022277832 16.001251220703125 -1.4151496887207031 0.2
13.605400085449219 15.758750915527344 -1.4304485321044922 0.2
13.62440013885498 15.600048065185547 -1.6224498748779297 0.2
13.650099754333496 15.69675064086914 -1.8582496643066406 0.2
13.648500442504883 15.946449279785156 -1.8910484313964844 0.2
13.538200378417969 16.144248962402344 -1.7657489776611328 0.2
13.398900032043457 16.32054901123047 -1.6386489868164062 0.2
13.179400444030762 16.445751190185547 -1.6460494995117188 0.2
13.085700035095215 16.50925064086914 -1.872650146484375 0.2
13.118900299072266 16.37514877319336 -2.079648971557617 0.2
13.293900489807129 16.189250946044922 -2.094949722290039 0.2
13.50890064239502 16.048049926757812 -2.0575485229492188 0.2
13.625300407409668 15.83074951171875 -2.1229496002197266 0.2
13.619800567626953 15.775249481201172 -2.370248794555664 0.2
13.605899810791016 15.956550598144531 -2.5469493865966797 0.2
13.482000350952148 16.170047760009766 -2.479848861694336 0.2
13.271400451660156 16.267650604248047 -2.363248825073242 0.2
13.106400489807129 16.44384765625 -2.2813491821289062 0.2
13.075799942016602 16.654850006103516 -2.4094486236572266 0.2
13.179200172424316 16.698551177978516 -2.6351490020751953 0.2
13.391900062561035 16.574649810791016 -2.6993484497070312 0.2
13.532100677490234 16.35824966430664 -2.682649612426758 0.2
13.635200500488281 16.120849609375 -2.695148468017578 0.2
13.615699768066406 15.957950592041016 -2.8857498168945312 0.2
13.579899787902832 16.046550750732422 -3.1240501403808594 0.2
13.535900115966797 16.295448303222656 -3.1453495025634766 0.2
13.43179988861084 16.498249053955078 -3.01824951171875 0.2
13.290599822998047 16.678150177001953 -2.8942489624023438 0.2
13.055999755859375 16.764049530029297 -2.9213485717773438 0.2
12.942930221557617 16.753150939941406 -3.1523494720458984 0.2
12.986599922180176 16.554550170898438 -3.2973499298095703 0.2
13.199600219726562 16.410350799560547 -3.3045482635498047 0.2
13.418499946594238 16.27334976196289 -3.3027496337890625 0.2
13.477499961853027 16.054950714111328 -3.4156494140625 0.2
13.416600227355957 16.035850524902344 -3.660449981689453 0.2
13.347700119018555 16.240550994873047 -3.784149169921875 0.2
13.192200660705566 16.41645050048828 -3.6784496307373047 0.2
13.000349998474121 16.518447875976562 -3.536548614501953 0.2
12.864500045776367 16.723751068115234 -3.4800491333007812 0.2
12.801589965820312 16.87834930419922 -3.671649932861328 0.2
12.89468002319336 16.88214874267578 -3.9059486389160156 0.2
13.094600677490234 16.73204803466797 -3.962249755859375 0.2
13.246700286865234 16.52254867553711 -3.946949005126953 0.2
13.35319995880127 16.28635025024414 -3.9624500274658203 0.2
13.304699897766113 16.121448516845703 -4.1423492431640625 0.2
13.228400230407715 16.199249267578125 -4.371250152587891 0.2
13.165300369262695 16.44194793701172 -4.4017486572265625 0.2
13.065199851989746 16.647048950195312 -4.280248641967773 0.2
12.942760467529297 16.836849212646484 -4.154150009155273 0.2
12.708829879760742 16.92864990234375 -4.128849029541016 0.2
12.548660278320312 16.920448303222656 -4.328449249267578 0.2
12.54458999633789 16.725749969482422 -4.484149932861328 0.2
12.743169784545898 16.565048217773438 -4.515649795532227 0.2
12.97500991821289 16.446449279785156 -4.528848648071289 0.2
13.084000587463379 16.22665023803711 -4.601449966430664 0.2
13.003450393676758 16.137348175048828 -4.826749801635742 0.2
12.910940170288086 16.28854751586914 -5.008449554443359 0.2
12.780280113220215 16.496150970458984 -4.933248519897461 0.2
12.60099983215332 16.601551055908203 -4.776449203491211 0.2
12.445219993591309 16.7740478515625 -4.66834831237793 0.2
12.345379829406738 16.965648651123047 -4.794748306274414 0.2
12.336470603942871 16.984447479248047 -5.048248291015625 0.2
12.527689933776855 16.878650665283203 -5.177648544311523 0.2
12.694350242614746 16.679847717285156 -5.173948287963867 0.2
12.838570594787598 16.46344757080078 -5.172948837280273 0.2
12.823530197143555 16.244850158691406 -5.2980499267578125 0.2
12.717850685119629 16.24435043334961 -5.532449722290039 0.2
12.643010139465332 16.46125030517578 -5.63334846496582 0.2
12.55049991607666 16.68144989013672 -5.525749206542969 0.2
12.44159984588623 16.87834930419922 -5.392549514770508 0.2
12.232190132141113 17.000747680664062 -5.310749053955078 0.2
12.029379844665527 17.013248443603516 -5.469949722290039 0.2
11.974420547485352 16.851150512695312 -5.655448913574219 0.2
12.148910522460938 16.66884994506836 -5.704648971557617 0.2
12.386930465698242 16.563350677490234 -5.726848602294922 0.2
12.524209976196289 16.355850219726562 -5.795148849487305 0.2
12.440879821777344 16.23495101928711 -6.000450134277344 0.2
12.32667064666748 16.371047973632812 -6.179849624633789 0.2
12.187620162963867 16.575748443603516 -6.10474967956543 0.2
12.016200065612793 16.683349609375 -5.937448501586914 0.2
11.865079879760742 16.876148223876953 -5.859548568725586 0.2
11.74137020111084 17.00804901123047 -6.043249130249023 0.2
11.776989936828613 16.984249114990234 -6.295749664306641 0.2
11.965310096740723 16.84654998779297 -6.370048522949219 0.2
12.128009796142578 16.660350799560547 -6.359548568725586 0.2
12.244180679321289 16.440948486328125 -6.366548538208008 0.2
12.176480293273926 16.254150390625 -6.501150131225586 0.2
12.050169944763184 16.28424835205078 -6.706850051879883 0.2
11.959609985351562 16.50354766845703 -6.75684928894043 0.2
11.876999855041504 16.7115478515625 -6.651548385620117 0.2
11.768560409545898 16.90155029296875 -6.534448623657227 0.2
11.53696060180664 16.967350006103516 -6.504650115966797 0.2
11.365509986877441 16.89244842529297 -6.670049667358398 0.2
11.389120101928711 16.670047760009766 -6.762548446655273 0.2
11.589520454406738 16.545150756835938 -6.809049606323242 0.2
11.791470527648926 16.42824935913086 -6.853849411010742 0.2
11.835360527038574 16.212047576904297 -6.932949066162109 0.2
11.714179992675781 16.1302490234375 -7.118749618530273 0.2
11.586170196533203 16.276748657226562 -7.246849060058594 0.2
11.456620216369629 16.44194793701172 -7.136449813842773 0.2
11.3260498046875 16.560550689697266 -6.977849960327148 0.2
11.186090469360352 16.747047424316406 -6.957849502563477 0.2
11.051730155944824 16.794048309326172 -7.146450042724609 0.2
11.107669830322266 16.723751068115234 -7.361349105834961 0.2
11.279450416564941 16.568450927734375 -7.420448303222656 0.2
11.440330505371094 16.392349243164062 -7.426149368286133 0.2
11.52573013305664 16.160747528076172 -7.460649490356445 0.2
11.441800117492676 16.001148223876953 -7.641149520874023 0.2
11.335440635681152 16.102550506591797 -7.844549179077148 0.2
11.21798038482666 16.320751190185547 -7.7832489013671875 0.2
11.10453987121582 16.507450103759766 -7.652750015258789 0.2
10.951030731201172 16.65924835205078 -7.514348983764648 0.2
10.704719543457031 16.619449615478516 -7.4913482666015625 0.2
10.618709564208984 16.39044952392578 -7.52964973449707 0.2
10.776220321655273 16.193050384521484 -7.575550079345703 0.2
10.964509963989258 16.032649993896484 -7.637048721313477 0.2
11.159350395202637 15.885650634765625 -7.715250015258789 0.2
11.310640335083008 15.81414794921875 -7.887449264526367 0.2
11.333590507507324 15.741447448730469 -8.070148468017578 0.2
11.315640449523926 15.61214828491211 -8.220449447631836 0.2
11.246650695800781 15.46445083618164 -8.343849182128906 0.2
11.088260650634766 15.337249755859375 -8.450550079345703 0.2
10.89783000946045 15.275249481201172 -8.501749038696289 0.2
10.709159851074219 15.331050872802734 -8.545848846435547 0.2
10.58456039428711 15.490150451660156 -8.529449462890625 0.2
10.50333023071289 15.633949279785156 -8.41524887084961 0.2
10.427379608154297 15.766448974609375 -8.286748886108398 0.2
10.352149963378906 15.899848937988281 -8.15894889831543 0.2
10.277520179748535 16.034549713134766 -8.0323486328125 0.2
10.202249526977539 16.177047729492188 -7.912649154663086 0.2
10.105920791625977 16.352149963378906 -7.884649276733398 0.2
9.952659606933594 16.429149627685547 -7.997049331665039 0.2
9.870660781860352 16.380950927734375 -8.170848846435547 0.2
9.930580139160156 16.246047973632812 -8.296548843383789 0.2
10.01576042175293 16.09124755859375 -8.370048522949219 0.2
10.10177993774414 15.936748504638672 -8.441749572753906 0.2
10.188150405883789 15.782649993896484 -8.514348983764648 0.2
10.274640083312988 15.629249572753906 -8.588048934936523 0.2
10.353679656982422 15.470149993896484 -8.65934944152832 0.2
10.354190826416016 15.283248901367188 -8.711750030517578 0.2
10.236869812011719 15.15114974975586 -8.79024887084961 0.2
10.080900192260742 15.115848541259766 -8.900848388671875 0.2
9.88152027130127 15.1573486328125 -8.980849266052246 0.2
9.702899932861328 15.244148254394531 -9.014248847961426 0.2
9.550970077514648 15.35464859008789 -8.98124885559082 0.2
9.397480010986328 15.4510498046875 -8.920249938964844 0.2
9.284870147705078 15.522449493408203 -8.78274917602539 0.2
9.273969650268555 15.64944839477539 -8.621648788452148 0.2
9.297500610351562 15.874248504638672 -8.52964973449707 0.2
9.314979553222656 16.107547760009766 -8.471349716186523 0.2
9.305870056152344 16.335350036621094 -8.389348983764648 0.2
9.134679794311523 16.468151092529297 -8.288349151611328 0.2
8.895339965820312 16.467147827148438 -8.34334945678711 0.2
8.786860466003418 16.27104949951172 -8.424749374389648 0.2
8.855770111083984 16.093948364257812 -8.576448440551758 0.2
8.936690330505371 15.922050476074219 -8.730649948120117 0.2
8.881410598754883 15.692550659179688 -8.740949630737305 0.2
8.644340515136719 15.686450958251953 -8.704648971557617 0.2
8.497560501098633 15.873649597167969 -8.729549407958984 0.2
8.5106201171875 16.090747833251953 -8.629049301147461 0.2
8.540729522705078 16.266250610351562 -8.469249725341797 0.2
8.508500099182129 16.494449615478516 -8.41994857788086 0.2
8.31389045715332 16.609447479248047 -8.488748550415039 0.2
8.169750213623047 16.53384780883789 -8.654748916625977 0.2
8.212440490722656 16.32415008544922 -8.756750106811523 0.2
8.288820266723633 16.10124969482422 -8.789749145507812 0.2
8.269670486450195 15.866249084472656 -8.775949478149414 0.2
8.050729751586914 15.78384780883789 -8.757749557495117 0.2
7.8511199951171875 15.890850067138672 -8.824548721313477 0.2
7.834410190582275 16.122249603271484 -8.859249114990234 0.2
7.901320457458496 16.34404754638672 -8.809450149536133 0.2
7.938010215759277 16.557750701904297 -8.715950012207031 0.2
7.801230430603027 16.691349029541016 -8.585948944091797 0.2
7.5642499923706055 16.699050903320312 -8.595548629760742 0.2
7.436720371246338 16.508949279785156 -8.614849090576172 0.2
7.508350372314453 16.309547424316406 -8.714149475097656 0.2
7.604570388793945 16.126251220703125 -8.824150085449219 0.2
7.562170028686523 15.899948120117188 -8.828248977661133 0.2
7.341490268707275 15.835548400878906 -8.824548721313477 0.2
7.15241003036499 15.947250366210938 -8.89284896850586 0.2
7.132510185241699 16.178050994873047 -8.890748977661133 0.2
7.1792402267456055 16.361148834228516 -8.75364875793457 0.2
7.216190338134766 16.56134796142578 -8.641048431396484 0.2
7.133490085601807 16.771648406982422 -8.677448272705078 0.2
6.915970325469971 16.822750091552734 -8.74424934387207 0.2
6.784910202026367 16.722850799560547 -8.901748657226562 0.2
6.827910423278809 16.51314926147461 -8.991449356079102 0.2
6.907720565795898 16.29574966430664 -9.010848999023438 0.2
6.939720153808594 16.065650939941406 -8.99894905090332 0.2
6.779540061950684 15.911048889160156 -8.952249526977539 0.2
6.550680160522461 15.930347442626953 -8.985749244689941 0.2
6.434580326080322 16.105548858642578 -9.072149276733398 0.2
6.477550506591797 16.33475112915039 -9.071748733520508 0.2
6.5478105545043945 16.552547454833984 -9.031549453735352 0.2
6.565460205078125 16.760547637939453 -8.932548522949219 0.2
6.401810169219971 16.87474822998047 -8.82404899597168 0.2
6.169140338897705 16.85934829711914 -8.835350036621094 0.2
6.052989959716797 16.664447784423828 -8.827249526977539 0.2
6.115750312805176 16.457050323486328 -8.90894889831543 0.2
6.2100701332092285 16.274349212646484 -9.01824951171875 0.2
6.224370002746582 16.04615020751953 -9.037549018859863 0.2
6.0389604568481445 15.920547485351562 -8.998848915100098 0.2
5.81525993347168 15.964550018310547 -9.036249160766602 0.2
5.729170322418213 16.168148040771484 -9.091448783874512 0.2
5.771790504455566 16.379051208496094 -9.005349159240723 0.2
5.826869964599609 16.566848754882812 -8.880048751831055 0.2
5.822540283203125 16.79344940185547 -8.8531494140625 0.2
5.640780448913574 16.921947479248047 -8.915349960327148 0.2
5.4209699630737305 16.875049591064453 -9.011049270629883 0.2
5.394960403442383 16.68254852294922 -9.151848793029785 0.2
5.47415018081665 16.450950622558594 -9.179849624633789 0.2
5.547130584716797 16.21554946899414 -9.179049491882324 0.2
5.474120140075684 15.998847961425781 -9.107449531555176 0.2
5.235730171203613 15.952949523925781 -9.08954906463623 0.2
5.0482001304626465 16.078048706054688 -9.1725492477417 0.2
5.0586700439453125 16.317150115966797 -9.2173490524292 0.2
5.131959915161133 16.550048828125 -9.196748733520508 0.2
5.1705002784729 16.78084945678711 -9.125749588012695 0.2
5.028960227966309 16.922748565673828 -8.996648788452148 0.2
4.771430015563965 16.900447845458984 -8.978448867797852 0.2
4.672380447387695 16.670848846435547 -8.95414924621582 0.2
4.754090309143066 16.447547912597656 -9.05674934387207 0.2
4.841230392456055 16.224647521972656 -9.156249046325684 0.2
4.7653703689575195 15.99074935913086 -9.102648735046387 0.2
4.5135602951049805 15.951351165771484 -9.082249641418457 0.2
4.3421101570129395 16.11655044555664 -9.15954875946045 0.2
4.372540473937988 16.36874771118164 -9.120049476623535 0.2
4.442990303039551 16.58544921875 -8.993349075317383 0.2
4.436440467834473 16.838748931884766 -8.975349426269531 0.2
4.217810153961182 16.955448150634766 -9.035649299621582 0.2
4.006400108337402 16.867347717285156 -9.147149085998535 0.2
4.018040180206299 16.635650634765625 -9.254149436950684 0.2
4.104770183563232 16.389949798583984 -9.260649681091309 0.2
4.152770042419434 16.137248992919922 -9.222848892211914 0.2
3.9896411895751953 15.974048614501953 -9.128249168395996 0.2
3.7360873222351074 16.0052490234375 -9.151848793029785 0.2
3.64072322845459 16.215648651123047 -9.252449035644531 0.2
3.7067902088165283 16.466049194335938 -9.26504898071289 0.2
3.7759933471679688 16.714950561523438 -9.243349075317383 0.2
3.710958242416382 16.918048858642578 -9.107349395751953 0.2
3.4648451805114746 16.95724868774414 -9.048149108886719 0.2
3.2996013164520264 16.77804946899414 -8.992849349975586 0.2
3.345703125 16.532249450683594 -9.051448822021484 0.2
3.4347662925720215 16.314449310302734 -9.164448738098145 0.2
3.4330382347106934 16.06114959716797 -9.14264965057373 0.2
3.2075512409210205 15.962249755859375 -9.076848983764648 0.2
2.978182315826416 16.062450408935547 -9.1302490234375 0.2
2.96455454826355 16.315250396728516 -9.155949592590332 0.2
3.043210029602051 16.538448333740234 -9.046149253845215 0.2
3.0821845531463623 16.785648345947266 -8.98794937133789 0.2
2.919363021850586 16.967750549316406 -9.042949676513672 0.2
2.6708803176879883 16.93484878540039 -9.096049308776855 0.2
2.6048221588134766 16.731647491455078 -9.230049133300781 0.2
2.684009313583374 16.48584747314453 -9.25114917755127 0.2
2.7607972621917725 16.238750457763672 -9.238248825073242 0.2
2.675319194793701 16.02764892578125 -9.132049560546875 0.2
2.42345929145813 16.00014877319336 -9.095449447631836 0.2
2.253235340118408 16.160247802734375 -9.183649063110352 0.2
2.2901551723480225 16.413249969482422 -9.22874927520752 0.2
2.3668642044067383 16.66204833984375 -9.228849411010742 0.2
2.373706340789795 16.89514923095703 -9.12514877319336 0.2
2.1657443046569824 16.985450744628906 -9.009849548339844 0.2
1.9460701942443848 16.87364959716797 -8.945549011230469 0.2
1.9448002576828003 16.620548248291016 -8.956048965454102 0.2
2.0260963439941406 16.40544891357422 -9.0785493850708 0.2
2.067629337310791 16.15454864501953 -9.112849235534668 0.2
1.9032201766967773 15.991249084472656 -9.021049499511719 0.2
1.6511101722717285 16.032848358154297 -9.028449058532715 0.2
1.566290259361267 16.262649536132812 -9.087149620056152 0.2
1.6435202360153198 16.493450164794922 -8.999249458312988 0.2
1.714070200920105 16.724349975585938 -8.9073486328125 0.2
1.60627019405365 16.948749542236328 -8.938848495483398 0.2
1.3489701747894287 16.967647552490234 -8.955549240112305 0.2
1.2126902341842651 16.80324935913086 -9.087149620056152 0.2
1.2739402055740356 16.556949615478516 -9.14224910736084 0.2
1.3610001802444458 16.310749053955078 -9.146749496459961 0.2
1.3337302207946777 16.074249267578125 -9.05634880065918 0.2
1.0965602397918701 16.00695037841797 -8.982748985290527 0.2
0.8824403285980225 16.130550384521484 -9.04124927520752 0.2
0.8890902996063232 16.381649017333984 -9.100349426269531 0.2
0.9682002067565918 16.628948211669922 -9.104349136352539 0.2
0.9989001750946045 16.86804962158203 -9.01664924621582 0.2
0.825890302658081 16.97494888305664 -8.869949340820312 0.2
0.6030702590942383 16.87704849243164 -8.797849655151367 0.2
0.5805301666259766 16.62474822998047 -8.800748825073242 0.2
0.652550220489502 16.412349700927734 -8.934049606323242 0.2
0.6899001598358154 16.161849975585938 -8.977349281311035 0.2
0.5215201377868652 15.999248504638672 -8.88184928894043 0.2
0.26725029945373535 16.046051025390625 -8.877748489379883 0.2
0.19828033447265625 16.28664779663086 -8.915548324584961 0.2
0.2893202304840088 16.512149810791016 -8.820449829101562 0.2
0.3527803421020508 16.75054931640625 -8.742849349975586 0.2
0.2048201560974121 16.952350616455078 -8.762350082397461 0.2
-0.052629709243774414 16.93885040283203 -8.77294921875 0.2
-0.1559898853302002 16.752750396728516 -8.907649993896484 0.2
-0.08453989028930664 16.508251190185547 -8.956548690795898 0.2
-0.004829883575439453 16.261749267578125 -8.96834945678711 0.2
-0.0683598518371582 16.03955078125 -8.868148803710938 0.2
-0.3120598793029785 15.996749877929688 -8.802249908447266 0.2
-0.49914979934692383 16.152549743652344 -8.858449935913086 0.2
-0.4706997871398926 16.408451080322266 -8.893049240112305 0.2
-0.3922698497772217 16.65694808959961 -8.887449264526367 0.2
-0.3645796775817871 16.88494873046875 -8.774349212646484 0.2
-0.5495498180389404 16.968448638916016 -8.620948791503906 0.2
-0.761009693145752 16.853347778320312 -8.534648895263672 0.2
-0.7701597213745117 16.601348876953125 -8.562448501586914 0.2
-0.7118597030639648 16.39434814453125 -8.71044921875 0.2
-0.6784696578979492 16.1468505859375 -8.772249221801758 0.2
-0.8290798664093018 15.971450805664062 -8.67664909362793 0.2
-1.082089900970459 16.005451202392578 -8.652448654174805 0.2
-1.175069808959961 16.237548828125 -8.683849334716797 0.2
-1.083549976348877 16.460350036621094 -8.587848663330078 0.2
-0.9927096366882324 16.678848266601562 -8.481948852539062 0.2
-1.0879597663879395 16.91175079345703 -8.475248336791992 0.2
-1.3439898490905762 16.94234848022461 -8.453649520874023 0.2
-1.5067596435546875 16.811050415039062 -8.56814956665039 0.2
-1.4776597023010254 16.586048126220703 -8.659049987792969 0.2
-1.4036498069763184 16.356948852539062 -8.703849792480469 0.2
-1.375809669494629 16.11574935913086 -8.680749893188477 0.2
-1.5390396118164062 15.976249694824219 -8.57444953918457 0.2
-1.7791895866394043 16.012550354003906 -8.549449920654297 0.2
-1.8786697387695312 16.223751068115234 -8.602249145507812 0.2
-1.8165597915649414 16.462448120117188 -8.601848602294922 0.2
-1.7388896942138672 16.69464874267578 -8.576549530029297 0.2
-1.7223196029663086 16.890949249267578 -8.437250137329102 0.2
-1.9061999320983887 16.950149536132812 -8.29104995727539 0.2
-2.097409725189209 16.84225082397461 -8.21354866027832 0.2
-2.12192964553833 16.617050170898438 -8.236749649047852 0.2
-2.082549571990967 16.43404769897461 -8.374849319458008 0.2
-2.046459674835205 16.236351013183594 -8.491449356079102 0.2
-2.104719638824463 16.018749237060547 -8.45265007019043 0.2
-2.3164596557617188 15.9593505859375 -8.382848739624023 0.2
-2.518009662628174 16.067649841308594 -8.387748718261719 0.2
-2.5235695838928223 16.29644775390625 -8.376749038696289 0.2
-2.4221997261047363 16.47665023803711 -8.268848419189453 0.2
-2.3386096954345703 16.66925048828125 -8.168949127197266 0.2
-2.420139789581299 16.880149841308594 -8.145549774169922 0.2
-2.6465697288513184 16.92464828491211 -8.11104965209961 0.2
-2.836709976196289 16.837249755859375 -8.200550079345703 0.2
-2.8442296981811523 16.641250610351562 -8.32244873046875 0.2
-2.782559871673584 16.424850463867188 -8.383249282836914 0.2
-2.7426395416259766 16.195449829101562 -8.405349731445312 0.2
-2.8529396057128906 16.014850616455078 -8.320749282836914 0.2
-3.079859733581543 16.00455093383789 -8.269948959350586 0.2
-3.238889694213867 16.166549682617188 -8.29694938659668 0.2
-3.2012596130371094 16.396747589111328 -8.298049926757812 0.2
-3.1143798828125 16.61084747314453 -8.267950057983398 0.2
-3.0616097450256348 16.80915069580078 -8.158748626708984 0.2
-3.1850099563598633 16.891448974609375 -7.985048294067383 0.2
-3.394049644470215 16.822750091552734 -7.90894889831543 0.2
-3.4640798568725586 16.60384750366211 -7.915449142456055 0.2
-3.438109874725342 16.425148010253906 -8.06454849243164 0.2
-3.415109634399414 16.23284912109375 -8.196649551391602 0.2
-3.508479595184326 16.023250579833984 -8.164949417114258 0.2
-3.7332396507263184 15.9864501953125 -8.112049102783203 0.2
-3.8943395614624023 16.14965057373047 -8.117349624633789 0.2
-3.831859588623047 16.361248016357422 -8.04214859008789 0.2
-3.71282958984375 16.520549774169922 -7.912149429321289 0.2
-3.7318997383117676 16.738147735595703 -7.83704948425293 0.2
-3.955009937286377 16.80904769897461 -7.799549102783203 0.2
-4.1528496742248535 16.73134994506836 -7.89594841003418 0.2
-4.169299602508545 16.5406494140625 -8.033248901367188 0.2
-4.125759601593018 16.322750091552734 -8.116249084472656 0.2
-4.16763973236084 16.091548919677734 -8.11884880065918 0.2
-4.374349594116211 15.986549377441406 -8.079349517822266 0.2
-4.587109565734863 16.076950073242188 -8.117349624633789 0.2
-4.59244966506958 16.31024932861328 -8.098649978637695 0.2
-4.49515962600708 16.50374984741211 -8.001348495483398 0.2
-4.4009199142456055 16.68054962158203 -7.871849060058594 0.2
-4.430149555206299 16.742347717285156 -7.6470489501953125 0.2
-4.584069728851318 16.639949798583984 -7.49114990234375 0.2
-4.631269931793213 16.40945053100586 -7.512350082397461 0.2
-4.640100002288818 16.215648651123047 -7.654449462890625 0.2
-4.651089668273926 16.03084945678711 -7.808649063110352 0.2
-4.697239875793457 15.91524887084961 -7.975549697875977 0.2
-4.824469566345215 15.865150451660156 -8.116748809814453 0.2
-4.998069763183594 15.796947479248047 -8.178949356079102 0.2
-5.166799545288086 15.698848724365234 -8.19904899597168 0.2
-5.344829559326172 15.613250732421875 -8.154048919677734 0.2
-5.534910202026367 15.571548461914062 -8.043149948120117 0.2
-5.67411994934082 15.592147827148438 -7.89794921875 0.2
-5.767449378967285 15.720149993896484 -7.778348922729492 0.2
-5.743470191955566 15.902950286865234 -7.702249526977539 0.2
-5.624810218811035 16.032947540283203 -7.612049102783203 0.2
-5.494969367980957 16.145648956298828 -7.51624870300293 0.2
-5.36515998840332 16.257949829101562 -7.420148849487305 0.2
-5.236769676208496 16.37154769897461 -7.324150085449219 0.2
-5.130780220031738 16.513347625732422 -7.233949661254883 0.2
-5.1639299392700195 16.69355010986328 -7.158349990844727 0.2
-5.33860969543457 16.76634979248047 -7.065948486328125 0.2
-5.5383100509643555 16.722747802734375 -7.0993499755859375 0.2
-5.6438093185424805 16.57925033569336 -7.2048492431640625 0.2
-5.720979690551758 16.420150756835938 -7.310150146484375 0.2
-5.79850959777832 16.261150360107422 -7.415149688720703 0.2
-5.877129554748535 16.101848602294922 -7.518749237060547 0.2
-5.963569641113281 15.930747985839844 -7.597848892211914 0.2
-6.096839904785156 15.77724838256836 -7.559049606323242 0.2
-6.281649589538574 15.75674819946289 -7.467748641967773 0.2
-6.434490203857422 15.86185073852539 -7.347249984741211 0.2
-6.540789604187012 15.991748809814453 -7.196249008178711 0.2
-6.54557991027832 16.12874984741211 -7.0426483154296875 0.2
-6.49131965637207 16.21955108642578 -6.866548538208008 0.2
-6.341030120849609 16.25204849243164 -6.7301483154296875 0.2
-6.137729644775391 16.371047973632812 -6.702449798583984 0.2
-5.999179840087891 16.565448760986328 -6.712749481201172 0.2
-5.863559722900391 16.762649536132812 -6.711849212646484 0.2
-5.7290496826171875 16.907249450683594 -6.5845489501953125 0.2
-5.777199745178223 16.975749969482422 -6.3616485595703125 0.2
-5.939680099487305 16.89875030517578 -6.20844841003418 0.2
-6.117739677429199 16.757949829101562 -6.273748397827148 0.2
-6.286709785461426 16.673851013183594 -6.417549133300781 0.2
-6.424639701843262 16.505050659179688 -6.5014495849609375 0.2
-6.450739860534668 16.349048614501953 -6.336849212646484 0.2
-6.46653938293457 16.429550170898438 -6.117048263549805 0.2
-6.411899566650391 16.635250091552734 -6.020849227905273 0.2
-6.220459938049316 16.770950317382812 -6.00834846496582 0.2
-6.028180122375488 16.903148651123047 -5.989749908447266 0.2
-5.992079734802246 17.103748321533203 -5.883749008178711 0.2
-6.093850135803223 17.16524887084961 -5.6824493408203125 0.2
-6.307459831237793 17.102550506591797 -5.630849838256836 0.2
-6.428699493408203 16.934547424316406 -5.739349365234375 0.2
-6.500049591064453 16.73674774169922 -5.844148635864258 0.2
-6.5530195236206055 16.528247833251953 -5.770149230957031 0.2
-6.602689743041992 16.51074981689453 -5.544948577880859 0.2
-6.635849952697754 16.672550201416016 -5.385349273681641 0.2
-6.559379577636719 16.89114761352539 -5.384149551391602 0.2
-6.426039695739746 17.07674789428711 -5.423149108886719 0.2
-6.243609428405762 17.2021484375 -5.366249084472656 0.2
-6.166069984436035 17.23604965209961 -5.1564483642578125 0.2
-6.230759620666504 17.163650512695312 -4.950849533081055 0.2
-6.343859672546387 16.96915054321289 -4.934848785400391 0.2
-6.492829322814941 16.861351013183594 -5.07444953918457 0.2
-6.6193695068359375 16.70384979248047 -5.179548263549805 0.2
-6.671819686889648 16.516250610351562 -5.070249557495117 0.2
-6.708189964294434 16.509349822998047 -4.844749450683594 0.2
-6.710929870605469 16.670650482177734 -4.688749313354492 0.2
-6.576849937438965 16.85485076904297 -4.675449371337891 0.2
-6.383369445800781 16.976848602294922 -4.699150085449219 0.2
-6.2773895263671875 17.170650482177734 -4.661249160766602 0.2
-6.311319351196289 17.298648834228516 -4.447948455810547 0.2
-6.461460113525391 17.255348205566406 -4.249149322509766 0.2
-6.6603498458862305 17.110450744628906 -4.298149108886719 0.2
-6.74685001373291 16.916149139404297 -4.44474983215332 0.2
-6.801579475402832 16.675251007080078 -4.500349044799805 0.2
-6.834690093994141 16.524349212646484 -4.3092498779296875 0.2
-6.883469581604004 16.593849182128906 -4.072349548339844 0.2
-6.865209579467773 16.83034896850586 -3.9932498931884766 0.2
-6.74623966217041 17.053348541259766 -4.035249710083008 0.2
-6.571269989013672 17.237449645996094 -4.037248611450195 0.2
-6.419489860534668 17.29935073852539 -3.8523483276367188 0.2
-6.452449798583984 17.253650665283203 -3.6041488647460938 0.2
-6.539239883422852 17.034149169921875 -3.535249710083008 0.2
-6.698319435119629 16.89175033569336 -3.672748565673828 0.2
-6.847099304199219 16.736148834228516 -3.8063488006591797 0.2
-6.907929420471191 16.512649536132812 -3.72454833984375 0.2
-6.94611930847168 16.4864501953125 -3.475849151611328 0.2
-6.946100234985352 16.66175079345703 -3.301849365234375 0.2
-6.789549827575684 16.857749938964844 -3.2992496490478516 0.2
-6.581759452819824 17.002948760986328 -3.327848434448242 0.2
-6.5121002197265625 17.224449157714844 -3.244649887084961 0.2
-6.559939384460449 17.290550231933594 -3.0098495483398438 0.2
-6.73423957824707 17.218448638916016 -2.8534488677978516 0.2
-6.91370964050293 17.062149047851562 -2.930448532104492 0.2
-6.995200157165527 16.872650146484375 -3.0803489685058594 0.2
-7.039799690246582 16.631149291992188 -3.1251487731933594 0.2
-7.058599472045898 16.485549926757812 -2.9271488189697266 0.2
-7.091400146484375 16.548748016357422 -2.6859493255615234 0.2
-7.071000099182129 16.78314971923828 -2.6059494018554688 0.2
-6.964129447937012 17.011348724365234 -2.643848419189453 0.2
-6.79502010345459 17.19824981689453 -2.6500492095947266 0.2
-6.621029853820801 17.251449584960938 -2.4859485626220703 0.2
-6.613739967346191 17.186649322509766 -2.243549346923828 0.2
-6.674699783325195 16.960250854492188 -2.17864990234375 0.2
-6.841819763183594 16.823551177978516 -2.306049346923828 0.2
-7.00629997253418 16.685749053955078 -2.436748504638672 0.2
-7.059199333190918 16.453948974609375 -2.3806495666503906 0.2
-7.064099311828613 16.390647888183594 -2.1393489837646484 0.2
-7.04580020904541 16.53784942626953 -1.9450492858886719 0.2
-6.904549598693848 16.744647979736328 -1.9349498748779297 0.2
-6.708539962768555 16.899547576904297 -1.9783496856689453 0.2
-6.6308393478393555 17.113948822021484 -1.8891487121582031 0.2
-6.647170066833496 17.158550262451172 -1.6484489440917969 0.2
-6.780449867248535 17.078147888183594 -1.4766483306884766 0.2
-6.964590072631836 16.941150665283203 -1.521749496459961 0.2
-7.059199333190918 16.776348114013672 -1.6669483184814453 0.2
-7.112699508666992 16.566749572753906 -1.7638492584228516 0.2
-7.102999687194824 16.36465072631836 -1.654449462890625 0.2
-7.093500137329102 16.33034896850586 -1.420949935913086 0.2
-7.092299461364746 16.484050750732422 -1.2480487823486328 0.2
-7.032400131225586 16.713348388671875 -1.2408485412597656 0.2
-6.931679725646973 16.925949096679688 -1.2750492095947266 0.2
-6.738539695739746 17.054649353027344 -1.2420482635498047 0.2
-6.5996599197387695 17.046749114990234 -1.056549072265625 0.2
-6.570499420166016 16.91645050048828 -0.8818492889404297 0.2
-6.628680229187012 16.705150604248047 -0.8835487365722656 0.2
-6.795439720153809 16.59954833984375 -0.9880485534667969 0.2
-6.954719543457031 16.484149932861328 -1.0929489135742188 0.2
-6.997900009155273 16.267749786376953 -1.0888500213623047 0.2
-6.968790054321289 16.146148681640625 -0.9079494476318359 0.2
-6.934549331665039 16.180950164794922 -0.6934490203857422 0.2
-6.869659423828125 16.37004852294922 -0.5977497100830078 0.2
-6.720439910888672 16.530651092529297 -0.6426486968994141 0.2
-6.57466983795166 16.695751190185547 -0.6751499176025391 0.2
-6.5158796310424805 16.86724853515625 -0.5520496368408203 0.2
-6.490260124206543 16.871749877929688 -0.3320484161376953 0.2
-6.591119766235352 16.770050048828125 -0.15164947509765625 0.2
-6.77433967590332 16.626850128173828 -0.17694854736328125 0.2
-6.883449554443359 16.473247528076172 -0.3219490051269531 0.2
-6.940859794616699 16.27254867553711 -0.431549072265625 0.2
-6.9009599685668945 16.06114959716797 -0.35014915466308594 0.2
-6.8472795486450195 15.994647979736328 -0.12974929809570312 0.2
-6.823259353637695 16.120548248291016 0.061550140380859375 0.2
-6.778329849243164 16.351848602294922 0.08865165710449219 0.2
-6.697909355163574 16.57434844970703 0.05854988098144531 0.2
-6.515970230102539 16.721450805664062 0.06395149230957031 0.2
-6.34274959564209 16.717647552490234 0.2203502655029297 0.2
-6.274209976196289 16.59014892578125 0.3935508728027344 0.2
-6.310179710388184 16.374549865722656 0.3935508728027344 0.2
-6.478960037231445 16.258647918701172 0.30375099182128906 0.2
-6.649669647216797 16.147750854492188 0.21075057983398438 0.2
-6.692150115966797 15.93124771118164 0.19525146484375 0.2
-6.632809638977051 15.789947509765625 0.3552513122558594 0.2
-6.565509796142578 15.79574966430664 0.5672512054443359 0.2
-6.496939659118652 15.974647521972656 0.6773509979248047 0.2
-6.370009422302246 16.15224838256836 0.6257514953613281 0.2
-6.2387895584106445 16.32925033569336 0.5852508544921875 0.2
-6.157269477844238 16.485549926757812 0.7165508270263672 0.2
-6.082849502563477 16.45854949951172 0.9262504577636719 0.2
-6.1326799392700195 16.337749481201172 1.1033515930175781 0.2
-6.305990219116211 16.200347900390625 1.1048507690429688 0.2
-6.431859970092773 16.066650390625 0.9724502563476562 0.2
-6.501839637756348 15.887748718261719 0.8555507659912109 0.2
-6.457859992980957 15.675750732421875 0.8946514129638672 0.2
-6.376569747924805 15.578250885009766 1.0801506042480469 0.2
-6.320730209350586 15.649547576904297 1.2810516357421875 0.2
-6.281060218811035 15.861747741699219 1.3399505615234375 0.2
-6.224149703979492 16.07965087890625 1.3143501281738281 0.2
-6.064069747924805 16.235748291015625 1.3048515319824219 0.2
-5.873189926147461 16.236949920654297 1.4165515899658203 0.2
-5.777899742126465 16.111949920654297 1.5768508911132812 0.2
-5.791619300842285 15.892448425292969 1.5847511291503906 0.2
-5.965509414672852 15.772148132324219 1.5083503723144531 0.2
-6.142939567565918 15.656349182128906 1.4296512603759766 0.2
-6.1665802001953125 15.435150146484375 1.4250507354736328 0.2
-6.089079856872559 15.291149139404297 1.5798511505126953 0.2
-6.00685977935791 15.310649871826172 1.7855510711669922 0.2
-5.91609001159668 15.502548217773438 1.8542499542236328 0.2
-5.794089317321777 15.678348541259766 1.7685508728027344 0.2
-5.671339988708496 15.860649108886719 1.8023509979248047 0.2
-5.555609703063965 15.884750366210938 1.9921512603759766 0.2
-5.520449638366699 15.75885009765625 2.178050994873047 0.2
-5.675179481506348 15.622447967529297 2.2628517150878906 0.2
-5.834710121154785 15.494148254394531 2.160951614379883 0.2
-5.924200057983398 15.319747924804688 2.0444507598876953 0.2
-5.892600059509277 15.102249145507812 2.0865516662597656 0.2
-5.834010124206543 14.994148254394531 2.2793502807617188 0.2
-5.806619644165039 15.077648162841797 2.487051010131836 0.2
-5.732739448547363 15.290748596191406 2.518451690673828 0.2
-5.61553955078125 15.481048583984375 2.4593505859375 0.2
-5.405289649963379 15.555850982666016 2.4224510192871094 0.2
-5.214789390563965 15.453849792480469 2.4984512329101562 0.2
-5.140460014343262 15.240947723388672 2.501750946044922 0.2
-5.260129928588867 15.059249877929688 2.432950973510742 0.2
-5.453120231628418 14.938949584960938 2.3866500854492188 0.2
-5.642250061035156 14.85995101928711 2.410449981689453 0.2
-5.773509979248047 14.795547485351562 2.5444507598876953 0.2
-5.812569618225098 14.665950775146484 2.689250946044922 0.2
-5.801969528198242 14.501449584960938 2.800251007080078 0.2
-5.702770233154297 14.34695053100586 2.9018516540527344 0.2
-5.57765007019043 14.199150085449219 2.995250701904297 0.2
-5.407010078430176 14.131851196289062 3.071451187133789 0.2
-5.24390983581543 14.187149047851562 3.1691513061523438 0.2
-5.135159492492676 14.352848052978516 3.184551239013672 0.2
-5.054499626159668 14.509651184082031 3.092550277709961 0.2
-4.979729652404785 14.657447814941406 2.9832515716552734 0.2
-4.902449607849121 14.813549041748047 2.886150360107422 0.2
-4.808579921722412 14.98685073852539 2.889150619506836 0.2
-4.6799397468566895 15.05624771118164 3.0216503143310547 0.2
-4.5571699142456055 14.98495101928711 3.1624507904052734 0.2
-4.563549995422363 14.851348876953125 3.3076515197753906 0.2
-4.672849655151367 14.692550659179688 3.3576507568359375 0.2
-4.796649932861328 14.537147521972656 3.3589515686035156 0.2
-4.920269966125488 14.381549835205078 3.3576507568359375 0.2
-5.02195930480957 14.20975112915039 3.351449966430664 0.2
-5.01177978515625 14.011749267578125 3.355051040649414 0.2
-4.916419982910156 13.836849212646484 3.4182510375976562 0.2
-4.796249866485596 13.712650299072266 3.5404510498046875 0.2
-4.61053991317749 13.743949890136719 3.6169509887695312 0.2
-4.438719749450684 13.834449768066406 3.6583499908447266 0.2
-4.291069984436035 13.956748962402344 3.6106510162353516 0.2
-4.249569892883301 14.130550384521484 3.52545166015625 0.2
-4.277199745178223 14.323150634765625 3.498849868774414 0.2
-4.315659999847412 14.540050506591797 3.486051559448242 0.2
-4.271889686584473 14.757648468017578 3.433450698852539 0.2
-4.065659999847412 14.842849731445312 3.4025516510009766 0.2
-3.857789993286133 14.766548156738281 3.4642505645751953 0.2
-3.773909568786621 14.5572509765625 3.453451156616211 0.2
-3.866379737854004 14.348648071289062 3.4727516174316406 0.2
-3.991649627685547 14.163650512695312 3.524351119995117 0.2
-4.0448899269104 14.003650665283203 3.675050735473633 0.2
-3.9060897827148438 13.958049774169922 3.8451499938964844 0.2
-3.6851396560668945 13.9969482421875 3.8837509155273438 0.2
-3.5393099784851074 14.124950408935547 3.769550323486328 0.2
-3.5415196418762207 14.309349060058594 3.6346511840820312 0.2
-3.5670700073242188 14.515750885009766 3.5423507690429688 0.2
-3.5297999382019043 14.724349975585938 3.6112499237060547 0.2
-3.3613595962524414 14.779850006103516 3.7479515075683594 0.2
-3.218249797821045 14.672649383544922 3.882150650024414 0.2
-3.241499900817871 14.461151123046875 3.952350616455078 0.2
-3.3279500007629395 14.25564956665039 3.899751663208008 0.2
-3.4079298973083496 14.05474853515625 3.9543514251708984 0.2
-3.3334498405456543 13.940547943115234 4.128150939941406 0.2
-3.125919818878174 13.924850463867188 4.2167510986328125 0.2
-2.9306297302246094 14.014949798583984 4.165950775146484 0.2
-2.915559768676758 14.215248107910156 4.069751739501953 0.2
-3.012629985809326 14.420249938964844 4.055450439453125 0.2
-2.9805798530578613 14.651050567626953 4.001150131225586 0.2
-2.7502999305725098 14.733848571777344 4.027351379394531 0.2
-2.532489776611328 14.621650695800781 4.078550338745117 0.2
-2.4973998069763184 14.381950378417969 4.034950256347656 0.2
-2.6248998641967773 14.16354751586914 4.053951263427734 0.2
-2.7078700065612793 13.968547821044922 4.183250427246094 0.2
-2.5730695724487305 13.875247955322266 4.363250732421875 0.2
-2.328619956970215 13.906448364257812 4.423250198364258 0.2
-2.1826295852661133 14.082748413085938 4.341650009155273 0.2
-2.224370002746582 14.289051055908203 4.202251434326172 0.2
-2.3059496879577637 14.51865005493164 4.1589508056640625 0.2
-2.3125 14.672348022460938 4.343851089477539 0.2
-2.244499683380127 14.626350402832031 4.5805511474609375 0.2
-2.3477697372436523 14.44635009765625 4.709850311279297 0.2
-2.483029842376709 14.236747741699219 4.671150207519531 0.2
-2.5070395469665527 14.000747680664062 4.607351303100586 0.2
-2.3153796195983887 13.847248077392578 4.612951278686523 0.2
-2.0844597816467285 13.865650177001953 4.701351165771484 0.2
-2.002959728240967 14.057647705078125 4.826751708984375 0.2
-2.0824599266052246 14.295150756835938 4.843151092529297 0.2
-2.1096296310424805 14.530948638916016 4.775951385498047 0.2
-1.9296398162841797 14.668148040771484 4.692451477050781 0.2
-1.6874499320983887 14.638050079345703 4.741849899291992 0.2
-1.5670700073242188 14.428447723388672 4.73175048828125 0.2
-1.673229694366455 14.209449768066406 4.768550872802734 0.2
-1.8100099563598633 14.0052490234375 4.801050186157227 0.2
-1.7392797470092773 13.787349700927734 4.728851318359375 0.2
-1.4962596893310547 13.753047943115234 4.740251541137695 0.2
-1.31080961227417 13.8885498046875 4.827451705932617 0.2
-1.3081097602844238 14.131549835205078 4.841350555419922 0.2
-1.3677496910095215 14.362548828125 4.760150909423828 0.2
-1.314159870147705 14.57284927368164 4.860750198364258 0.2
-1.109529972076416 14.576248168945312 4.994050979614258 0.2
-1.0037198066711426 14.410148620605469 5.1336517333984375 0.2
-1.0855298042297363 14.180450439453125 5.16254997253418 0.2
-1.188279628753662 13.975948333740234 5.061349868774414 0.2
-1.1407299041748047 13.786449432373047 4.915250778198242 0.2
-0.9273197650909424 13.69314956665039 4.829151153564453 0.2
-0.7139596939086914 13.739749908447266 4.92555046081543 0.2
-0.7116098403930664 13.922748565673828 5.08635139465332 0.2
-0.8138997554779053 14.129249572753906 5.1842498779296875 0.2
-0.8008198738098145 14.369548797607422 5.149450302124023 0.2
-0.5938997268676758 14.452949523925781 5.062749862670898 0.2
-0.39827966690063477 14.333850860595703 4.9808502197265625 0.2
-0.40161967277526855 14.114448547363281 4.872650146484375 0.2
-0.5250396728515625 13.897449493408203 4.8547515869140625 0.2
-0.6175398826599121 13.703147888183594 4.731050491333008 0.2
-0.4721698760986328 13.548648834228516 4.628850936889648 0.2
-0.2596096992492676 13.517448425292969 4.745550155639648 0.2
-0.16257977485656738 13.623649597167969 4.9407501220703125 0.2
-0.18568968772888184 13.858848571777344 5.012451171875 0.2
-0.19877982139587402 14.104351043701172 4.967050552368164 0.2
-0.17277979850769043 14.310649871826172 5.091550827026367 0.2
-0.010629653930664062 14.33144760131836 5.276050567626953 0.2
0.06067013740539551 14.170249938964844 5.439250946044922 0.2
-0.02792978286743164 13.94384765625 5.429651260375977 0.2
-0.12707972526550293 13.762149810791016 5.288551330566406 0.2
-0.13134980201721191 13.572750091552734 5.130849838256836 0.2
0.06597018241882324 13.444351196289062 5.085451126098633 0.2
0.2737102508544922 13.448150634765625 5.218950271606445 0.2
0.339860200881958 13.589149475097656 5.406150817871094 0.2
0.2740001678466797 13.809150695800781 5.502651214599609 0.2
0.22349023818969727 14.049747467041016 5.536350250244141 0.2
0.33204030990600586 14.254348754882812 5.463251113891602 0.2
