-19.624799728393555 7.844551086425781 2.293050765991211 0.2
-19.472599029541016 7.7279510498046875 2.383150100708008 0.2
-19.518999099731445 7.580047607421875 2.5239505767822266 0.2
-19.698999404907227 7.467449188232422 2.5517501831054688 0.2
-19.785999298095703 7.297149658203125 2.4596500396728516 0.2
-19.72410011291504 7.108348846435547 2.3742504119873047 0.2
-19.56279945373535 6.972648620605469 2.349651336669922 0.2
-19.367300033569336 7.012847900390625 2.4035511016845703 0.2
-19.316200256347656 7.2095489501953125 2.462350845336914 0.2
-19.361400604248047 7.417850494384766 2.426250457763672 0.2
-19.255399703979492 7.586448669433594 2.3623504638671875 0.2
-19.05620002746582 7.615550994873047 2.421550750732422 0.2
-18.951499938964844 7.5917510986328125 2.606151580810547 0.2
-18.972999572753906 7.509250640869141 2.8135509490966797 0.2
-19.09619903564453 7.333351135253906 2.869150161743164 0.2
-19.222299575805664 7.1918487548828125 2.740751266479492 0.2
-19.243000030517578 7.01715087890625 2.6010513305664062 0.2
-19.09079933166504 6.862148284912109 2.5788516998291016 0.2
-18.918699264526367 6.860248565673828 2.721250534057617 0.2
-18.849300384521484 6.9649505615234375 2.910951614379883 0.2
-18.836999893188477 7.169849395751953 3.0025501251220703 0.2
-18.850399017333984 7.393947601318359 2.959451675415039 0.2
-18.67729949951172 7.526149749755859 2.942850112915039 0.2
-18.481599807739258 7.452949523925781 3.0218505859375 0.2
-18.399999618530273 7.300251007080078 3.1676502227783203 0.2
-18.5049991607666 7.152851104736328 3.2973499298095703 0.2
-18.691598892211914 7.046649932861328 3.2332515716552734 0.2
-18.758100509643555 6.889049530029297 3.0905513763427734 0.2
-18.68269920349121 6.6842498779296875 3.0273513793945312 0.2
-18.550399780273438 6.5097503662109375 3.080850601196289 0.2
-18.427900314331055 6.486049652099609 3.2608509063720703 0.2
-18.423599243164062 6.662147521972656 3.3906517028808594 0.2
-18.441099166870117 6.8894500732421875 3.368450164794922 0.2
-18.35260009765625 7.085048675537109 3.4285507202148438 0.2
-18.291399002075195 7.134250640869141 3.6354503631591797 0.2
-18.373699188232422 7.104351043701172 3.843851089477539 0.2
-18.564800262451172 7.0240478515625 3.927051544189453 0.2
-18.69659996032715 6.909049987792969 3.7961502075195312 0.2
-18.66390037536621 6.806949615478516 3.596151351928711 0.2
-18.56719970703125 6.6188507080078125 3.5297508239746094 0.2
-18.47879981994629 6.4613494873046875 3.662151336669922 0.2
-18.46820068359375 6.402950286865234 3.881650924682617 0.2
-18.542600631713867 6.498050689697266 4.067350387573242 0.2
-18.611000061035156 6.717250823974609 4.089250564575195 0.2
-18.538400650024414 6.928249359130859 4.074651718139648 0.2
-18.326000213623047 6.985149383544922 4.122251510620117 0.2
-18.171499252319336 6.910350799560547 4.271551132202148 0.2
-18.219600677490234 6.817649841308594 4.47075080871582 0.2
-18.432199478149414 6.762050628662109 4.484050750732422 0.2
-18.594600677490234 6.689647674560547 4.344551086425781 0.2
-18.593700408935547 6.487949371337891 4.25885009765625 0.2
-18.449399948120117 6.3204498291015625 4.317150115966797 0.2
-18.270999908447266 6.267848968505859 4.446250915527344 0.2
-18.1343994140625 6.411647796630859 4.546751022338867 0.2
-18.047199249267578 6.620250701904297 4.516851425170898 0.2
-18.01689910888672 6.774250030517578 4.357551574707031 0.2
-18.056499481201172 6.726448059082031 4.142650604248047 0.2
-17.992799758911133 6.524150848388672 4.083150863647461 0.2
-17.8656005859375 6.358150482177734 4.178550720214844 0.2
-17.880699157714844 6.193950653076172 4.327451705932617 0.2
-18.079999923706055 6.1031494140625 4.383350372314453 0.2
-18.29759979248047 6.099750518798828 4.310150146484375 0.2
-18.414499282836914 6.104949951171875 4.120050430297852 0.2
-18.34630012512207 5.979450225830078 3.9526500701904297 0.2
-18.224699020385742 5.796947479248047 3.997650146484375 0.2
-18.112199783325195 5.707649230957031 4.173450469970703 0.2
-17.984100341796875 5.806049346923828 4.32765007019043 0.2
-17.850099563598633 5.990047454833984 4.362051010131836 0.2
-17.63010025024414 6.00885009765625 4.390651702880859 0.2
-17.479000091552734 5.887847900390625 4.50885009765625 0.2
-17.50969886779785 5.753547668457031 4.682550430297852 0.2
-17.71190071105957 5.716548919677734 4.766050338745117 0.2
-17.912399291992188 5.763149261474609 4.670450210571289 0.2
-18.039499282836914 5.6907501220703125 4.503450393676758 0.2
-18.062000274658203 5.509548187255859 4.3641510009765625 0.2
-17.975099563598633 5.309047698974609 4.318750381469727 0.2
-17.818899154663086 5.244350433349609 4.4537506103515625 0.2
-17.734699249267578 5.400249481201172 4.600650787353516 0.2
-17.587900161743164 5.544750213623047 4.684051513671875 0.2
-17.38360023498535 5.478748321533203 4.750551223754883 0.2
-17.308300018310547 5.306648254394531 4.876850128173828 0.2
-17.418699264526367 5.1683502197265625 5.014751434326172 0.2
-17.636600494384766 5.1907501220703125 5.001350402832031 0.2
-17.783300399780273 5.2796478271484375 4.852149963378906 0.2
-17.858600616455078 5.196647644042969 4.661651611328125 0.2
-17.822898864746094 5.004749298095703 4.542850494384766 0.2
-17.69729995727539 4.8175506591796875 4.535449981689453 0.2
-17.528200149536133 4.749748229980469 4.668050765991211 0.2
-17.45549964904785 4.826747894287109 4.868249893188477 0.2
-17.34549903869629 5.0052490234375 4.928850173950195 0.2
-17.228300094604492 5.112548828125 4.768951416015625 0.2
-17.211200714111328 5.075847625732422 4.546850204467773 0.2
-17.204500198364258 4.921848297119141 4.393951416015625 0.2
-17.2278995513916 4.711650848388672 4.384250640869141 0.2
-17.385900497436523 4.601047515869141 4.463750839233398 0.2
-17.603599548339844 4.625148773193359 4.454851150512695 0.2
-17.79829978942871 4.54644775390625 4.422950744628906 0.2
-17.921100616455078 4.371150970458984 4.409049987792969 0.2
-17.92729949951172 4.176048278808594 4.485050201416016 0.2
-17.789499282836914 4.121150970458984 4.6271514892578125 0.2
-17.616199493408203 4.238548278808594 4.672550201416016 0.2
-17.43709945678711 4.348049163818359 4.609251022338867 0.2
-17.240699768066406 4.292449951171875 4.6271514892578125 0.2
-17.175600051879883 4.153648376464844 4.779750823974609 0.2
-17.19659996032715 4.077648162841797 4.98175048828125 0.2
-17.356199264526367 4.117748260498047 5.110151290893555 0.2
-17.53969955444336 4.203350067138672 5.043651580810547 0.2
-17.701398849487305 4.213550567626953 4.901851654052734 0.2
-17.844799041748047 4.0697479248046875 4.843650817871094 0.2
-17.856399536132812 3.8728485107421875 4.923250198364258 0.2
-17.7455997467041 3.736248016357422 5.048851013183594 0.2
-17.543800354003906 3.720050811767578 5.119951248168945 0.2
-17.353199005126953 3.8216476440429688 5.1076507568359375 0.2
-17.227100372314453 3.9063491821289062 4.957550048828125 0.2
-17.239398956298828 3.8676490783691406 4.745550155639648 0.2
-17.30900001525879 3.7067489624023438 4.618350982666016 0.2
-17.3804988861084 3.5121498107910156 4.66655158996582 0.2
-17.49049949645996 3.488048553466797 4.849451065063477 0.2
-17.67140007019043 3.5710487365722656 4.940250396728516 0.2
-17.864099502563477 3.4950485229492188 4.989950180053711 0.2
-17.854400634765625 3.304149627685547 5.07805061340332 0.2
-17.67569923400879 3.199249267578125 5.1448516845703125 0.2
-17.4606990814209 3.184947967529297 5.112649917602539 0.2
-17.33609962463379 3.268749237060547 4.956350326538086 0.2
-17.319299697875977 3.323749542236328 4.746049880981445 0.2
-17.37150001525879 3.2040481567382812 4.575550079345703 0.2
-17.39620018005371 2.9878501892089844 4.550350189208984 0.2
-17.3612003326416 2.812549591064453 4.669351577758789 0.2
-17.337900161743164 2.8181495666503906 4.877349853515625 0.2
-17.4064998626709 2.936748504638672 5.034551620483398 0.2
-17.575698852539062 3.0020484924316406 5.135051727294922 0.2
-17.769699096679688 2.932048797607422 5.168849945068359 0.2
-17.8794002532959 2.7572479248046875 5.180450439453125 0.2
-17.794898986816406 2.5734481811523438 5.18025016784668 0.2
-17.60529899597168 2.5379486083984375 5.102350234985352 0.2
-17.47119903564453 2.6053504943847656 4.955450057983398 0.2
-17.42959976196289 2.6357498168945312 4.752750396728516 0.2
-17.485000610351562 2.530750274658203 4.582851409912109 0.2
-17.546998977661133 2.335948944091797 4.535951614379883 0.2
-17.57379913330078 2.1656494140625 4.646551132202148 0.2
-17.594600677490234 2.1653480529785156 4.8547515869140625 0.2
-17.669198989868164 2.2866477966308594 5.010551452636719 0.2
-17.82229995727539 2.3987503051757812 5.101850509643555 0.2
-18.02899932861328 2.374950408935547 5.114551544189453 0.2
-18.16230010986328 2.211750030517578 5.110151290893555 0.2
-18.14150047302246 2.006549835205078 5.112051010131836 0.2
-17.959699630737305 1.9121475219726562 5.067951202392578 0.2
-17.789400100708008 1.9461479187011719 4.946050643920898 0.2
-17.68440055847168 1.9895477294921875 4.767351150512695 0.2
-17.709999084472656 1.9363479614257812 4.565250396728516 0.2
-17.789899826049805 1.7627487182617188 4.474851608276367 0.2
-17.849599838256836 1.5704498291015625 4.530851364135742 0.2
-17.883399963378906 1.5151481628417969 4.730951309204102 0.2
-17.951499938964844 1.61614990234375 4.905851364135742 0.2
-18.07159996032715 1.7441482543945312 5.027650833129883 0.2
-18.279699325561523 1.7797508239746094 5.052751541137695 0.2
-18.44409942626953 1.6467475891113281 5.032951354980469 0.2
-18.479299545288086 1.4388504028320312 5.022050857543945 0.2
-18.32670021057129 1.2976493835449219 4.985950469970703 0.2
-18.144498825073242 1.3011474609375 4.8735504150390625 0.2
-18.001998901367188 1.3433494567871094 4.718351364135742 0.2
-17.986799240112305 1.3381500244140625 4.504850387573242 0.2
-18.077999114990234 1.2018508911132812 4.369251251220703 0.2
-18.166200637817383 1.0073509216308594 4.367549896240234 0.2
-18.215700149536133 0.8951492309570312 4.539850234985352 0.2
-18.281400680541992 0.9617500305175781 4.73335075378418 0.2
-18.371700286865234 1.0842475891113281 4.886850357055664 0.2
-18.549299240112305 1.1845474243164062 4.957651138305664 0.2
-18.752500534057617 1.1238479614257812 4.930950164794922 0.2
-18.861299514770508 0.9394493103027344 4.900051116943359 0.2
-18.78459930419922 0.7436485290527344 4.8706512451171875 0.2
-18.599300384521484 0.6922492980957031 4.773151397705078 0.2
-18.430099487304688 0.7172508239746094 4.639150619506836 0.2
-18.327899932861328 0.7511482238769531 4.450450897216797 0.2
-18.390499114990234 0.7023506164550781 4.250949859619141 0.2
-18.508899688720703 0.5396499633789062 4.166950225830078 0.2
-18.59630012512207 0.360748291015625 4.245750427246094 0.2
-18.659399032592773 0.3422508239746094 4.451150894165039 0.2
-18.736400604248047 0.438751220703125 4.632051467895508 0.2
-18.84600067138672 0.5577507019042969 4.779951095581055 0.2
-19.04990005493164 0.6281509399414062 4.804750442504883 0.2
-19.235898971557617 0.5233497619628906 4.753650665283203 0.2
-19.30259895324707 0.3209495544433594 4.709150314331055 0.2
-19.166900634765625 0.16864776611328125 4.638650894165039 0.2
-18.985599517822266 0.15304946899414062 4.515050888061523 0.2
-18.817899703979492 0.17224884033203125 4.3735504150390625 0.2
-18.74880027770996 0.20944976806640625 4.169549942016602 0.2
-18.856698989868164 0.15195083618164062 3.9884510040283203 0.2
-18.996599197387695 -0.0061492919921875 3.9242515563964844 0.2
-19.092100143432617 -0.156951904296875 4.04625129699707 0.2
-19.166399002075195 -0.13795089721679688 4.252349853515625 0.2
-19.24180030822754 -0.051250457763671875 4.435951232910156 0.2
-19.34589958190918 0.054950714111328125 4.583150863647461 0.2
-19.538400650024414 0.13454818725585938 4.601650238037109 0.2
-19.724599838256836 0.060947418212890625 4.537651062011719 0.2
-19.814899444580078 -0.116851806640625 4.475151062011719 0.2
-19.71299934387207 -0.2786521911621094 4.393251419067383 0.2
-19.544700622558594 -0.3106498718261719 4.272251129150391 0.2
-19.379499435424805 -0.3068504333496094 4.143251419067383 0.2
-19.251699447631836 -0.27445220947265625 3.9784507751464844 0.2
-19.29129981994629 -0.24575042724609375 3.7746505737304688 0.2
-19.438899993896484 -0.3305511474609375 3.6484508514404297 0.2
-19.578399658203125 -0.487548828125 3.6448516845703125 0.2
-19.668699264526367 -0.5705490112304688 3.814350128173828 0.2
-19.74209976196289 -0.5249519348144531 4.007650375366211 0.2
-19.811399459838867 -0.456451416015625 4.183050155639648 0.2
-19.910600662231445 -0.3580513000488281 4.328250885009766 0.2
-20.08919906616211 -0.265350341796875 4.340551376342773 0.2
-20.271499633789062 -0.3069496154785156 4.263151168823242 0.2
-20.380399703979492 -0.4544525146484375 4.179349899291992 0.2
-20.30900001525879 -0.61505126953125 4.082450866699219 0.2
-20.152999877929688 -0.6611518859863281 3.9638500213623047 0.2
-19.993499755859375 -0.6711502075195312 3.8417510986328125 0.2
-19.844099044799805 -0.6605491638183594 3.7048511505126953 0.2
-19.800899505615234 -0.5968513488769531 3.5175514221191406 0.2
-19.925899505615234 -0.596649169921875 3.356851577758789 0.2
-20.087900161743164 -0.6913490295410156 3.277151107788086 0.2
-20.219799041748047 -0.8196525573730469 3.3601512908935547 0.2
-20.303800582885742 -0.8292503356933594 3.544851303100586 0.2
-20.370698928833008 -0.7854499816894531 3.720050811767578 0.2
-20.439599990844727 -0.7271499633789062 3.8905506134033203 0.2
-20.54450035095215 -0.6193504333496094 4.0144500732421875 0.2
-20.714000701904297 -0.52545166015625 3.9920501708984375 0.2
-20.88279914855957 -0.5529518127441406 3.8967514038085938 0.2
-20.97599983215332 -0.6864509582519531 3.789051055908203 0.2
-20.892200469970703 -0.8174514770507812 3.6723499298095703 0.2
-20.743099212646484 -0.8609504699707031 3.5550498962402344 0.2
-20.590499877929688 -0.8835525512695312 3.4383506774902344 0.2
-20.444700241088867 -0.8841514587402344 3.3103504180908203 0.2
-20.38409996032715 -0.8089523315429688 3.1405506134033203 0.2
-20.49169921875 -0.760650634765625 2.984251022338867 0.2
-20.656400680541992 -0.8049507141113281 2.887350082397461 0.2
-20.81329917907715 -0.9139518737792969 2.92864990234375 0.2
-20.90869903564453 -0.9420509338378906 3.0965499877929688 0.2
-20.978300094604492 -0.9133491516113281 3.275850296020508 0.2
-21.046600341796875 -0.8723487854003906 3.453350067138672 0.2
-21.129798889160156 -0.7862510681152344 3.6081504821777344 0.2
-21.267398834228516 -0.6469497680664062 3.6277503967285156 0.2
-21.433700561523438 -0.6055488586425781 3.529651641845703 0.2
-21.56329917907715 -0.6820487976074219 3.402050018310547 0.2
-21.52429962158203 -0.8171501159667969 3.264751434326172 0.2
-21.383499145507812 -0.8769493103027344 3.1429500579833984 0.2
-21.232900619506836 -0.9133491516113281 3.0245513916015625 0.2
-21.081998825073242 -0.9328498840332031 2.9005508422851562 0.2
-20.9773006439209 -0.8658523559570312 2.747650146484375 0.2
-21.048200607299805 -0.7623519897460938 2.5940513610839844 0.2
-21.210500717163086 -0.7426490783691406 2.481151580810547 0.2
-21.393798828125 -0.8181495666503906 2.484050750732422 0.2
-21.5044002532959 -0.8581504821777344 2.629150390625 0.2
-21.574600219726562 -0.8471488952636719 2.7940502166748047 0.2
-21.641300201416016 -0.8251495361328125 2.959451675415039 0.2
-21.7101993560791 -0.7815513610839844 3.1212501525878906 0.2
-21.797199249267578 -0.6571502685546875 3.2227516174316406 0.2
-21.92650032043457 -0.5351524353027344 3.176450729370117 0.2
-22.06999969482422 -0.5001487731933594 3.0686511993408203 0.2
-22.160999298095703 -0.576751708984375 2.9276504516601562 0.2
-22.090999603271484 -0.6771507263183594 2.790750503540039 0.2
-21.960800170898438 -0.7273521423339844 2.6758499145507812 0.2
-21.825300216674805 -0.76605224609375 2.5628509521484375 0.2
-21.68829917907715 -0.7905502319335938 2.4461517333984375 0.2
-21.576000213623047 -0.7336502075195312 2.3127498626708984 0.2
-21.610700607299805 -0.6092491149902344 2.180450439453125 0.2
-21.738698959350586 -0.537750244140625 2.069751739501953 0.2
-21.896499633789062 -0.5120506286621094 1.9762516021728516 0.2
-22.067899703979492 -0.566650390625 1.993051528930664 0.2
-22.17650032043457 -0.5923500061035156 2.129751205444336 0.2
-22.25469970703125 -0.5860519409179688 2.285551071166992 0.2
-22.32939910888672 -0.5725517272949219 2.442350387573242 0.2
-22.40250015258789 -0.541351318359375 2.597949981689453 0.2
-22.47749900817871 -0.429351806640625 2.7137508392333984 0.2
-22.581899642944336 -0.28604888916015625 2.691051483154297 0.2
-22.70989990234375 -0.20804977416992188 2.5976505279541016 0.2
-22.834699630737305 -0.20365142822265625 2.4690513610839844 0.2
-22.836700439453125 -0.2966499328613281 2.3156509399414062 0.2
-22.72640037536621 -0.35955047607421875 2.1920509338378906 0.2
-22.600500106811523 -0.40325164794921875 2.079151153564453 0.2
-22.471799850463867 -0.439849853515625 1.9666500091552734 0.2
-22.33839988708496 -0.45005035400390625 1.8505516052246094 0.2
-22.25 -0.3514518737792969 1.7292499542236328 0.2
-22.315099716186523 -0.22465133666992188 1.6197509765625 0.2
-22.43440055847168 -0.13965225219726562 1.5209503173828125 0.2
-22.580598831176758 -0.08805084228515625 1.4307498931884766 0.2
-22.757200241088867 -0.12215042114257812 1.439849853515625 0.2
-22.87310028076172 -0.14635086059570312 1.5718517303466797 0.2
-22.957599639892578 -0.14635086059570312 1.725250244140625 0.2
-23.037700653076172 -0.1401519775390625 1.8805503845214844 0.2
-23.113698959350586 -0.11925125122070312 2.0368499755859375 0.2
-23.178800582885742 -0.018650054931640625 2.168750762939453 0.2
-23.2593994140625 0.14154815673828125 2.165151596069336 0.2
-23.368099212646484 0.24924850463867188 2.0769500732421875 0.2
-23.48539924621582 0.3071479797363281 1.9554500579833984 0.2
-23.527999877929688 0.24884796142578125 1.7908515930175781 0.2
-23.43669891357422 0.17815017700195312 1.6556510925292969 0.2
-23.314800262451172 0.12834930419921875 1.540750503540039 0.2
-23.188098907470703 0.08514785766601562 1.4282512664794922 0.2
-23.055700302124023 0.055248260498046875 1.3159503936767578 0.2
-22.925800323486328 0.11154937744140625 1.2065505981445312 0.2
-22.92300033569336 0.2633476257324219 1.1089515686035156 0.2
-23.0177001953125 0.3815498352050781 1.0157508850097656 0.2
-23.16189956665039 0.45024871826171875 0.9338512420654297 0.2
-23.33769989013672 0.4308509826660156 0.9634513854980469 0.2
-23.450300216674805 0.41214752197265625 1.09735107421875 0.2
-23.538799285888672 0.405548095703125 1.2474498748779297 0.2
-23.622400283813477 0.40435028076171875 1.4002513885498047 0.2
-23.697999954223633 0.42205047607421875 1.5565509796142578 0.2
-23.746599197387695 0.5317497253417969 1.6871509552001953 0.2
-23.799299240112305 0.7018508911132812 1.6790504455566406 0.2
-23.878398895263672 0.8323478698730469 1.592550277709961 0.2
-23.968700408935547 0.9252510070800781 1.471750259399414 0.2
-24.013898849487305 0.9045486450195312 1.3006515502929688 0.2
-23.937999725341797 0.8362503051757812 1.1565513610839844 0.2
-23.822799682617188 0.7800483703613281 1.0391502380371094 0.2
-23.7007999420166 0.729949951171875 0.925750732421875 0.2
-23.571199417114258 0.6917495727539062 0.8154506683349609 0.2
-23.415699005126953 0.7449493408203125 0.7117500305175781 0.2
-23.38759994506836 0.925048828125 0.6254501342773438 0.2
-23.472400665283203 1.0819511413574219 0.5332508087158203 0.2
-23.646699905395508 1.1608505249023438 0.4721508026123047 0.2
-23.820600509643555 1.1439476013183594 0.5694503784179688 0.2
-23.929500579833984 1.1271476745605469 0.7333507537841797 0.2
-24.02829933166504 1.1150474548339844 0.9036502838134766 0.2
-24.114200592041016 1.1256484985351562 1.0833511352539062 0.2
-24.145198822021484 1.2613487243652344 1.2255516052246094 0.2
-24.18120002746582 1.4549484252929688 1.1895503997802734 0.2
-24.250499725341797 1.600250244140625 1.0718517303466797 0.2
-24.305700302124023 1.6232490539550781 0.8819503784179688 0.2
-24.23040008544922 1.5520477294921875 0.7124500274658203 0.2
-24.103199005126953 1.4836502075195312 0.5791511535644531 0.2
-23.967599868774414 1.4216499328613281 0.4512500762939453 0.2
-23.804899215698242 1.4075508117675781 0.3376502990722656 0.2
-23.685298919677734 1.5472488403320312 0.26235008239746094 0.2
-23.715900421142578 1.7272491455078125 0.18255043029785156 0.2
-23.848899841308594 1.854949951171875 0.10695075988769531 0.2
-24.039899826049805 1.8634490966796875 0.15855026245117188 0.2
-24.160400390625 1.8385505676269531 0.3134498596191406 0.2
-24.260299682617188 1.8157501220703125 0.479949951171875 0.2
-24.347900390625 1.8088493347167969 0.6550502777099609 0.2
-24.37540054321289 1.9140510559082031 0.8188514709472656 0.2
-24.38469886779785 2.110950469970703 0.8204517364501953 0.2
-24.435800552368164 2.264850616455078 0.7085514068603516 0.2
-24.479299545288086 2.295948028564453 0.5194511413574219 0.2
-24.405899047851562 2.22705078125 0.35125160217285156 0.2
-24.28299903869629 2.153148651123047 0.21915054321289062 0.2
-24.147499084472656 2.084148406982422 0.0917510986328125 0.2
-23.969999313354492 2.0893478393554688 -0.011049270629882812 0.2
-23.871200561523438 2.2574501037597656 -0.07415008544921875 0.2
-23.919599533081055 2.4428482055664062 -0.14824867248535156 0.2
-24.093700408935547 2.5414505004882812 -0.1844501495361328 0.2
-24.264999389648438 2.528850555419922 -0.07434844970703125 0.2
-24.375598907470703 2.4979476928710938 0.09225082397460938 0.2
-24.472900390625 2.471649169921875 0.2675514221191406 0.2
-24.516399383544922 2.520648956298828 0.4598503112792969 0.2
-24.49970054626465 2.708049774169922 0.5333499908447266 0.2
-24.5226993560791 2.892749786376953 0.451751708984375 0.2
-24.570899963378906 2.9742507934570312 0.273651123046875 0.2
-24.52720069885254 2.9163475036621094 0.08505058288574219 0.2
-24.412799835205078 2.8332481384277344 -0.058750152587890625 0.2
-24.281299591064453 2.7549476623535156 -0.19044876098632812 0.2
-24.1028995513916 2.74945068359375 -0.2837486267089844 0.2
-23.98379898071289 2.904449462890625 -0.3305492401123047 0.2
-24.006999969482422 3.097148895263672 -0.3860492706298828 0.2
-24.163400650024414 3.2186508178710938 -0.4133491516113281 0.2
-24.339500427246094 3.2172508239746094 -0.3164501190185547 0.2
-24.456199645996094 3.1800498962402344 -0.15924835205078125 0.2
-24.553699493408203 3.146648406982422 0.011350631713867188 0.2
-24.58139991760254 3.1825485229492188 0.20605087280273438 0.2
-24.535499572753906 3.3523483276367188 0.2976512908935547 0.2
-24.524599075317383 3.5425491333007812 0.2373504638671875 0.2
-24.553298950195312 3.647350311279297 0.07125091552734375 0.2
-24.523500442504883 3.606548309326172 -0.12134933471679688 0.2
-24.42729949951172 3.521648406982422 -0.2731494903564453 0.2
-24.30069923400879 3.4370498657226562 -0.41124916076660156 0.2
-24.09779930114746 3.4336509704589844 -0.4913482666015625 0.2
-23.97279930114746 3.610248565673828 -0.5142498016357422 0.2
-24.006099700927734 3.824748992919922 -0.5447483062744141 0.2
-24.194900512695312 3.9275474548339844 -0.5166492462158203 0.2
-24.359600067138672 3.9001502990722656 -0.3751487731933594 0.2
-24.483699798583984 3.8493499755859375 -0.2028484344482422 0.2
-24.53369903564453 3.838348388671875 0.00775146484375 0.2
-24.454500198364258 3.972949981689453 0.15365028381347656 0.2
-24.394699096679688 4.180347442626953 0.12475013732910156 0.2
-24.40049934387207 4.3168487548828125 -0.04084968566894531 0.2
-24.373199462890625 4.286350250244141 -0.25404930114746094 0.2
-24.28369903564453 4.1925506591796875 -0.4275493621826172 0.2
-24.138099670410156 4.109050750732422 -0.5635490417480469 0.2
-23.930999755859375 4.1488494873046875 -0.5954494476318359 0.2
-23.833200454711914 4.340351104736328 -0.5914497375488281 0.2
-23.89229965209961 4.545249938964844 -0.5857486724853516 0.2
-24.08139991760254 4.618549346923828 -0.5131492614746094 0.2
-24.23390007019043 4.574748992919922 -0.3674488067626953 0.2
-24.344900131225586 4.518550872802734 -0.19215011596679688 0.2
-24.32149887084961 4.523349761962891 0.019750595092773438 0.2
-24.20669937133789 4.6739501953125 0.11295127868652344 0.2
-24.138099670410156 4.869049072265625 0.057651519775390625 0.2
-24.136499404907227 4.973949432373047 -0.12814903259277344 0.2
-24.099300384521484 4.9259490966796875 -0.333648681640625 0.2
-24.014699935913086 4.831951141357422 -0.5066490173339844 0.2
-23.835899353027344 4.7644500732421875 -0.6009483337402344 0.2
-23.647199630737305 4.855049133300781 -0.5897483825683594 0.2
-23.580900192260742 5.056148529052734 -0.5588493347167969 0.2
-23.68000030517578 5.236049652099609 -0.5110492706298828 0.2
-23.86159896850586 5.262248992919922 -0.40324974060058594 0.2
-24.006799697875977 5.2010498046875 -0.25874900817871094 0.2
-24.066499710083008 5.138149261474609 -0.06494903564453125 0.2
-23.964599609375 5.173549652099609 0.11345100402832031 0.2
-23.836700439453125 5.33905029296875 0.1493511199951172 0.2
-23.773399353027344 5.517547607421875 0.05615043640136719 0.2
-23.768999099731445 5.575649261474609 -0.14824867248535156 0.2
-23.731800079345703 5.510448455810547 -0.34724998474121094 0.2
-23.62139892578125 5.414348602294922 -0.5000495910644531 0.2
-23.416799545288086 5.390350341796875 -0.5316486358642578 0.2
-23.268600463867188 5.532447814941406 -0.4862499237060547 0.2
-23.24650001525879 5.732250213623047 -0.4230499267578125 0.2
-23.391799926757812 5.858551025390625 -0.3365497589111328 0.2
-23.56369972229004 5.834751129150391 -0.21595001220703125 0.2
-23.684598922729492 5.756549835205078 -0.061649322509765625 0.2
-23.6560001373291 5.697849273681641 0.13605117797851562 0.2
-23.509199142456055 5.78704833984375 0.24945068359375 0.2
-23.388198852539062 5.959247589111328 0.2348499298095703 0.2
-23.35059928894043 6.107948303222656 0.09285163879394531 0.2
-23.344799041748047 6.118450164794922 -0.11724853515625 0.2
-23.29450035095215 6.037147521972656 -0.30464935302734375 0.2
-23.133399963378906 5.948551177978516 -0.40144920349121094 0.2
-22.937299728393555 6.002449035644531 -0.37184906005859375 0.2
-22.83370018005371 6.171051025390625 -0.30194854736328125 0.2
-22.88450050354004 6.34954833984375 -0.21084976196289062 0.2
-23.058000564575195 6.400348663330078 -0.1051483154296875 0.2
-23.21540069580078 6.331050872802734 0.014850616455078125 0.2
-23.25279998779297 6.235649108886719 0.1941509246826172 0.2
-23.12310028076172 6.239948272705078 0.3504505157470703 0.2
-22.96500015258789 6.369049072265625 0.3934516906738281 0.2
-22.870899200439453 6.537849426269531 0.31945037841796875 0.2
-22.86050033569336 6.618350982666016 0.12745094299316406 0.2
-22.853899002075195 6.569450378417969 -0.0751495361328125 0.2
-22.7278995513916 6.470149993896484 -0.20314979553222656 0.2
-22.516599655151367 6.47344970703125 -0.17004966735839844 0.2
-22.38520050048828 6.614650726318359 -0.064849853515625 0.2
-22.415699005126953 6.775447845458984 0.074951171875 0.2
-22.5856990814209 6.810447692871094 0.20855140686035156 0.2
-22.7362003326416 6.718048095703125 0.33715057373046875 0.2
-22.723499298095703 6.572650909423828 0.4952507019042969 0.2
-22.54680061340332 6.52874755859375 0.613250732421875 0.2
-22.359600067138672 6.618350982666016 0.6769504547119141 0.2
-22.299999237060547 6.812950134277344 0.6166515350341797 0.2
-22.34619903564453 6.908649444580078 0.4246501922607422 0.2
-22.324600219726562 6.881549835205078 0.2109508514404297 0.2
-22.14150047302246 6.833549499511719 0.11124992370605469 0.2
-21.960899353027344 6.922649383544922 0.18595123291015625 0.2
-21.905000686645508 7.090850830078125 0.31274986267089844 0.2
-22.024099349975586 7.215549468994141 0.4457511901855469 0.2
-22.201200485229492 7.166950225830078 0.5596504211425781 0.2
-22.301300048828125 7.0146484375 0.6771507263183594 0.2
-22.222000122070312 6.8934478759765625 0.832550048828125 0.2
-22.066099166870117 6.973751068115234 0.9551506042480469 0.2
-21.963199615478516 7.162849426269531 0.9897499084472656 0.2
-21.93109893798828 7.344150543212891 0.8805503845214844 0.2
-21.975500106811523 7.410449981689453 0.6791515350341797 0.2
-21.932300567626953 7.374347686767578 0.4739513397216797 0.2
-21.747499465942383 7.286750793457031 0.4178504943847656 0.2
-21.558000564575195 7.287448883056641 0.5231513977050781 0.2
-21.467899322509766 7.330047607421875 0.7134513854980469 0.2
-21.564899444580078 7.321750640869141 0.9013500213623047 0.2
-21.737600326538086 7.231548309326172 0.9938507080078125 0.2
-21.80109977722168 7.027248382568359 1.0197505950927734 0.2
-21.70789909362793 6.833648681640625 1.0284500122070312 0.2
-21.526100158691406 6.732151031494141 1.0763511657714844 0.2
-21.335599899291992 6.812351226806641 1.063751220703125 0.2
-21.317699432373047 7.0007476806640625 0.9695510864257812 0.2
-21.379600524902344 7.143550872802734 0.8189506530761719 0.2
-21.323200225830078 7.174350738525391 0.6135501861572266 0.2
-21.16469955444336 7.1542510986328125 0.4692516326904297 0.2
-20.954198837280273 7.135349273681641 0.46055030822753906 0.2
-20.847900390625 7.077751159667969 0.6275501251220703 0.2
-20.965200424194336 7.001750946044922 0.7852516174316406 0.2
-21.10919952392578 6.921051025390625 0.9234504699707031 0.2
-21.052000045776367 6.899250030517578 1.1213512420654297 0.2
-20.896699905395508 7.025051116943359 1.1813507080078125 0.2
-20.774700164794922 7.179248809814453 1.0880508422851562 0.2
-20.69969940185547 7.239948272705078 0.9000511169433594 0.2
-20.66950035095215 7.171150207519531 0.6966514587402344 0.2
-20.5044002532959 7.082347869873047 0.6110515594482422 0.2
-20.322500228881836 7.08544921875 0.7146511077880859 0.2
-20.239500045776367 7.189350128173828 0.8817501068115234 0.2
-20.29199981689453 7.3193511962890625 1.0547504425048828 0.2
-20.482799530029297 7.325450897216797 1.1703510284423828 0.2
-20.65679931640625 7.193050384521484 1.2255516052246094 0.2
-20.682600021362305 6.987751007080078 1.3205509185791016 0.2
-20.57539939880371 6.829948425292969 1.4385509490966797 0.2
-20.432498931884766 6.872150421142578 1.597249984741211 0.2
-20.383298873901367 7.0852508544921875 1.6134510040283203 0.2
-20.367000579833984 7.245948791503906 1.4538516998291016 0.2
-20.24359893798828 7.338951110839844 1.2918510437011719 0.2
-20.021499633789062 7.328548431396484 1.2590503692626953 0.2
-19.817699432373047 7.321949005126953 1.3578510284423828 0.2
-19.756500244140625 7.375850677490234 1.56195068359375 0.2
-19.923999786376953 7.396648406982422 1.7043514251708984 0.2
-20.11949920654297 7.286350250244141 1.6845512390136719 0.2
-20.20709991455078 7.079048156738281 1.693349838256836 0.2
-20.157299041748047 6.877147674560547 1.7869510650634766 0.2
-20.027799606323242 6.793949127197266 1.948751449584961 0.2
-19.93869972229004 6.931247711181641 2.09375 0.2
-19.92530059814453 7.1468505859375 2.030851364135742 0.2
-19.863399505615234 7.316947937011719 1.8900508880615234 0.2
-19.725900650024414 7.4942474365234375 1.8778514862060547 0.2
-19.680299758911133 7.681648254394531 1.9972515106201172 0.2
-19.794300079345703 7.855449676513672 2.0934505462646484 0.2
-20.025100708007812 7.845649719238281 2.1194515228271484 0.2
-20.130199432373047 7.635749816894531 2.0787506103515625 0.2
-20.137399673461914 7.395347595214844 2.045450210571289 0.2
-20.091299057006836 7.181148529052734 2.135751724243164 0.2
-20.002899169921875 7.157550811767578 2.353250503540039 0.2
-19.960500717163086 7.303550720214844 2.5423507690429688 0.2
-19.980100631713867 7.533649444580078 2.5934505462646484 0.2
-20.035600662231445 7.740550994873047 2.479249954223633 0.2
-19.938199996948242 7.887451171875 2.3262500762939453 0.2
-19.69999885559082 7.873447418212891 2.283651351928711 0.2
