24.633800506591797 -3.2368507385253906 -4.210248947143555 0.2
24.8080997467041 -3.3292503356933594 -4.225549697875977 0.2
24.89349937438965 -3.4809494018554688 -4.123048782348633 0.2
24.89739990234375 -3.651752471923828 -4.016948699951172 0.2
24.853500366210938 -3.8405494689941406 -3.9608497619628906 0.2
24.791099548339844 -4.012451171875 -4.043449401855469 0.2
24.82360076904297 -4.097450256347656 -4.220649719238281 0.2
24.94460105895996 -4.064052581787109 -4.371950149536133 0.2
25.050399780273438 -3.8949508666992188 -4.395549774169922 0.2
25.03059959411621 -3.6966514587402344 -4.367048263549805 0.2
24.956501007080078 -3.510650634765625 -4.34684944152832 0.2
24.829299926757812 -3.360149383544922 -4.399349212646484 0.2
24.746999740600586 -3.3008499145507812 -4.5704498291015625 0.2
24.7992000579834 -3.313751220703125 -4.763349533081055 0.2
24.967500686645508 -3.3931503295898438 -4.8475494384765625 0.2
25.091100692749023 -3.5441513061523438 -4.764049530029297 0.2
25.11250114440918 -3.721649169921875 -4.648649215698242 0.2
25.081300735473633 -3.916351318359375 -4.568149566650391 0.2
25.002099990844727 -4.102851867675781 -4.631349563598633 0.2
25.01690101623535 -4.1896514892578125 -4.822849273681641 0.2
25.128700256347656 -4.143852233886719 -4.992649078369141 0.2
25.221900939941406 -3.9555511474609375 -5.023248672485352 0.2
25.19390106201172 -3.7461509704589844 -4.995550155639648 0.2
25.113201141357422 -3.5497512817382812 -4.9772491455078125 0.2
24.964399337768555 -3.4134521484375 -5.048349380493164 0.2
24.895599365234375 -3.3896522521972656 -5.245248794555664 0.2
24.97260093688965 -3.4388504028320312 -5.434848785400391 0.2
25.145299911499023 -3.5568504333496094 -5.460649490356445 0.2
25.230199813842773 -3.7250518798828125 -5.3605499267578125 0.2
25.250999450683594 -3.903949737548828 -5.246950149536133 0.2
25.195600509643555 -4.1022491455078125 -5.189849853515625 0.2
25.113100051879883 -4.2597503662109375 -5.300649642944336 0.2
25.12860107421875 -4.310352325439453 -5.5052490234375 0.2
25.238100051879883 -4.209251403808594 -5.650548934936523 0.2
25.287099838256836 -4.001251220703125 -5.663148880004883 0.2
25.24850082397461 -3.7939491271972656 -5.635149002075195 0.2
25.152400970458984 -3.6037521362304688 -5.626249313354492 0.2
24.991500854492188 -3.5056495666503906 -5.723949432373047 0.2
24.9375 -3.5185508728027344 -5.926849365234375 0.2
25.034799575805664 -3.6001510620117188 -6.091449737548828 0.2
25.19099998474121 -3.7457504272460938 -6.080848693847656 0.2
25.25710105895996 -3.9184494018554688 -5.975648880004883 0.2
25.276700973510742 -4.099750518798828 -5.865749359130859 0.2
25.191999435424805 -4.293651580810547 -5.829248428344727 0.2
25.1023006439209 -4.422248840332031 -5.96714973449707 0.2
25.11479949951172 -4.438652038574219 -6.176248550415039 0.2
25.210100173950195 -4.297950744628906 -6.30164909362793 0.2
25.228700637817383 -4.085350036621094 -6.304548263549805 0.2
25.191499710083008 -3.8772506713867188 -6.277549743652344 0.2
25.073400497436523 -3.6977500915527344 -6.272348403930664 0.2
24.906400680541992 -3.6352500915527344 -6.38385009765625 0.2
24.855600357055664 -3.6782493591308594 -6.585350036621094 0.2
24.962299346923828 -3.7909507751464844 -6.725648880004883 0.2
25.094900131225586 -3.9545516967773438 -6.6889495849609375 0.2
25.159099578857422 -4.128452301025391 -6.582048416137695 0.2
25.1697998046875 -4.312751770019531 -6.473249435424805 0.2
25.0585994720459 -4.493549346923828 -6.451148986816406 0.2
24.95800018310547 -4.5964508056640625 -6.606649398803711 0.2
24.963600158691406 -4.5823516845703125 -6.816549301147461 0.2
25.041099548339844 -4.413150787353516 -6.921449661254883 0.2
25.04800033569336 -4.1988525390625 -6.918249130249023 0.2
25.0132999420166 -3.988750457763672 -6.8941497802734375 0.2
24.876300811767578 -3.8233489990234375 -6.887849807739258 0.2
24.706501007080078 -3.7928504943847656 -7.00834846496582 0.2
24.655099868774414 -3.8606491088867188 -7.202949523925781 0.2
24.768301010131836 -3.9986495971679688 -7.316049575805664 0.2
24.88479995727539 -4.171451568603516 -7.263648986816406 0.2
24.95240020751953 -4.345149993896484 -7.159049987792969 0.2
24.949501037597656 -4.529651641845703 -7.049848556518555 0.2
24.816299438476562 -4.693851470947266 -7.043949127197266 0.2
24.70599937438965 -4.774951934814453 -7.205848693847656 0.2
24.71190071105957 -4.730049133300781 -7.409849166870117 0.2
24.772199630737305 -4.5440521240234375 -7.499849319458008 0.2
24.775300979614258 -4.3305511474609375 -7.494649887084961 0.2
24.73859977722168 -4.121051788330078 -7.47184944152832 0.2
24.581600189208984 -3.9742507934570312 -7.464849472045898 0.2
24.409700393676758 -3.9707489013671875 -7.585149765014648 0.2
24.363201141357422 -4.06195068359375 -7.769048690795898 0.2
24.47719955444336 -4.219749450683594 -7.856748580932617 0.2
24.581199645996094 -4.395851135253906 -7.792848587036133 0.2
24.651199340820312 -4.569950103759766 -7.690349578857422 0.2
24.62660026550293 -4.752449035644531 -7.577749252319336 0.2
24.475299835205078 -4.897850036621094 -7.588850021362305 0.2
24.35900115966797 -4.956748962402344 -7.756948471069336 0.2
24.36520004272461 -4.879451751708984 -7.952749252319336 0.2
24.407499313354492 -4.6806488037109375 -8.021949768066406 0.2
24.411300659179688 -4.466350555419922 -8.016149520874023 0.2
24.364200592041016 -4.258350372314453 -7.988149642944336 0.2
24.189001083374023 -4.136749267578125 -7.979648590087891 0.2
24.016700744628906 -4.161651611328125 -8.101949691772461 0.2
23.97949981689453 -4.277950286865234 -8.274148941040039 0.2
24.0935001373291 -4.451251983642578 -8.330148696899414 0.2
24.193700790405273 -4.627849578857422 -8.259248733520508 0.2
24.264699935913086 -4.80364990234375 -8.157848358154297 0.2
24.21700096130371 -4.977649688720703 -8.040449142456055 0.2
24.04720115661621 -5.100250244140625 -8.065849304199219 0.2
23.920000076293945 -5.136150360107422 -8.232749938964844 0.2
23.92530059814453 -5.027050018310547 -8.415149688720703 0.2
23.957300186157227 -4.821449279785156 -8.47024917602539 0.2
23.96579933166504 -4.607151031494141 -8.469449996948242 0.2
23.90679931640625 -4.403751373291016 -8.433050155639648 0.2
23.716800689697266 -4.311450958251953 -8.421649932861328 0.2
23.54199981689453 -4.359149932861328 -8.533349990844727 0.2
23.51740074157715 -4.49835205078125 -8.688549041748047 0.2
23.627099990844727 -4.681549072265625 -8.720849990844727 0.2
23.727100372314453 -4.8569488525390625 -8.64944839477539 0.2
23.793800354003906 -5.033149719238281 -8.547048568725586 0.2
23.717500686645508 -5.194652557373047 -8.42814826965332 0.2
23.535400390625 -5.294349670410156 -8.462949752807617 0.2
23.409000396728516 -5.304351806640625 -8.631050109863281 0.2
23.415000915527344 -5.168552398681641 -8.797048568725586 0.2
23.439899444580078 -4.959651947021484 -8.838949203491211 0.2
23.44740104675293 -4.745552062988281 -8.83864974975586 0.2
23.368101119995117 -4.551448822021484 -8.786748886108398 0.2
23.167301177978516 -4.4902496337890625 -8.779348373413086 0.2
22.999799728393555 -4.559749603271484 -8.891349792480469 0.2
22.996400833129883 -4.717750549316406 -9.03174877166748 0.2
23.10449981689453 -4.903450012207031 -9.038649559020996 0.2
23.206100463867188 -5.0787506103515625 -8.967848777770996 0.2
23.26300048828125 -5.2539520263671875 -8.856149673461914 0.2
23.16069984436035 -5.400550842285156 -8.740449905395508 0.2
22.9689998626709 -5.480350494384766 -8.788049697875977 0.2
22.845800399780273 -5.46405029296875 -8.95884895324707 0.2
22.853700637817383 -5.304649353027344 -9.103249549865723 0.2
22.877201080322266 -5.0935516357421875 -9.13814926147461 0.2
22.882699966430664 -4.8782501220703125 -9.135449409484863 0.2
22.788000106811523 -4.697551727294922 -9.067249298095703 0.2
22.579200744628906 -4.666252136230469 -9.060949325561523 0.2
22.416500091552734 -4.755851745605469 -9.165549278259277 0.2
22.430099487304688 -4.930950164794922 -9.286748886108398 0.2
22.537099838256836 -5.117649078369141 -9.279349327087402 0.2
22.642099380493164 -5.2933502197265625 -9.21514892578125 0.2
22.689001083374023 -5.463951110839844 -9.093548774719238 0.2
22.56369972229004 -5.589851379394531 -8.97974967956543 0.2
22.363201141357422 -5.646949768066406 -9.022748947143555 0.2
22.243200302124023 -5.601249694824219 -9.189249038696289 0.2
22.246400833129883 -5.426849365234375 -9.31614875793457 0.2
22.271100997924805 -5.217350006103516 -9.35214900970459 0.2
22.27400016784668 -5.003150939941406 -9.345748901367188 0.2
22.164499282836914 -4.841251373291016 -9.258548736572266 0.2
21.95479965209961 -4.833549499511719 -9.240049362182617 0.2
21.799301147460938 -4.943351745605469 -9.329849243164062 0.2
21.821500778198242 -5.1329498291015625 -9.428149223327637 0.2
21.927101135253906 -5.318550109863281 -9.411149024963379 0.2
22.032899856567383 -5.494251251220703 -9.35054874420166 0.2
22.06610107421875 -5.653850555419922 -9.209749221801758 0.2
21.922000885009766 -5.754051208496094 -9.095349311828613 0.2
21.715700149536133 -5.786949157714844 -9.134949684143066 0.2
21.600099563598633 -5.713050842285156 -9.29594898223877 0.2
21.6033992767334 -5.528350830078125 -9.405049324035645 0.2
21.630399703979492 -5.319950103759766 -9.446249008178711 0.2
21.629499435424805 -5.1058502197265625 -9.42604923248291 0.2
21.506900787353516 -4.9678497314453125 -9.322049140930176 0.2
21.29650115966797 -4.986049652099609 -9.296049118041992 0.2
21.153499603271484 -5.119850158691406 -9.373848915100098 0.2
21.191699981689453 -5.318752288818359 -9.445849418640137 0.2
21.30030059814453 -5.502750396728516 -9.424149513244629 0.2
21.40570068359375 -5.6777496337890625 -9.35784912109375 0.2
21.421100616455078 -5.818149566650391 -9.197049140930176 0.2
21.254499435424805 -5.89215087890625 -9.091548919677734 0.2
21.046600341796875 -5.900951385498047 -9.134248733520508 0.2
20.946800231933594 -5.797950744628906 -9.291949272155762 0.2
20.955400466918945 -5.6065521240234375 -9.388849258422852 0.2
20.982900619506836 -5.399150848388672 -9.43484878540039 0.2
20.973800659179688 -5.1896514892578125 -9.391549110412598 0.2
20.830900192260742 -5.085948944091797 -9.278449058532715 0.2
20.624799728393555 -5.129249572753906 -9.24894905090332 0.2
20.510400772094727 -5.289051055908203 -9.323049545288086 0.2
20.5664005279541 -5.491352081298828 -9.370549201965332 0.2
20.677400588989258 -5.672050476074219 -9.346649169921875 0.2
20.77869987487793 -5.841251373291016 -9.264049530029297 0.2
20.76180076599121 -5.956352233886719 -9.087248802185059 0.2
20.579099655151367 -6.004650115966797 -8.99484920501709 0.2
20.379100799560547 -5.986652374267578 -9.053548812866211 0.2
20.298799514770508 -5.857349395751953 -9.204849243164062 0.2
20.31330108642578 -5.663150787353516 -9.291749000549316 0.2
20.339200973510742 -5.455852508544922 -9.334149360656738 0.2
20.316299438476562 -5.257450103759766 -9.257248878479004 0.2
20.158100128173828 -5.1907501220703125 -9.13914966583252 0.2
19.96150016784668 -5.262050628662109 -9.110849380493164 0.2
19.880399703979492 -5.44525146484375 -9.179049491882324 0.2
19.95370101928711 -5.6441497802734375 -9.204049110412598 0.2
20.0669002532959 -5.823051452636719 -9.179849624633789 0.2
20.16320037841797 -5.979450225830078 -9.069449424743652 0.2
20.11280059814453 -6.065052032470703 -8.885648727416992 0.2
19.91819953918457 -6.086849212646484 -8.805049896240234 0.2
19.729000091552734 -6.036750793457031 -8.87984848022461 0.2
19.670801162719727 -5.883152008056641 -9.016549110412598 0.2
19.68939971923828 -5.688549041748047 -9.102048873901367 0.2
19.715700149536133 -5.478450775146484 -9.129448890686035 0.2
19.681100845336914 -5.302150726318359 -9.017949104309082 0.2
19.515100479125977 -5.272850036621094 -8.891448974609375 0.2
19.3341007232666 -5.3742523193359375 -8.857648849487305 0.2
19.2903995513916 -5.575450897216797 -8.913549423217773 0.2
19.376300811767578 -5.770252227783203 -8.928548812866211 0.2
19.49030113220215 -5.948650360107422 -8.902448654174805 0.2
19.581501007080078 -6.081249237060547 -8.763248443603516 0.2
19.501699447631836 -6.131450653076172 -8.57765007019043 0.2
19.305400848388672 -6.123851776123047 -8.500049591064453 0.2
19.13290023803711 -6.041049957275391 -8.588748931884766 0.2
19.090999603271484 -5.873649597167969 -8.714349746704102 0.2
19.108200073242188 -5.6813507080078125 -8.803548812866211 0.2
19.137800216674805 -5.471050262451172 -8.805248260498047 0.2
19.089000701904297 -5.327251434326172 -8.662948608398438 0.2
18.927400588989258 -5.329551696777344 -8.527750015258789 0.2
18.77090072631836 -5.463352203369141 -8.497949600219727 0.2
18.758499145507812 -5.672752380371094 -8.540349960327148 0.2
18.85070037841797 -5.863151550292969 -8.554149627685547 0.2
18.968101501464844 -6.0357513427734375 -8.516748428344727 0.2
19.046199798583984 -6.135951995849609 -8.34844970703125 0.2
18.94409942626953 -6.152149200439453 -8.16834831237793 0.2
18.748001098632812 -6.114849090576172 -8.108348846435547 0.2
18.59619903564453 -6.002052307128906 -8.206048965454102 0.2
18.56920051574707 -5.827350616455078 -8.32284927368164 0.2
18.587100982666016 -5.634449005126953 -8.408248901367188 0.2
18.626100540161133 -5.429149627685547 -8.369449615478516 0.2
18.566600799560547 -5.3238525390625 -8.202249526977539 0.2
18.414400100708008 -5.357349395751953 -8.06144905090332 0.2
18.28700065612793 -5.522151947021484 -8.038148880004883 0.2
18.305400848388672 -5.73065185546875 -8.071249008178711 0.2
18.398799896240234 -5.919849395751953 -8.089248657226562 0.2
18.528301239013672 -6.076751708984375 -8.028549194335938 0.2
18.588001251220703 -6.1363525390625 -7.838850021362305 0.2
18.477001190185547 -6.117149353027344 -7.661649703979492 0.2
18.286399841308594 -6.045951843261719 -7.617849349975586 0.2
18.162601470947266 -5.906951904296875 -7.720548629760742 0.2
18.142101287841797 -5.73284912109375 -7.839448928833008 0.2
18.16860008239746 -5.535251617431641 -7.910648345947266 0.2
18.21390151977539 -5.349651336669922 -7.824748992919922 0.2
18.143699645996094 -5.292549133300781 -7.636848449707031 0.2
18.00680160522461 -5.367549896240234 -7.497650146484375 0.2
17.922698974609375 -5.562049865722656 -7.484949111938477 0.2
17.96670150756836 -5.766849517822266 -7.514848709106445 0.2
18.065101623535156 -5.953948974609375 -7.528749465942383 0.2
18.211700439453125 -6.077152252197266 -7.441648483276367 0.2
18.242000579833984 -6.087749481201172 -7.238849639892578 0.2
18.11910057067871 -6.034149169921875 -7.077348709106445 0.2
17.93440055847168 -5.935249328613281 -7.066249847412109 0.2
17.83340072631836 -5.783149719238281 -7.173948287963867 0.2
17.81330108642578 -5.609550476074219 -7.292749404907227 0.2
17.859399795532227 -5.409252166748047 -7.338249206542969 0.2
17.90089988708496 -5.2552490234375 -7.20844841003418 0.2
17.83340072631836 -5.234352111816406 -7.011650085449219 0.2
17.7135009765625 -5.347652435302734 -6.886249542236328 0.2
17.66699981689453 -5.554950714111328 -6.881948471069336 0.2
17.723100662231445 -5.754852294921875 -6.91874885559082 0.2
17.840499877929688 -5.929248809814453 -6.920148849487305 0.2
17.98889923095703 -6.003749847412109 -6.795049667358398 0.2
17.995500564575195 -5.972450256347656 -6.590448379516602 0.2
17.869199752807617 -5.889850616455078 -6.44944953918457 0.2
17.69969940185547 -5.7633514404296875 -6.472049713134766 0.2
17.621299743652344 -5.608051300048828 -6.590349197387695 0.2
17.608600616455078 -5.431049346923828 -6.70265007019043 0.2
17.685298919677734 -5.236049652099609 -6.695049285888672 0.2
17.710100173950195 -5.141551971435547 -6.51624870300293 0.2
17.640701293945312 -5.185352325439453 -6.324850082397461 0.2
17.550600051879883 -5.3522491455078125 -6.23284912109375 0.2
17.552600860595703 -5.562351226806641 -6.242549896240234 0.2
17.620601654052734 -5.758049011230469 -6.278749465942383 0.2
17.775001525878906 -5.899749755859375 -6.266149520874023 0.2
17.907899856567383 -5.913349151611328 -6.113349914550781 0.2
17.86479949951172 -5.839649200439453 -5.924049377441406 0.2
17.71179962158203 -5.735649108886719 -5.827348709106445 0.2
17.559101104736328 -5.59735107421875 -5.876249313354492 0.2
17.486900329589844 -5.438549041748047 -5.993549346923828 0.2
17.495899200439453 -5.254249572753906 -6.094148635864258 0.2
17.59119987487793 -5.077251434326172 -6.050149917602539 0.2
17.6112003326416 -5.020648956298828 -5.8531494140625 0.2
17.548599243164062 -5.091548919677734 -5.66724967956543 0.2
17.476699829101562 -5.276248931884766 -5.59375 0.2
17.48740005493164 -5.483951568603516 -5.621448516845703 0.2
17.5664005279541 -5.674251556396484 -5.66204833984375 0.2
17.74100112915039 -5.779552459716797 -5.623249053955078 0.2
17.84469985961914 -5.7492523193359375 -5.449850082397461 0.2
17.804100036621094 -5.649650573730469 -5.271148681640625 0.2
17.652801513671875 -5.518451690673828 -5.205249786376953 0.2
17.52519989013672 -5.370250701904297 -5.280849456787109 0.2
17.463199615478516 -5.211452484130859 -5.403249740600586 0.2
17.523601531982422 -5.025749206542969 -5.475248336791992 0.2
17.628700256347656 -4.902351379394531 -5.35584831237793 0.2
17.63759994506836 -4.923648834228516 -5.149749755859375 0.2
17.579299926757812 -5.055850982666016 -4.998649597167969 0.2
17.54439926147461 -5.260749816894531 -4.962549209594727 0.2
17.57229995727539 -5.464851379394531 -5.002048492431641 0.2
17.689300537109375 -5.631351470947266 -5.044248580932617 0.2
17.874401092529297 -5.672451019287109 -4.972448348999023 0.2
17.918399810791016 -5.596149444580078 -4.78864860534668 0.2
17.815101623535156 -5.484249114990234 -4.647649765014648 0.2
17.651599884033203 -5.351951599121094 -4.620948791503906 0.2
17.535900115966797 -5.200050354003906 -4.706748962402344 0.2
17.490400314331055 -5.0339508056640625 -4.824850082397461 0.2
17.579601287841797 -4.853649139404297 -4.871349334716797 0.2
17.683500289916992 -4.7557525634765625 -4.728448867797852 0.2
17.691699981689453 -4.790851593017578 -4.524448394775391 0.2
17.63479995727539 -4.933849334716797 -4.380849838256836 0.2
17.599700927734375 -5.138751983642578 -4.365549087524414 0.2
17.620601654052734 -5.340351104736328 -4.417449951171875 0.2
17.762500762939453 -5.489051818847656 -4.44474983215332 0.2
17.93709945678711 -5.490348815917969 -4.343349456787109 0.2
17.972400665283203 -5.380851745605469 -4.17194938659668 0.2
17.883499145507812 -5.236049652099609 -4.0491485595703125 0.2
17.74610137939453 -5.079051971435547 -4.05674934387207 0.2
17.642101287841797 -4.929450988769531 -4.159248352050781 0.2
17.65570068359375 -4.759552001953125 -4.278049468994141 0.2
17.80389976501465 -4.6235504150390625 -4.264049530029297 0.2
17.908599853515625 -4.611949920654297 -4.08854866027832 0.2
17.918399810791016 -4.706352233886719 -3.903148651123047 0.2
17.876800537109375 -4.889152526855469 -3.8064498901367188 0.2
17.86199951171875 -5.096950531005859 -3.819448471069336 0.2
17.921100616455078 -5.286552429199219 -3.8821487426757812 0.2
18.103099822998047 -5.374752044677734 -3.9073486328125 0.2
18.241600036621094 -5.32135009765625 -3.7714500427246094 0.2
18.220600128173828 -5.2044525146484375 -3.601449966430664 0.2
18.092201232910156 -5.069252014160156 -3.505748748779297 0.2
17.952499389648438 -4.915752410888672 -3.536348342895508 0.2
17.863500595092773 -4.75775146484375 -3.640348434448242 0.2
17.896900177001953 -4.587749481201172 -3.752248764038086 0.2
18.042499542236328 -4.457050323486328 -3.7073497772216797 0.2
18.122600555419922 -4.452850341796875 -3.5185489654541016 0.2
18.10610008239746 -4.551952362060547 -3.335948944091797 0.2
18.048099517822266 -4.733852386474609 -3.2489490509033203 0.2
18.015201568603516 -4.937950134277344 -3.278749465942383 0.2
18.078201293945312 -5.126049041748047 -3.33544921875 0.2
18.267000198364258 -5.198051452636719 -3.317249298095703 0.2
18.3882999420166 -5.118350982666016 -3.1748485565185547 0.2
18.372900009155273 -4.972751617431641 -3.0274486541748047 0.2
18.267398834228516 -4.801750183105469 -2.9648494720458984 0.2
18.145599365234375 -4.645351409912109 -3.029449462890625 0.2
18.09160041809082 -4.487751007080078 -3.1522483825683594 0.2
18.208200454711914 -4.34625244140625 -3.2412490844726562 0.2
18.38119888305664 -4.295551300048828 -3.1499500274658203 0.2
18.46670150756836 -4.3475494384765625 -2.9689483642578125 0.2
18.455400466918945 -4.489349365234375 -2.815549850463867 0.2
18.418498992919922 -4.691150665283203 -2.7784500122070312 0.2
18.426000595092773 -4.893451690673828 -2.826549530029297 0.2
18.554800033569336 -5.032550811767578 -2.9090499877929688 0.2
18.744800567626953 -5.038749694824219 -2.849149703979492 0.2
18.79680061340332 -4.949851989746094 -2.672548294067383 0.2
18.71670150756836 -4.8287506103515625 -2.5239486694335938 0.2
18.573699951171875 -4.6777496337890625 -2.49114990234375 0.2
18.463300704956055 -4.518650054931641 -2.5677490234375 0.2
18.435001373291016 -4.353351593017578 -2.6900501251220703 0.2
18.559200286865234 -4.201450347900391 -2.7431488037109375 0.2
18.69540023803711 -4.147850036621094 -2.6044483184814453 0.2
18.727800369262695 -4.206249237060547 -2.407848358154297 0.2
18.683101654052734 -4.351551055908203 -2.262350082397461 0.2
18.625499725341797 -4.5498504638671875 -2.247549057006836 0.2
18.629798889160156 -4.750751495361328 -2.2998485565185547 0.2
18.78380012512207 -4.8802490234375 -2.336149215698242 0.2
18.965099334716797 -4.851551055908203 -2.249248504638672 0.2
19.042200088500977 -4.725151062011719 -2.103649139404297 0.2
18.99530029296875 -4.5489501953125 -2.0019493103027344 0.2
18.870800018310547 -4.384349822998047 -2.0230484008789062 0.2
18.765600204467773 -4.232250213623047 -2.1186485290527344 0.2
18.807701110839844 -4.0928497314453125 -2.262449264526367 0.2
18.997900009155273 -4.032550811767578 -2.297048568725586 0.2
19.179000854492188 -4.054950714111328 -2.198549270629883 0.2
19.25749969482422 -4.167449951171875 -2.044048309326172 0.2
19.231201171875 -4.358150482177734 -1.9627494812011719 0.2
19.198400497436523 -4.560951232910156 -1.9931488037109375 0.2
19.26420021057129 -4.724552154541016 -2.1027488708496094 0.2
19.4601993560791 -4.760150909423828 -2.116048812866211 0.2
19.588699340820312 -4.678352355957031 -1.979848861694336 0.2
19.587600708007812 -4.550849914550781 -1.8177490234375 0.2
19.479700088500977 -4.390949249267578 -1.7349491119384766 0.2
19.357200622558594 -4.228351593017578 -1.7770500183105469 0.2
19.290599822998047 -4.069149017333984 -1.8916492462158203 0.2
19.385601043701172 -3.925251007080078 -2.0001487731933594 0.2
19.563800811767578 -3.8605499267578125 -1.9330501556396484 0.2
19.663400650024414 -3.8970489501953125 -1.7559490203857422 0.2
19.667200088500977 -4.018650054931641 -1.5843486785888672 0.2
19.608400344848633 -4.208950042724609 -1.5283489227294922 0.2
19.57979965209961 -4.411350250244141 -1.5639495849609375 0.2
19.7007999420166 -4.560150146484375 -1.6377487182617188 0.2
19.904399871826172 -4.560649871826172 -1.6258487701416016 0.2
20.0531005859375 -4.455650329589844 -1.5283489227294922 0.2
20.066699981689453 -4.280849456787109 -1.4183483123779297 0.2
19.95009994506836 -4.111049652099609 -1.3970489501953125 0.2
19.817800521850586 -3.9594497680664062 -1.4493484497070312 0.2
19.794099807739258 -3.819652557373047 -1.5985488891601562 0.2
19.933300018310547 -3.7491493225097656 -1.731649398803711 0.2
20.138500213623047 -3.7431488037109375 -1.7592487335205078 0.2
20.2903995513916 -3.8261489868164062 -1.6547489166259766 0.2
20.28860092163086 -3.9995498657226562 -1.53704833984375 0.2
20.232999801635742 -4.1988525390625 -1.519449234008789 0.2
20.232999801635742 -4.388050079345703 -1.6109485626220703 0.2
20.388500213623047 -4.483348846435547 -1.6908493041992188 0.2
20.569499969482422 -4.4389495849609375 -1.612548828125 0.2
20.64150047302246 -4.322052001953125 -1.4572486877441406 0.2
20.583900451660156 -4.1683502197265625 -1.329549789428711 0.2
20.462400436401367 -3.9992523193359375 -1.324850082397461 0.2
20.367799758911133 -3.8375511169433594 -1.4152488708496094 0.2
20.400300979614258 -3.6803512573242188 -1.5437488555908203 0.2
20.57069969177246 -3.5766525268554688 -1.5320491790771484 0.2
20.69659996032715 -3.5864524841308594 -1.3701496124267578 0.2
20.725000381469727 -3.682849884033203 -1.186849594116211 0.2
20.681100845336914 -3.8603515625 -1.0891494750976562 0.2
20.62350082397461 -4.059848785400391 -1.1085491180419922 0.2
20.67500114440918 -4.2427520751953125 -1.1854496002197266 0.2
20.865699768066406 -4.301551818847656 -1.2200489044189453 0.2
21.04210090637207 -4.2272491455078125 -1.142648696899414 0.2
21.114099502563477 -4.075950622558594 -1.019449234008789 0.2
21.04330062866211 -3.8935508728027344 -0.9536495208740234 0.2
20.9060001373291 -3.7372512817382812 -0.9717483520507812 0.2
20.828500747680664 -3.581451416015625 -1.0805492401123047 0.2
20.920801162719727 -3.4839515686035156 -1.234048843383789 0.2
21.120100021362305 -3.4737510681152344 -1.2860488891601562 0.2
21.301000595092773 -3.5423507690429688 -1.2213497161865234 0.2
21.356800079345703 -3.703449249267578 -1.0986499786376953 0.2
21.30620002746582 -3.8994522094726562 -1.0527496337890625 0.2
21.268199920654297 -4.092151641845703 -1.1204490661621094 0.2
21.369600296020508 -4.203849792480469 -1.2533493041992188 0.2
21.568300247192383 -4.167549133300781 -1.2630500793457031 0.2
21.696300506591797 -4.0451507568359375 -1.1567497253417969 0.2
21.702600479125977 -3.877849578857422 -1.0317497253417969 0.2
21.603599548339844 -3.6991500854492188 -0.9929485321044922 0.2
21.482200622558594 -3.536651611328125 -1.0401496887207031 0.2
21.452600479125977 -3.398651123046875 -1.1908493041992188 0.2
21.603900909423828 -3.323150634765625 -1.3008499145507812 0.2
21.80820083618164 -3.3281517028808594 -1.270050048828125 0.2
21.94700050354004 -3.4112510681152344 -1.1374492645263672 0.2
21.94930076599121 -3.576251983642578 -1.012948989868164 0.2
21.88610076904297 -3.770050048828125 -0.9682483673095703 0.2
21.898700714111328 -3.959850311279297 -1.0513496398925781 0.2
22.038700103759766 -4.032451629638672 -1.1823501586914062 0.2
22.226200103759766 -3.9784507751464844 -1.2502498626708984 0.2
22.343599319458008 -3.8102493286132812 -1.2262496948242188 0.2
22.300800323486328 -3.6152496337890625 -1.1710491180419922 0.2
22.186901092529297 -3.4425506591796875 -1.1428489685058594 0.2
22.067501068115234 -3.304149627685547 -1.2396488189697266 0.2
22.041400909423828 -3.260650634765625 -1.4401493072509766 0.2
22.13719940185547 -3.287750244140625 -1.6217498779296875 0.2
22.31220054626465 -3.382549285888672 -1.6582489013671875 0.2
22.405099868774414 -3.5320510864257812 -1.542348861694336 0.2
22.385299682617188 -3.7097511291503906 -1.4352493286132812 0.2
22.31100082397461 -3.9073524475097656 -1.4335498809814453 0.2
22.329500198364258 -4.053050994873047 -1.5708484649658203 0.2
22.49839973449707 -4.042549133300781 -1.682748794555664 0.2
22.667301177978516 -3.9212493896484375 -1.6875495910644531 0.2
22.734100341796875 -3.735950469970703 -1.6163482666015625 0.2
22.669200897216797 -3.5416488647460938 -1.5735492706298828 0.2
22.547000885009766 -3.373249053955078 -1.5963497161865234 0.2
22.45870018005371 -3.2501487731933594 -1.7372493743896484 0.2
22.562000274658203 -3.1904525756835938 -1.8998489379882812 0.2
22.76729965209961 -3.199249267578125 -1.928548812866211 0.2
22.937999725341797 -3.269451141357422 -1.8312492370605469 0.2
22.98509979248047 -3.4196510314941406 -1.6936492919921875 0.2
22.939599990844727 -3.6048507690429688 -1.606649398803711 0.2
22.906200408935547 -3.807849884033203 -1.6354484558105469 0.2
22.974199295043945 -3.937450408935547 -1.7810497283935547 0.2
23.133501052856445 -3.949352264404297 -1.9140491485595703 0.2
23.292600631713867 -3.8233489990234375 -1.9430484771728516 0.2
23.3070011138916 -3.6219520568847656 -1.894948959350586 0.2
23.21500015258789 -3.4373512268066406 -1.8579483032226562 0.2
23.09480094909668 -3.276050567626953 -1.9102497100830078 0.2
23.016000747680664 -3.191650390625 -2.08544921875 0.2
23.05299949645996 -3.1742515563964844 -2.2886486053466797 0.2
23.220600128173828 -3.23175048828125 -2.383749008178711 0.2
23.3523006439209 -3.3604507446289062 -2.283449172973633 0.2
23.358301162719727 -3.5345497131347656 -2.166349411010742 0.2
23.30340003967285 -3.729351043701172 -2.110849380493164 0.2
23.26140022277832 -3.9189491271972656 -2.1894493103027344 0.2
23.3887996673584 -3.9931488037109375 -2.3257484436035156 0.2
23.57900047302246 -3.9183502197265625 -2.359649658203125 0.2
23.703500747680664 -3.758350372314453 -2.306650161743164 0.2
23.689001083374023 -3.5569496154785156 -2.251850128173828 0.2
23.58609962463379 -3.3741493225097656 -2.2436485290527344 0.2
23.474899291992188 -3.217151641845703 -2.3251495361328125 0.2
23.479101181030273 -3.134449005126953 -2.513050079345703 0.2
23.639801025390625 -3.1276512145996094 -2.645050048828125 0.2
23.83930015563965 -3.182849884033203 -2.650148391723633 0.2
23.94379997253418 -3.3210525512695312 -2.5356483459472656 0.2
23.92609977722168 -3.4974517822265625 -2.422748565673828 0.2
23.87350082397461 -3.693950653076172 -2.3745498657226562 0.2
23.833099365234375 -3.8764495849609375 -2.4706497192382812 0.2
23.882600784301758 -3.9800491333007812 -2.6451492309570312 0.2
24.02750015258789 -3.9483489990234375 -2.7840499877929688 0.2
24.13050079345703 -3.7692489624023438 -2.776948928833008 0.2
24.0885009765625 -3.5680503845214844 -2.7332496643066406 0.2
23.985700607299805 -3.385150909423828 -2.728649139404297 0.2
23.856300354003906 -3.2566490173339844 -2.8373489379882812 0.2
23.815200805664062 -3.2014503479003906 -3.0350494384765625 0.2
23.91629981994629 -3.2056503295898438 -3.213449478149414 0.2
24.099700927734375 -3.2922515869140625 -3.2023487091064453 0.2
24.16900062561035 -3.4491500854492188 -3.075550079345703 0.2
24.14590072631836 -3.635650634765625 -2.981048583984375 0.2
24.084400177001953 -3.8387489318847656 -2.969249725341797 0.2
24.103599548339844 -3.993549346923828 -3.1009483337402344 0.2
24.26849937438965 -3.9998512268066406 -3.2254486083984375 0.2
24.443700790405273 -3.891448974609375 -3.2533493041992188 0.2
24.506900787353516 -3.6972503662109375 -3.203248977661133 0.2
24.436599731445312 -3.5011520385742188 -3.174549102783203 0.2
24.326900482177734 -3.3223495483398438 -3.1908493041992188 0.2
24.230600357055664 -3.1979522705078125 -3.3305492401123047 0.2
24.267200469970703 -3.1494522094726562 -3.529348373413086 0.2
24.432199478149414 -3.1634521484375 -3.6570491790771484 0.2
24.610200881958008 -3.2743492126464844 -3.5940494537353516 0.2
24.6387996673584 -3.455852508544922 -3.469348907470703 0.2
24.604999542236328 -3.656452178955078 -3.3789501190185547 0.2
24.547000885009766 -3.866649627685547 -3.430849075317383 0.2
24.577899932861328 -3.987751007080078 -3.610849380493164 0.2
24.718299865722656 -3.964550018310547 -3.7733497619628906 0.2
24.83060073852539 -3.774951934814453 -3.7872486114501953 0.2
24.788799285888672 -3.5591506958007812 -3.7506484985351562 0.2
24.684900283813477 -3.3618507385253906 -3.745349884033203 0.2
24.550399780273438 -3.2350502014160156 -3.872049331665039 0.2
24.5492000579834 -3.2119522094726562 -4.090049743652344 0.2
