0.43734025955200195 13.710948944091797 5.11305046081543 0.2
0.6191301345825195 13.663047790527344 5.155250549316406 0.2
0.6502001285552979 13.543350219726562 5.306751251220703 0.2
0.5466501712799072 13.393749237060547 5.38435173034668 0.2
0.42228031158447266 13.23904800415039 5.372650146484375 0.2
0.38853025436401367 13.06344985961914 5.283050537109375 0.2
0.5138602256774902 12.932849884033203 5.211750030517578 0.2
0.7055501937866211 12.900150299072266 5.247051239013672 0.2
0.8579201698303223 12.956649780273438 5.35675048828125 0.2
0.8836002349853516 13.117050170898438 5.469751358032227 0.2
0.8440301418304443 13.311450958251953 5.4732513427734375 0.2
0.8148202896118164 13.492847442626953 5.397651672363281 0.2
0.875920295715332 13.625450134277344 5.263750076293945 0.2
1.0585901737213135 13.670448303222656 5.223550796508789 0.2
1.2235702276229858 13.644050598144531 5.34065055847168 0.2
1.2952402830123901 13.552047729492188 5.511451721191406 0.2
1.234620213508606 13.385848999023438 5.619649887084961 0.2
1.109780192375183 13.21944808959961 5.598751068115234 0.2
1.0566701889038086 13.045047760009766 5.499351501464844 0.2
1.1750001907348633 12.906749725341797 5.406650543212891 0.2
1.3775101900100708 12.865447998046875 5.427850723266602 0.2
1.5417202711105347 12.914051055908203 5.541250228881836 0.2
1.5631701946258545 13.073047637939453 5.67125129699707 0.2
1.4962602853775024 13.269950866699219 5.691450119018555 0.2
1.4645402431488037 13.462947845458984 5.621450424194336 0.2
1.5588701963424683 13.588550567626953 5.487051010131836 0.2
1.741950273513794 13.619449615478516 5.392650604248047 0.2
1.9397002458572388 13.584648132324219 5.4284515380859375 0.2
1.9943102598190308 13.481449127197266 5.594751358032227 0.2
1.8976202011108398 13.326351165771484 5.6925506591796875 0.2
1.7808701992034912 13.15304946899414 5.687551498413086 0.2
1.7722002267837524 12.96364974975586 5.60045051574707 0.2
1.9248002767562866 12.839248657226562 5.546550750732422 0.2
2.1269142627716064 12.81155014038086 5.59065055847168 0.2
2.2722511291503906 12.888050079345703 5.712350845336914 0.2
2.26651930809021 13.072250366210938 5.806150436401367 0.2
2.1922430992126465 13.26395034790039 5.770650863647461 0.2
2.166457176208496 13.431747436523438 5.64995002746582 0.2
2.2896182537078857 13.534149169921875 5.521251678466797 0.2
2.496093273162842 13.557449340820312 5.560850143432617 0.2
2.65509033203125 13.510047912597656 5.72545051574707 0.2
2.6570053100585938 13.354850769042969 5.893850326538086 0.2
2.5346932411193848 13.159248352050781 5.921850204467773 0.2
2.459778308868408 12.954448699951172 5.842851638793945 0.2
2.5813112258911133 12.796550750732422 5.732749938964844 0.2
2.8130102157592773 12.768150329589844 5.720050811767578 0.2
3.00363826751709 12.889450073242188 5.764951705932617 0.2
3.0024149417877197 13.099349975585938 5.860250473022461 0.2
2.9099161624908447 13.311149597167969 5.895351409912109 0.2
2.8748271465301514 13.4864501953125 5.752750396728516 0.2
2.9360930919647217 13.513347625732422 5.529651641845703 0.2
2.8979461193084717 13.389148712158203 5.356250762939453 0.2
2.7877352237701416 13.2010498046875 5.355550765991211 0.2
2.7087562084198 13.016948699951172 5.450550079345703 0.2
2.78576922416687 12.834949493408203 5.534450531005859 0.2
2.9945456981658936 12.758350372314453 5.535850524902344 0.2
3.1972641944885254 12.795650482177734 5.463251113891602 0.2
3.256359338760376 12.95364761352539 5.326250076293945 0.2
3.1852152347564697 13.156848907470703 5.277950286865234 0.2
3.115539312362671 13.359447479248047 5.325351715087891 0.2
3.165774345397949 13.497150421142578 5.486351013183594 0.2
3.3397481441497803 13.5146484375 5.6206512451171875 0.2
3.550222158432007 13.462448120117188 5.636650085449219 0.2
3.6461691856384277 13.353649139404297 5.491451263427734 0.2
3.5851001739501953 13.192649841308594 5.37244987487793 0.2
3.48006534576416 13.012649536132812 5.351251602172852 0.2
3.448040246963501 12.829849243164062 5.444250106811523 0.2
3.584947109222412 12.721248626708984 5.549951553344727 0.2
3.7936851978302 12.705947875976562 5.551050186157227 0.2
3.964832305908203 12.775348663330078 5.459951400756836 0.2
3.983900308609009 12.943248748779297 5.339550018310547 0.2
3.9026272296905518 13.135650634765625 5.334951400756836 0.2
3.832630157470703 13.311248779296875 5.424650192260742 0.2
3.8872172832489014 13.433849334716797 5.582950592041016 0.2
4.080960273742676 13.483047485351562 5.618350982666016 0.2
4.248880386352539 13.476848602294922 5.494150161743164 0.2
4.327660083770752 13.39725112915039 5.319751739501953 0.2
4.281520366668701 13.224250793457031 5.214450836181641 0.2
4.196460247039795 13.032947540283203 5.230649948120117 0.2
4.179520130157471 12.847049713134766 5.325351715087891 0.2
4.3185200691223145 12.726249694824219 5.415950775146484 0.2
4.523470401763916 12.699249267578125 5.384050369262695 0.2
4.684230327606201 12.74985122680664 5.2633514404296875 0.2
4.686100006103516 12.897850036621094 5.118949890136719 0.2
4.588690280914307 13.081649780273438 5.095050811767578 0.2
4.5055999755859375 13.262847900390625 5.15985107421875 0.2
4.547420501708984 13.414348602294922 5.295351028442383 0.2
4.723970413208008 13.465351104736328 5.391950607299805 0.2
4.947390079498291 13.467350006103516 5.366849899291992 0.2
5.042640209197998 13.428348541259766 5.165349960327148 0.2
4.966490268707275 13.270347595214844 5.0144500732421875 0.2
4.880520343780518 13.05154800415039 5.008050918579102 0.2
4.887350082397461 12.83475112915039 5.09105110168457 0.2
5.071080207824707 12.71405029296875 5.152050018310547 0.2
5.295949935913086 12.717449188232422 5.083650588989258 0.2
5.42533016204834 12.86684799194336 4.967950820922852 0.2
5.34466028213501 13.071849822998047 4.895450592041016 0.2
5.220120429992676 13.266849517822266 4.927150726318359 0.2
5.2444000244140625 13.401451110839844 5.10835075378418 0.2
5.410799980163574 13.38705062866211 5.273351669311523 0.2
5.449049949645996 13.2281494140625 5.412851333618164 0.2
5.369339942932129 13.02294921875 5.427249908447266 0.2
5.317600250244141 12.822250366210938 5.35515022277832 0.2
5.4251604080200195 12.691448211669922 5.219951629638672 0.2
5.623310089111328 12.699951171875 5.122650146484375 0.2
5.805870056152344 12.815948486328125 5.132951736450195 0.2
5.843669891357422 13.010547637939453 5.230751037597656 0.2
5.753570556640625 13.204151153564453 5.290250778198242 0.2
5.635149955749512 13.385547637939453 5.260051727294922 0.2
5.586400032043457 13.486351013183594 5.075151443481445 0.2
5.73175048828125 13.49734878540039 4.917951583862305 0.2
5.945899963378906 13.466449737548828 4.926050186157227 0.2
6.090169906616211 13.345748901367188 5.015850067138672 0.2
6.1027703285217285 13.153247833251953 5.096151351928711 0.2
6.048850059509277 12.95364761352539 5.131450653076172 0.2
5.986639976501465 12.775150299072266 5.043951034545898 0.2
6.0314202308654785 12.708549499511719 4.856151580810547 0.2
6.179980278015137 12.754749298095703 4.716951370239258 0.2
6.335870265960693 12.889450073242188 4.708150863647461 0.2
6.372139930725098 13.069149017333984 4.810451507568359 0.2
6.306489944458008 13.244548797607422 4.905450820922852 0.2
6.20857048034668 13.427349090576172 4.885351181030273 0.2
6.1581501960754395 13.546348571777344 4.722551345825195 0.2
6.21481990814209 13.58905029296875 4.526851654052734 0.2
6.389030456542969 13.53744888305664 4.438350677490234 0.2
6.508359909057617 13.380847930908203 4.511751174926758 0.2
6.519000053405762 13.182350158691406 4.580850601196289 0.2
6.4839701652526855 12.976551055908203 4.6047515869140625 0.2
6.424300193786621 12.804248809814453 4.502450942993164 0.2
6.490340232849121 12.753047943115234 4.315549850463867 0.2
6.647760391235352 12.805850982666016 4.188449859619141 0.2
6.800080299377441 12.942249298095703 4.194450378417969 0.2
6.79641056060791 13.111949920654297 4.313350677490234 0.2
6.6969499588012695 13.289447784423828 4.375551223754883 0.2
6.597550392150879 13.474647521972656 4.355951309204102 0.2
6.578770160675049 13.644950866699219 4.238950729370117 0.2
6.744180202484131 13.751949310302734 4.194950103759766 0.2
6.911600112915039 13.742847442626953 4.315151214599609 0.2
6.9882001876831055 13.640647888183594 4.482749938964844 0.2
6.952020168304443 13.4593505859375 4.578451156616211 0.2
6.858860015869141 13.273651123046875 4.545551300048828 0.2
6.895200252532959 13.088848114013672 4.455350875854492 0.2
7.085200309753418 13.016349792480469 4.450750350952148 0.2
7.237500190734863 13.088748931884766 4.572650909423828 0.2
7.286590099334717 13.253448486328125 4.692251205444336 0.2
7.229210376739502 13.45425033569336 4.704351425170898 0.2
7.153630256652832 13.635448455810547 4.629051208496094 0.2
7.1526103019714355 13.75954818725586 4.460851669311523 0.2
7.2442402839660645 13.793350219726562 4.2756500244140625 0.2
7.438610076904297 13.781047821044922 4.219551086425781 0.2
7.560990333557129 13.713249206542969 4.370349884033203 0.2
7.52386999130249 13.572948455810547 4.521450042724609 0.2
7.44074010848999 13.39365005493164 4.592851638793945 0.2
7.442200183868408 13.187549591064453 4.541450500488281 0.2
7.576300144195557 13.05794906616211 4.448951721191406 0.2
7.779240131378174 13.055549621582031 4.416250228881836 0.2
7.89369010925293 13.218547821044922 4.470050811767578 0.2
7.853340148925781 13.424148559570312 4.467151641845703 0.2
7.763490200042725 13.601448059082031 4.397251129150391 0.2
7.711310386657715 13.725948333740234 4.233251571655273 0.2
7.82580041885376 13.770851135253906 4.07135009765625 0.2
8.03419017791748 13.76894760131836 4.0758514404296875 0.2
8.189849853515625 13.69744873046875 4.195150375366211 0.2
8.19944953918457 13.537651062011719 4.329450607299805 0.2
8.109460830688477 13.360050201416016 4.399751663208008 0.2
8.036300659179688 13.163650512695312 4.367851257324219 0.2
8.100069999694824 13.017650604248047 4.236249923706055 0.2
8.282270431518555 12.986949920654297 4.136951446533203 0.2
8.46798038482666 13.075550079345703 4.138851165771484 0.2
8.510299682617188 13.267349243164062 4.209751129150391 0.2
8.446390151977539 13.468547821044922 4.218950271606445 0.2
8.368419647216797 13.651748657226562 4.149650573730469 0.2
8.343999862670898 13.762248992919922 3.97235107421875 0.2
8.431539535522461 13.803947448730469 3.785551071166992 0.2
8.627280235290527 13.803050994873047 3.7296504974365234 0.2
8.753690719604492 13.716049194335938 3.8701515197753906 0.2
8.730770111083984 13.551651000976562 4.000450134277344 0.2
8.662090301513672 13.364749908447266 4.072151184082031 0.2
8.636210441589355 13.16094970703125 4.022451400756836 0.2
8.754350662231445 13.051250457763672 3.892650604248047 0.2
8.948320388793945 13.065750122070312 3.8115501403808594 0.2
9.103130340576172 13.199649810791016 3.834850311279297 0.2
9.097410202026367 13.40475082397461 3.8842506408691406 0.2
9.003520011901855 13.592647552490234 3.8595504760742188 0.2
8.903650283813477 13.75265121459961 3.763551712036133 0.2
8.906339645385742 13.84954833984375 3.5787506103515625 0.2
9.077750205993652 13.910247802734375 3.477550506591797 0.2
9.285280227661133 13.926750183105469 3.5056514739990234 0.2
9.409709930419922 13.830650329589844 3.642850875854492 0.2
9.382680892944336 13.65374755859375 3.7540512084960938 0.2
9.307889938354492 13.462848663330078 3.8086509704589844 0.2
9.291179656982422 13.259651184082031 3.7508506774902344 0.2
9.42074966430664 13.159748077392578 3.623849868774414 0.2
9.618220329284668 13.189949035644531 3.554250717163086 0.2
9.768770217895508 13.330551147460938 3.5811500549316406 0.2
9.753410339355469 13.534748077392578 3.631650924682617 0.2
9.654500007629395 13.722549438476562 3.615449905395508 0.2
9.557229995727539 13.88344955444336 3.5167503356933594 0.2
9.56113052368164 13.965248107910156 3.3234500885009766 0.2
9.690740585327148 13.992347717285156 3.1578502655029297 0.2
9.911370277404785 14.022850036621094 3.143850326538086 0.2
10.027830123901367 13.952049255371094 3.3295516967773438 0.2
9.993600845336914 13.762748718261719 3.4691505432128906 0.2
9.94148063659668 13.538948059082031 3.5315513610839844 0.2
9.994239807128906 13.332950592041016 3.434751510620117 0.2
10.196830749511719 13.302749633789062 3.317150115966797 0.2
10.392400741577148 13.428749084472656 3.2681503295898438 0.2
10.40841007232666 13.660850524902344 3.286050796508789 0.2
10.295690536499023 13.872047424316406 3.292449951171875 0.2
10.190790176391602 14.016651153564453 3.144550323486328 0.2
10.217060089111328 14.005550384521484 2.9019508361816406 0.2
10.159919738769531 13.813949584960938 2.7934513092041016 0.2
10.10580062866211 13.620849609375 2.898151397705078 0.2
10.119449615478516 13.449050903320312 3.0440502166748047 0.2
10.300359725952148 13.336048126220703 3.102651596069336 0.2
10.510259628295898 13.33584976196289 3.0155506134033203 0.2
10.60474967956543 13.400550842285156 2.8253517150878906 0.2
10.522899627685547 13.555049896240234 2.6854515075683594 0.2
10.413900375366211 13.753250122070312 2.6635513305664062 0.2
10.367950439453125 13.967548370361328 2.7150516510009766 0.2
10.501960754394531 14.128650665283203 2.788351058959961 0.2
10.697110176086426 14.1822509765625 2.6915512084960938 0.2
10.815019607543945 14.133750915527344 2.504850387573242 0.2
10.805230140686035 13.937850952148438 2.403951644897461 0.2
10.759130477905273 13.737449645996094 2.4692516326904297 0.2
10.732500076293945 13.55624771118164 2.5840511322021484 0.2
10.818519592285156 13.424949645996094 2.729351043701172 0.2
11.026490211486816 13.38705062866211 2.7549514770507812 0.2
11.20890998840332 13.394248962402344 2.6400508880615234 0.2
11.241680145263672 13.4615478515625 2.4418506622314453 0.2
11.140029907226562 13.61874771118164 2.334451675415039 0.2
11.02910041809082 13.802650451660156 2.307950973510742 0.2
10.980670928955078 14.01205062866211 2.326751708984375 0.2
11.109760284423828 14.177749633789062 2.3640499114990234 0.2
11.316969871520996 14.220848083496094 2.3185501098632812 0.2
11.457250595092773 14.15374755859375 2.174650192260742 0.2
11.434070587158203 13.961448669433594 2.0817508697509766 0.2
11.39640998840332 13.757648468017578 2.145151138305664 0.2
11.38109016418457 13.569351196289062 2.2510509490966797 0.2
11.461649894714355 13.425647735595703 2.391651153564453 0.2
11.662810325622559 13.361248016357422 2.424650192260742 0.2
11.845009803771973 13.330551147460938 2.3103504180908203 0.2
11.882969856262207 13.36655044555664 2.103750228881836 0.2
11.782430648803711 13.522148132324219 1.9925498962402344 0.2
11.676219940185547 13.7115478515625 1.9760513305664062 0.2
11.602530479431152 13.916950225830078 1.9881515502929688 0.2
11.699090003967285 14.10205078125 2.042051315307617 0.2
11.901040077209473 14.114849090576172 1.9727516174316406 0.2
12.039979934692383 14.02505111694336 1.8301506042480469 0.2
12.07544994354248 13.841148376464844 1.7031517028808594 0.2
12.031220436096191 13.620849609375 1.738250732421875 0.2
12.006930351257324 13.435348510742188 1.8728504180908203 0.2
12.078060150146484 13.299148559570312 2.041851043701172 0.2
12.29423999786377 13.247947692871094 2.0815505981445312 0.2
12.491069793701172 13.215450286865234 1.965250015258789 0.2
12.56255054473877 13.20465087890625 1.7454509735107422 0.2
12.493770599365234 13.341949462890625 1.579050064086914 0.2
12.4205904006958 13.555347442626953 1.5381507873535156 0.2
12.400750160217285 13.74905014038086 1.6517505645751953 0.2
12.395100593566895 13.753948211669922 1.8764514923095703 0.2
12.32234001159668 13.561149597167969 1.9333515167236328 0.2
12.33215045928955 13.53635025024414 1.7421512603759766 0.2
12.517149925231934 13.637149810791016 1.7746505737304688 0.2
12.622940063476562 13.496849060058594 1.9031505584716797 0.2
12.689249992370605 13.290950775146484 1.8717498779296875 0.2
12.812240600585938 13.20724868774414 1.7072505950927734 0.2
12.977720260620117 13.240249633789062 1.5665512084960938 0.2
13.106300354003906 13.407150268554688 1.5249500274658203 0.2
13.032299995422363 13.606647491455078 1.5661506652832031 0.2
12.858810424804688 13.738548278808594 1.5932502746582031 0.2
12.666399955749512 13.833148956298828 1.5534515380859375 0.2
12.57433032989502 13.86465072631836 1.3617515563964844 0.2
12.67417049407959 13.923347473144531 1.1772499084472656 0.2
12.846030235290527 14.008350372314453 1.0776500701904297 0.2
13.043000221252441 14.037548065185547 1.1263504028320312 0.2
13.160900115966797 13.916851043701172 1.2460498809814453 0.2
13.214799880981445 13.734748840332031 1.3335514068603516 0.2
13.253300666809082 13.532947540283203 1.3722515106201172 0.2
13.280900001525879 13.369850158691406 1.2501506805419922 0.2
13.352300643920898 13.36404800415039 1.0550498962402344 0.2
13.446700096130371 13.427749633789062 0.8802509307861328 0.2
13.557400703430176 13.579448699951172 0.7957515716552734 0.2
13.563600540161133 13.76314926147461 0.8891506195068359 0.2
13.453700065612793 13.891849517822266 1.0128517150878906 0.2
13.294500350952148 14.020950317382812 1.0302505493164062 0.2
13.186699867248535 14.006050109863281 0.8668498992919922 0.2
13.333399772644043 13.910648345947266 0.7876510620117188 0.2
13.451800346374512 14.060348510742188 0.8882503509521484 0.2
13.303600311279297 14.188148498535156 0.8173503875732422 0.2
13.335000038146973 14.06155014038086 0.6479511260986328 0.2
13.521300315856934 13.919548034667969 0.6700515747070312 0.2
13.662400245666504 13.766048431396484 0.5826511383056641 0.2
13.72819995880127 13.806148529052734 0.3683509826660156 0.2
13.755000114440918 13.998348236083984 0.2474498748779297 0.2
13.662199974060059 14.195751190185547 0.3143501281738281 0.2
13.451600074768066 14.249748229980469 0.3955516815185547 0.2
13.253000259399414 14.318550109863281 0.4897499084472656 0.2
13.17710018157959 14.523651123046875 0.5537509918212891 0.2
13.159000396728516 14.710948944091797 0.4244499206542969 0.2
13.168399810791016 14.808048248291016 0.22705078125 0.2
13.369400024414062 14.832847595214844 0.1511516571044922 0.2
13.526100158691406 14.679550170898438 0.17115020751953125 0.2
13.641200065612793 14.494647979736328 0.1968517303466797 0.2
13.749700546264648 14.305648803710938 0.16355133056640625 0.2
13.814000129699707 14.230949401855469 -0.028348922729492188 0.2
13.84850025177002 14.360347747802734 -0.20204925537109375 0.2
13.8572998046875 14.573749542236328 -0.24464988708496094 0.2
13.751700401306152 14.744850158691406 -0.15524864196777344 0.2
13.580500602722168 14.855049133300781 -0.07184982299804688 0.2
13.394400596618652 14.948249816894531 0.001251220703125 0.2
13.181699752807617 14.983150482177734 -0.030248641967773438 0.2
13.106300354003906 15.052947998046875 -0.2191486358642578 0.2
13.194100379943848 15.186649322509766 -0.36874961853027344 0.2
13.400700569152832 15.24184799194336 -0.40264892578125 0.2
13.584199905395508 15.124347686767578 -0.36724853515625 0.2
13.725500106811523 14.959850311279297 -0.33624839782714844 0.2
13.848899841308594 14.778850555419922 -0.354949951171875 0.2
13.905900001525879 14.669750213623047 -0.5331497192382812 0.2
13.938400268554688 14.761249542236328 -0.7286491394042969 0.2
13.943500518798828 14.967849731445312 -0.7907485961914062 0.2
13.833200454711914 15.139450073242188 -0.7081489562988281 0.2
13.667799949645996 15.245349884033203 -0.6123485565185547 0.2
13.476200103759766 15.330947875976562 -0.5486488342285156 0.2
13.28700065612793 15.368549346923828 -0.6470489501953125 0.2
13.253600120544434 15.416748046875 -0.8562488555908203 0.2
13.387200355529785 15.498847961425781 -1.0010490417480469 0.2
13.604400634765625 15.473548889160156 -0.9871482849121094 0.2
13.769499778747559 15.336650848388672 -0.9470500946044922 0.2
13.915900230407715 15.1761474609375 -0.9254493713378906 0.2
13.996600151062012 15.00164794921875 -1.0269489288330078 0.2
14.029800415039062 14.989849090576172 -1.238748550415039 0.2
14.058600425720215 15.137451171875 -1.3930492401123047 0.2
14.007400512695312 15.34735107421875 -1.3713493347167969 0.2
13.850900650024414 15.465850830078125 -1.275949478149414 0.2
13.67199993133545 15.5511474609375 -1.1859493255615234 0.2
13.457300186157227 15.590351104736328 -1.1924495697021484 0.2
13.362700462341309 15.632747650146484 -1.3768501281738281 0.2
13.462900161743164 15.732048034667969 -1.5415496826171875 0.2
13.670599937438965 15.7635498046875 -1.5943489074707031 0.2
13.855500221252441 15.649848937988281 -1.5702495574951172 0.2
14.00220012664795 15.491249084472656 -1.5445499420166016 0.2
14.09749984741211 15.300548553466797 -1.590749740600586 0.2
14.120600700378418 15.2093505859375 -1.7822494506835938 0.2
14.141300201416016 15.296649932861328 -1.9794483184814453 0.2
14.129700660705566 15.505050659179688 -2.0280494689941406 0.2
14.01240062713623 15.66135025024414 -1.9312496185302734 0.2
13.855899810791016 15.763248443603516 -1.8200492858886719 0.2
13.656000137329102 15.830947875976562 -1.7651500701904297 0.2
13.477900505065918 15.843547821044922 -1.8839492797851562 0.2
13.448200225830078 15.876548767089844 -2.0951499938964844 0.2
13.603799819946289 15.937248229980469 -2.2267494201660156 0.2
13.812600135803223 15.875247955322266 -2.2208499908447266 0.2
13.983400344848633 15.743549346923828 -2.193248748779297 0.2
14.122600555419922 15.575248718261719 -2.1948490142822266 0.2
14.15999984741211 15.411750793457031 -2.3288497924804688 0.2
14.156700134277344 15.422847747802734 -2.544849395751953 0.2
14.148099899291992 15.586048126220703 -2.6834487915039062 0.2
14.063199996948242 15.779647827148438 -2.6324501037597656 0.2
13.907999992370605 15.88814926147461 -2.524049758911133 0.2
13.732399940490723 15.969650268554688 -2.4231491088867188 0.2
13.515999794006348 15.98394775390625 -2.4258499145507812 0.2
13.417900085449219 16.01905059814453 -2.6109485626220703 0.2
13.496600151062012 16.10744857788086 -2.7921485900878906 0.2
13.701300621032715 16.117450714111328 -2.8624496459960938 0.2
13.886899948120117 16.002849578857422 -2.851848602294922 0.2
14.047200202941895 15.856250762939453 -2.8346500396728516 0.2
14.141500473022461 15.664749145507812 -2.876850128173828 0.2
14.129500389099121 15.558448791503906 -3.061849594116211 0.2
14.100700378417969 15.626548767089844 -3.2651500701904297 0.2
14.056900024414062 15.8271484375 -3.325349807739258 0.2
13.941500663757324 15.986648559570312 -3.2301483154296875 0.2
13.797300338745117 16.098350524902344 -3.1123485565185547 0.2
13.610199928283691 16.16714859008789 -3.024049758911133 0.2
13.404900550842285 16.14834976196289 -3.087148666381836 0.2
13.312800407409668 16.1385498046875 -3.2821483612060547 0.2
13.417900085449219 16.18954849243164 -3.4584484100341797 0.2
13.630900382995605 16.15414810180664 -3.4939498901367188 0.2
13.817900657653809 16.04465103149414 -3.483549118041992 0.2
13.982200622558594 15.901748657226562 -3.485149383544922 0.2
14.030200004577637 15.715351104736328 -3.5840492248535156 0.2
13.986700057983398 15.67435073852539 -3.790048599243164 0.2
13.935100555419922 15.798748016357422 -3.9558486938476562 0.2
13.847200393676758 15.996349334716797 -3.936748504638672 0.2
13.703200340270996 16.111648559570312 -3.8214492797851562 0.2
13.54419994354248 16.198650360107422 -3.7020492553710938 0.2
13.333399772644043 16.211048126220703 -3.6465492248535156 0.2
13.176799774169922 16.204349517822266 -3.788249969482422 0.2
13.188000679016113 16.26974868774414 -3.9938488006591797 0.2
13.358600616455078 16.3011474609375 -4.122348785400391 0.2
13.557700157165527 16.213150024414062 -4.137048721313477 0.2
13.734100341796875 16.0865478515625 -4.126649856567383 0.2
13.857100486755371 15.907150268554688 -4.152448654174805 0.2
13.840100288391113 15.76034927368164 -4.306650161743164 0.2
13.773099899291992 15.787349700927734 -4.511148452758789 0.2
13.703900337219238 15.965049743652344 -4.6087493896484375 0.2
13.59280014038086 16.13304901123047 -4.524148941040039 0.2
13.45460033416748 16.24504852294922 -4.398149490356445 0.2
13.280500411987305 16.317951202392578 -4.286949157714844 0.2
13.066900253295898 16.29494857788086 -4.303749084472656 0.2
12.93496036529541 16.26934814453125 -4.473848342895508 0.2
12.985489845275879 16.313247680664062 -4.675149917602539 0.2
13.191800117492676 16.29534912109375 -4.743549346923828 0.2
13.38740062713623 16.19704818725586 -4.745550155639648 0.2
13.565999984741211 16.069149017333984 -4.751249313354492 0.2
13.63110065460205 15.877849578857422 -4.832448959350586 0.2
13.566400527954102 15.8094482421875 -5.02764892578125 0.2
13.48430061340332 15.907550811767578 -5.202749252319336 0.2
13.388299942016602 16.102550506591797 -5.197750091552734 0.2
13.250100135803223 16.222850799560547 -5.076448440551758 0.2
13.09850025177002 16.31224822998047 -4.945749282836914 0.2
12.89646053314209 16.326950073242188 -4.863548278808594 0.2
12.718609809875488 16.308547973632812 -4.980449676513672 0.2
12.687080383300781 16.362350463867188 -5.188749313354492 0.2
12.833980560302734 16.398948669433594 -5.34214973449707 0.2
13.0378999710083 16.322349548339844 -5.37244987487793 0.2
13.223600387573242 16.20644760131836 -5.369449615478516 0.2
13.362000465393066 16.037548065185547 -5.394649505615234 0.2
13.342100143432617 15.879051208496094 -5.539548873901367 0.2
13.253499984741211 15.891651153564453 -5.738849639892578 0.2
13.1673002243042 16.063350677490234 -5.835948944091797 0.2
13.051799774169922 16.230247497558594 -5.749750137329102 0.2
12.915360450744629 16.342350006103516 -5.620349884033203 0.2
12.742480278015137 16.411849975585938 -5.503349304199219 0.2
12.52750015258789 16.383148193359375 -5.517950057983398 0.2
12.389570236206055 16.360950469970703 -5.6853485107421875 0.2
12.447600364685059 16.410449981689453 -5.884349822998047 0.2
12.654760360717773 16.38235092163086 -5.954050064086914 0.2
12.850210189819336 16.28445053100586 -5.964649200439453 0.2
13.02869987487793 16.156848907470703 -5.979949951171875 0.2
13.079899787902832 15.96364974975586 -6.068449020385742 0.2
12.996870040893555 15.895450592041016 -6.257349014282227 0.2
12.898480415344238 16.003047943115234 -6.416648864746094 0.2
12.787179946899414 16.190750122070312 -6.3896484375 0.2
12.649889945983887 16.30794906616211 -6.2646484375 0.2
12.502320289611816 16.402950286865234 -6.132749557495117 0.2
12.297229766845703 16.404251098632812 -6.052349090576172 0.2
12.12462043762207 16.376548767089844 -6.177448272705078 0.2
12.102880477905273 16.41714859008789 -6.3905487060546875 0.2
12.26697063446045 16.420448303222656 -6.535549163818359 0.2
12.464600563049316 16.326950073242188 -6.564249038696289 0.2
12.651880264282227 16.212249755859375 -6.57444953918457 0.2
12.777480125427246 16.03194808959961 -6.6051483154296875 0.2
12.731890678405762 15.870048522949219 -6.742349624633789 0.2
12.622369766235352 15.879447937011719 -6.931949615478516 0.2
12.50985050201416 16.05624771118164 -6.996250152587891 0.2
12.383410453796387 16.208351135253906 -6.896049499511719 0.2
12.252010345458984 16.334049224853516 -6.771549224853516 0.2
12.082719802856445 16.407848358154297 -6.647249221801758 0.2
11.869930267333984 16.357547760009766 -6.643049240112305 0.2
11.726980209350586 16.307350158691406 -6.802549362182617 0.2
11.793390274047852 16.327350616455078 -7.007749557495117 0.2
11.995039939880371 16.268749237060547 -7.081449508666992 0.2
12.188230514526367 16.165950775146484 -7.1134490966796875 0.2
12.37540054321289 16.047748565673828 -7.140949249267578 0.2
12.464680671691895 15.848247528076172 -7.181549072265625 0.2
12.38955020904541 15.703948974609375 -7.332248687744141 0.2
12.270090103149414 15.740249633789062 -7.514249801635742 0.2
12.140860557556152 15.922149658203125 -7.521148681640625 0.2
12.006979942321777 16.061847686767578 -7.40934944152832 0.2
11.873860359191895 16.192649841308594 -7.289848327636719 0.2
11.714110374450684 16.28044891357422 -7.160249710083008 0.2
11.501830101013184 16.22624969482422 -7.148248672485352 0.2
11.383020401000977 16.194549560546875 -7.332448959350586 0.2
11.438680648803711 16.209449768066406 -7.549249649047852 0.2
11.657500267028809 16.14025115966797 -7.6423492431640625 0.2
11.859580039978027 16.00054931640625 -7.674749374389648 0.2
12.058460235595703 15.85464859008789 -7.702348709106445 0.2
12.174960136413574 15.636051177978516 -7.710248947143555 0.2
12.098520278930664 15.439250946044922 -7.833950042724609 0.2
11.951430320739746 15.457050323486328 -8.023948669433594 0.2
11.81151008605957 15.662349700927734 -8.023649215698242 0.2
11.687220573425293 15.854049682617188 -7.927249908447266 0.2
11.559770584106445 16.041648864746094 -7.8271484375 0.2
11.347060203552246 16.117847442626953 -7.732549667358398 0.2
11.172719955444336 15.988849639892578 -7.84375 0.2
11.158220291137695 15.785850524902344 -7.930349349975586 0.2
11.292500495910645 15.612350463867188 -7.962148666381836 0.2
11.489540100097656 15.538448333740234 -8.034448623657227 0.2
11.686659812927246 15.478649139404297 -8.118749618530273 0.2
11.836569786071777 15.315650939941406 -8.153749465942383 0.2
11.791720390319824 15.118450164794922 -8.240348815917969 0.2
11.652830123901367 15.057147979736328 -8.403148651123047 0.2
11.487680435180664 15.190849304199219 -8.458148956298828 0.2
11.35692024230957 15.30154800415039 -8.310049057006836 0.2
11.197859764099121 15.428947448730469 -8.233749389648438 0.2
11.17864990234375 15.528247833251953 -8.407848358154297 0.2
11.246540069580078 15.350250244140625 -8.463949203491211 0.2
11.091370582580566 15.305747985839844 -8.355749130249023 0.2
11.018000602722168 15.416149139404297 -8.467649459838867 0.2
11.11814022064209 15.363147735595703 -8.60934829711914 0.2
11.257770538330078 15.244148254394531 -8.639049530029297 0.2
11.389349937438965 15.113349914550781 -8.626548767089844 0.2
11.420010566711426 14.9322509765625 -8.597749710083008 0.2
11.297070503234863 14.800849914550781 -8.641948699951172 0.2
11.148930549621582 14.752750396728516 -8.74264907836914 0.2
11.00731086730957 14.75994873046875 -8.862848281860352 0.2
10.916879653930664 14.897750854492188 -8.947050094604492 0.2
10.883880615234375 15.072650909423828 -8.89474868774414 0.2
10.864060401916504 15.223548889160156 -8.79024887084961 0.2
10.841289520263672 15.364948272705078 -8.673248291015625 0.2
10.780719757080078 15.443347930908203 -8.517549514770508 0.2
10.634269714355469 15.406848907470703 -8.41204833984375 0.2
10.45818042755127 15.36104965209961 -8.444448471069336 0.2
10.298530578613281 15.345149993896484 -8.552249908447266 0.2
10.239860534667969 15.34415054321289 -8.734949111938477 0.2
10.342069625854492 15.281150817871094 -8.885149002075195 0.2
10.478879928588867 15.160747528076172 -8.9510498046875 0.2
10.61279010772705 15.031349182128906 -9.001249313354492 0.2
10.715770721435547 14.868648529052734 -9.023249626159668 0.2
10.659520149230957 14.688850402832031 -8.984249114990234 0.2
10.478120803833008 14.619647979736328 -8.9781494140625 0.2
10.287030220031738 14.601348876953125 -9.000049591064453 0.2
10.112870216369629 14.65195083618164 -9.065849304199219 0.2
10.065600395202637 14.825950622558594 -9.132248878479004 0.2
10.118670463562012 15.010848999023438 -9.104349136352539 0.2
10.131250381469727 15.179847717285156 -9.010149002075195 0.2
10.038020133972168 15.200248718261719 -8.852449417114258 0.2
9.962420463562012 15.045948028564453 -8.905349731445312 0.2
9.949350357055664 15.140449523925781 -9.073948860168457 0.2
9.867520332336426 15.256248474121094 -8.948648452758789 0.2
9.775409698486328 15.0865478515625 -8.910449981689453 0.2
9.802820205688477 14.92245101928711 -9.052148818969727 0.2
9.7262601852417 14.73714828491211 -9.10534954071045 0.2
9.516380310058594 14.711349487304688 -9.093749046325684 0.2
9.329080581665039 14.810749053955078 -9.103649139404297 0.2
9.27676010131836 15.014450073242188 -9.097748756408691 0.2
9.333980560302734 15.177349090576172 -8.974148750305176 0.2
9.402629852294922 15.310249328613281 -8.823549270629883 0.2
9.442119598388672 15.505348205566406 -8.755748748779297 0.2
9.338859558105469 15.68844985961914 -8.766149520874023 0.2
9.149290084838867 15.762847900390625 -8.70895004272461 0.2
8.934860229492188 15.794750213623047 -8.657449722290039 0.2
8.82706069946289 15.748149871826172 -8.838150024414062 0.2
8.901530265808105 15.571949005126953 -8.95534896850586 0.2
8.994330406188965 15.384651184082031 -9.032049179077148 0.2
9.073419570922852 15.18594741821289 -9.103448867797852 0.2
9.001790046691895 14.977550506591797 -9.109549522399902 0.2
8.78049087524414 14.961048126220703 -9.093149185180664 0.2
8.596719741821289 15.08504867553711 -9.121849060058594 0.2
8.556190490722656 15.302749633789062 -9.133849143981934 0.2
8.590510368347168 15.503948211669922 -9.041648864746094 0.2
8.625490188598633 15.691947937011719 -8.927648544311523 0.2
8.651700019836426 15.844551086425781 -8.76624870300293 0.2
8.529899597167969 15.889747619628906 -8.58974838256836 0.2
8.31272029876709 15.929450988769531 -8.598749160766602 0.2
8.169990539550781 15.941947937011719 -8.764249801635742 0.2
8.197580337524414 15.813949584960938 -8.943948745727539 0.2
8.277570724487305 15.630149841308594 -9.03844928741455 0.2
8.350860595703125 15.437450408935547 -9.12044906616211 0.2
8.30801010131836 15.220848083496094 -9.128748893737793 0.2
8.098870277404785 15.159950256347656 -9.110149383544922 0.2
7.908250331878662 15.262748718261719 -9.149949073791504 0.2
7.867300033569336 15.478347778320312 -9.169249534606934 0.2
7.917100429534912 15.675750732421875 -9.080849647521973 0.2
7.969430446624756 15.85784912109375 -8.96674919128418 0.2
7.948470115661621 15.988449096679688 -8.789449691772461 0.2
7.766510009765625 16.01824951171875 -8.672948837280273 0.2
7.5508503913879395 16.019847869873047 -8.715250015258789 0.2
7.47428035736084 15.970447540283203 -8.913148880004883 0.2
7.544510364532471 15.812248229980469 -9.051249504089355 0.2
7.630630016326904 15.63134765625 -9.14324951171875 0.2
7.656810283660889 15.41604995727539 -9.185949325561523 0.2
7.49893045425415 15.26974868774414 -9.16244888305664 0.2
7.282410144805908 15.298450469970703 -9.190849304199219 0.2
7.16471004486084 15.472148895263672 -9.249249458312988 0.2
7.196700096130371 15.683849334716797 -9.196748733520508 0.2
7.257260322570801 15.860248565673828 -9.079349517822266 0.2
7.279770374298096 16.008548736572266 -8.917049407958984 0.2
7.138700008392334 16.06494903564453 -8.7635498046875 0.2
6.924900054931641 16.094749450683594 -8.802349090576172 0.2
6.791590213775635 16.08264923095703 -8.974549293518066 0.2
6.822939872741699 15.948551177978516 -9.144948959350586 0.2
6.908670425415039 15.7646484375 -9.231549263000488 0.2
6.971230506896973 15.559547424316406 -9.284149169921875 0.2
6.882260322570801 15.364250183105469 -9.256448745727539 0.2
6.666520118713379 15.328048706054688 -9.25844955444336 0.2
6.489330291748047 15.437950134277344 -9.320149421691895 0.2
6.477900505065918 15.655349731445312 -9.334049224853516 0.2
6.543280124664307 15.847850799560547 -9.249249458312988 0.2
6.597450256347656 16.023448944091797 -9.127849578857422 0.2
6.531000137329102 16.126251220703125 -8.948848724365234 0.2
6.327300071716309 16.137847900390625 -8.87044906616211 0.2
6.126440048217773 16.12274932861328 -8.949949264526367 0.2
6.094280242919922 16.03445053100586 -9.1454496383667 0.2
6.172210216522217 15.865650177001953 -9.26314926147461 0.2
6.254290580749512 15.678749084472656 -9.344649314880371 0.2
6.2502899169921875 15.461349487304688 -9.343849182128906 0.2
6.069720268249512 15.349250793457031 -9.307549476623535 0.2
5.85653018951416 15.386249542236328 -9.335948944091797 0.2
5.760160446166992 15.570350646972656 -9.39264965057373 0.2
5.803220272064209 15.77914810180664 -9.34174919128418 0.2
5.870019912719727 15.959949493408203 -9.238248825073242 0.2
5.887800216674805 16.105148315429688 -9.076549530029297 0.2
5.736010551452637 16.153850555419922 -8.934049606323242 0.2
5.523240089416504 16.16965103149414 -8.975149154663086 0.2
5.3956499099731445 16.129749298095703 -9.143349647521973 0.2
5.4268798828125 15.980350494384766 -9.299049377441406 0.2
5.510680198669434 15.795650482177734 -9.378949165344238 0.2
5.569849967956543 15.588951110839844 -9.416849136352539 0.2
5.481420516967773 15.400650024414062 -9.363049507141113 0.2
5.2694501876831055 15.360649108886719 -9.344649314880371 0.2
5.088850021362305 15.462348937988281 -9.399249076843262 0.2
5.069960117340088 15.676750183105469 -9.428548812866211 0.2
5.137040138244629 15.873748779296875 -9.363948822021484 0.2
5.1966400146484375 16.056747436523438 -9.26134967803955 0.2
5.1450700759887695 16.16994857788086 -9.08484935760498 0.2
4.953460216522217 16.183650970458984 -8.98604965209961 0.2
4.748120307922363 16.160350799560547 -9.04284954071045 0.2
4.694210052490234 16.064849853515625 -9.22874927520752 0.2
4.7629804611206055 15.892448425292969 -9.343049049377441 0.2
4.842920303344727 15.704448699951172 -9.417949676513672 0.2
4.852680206298828 15.487548828125 -9.406449317932129 0.2
4.691230297088623 15.361949920654297 -9.345748901367188 0.2
4.475399971008301 15.381450653076172 -9.356649398803711 0.2
4.3552703857421875 15.545848846435547 -9.423149108886719 0.2
4.390690326690674 15.759651184082031 -9.402249336242676 0.2
4.462140083312988 15.947650909423828 -9.318549156188965 0.2
4.497930526733398 16.10974884033203 -9.17664909362793 0.2
4.375770092010498 16.178550720214844 -9.015549659729004 0.2
4.16018009185791 16.19554901123047 -9.028749465942383 0.2
4.007225036621094 16.15665054321289 -9.175748825073242 0.2
4.0166802406311035 16.00634765625 -9.331949234008789 0.2
4.095470428466797 15.816150665283203 -9.405749320983887 0.2
4.161820411682129 15.610450744628906 -9.439249038696289 0.2
4.103740215301514 15.413848876953125 -9.374149322509766 0.2
3.899315357208252 15.356048583984375 -9.334049224853516 0.2
3.701420307159424 15.431148529052734 -9.376249313354492 0.2
3.6575732231140137 15.634449005126953 -9.43394947052002 0.2
3.7223103046417236 15.839847564697266 -9.396049499511719 0.2
3.792048215866089 16.03194808959961 -9.318449020385742 0.2
3.7795181274414062 16.17424774169922 -9.155949592590332 0.2
3.6100921630859375 16.208351135253906 -9.026148796081543 0.2
3.395059108734131 16.190250396728516 -9.03554916381836 0.2
3.2982611656188965 16.10504913330078 -9.206648826599121 0.2
3.3504202365875244 15.93375015258789 -9.331849098205566 0.2
3.428544282913208 15.74435043334961 -9.406048774719238 0.2
3.4612412452697754 15.529647827148438 -9.408049583435059 0.2
3.328857183456421 15.380748748779297 -9.331549644470215 0.2
3.112328290939331 15.376850128173828 -9.320549011230469 0.2
2.9614639282226562 15.512248992919922 -9.38634967803955 0.2
2.9764246940612793 15.72884750366211 -9.400649070739746 0.2
3.0502231121063232 15.92184829711914 -9.33384895324707 0.2
3.1081128120422363 16.098949432373047 -9.221549034118652 0.2
3.036984443664551 16.19554901123047 -9.043549537658691 0.2
2.8280162811279297 16.220748901367188 -9.004249572753906 0.2
2.644761323928833 16.199848175048828 -9.115049362182617 0.2
2.608006238937378 16.070449829101562 -9.28394889831543 0.2
2.675974130630493 15.882049560546875 -9.36884880065918 0.2
2.748481273651123 15.682849884033203 -9.41624927520752 0.2
2.7317912578582764 15.472747802734375 -9.367049217224121 0.2
2.5513601303100586 15.379947662353516 -9.301349639892578 0.2
2.340724229812622 15.423149108886719 -9.318948745727539 0.2
2.2503392696380615 15.60464859008789 -9.388449668884277 0.2
2.3031833171844482 15.815048217773438 -9.372448921203613 0.2
2.3801112174987793 16.00844955444336 -9.310049057006836 0.2
2.40669322013855 16.171749114990234 -9.169349670410156 0.2
2.2800912857055664 16.229949951171875 -9.007049560546875 0.2
2.0683183670043945 16.220848083496094 -8.963349342346191 0.2
1.9165502786636353 16.160049438476562 -9.099349021911621 0.2
1.9377002716064453 16.003849029541016 -9.248748779296875 0.2
2.0114481449127197 15.816947937011719 -9.333048820495605 0.2
2.0632033348083496 15.60744857788086 -9.365049362182617 0.2
1.9784702062606812 15.425548553466797 -9.289749145507812 0.2
1.7682201862335205 15.390148162841797 -9.251949310302734 0.2
1.5828301906585693 15.489849090576172 -9.294649124145508 0.2
1.5640902519226074 15.702449798583984 -9.330549240112305 0.2
1.6372501850128174 15.900348663330078 -9.274148941040039 0.2
1.7108901739120483 16.082950592041016 -9.179248809814453 0.2
1.693420171737671 16.20145034790039 -8.999649047851562 0.2
1.5034502744674683 16.23584747314453 -8.907848358154297 0.2
1.2974501848220825 16.230751037597656 -8.976449012756348 0.2
1.2137402296066284 16.128150939941406 -9.145849227905273 0.2
1.2649402618408203 15.94594955444336 -9.255048751831055 0.2
1.3385602235794067 15.750850677490234 -9.319249153137207 0.2
1.3563401699066162 15.535247802734375 -9.30104923248291 0.2
1.206120252609253 15.406848907470703 -9.219549179077148 0.2
0.9898502826690674 15.420448303222656 -9.207249641418457 0.2
0.8596501350402832 15.579048156738281 -9.26664924621582 0.2
0.8942701816558838 15.794448852539062 -9.267048835754395 0.2
0.9743602275848389 15.988948822021484 -9.211149215698242 0.2
1.0279701948165894 16.163150787353516 -9.092148780822754 0.2
0.9438202381134033 16.238548278808594 -8.909549713134766 0.2
0.7453601360321045 16.233551025390625 -8.821748733520508 0.2
0.5594902038574219 16.19194793701172 -8.91524887084961 0.2
0.5414001941680908 16.058147430419922 -9.085848808288574 0.2
0.6051602363586426 15.876148223876953 -9.186149597167969 0.2
0.6638901233673096 15.676349639892578 -9.249448776245117 0.2
0.623650312423706 15.471149444580078 -9.195749282836914 0.2
0.43261027336120605 15.3968505859375 -9.132349014282227 0.2
0.2277202606201172 15.460350036621094 -9.146749496459961 0.2
0.16318011283874512 15.661048889160156 -9.191749572753906 0.2
0.2290201187133789 15.863449096679688 -9.145648956298828 0.2
0.3117702007293701 16.04684829711914 -9.063448905944824 0.2
0.3412601947784424 16.184349060058594 -8.897048950195312 0.2
0.19311022758483887 16.224048614501953 -8.75014877319336 0.2
-0.02281975746154785 16.226150512695312 -8.77444839477539 0.2
-0.1576097011566162 16.15654754638672 -8.926748275756836 0.2
-0.13631987571716309 15.989349365234375 -9.064449310302734 0.2
-0.06784987449645996 15.799148559570312 -9.146049499511719 0.2
-0.028189659118652344 15.585350036621094 -9.165849685668945 0.2
-0.13396978378295898 15.418350219726562 -9.084149360656738 0.2
-0.3467597961425781 15.398147583007812 -9.044949531555176 0.2
-0.5178897380828857 15.521747589111328 -9.082049369812012 0.2
-0.5121798515319824 15.738449096679688 -9.096549034118652 0.2
-0.429229736328125 15.933250427246094 -9.04224967956543 0.2
-0.3545796871185303 16.113048553466797 -8.942249298095703 0.2
-0.3883397579193115 16.209247589111328 -8.75255012512207 0.2
-0.5670197010040283 16.208148956298828 -8.628250122070312 0.2
-0.776019811630249 16.17715072631836 -8.664848327636719 0.2
-0.841289758682251 16.07094955444336 -8.841548919677734 0.2
-0.791489839553833 15.896549224853516 -8.96454906463623 0.2
-0.732109785079956 15.70465087890625 -9.051849365234375 0.2
-0.7405898571014404 15.489151000976562 -9.02924919128418 0.2
-0.9114696979522705 15.384349822998047 -8.950948715209961 0.2
-1.1253199577331543 15.42034912109375 -8.93604850769043 0.2
-1.2267398834228516 15.605751037597656 -8.974449157714844 0.2
-1.1694297790527344 15.813751220703125 -8.937749862670898 0.2
-1.0790996551513672 15.995548248291016 -8.857049942016602 0.2
-1.0216197967529297 16.14114761352539 -8.705450057983398 0.2
-1.1324496269226074 16.188648223876953 -8.529048919677734 0.2
-1.3487696647644043 16.19934844970703 -8.510950088500977 0.2
-1.5154895782470703 16.156349182128906 -8.639148712158203 0.2
-1.524019718170166 16.007648468017578 -8.798349380493164 0.2
-1.4623699188232422 15.823551177978516 -8.897850036621094 0.2
-1.4164299964904785 15.616249084472656 -8.949348449707031 0.2
-1.496999740600586 15.42905044555664 -8.880548477172852 0.2
-1.702629566192627 15.390148162841797 -8.823450088500977 0.2
-1.888819694519043 15.495750427246094 -8.839349746704102 0.2
-1.90632963180542 15.71194839477539 -8.854549407958984 0.2
-1.8223896026611328 15.90475082397461 -8.795448303222656 0.2
-1.737769603729248 16.081951141357422 -8.699348449707031 0.2
-1.7442498207092285 16.183349609375 -8.508049011230469 0.2
-1.905949592590332 16.18724822998047 -8.363449096679688 0.2
-2.1200199127197266 16.171051025390625 -8.37354850769043 0.2
-2.214779853820801 16.090648651123047 -8.550649642944336 0.2
-2.176959991455078 15.925048828125 -8.688848495483398 0.2
-2.122889995574951 15.740650177001953 -8.792949676513672 0.2
-2.1299099922180176 15.522449493408203 -8.796749114990234 0.2
-2.293839931488037 15.404548645019531 -8.722848892211914 0.2
-2.5082998275756836 15.438247680664062 -8.702449798583984 0.2
-2.6155896186828613 15.623348236083984 -8.728849411010742 0.2
-2.5551395416259766 15.828147888183594 -8.679149627685547 0.2
-2.458859920501709 16.001449584960938 -8.585948944091797 0.2
-2.395139694213867 16.137847900390625 -8.426048278808594 0.2
-2.5010199546813965 16.180747985839844 -8.24384880065918 0.2
-2.7181296348571777 16.20145034790039 -8.222549438476562 0.2
-2.8884596824645996 16.17424774169922 -8.353948593139648 0.2
-2.898169994354248 16.032848358154297 -8.521249771118164 0.2
-2.844259738922119 15.850547790527344 -8.63224983215332 0.2
-2.807889938354492 15.643150329589844 -8.698450088500977 0.2
-2.8999199867248535 15.453948974609375 -8.646049499511719 0.2
-3.1117796897888184 15.418148040771484 -8.60004997253418 0.2
-3.2915196418762207 15.53955078125 -8.614648818969727 0.2
-3.285979747772217 15.758350372314453 -8.599649429321289 0.2
-3.195129871368408 15.943248748779297 -8.519449234008789 0.2
-3.1067099571228027 16.11174774169922 -8.40625 0.2
-3.1158199310302734 16.19485092163086 -8.204750061035156 0.2
-3.2870798110961914 16.187049865722656 -8.066349029541016 0.2
-3.5032596588134766 16.177749633789062 -8.09014892578125 0.2
-3.584239959716797 16.105751037597656 -8.280048370361328 0.2
-3.5539298057556152 15.941749572753906 -8.426549911499023 0.2
-3.51393985748291 15.760948181152344 -8.54734992980957 0.2
-3.5159497261047363 15.544048309326172 -8.586349487304688 0.2
-3.670349597930908 15.399150848388672 -8.531749725341797 0.2
-3.8904199600219727 15.40475082397461 -8.515949249267578 0.2
-4.006629943847656 15.58864974975586 -8.529850006103516 0.2
-3.9481096267700195 15.791149139404297 -8.459449768066406 0.2
-3.85483980178833 15.962650299072266 -8.357349395751953 0.2
-3.770969867706299 16.115447998046875 -8.220849990844727 0.2
-3.813109874725342 16.166549682617188 -8.012350082397461 0.2
-4.020419597625732 16.178848266601562 -7.943248748779297 0.2
-4.226029872894287 16.192550659179688 -8.027750015258789 0.2
-4.290469646453857 16.10865020751953 -8.232049942016602 0.2
-4.258489608764648 15.920650482177734 -8.366748809814453 0.2
-4.222109794616699 15.720050811767578 -8.479148864746094 0.2
-4.203649997711182 15.492748260498047 -8.532148361206055 0.2
-4.3296799659729 15.308948516845703 -8.476249694824219 0.2
-4.5600996017456055 15.278450012207031 -8.450048446655273 0.2
-4.701359748840332 15.459148406982422 -8.451349258422852 0.2
-4.646629810333252 15.680248260498047 -8.396249771118164 0.2
-4.5596699714660645 15.884449005126953 -8.324949264526367 0.2
-4.484309673309326 16.078350067138672 -8.213850021362305 0.2
-4.557369709014893 16.147850036621094 -8.009149551391602 0.2
-4.770379543304443 16.073448181152344 -7.954648971557617 0.2
-4.88539981842041 15.887149810791016 -7.952249526977539 0.2
-4.891529560089111 15.691650390625 -8.051948547363281 0.2
-4.881959915161133 15.558948516845703 -8.229049682617188 0.2
-4.869329929351807 15.399749755859375 -8.38344955444336 0.2
-4.92195987701416 15.186649322509766 -8.396949768066406 0.2
-5.1170196533203125 15.08945083618164 -8.356548309326172 0.2
-5.328269958496094 15.147449493408203 -8.334348678588867 0.2
-5.352970123291016 15.348648071289062 -8.262449264526367 0.2
-5.259980201721191 15.488750457763672 -8.110649108886719 0.2
-5.311840057373047 15.68804931640625 -8.07094955444336 0.2
-5.444669723510742 15.665348052978516 -8.217948913574219 0.2
-5.454859733581543 15.48604965209961 -8.122749328613281 0.2
-5.458209991455078 15.58115005493164 -7.964550018310547 0.2
-5.578319549560547 15.682647705078125 -8.052549362182617 0.2
-5.649709701538086 15.569049835205078 -8.18655014038086 0.2
-5.624730110168457 15.397850036621094 -8.268348693847656 0.2
-5.597109794616699 15.209049224853516 -8.285648345947266 0.2
-5.677319526672363 15.068950653076172 -8.18494987487793 0.2
-5.846549987792969 15.06454849243164 -8.093849182128906 0.2
-6.022930145263672 15.114749908447266 -8.036949157714844 0.2
-6.164299964904785 15.242549896240234 -8.023048400878906 0.2
-6.143899917602539 15.43185043334961 -8.039949417114258 0.2
-6.014080047607422 15.572151184082031 -8.018949508666992 0.2
-5.868999481201172 15.691551208496094 -7.98444938659668 0.2
-5.717499732971191 15.779350280761719 -7.9082489013671875 0.2
-5.636919975280762 15.78485107421875 -7.736249923706055 0.2
-5.721670150756836 15.79024887084961 -7.565948486328125 0.2
-5.877559661865234 15.842647552490234 -7.46824836730957 0.2
-6.055699348449707 15.90945053100586 -7.473848342895508 0.2
-6.186260223388672 15.892749786376953 -7.611349105834961 0.2
-6.246809959411621 15.766651153564453 -7.742649078369141 0.2
-6.288579940795898 15.615249633789062 -7.851049423217773 0.2
-6.330989837646484 15.441551208496094 -7.919549942016602 0.2
-6.390230178833008 15.27804946899414 -7.841148376464844 0.2
-6.490419387817383 15.25094985961914 -7.679948806762695 0.2
-6.603219985961914 15.299049377441406 -7.532249450683594 0.2
-6.7075700759887695 15.43294906616211 -7.445049285888672 0.2
-6.690859794616699 15.619949340820312 -7.478448867797852 0.2
-6.56797981262207 15.756549835205078 -7.535449981689453 0.2
-6.419449806213379 15.877449035644531 -7.524648666381836 0.2
-6.301209449768066 15.887748718261719 -7.382648468017578 0.2
-6.406449317932129 15.764747619628906 -7.295648574829102 0.2
-6.565810203552246 15.87554931640625 -7.379848480224609 0.2
-6.443249702453613 16.02444839477539 -7.3009490966796875 0.2
-6.45205020904541 15.887649536132812 -7.139249801635742 0.2
-6.63694953918457 15.765949249267578 -7.207948684692383 0.2
-6.801369667053223 15.611549377441406 -7.2514495849609375 0.2
-6.905369758605957 15.559749603271484 -7.055149078369141 0.2
-6.944459915161133 15.692550659179688 -6.866949081420898 0.2
-6.865189552307129 15.904048919677734 -6.829648971557617 0.2
-6.6521100997924805 15.993850708007812 -6.855949401855469 0.2
-6.432319641113281 16.063751220703125 -6.886449813842773 0.2
-6.312699317932129 16.25804901123047 -6.897548675537109 0.2
-6.305569648742676 16.428447723388672 -6.751150131225586 0.2
-6.288559913635254 16.45975112915039 -6.531749725341797 0.2
-6.440189361572266 16.49195098876953 -6.384550094604492 0.2
-6.6350297927856445 16.412349700927734 -6.448848724365234 0.2
-6.750860214233398 16.263347625732422 -6.560548782348633 0.2
-6.862819671630859 16.102550506591797 -6.659648895263672 0.2
-6.9705400466918945 15.919147491455078 -6.613248825073242 0.2
-7.028399467468262 15.896949768066406 -6.406148910522461 0.2
-7.0507001876831055 16.031150817871094 -6.234748840332031 0.2
-6.9959001541137695 16.237751007080078 -6.190649032592773 0.2
-6.833559989929199 16.385547637939453 -6.20374870300293 0.2
-6.649299621582031 16.50334930419922 -6.211448669433594 0.2
-6.4386396408081055 16.564350128173828 -6.197549819946289 0.2
-6.289400100708008 16.537548065185547 -6.046049118041992 0.2
-6.32267951965332 16.575950622558594 -5.834650039672852 0.2
-6.482259750366211 16.652050018310547 -5.708148956298828 0.2
-6.693399429321289 16.630847930908203 -5.761348724365234 0.2
-6.836830139160156 16.51314926147461 -5.879549026489258 0.2
-6.96599006652832 16.37165069580078 -5.987749099731445 0.2
-7.062699317932129 16.177650451660156 -5.969949722290039 0.2
-7.106800079345703 16.108150482177734 -5.770549774169922 0.2
-7.127699851989746 16.205047607421875 -5.576148986816406 0.2
-7.07349967956543 16.40374755859375 -5.509550094604492 0.2
-6.9173994064331055 16.555747985839844 -5.530849456787109 0.2
-6.733379364013672 16.67184829711914 -5.553049087524414 0.2
-6.526999473571777 16.702049255371094 -5.494548797607422 0.2
-6.43671989440918 16.661148071289062 -5.303049087524414 0.2
-6.495510101318359 16.648147583007812 -5.096149444580078 0.2
-6.699989318847656 16.674949645996094 -5.039148330688477 0.2
-6.881360054016113 16.61465072631836 -5.143749237060547 0.2
-7.022699356079102 16.50714874267578 -5.269948959350586 0.2
-7.133299827575684 16.328048706054688 -5.317949295043945 0.2
-7.183300018310547 16.185447692871094 -5.16874885559082 0.2
-7.211799621582031 16.207347869873047 -4.955348968505859 0.2
-7.195799827575684 16.37234878540039 -4.821748733520508 0.2
-7.063499450683594 16.544147491455078 -4.820148468017578 0.2
-6.880009651184082 16.654048919677734 -4.853349685668945 0.2
-6.669179916381836 16.69664764404297 -4.840950012207031 0.2
-6.5389299392700195 16.658550262451172 -4.680248260498047 0.2
-6.590819358825684 16.67544937133789 -4.473749160766602 0.2
-6.761569976806641 16.715850830078125 -4.354549407958984 0.2
-6.967589378356934 16.685348510742188 -4.407249450683594 0.2
-7.107099533081055 16.582050323486328 -4.535348892211914 0.2
-7.22029972076416 16.425251007080078 -4.629650115966797 0.2
-7.27810001373291 16.23685073852539 -4.553449630737305 0.2
-7.312799453735352 16.19424819946289 -4.347249984741211 0.2
-7.329999923706055 16.30084991455078 -4.165349960327148 0.2
-7.256799697875977 16.497249603271484 -4.120748519897461 0.2
-7.098299980163574 16.637847900390625 -4.159149169921875 0.2
-6.903989791870117 16.72734832763672 -4.175249099731445 0.2
-6.722999572753906 16.712448120117188 -4.066949844360352 0.2
-6.675789833068848 16.66244888305664 -3.8652496337890625 0.2
-6.778329849243164 16.659648895263672 -3.683248519897461 0.2
-6.990499496459961 16.67184829711914 -3.6781482696533203 0.2
-7.155399322509766 16.602249145507812 -3.795949935913086 0.2
-7.28909969329834 16.48394775390625 -3.914348602294922 0.2
-7.370800018310547 16.28765106201172 -3.913349151611328 0.2
-7.409299850463867 16.18124771118164 -3.736848831176758 0.2
-7.434299468994141 16.225048065185547 -3.5304489135742188 0.2
-7.401599884033203 16.402851104736328 -3.4219493865966797 0.2
-7.258899688720703 16.561050415039062 -3.4365501403808594 0.2
-7.073699951171875 16.66094970703125 -3.4755496978759766 0.2
-6.863269805908203 16.6761474609375 -3.4453487396240234 0.2
-6.762470245361328 16.638050079345703 -3.2686500549316406 0.2
-6.835569381713867 16.66054916381836 -3.0708484649658203 0.2
-7.0177001953125 16.692951202392578 -2.9701499938964844 0.2
-7.215899467468262 16.652549743652344 -3.034648895263672 0.2
-7.352499961853027 16.550251007080078 -3.163848876953125 0.2
-7.454400062561035 16.382049560546875 -3.246448516845703 0.2
-7.496299743652344 16.19934844970703 -3.1552486419677734 0.2
-7.517000198364258 16.162250518798828 -2.9476490020751953 0.2
-7.520400047302246 16.26894760131836 -2.7667484283447266 0.2
-7.445199966430664 16.463550567626953 -2.7284488677978516 0.2
-7.293399810791016 16.607650756835938 -2.7713489532470703 0.2
-7.098499298095703 16.690948486328125 -2.7896499633789062 0.2
-6.914369583129883 16.66415023803711 -2.6923484802246094 0.2
-6.845789909362793 16.600749969482422 -2.5020484924316406 0.2
-6.93528938293457 16.58755111694336 -2.316549301147461 0.2
-7.14579963684082 16.59674835205078 -2.304248809814453 0.2
-7.3177995681762695 16.535449981689453 -2.4141483306884766 0.2
-7.456299781799316 16.42034912109375 -2.5275497436523438 0.2
-7.527400016784668 16.221847534179688 -2.5322494506835938 0.2
-7.540800094604492 16.103748321533203 -2.3606491088867188 0.2
-7.537599563598633 16.127750396728516 -2.1505489349365234 0.2
-7.495699882507324 16.29534912109375 -2.0315494537353516 0.2
-7.363100051879883 16.461151123046875 -2.0450496673583984 0.2
-7.186100006103516 16.568450927734375 -2.0946483612060547 0.2
-6.975369453430176 16.583248138427734 -2.090848922729492 0.2
-6.8549699783325195 16.53194808959961 -1.9322490692138672 0.2
-6.903829574584961 16.53384780883789 -1.727548599243164 0.2
-7.071800231933594 16.549949645996094 -1.6041488647460938 0.2
-7.275899887084961 16.510448455810547 -1.6441497802734375 0.2
-7.421899795532227 16.418251037597656 -1.7680492401123047 0.2
-7.521900177001953 16.255050659179688 -1.8570499420166016 0.2
-7.5391998291015625 16.062049865722656 -1.7843494415283203 0.2
-7.524299621582031 15.997150421142578 -1.5845489501953125 0.2
-7.5037994384765625 16.078250885009766 -1.3943500518798828 0.2
-7.436800003051758 16.270450592041016 -1.3374500274658203 0.2
-7.302899360656738 16.42905044555664 -1.3825492858886719 0.2
-7.116399765014648 16.5218505859375 -1.4183483123779297 0.2
-6.918489456176758 16.489547729492188 -1.3568496704101562 0.2
-6.810639381408691 16.406047821044922 -1.196249008178711 0.2
-6.86769962310791 16.36724853515625 -1.003549575805664 0.2
-7.072599411010742 16.364349365234375 -0.9545497894287109 0.2
-7.25570011138916 16.308948516845703 -1.0452499389648438 0.2
-7.40049934387207 16.19744873046875 -1.1515483856201172 0.2
-7.454999923706055 15.994850158691406 -1.1653499603271484 0.2
-7.434199333190918 15.858150482177734 -1.0107498168945312 0.2
-7.398799896240234 15.855247497558594 -0.8037490844726562 0.2
-7.348699569702148 16.00674819946289 -0.6702499389648438 0.2
-7.232099533081055 16.182350158691406 -0.6829490661621094 0.2
-7.071800231933594 16.305049896240234 -0.7475490570068359 0.2
-6.862689971923828 16.327449798583984 -0.7722492218017578 0.2
-6.715789794921875 16.269451141357422 -0.6412487030029297 0.2
-6.726739883422852 16.24945068359375 -0.43184852600097656 0.2
-6.869210243225098 16.241050720214844 -0.2792491912841797 0.2
-7.073200225830078 16.192848205566406 -0.293548583984375 0.2
-7.228799819946289 16.105751037597656 -0.40924835205078125 0.2
-7.325599670410156 15.94124984741211 -0.5006484985351562 0.2
-7.319299697875977 15.742950439453125 -0.4414501190185547 0.2
-7.271699905395508 15.662651062011719 -0.2525501251220703 0.2
-7.2263994216918945 15.723648071289062 -0.05854988098144531 0.2
-7.162599563598633 15.913150787353516 0.006351470947265625 0.2
-7.045199394226074 16.083450317382812 -0.0415496826171875 0.2
-6.867770195007324 16.186050415039062 -0.09375 0.2
-6.662789344787598 16.159549713134766 -0.059848785400390625 0.2
-6.52886962890625 16.07394790649414 0.07955169677734375 0.2
-6.549869537353516 16.020347595214844 0.27645111083984375 0.2
-6.744529724121094 16.005149841308594 0.35235023498535156 0.2
-6.935349464416504 15.949447631835938 0.27845001220703125 0.2
-7.085000038146973 15.837947845458984 0.1782512664794922 0.2
-7.130999565124512 15.633949279785156 0.158050537109375 0.2
-7.08389949798584 15.490150451660156 0.3020515441894531 0.2
-7.019899368286133 15.472747802734375 0.5022506713867188 0.2
-6.956239700317383 15.617450714111328 0.6382503509521484 0.2
-6.847529411315918 15.798748016357422 0.6227512359619141 0.2
-6.699230194091797 15.930648803710938 0.5464515686035156 0.2
-6.495160102844238 15.958549499511719 0.5003509521484375 0.2
-6.333669662475586 15.90005111694336 0.6157512664794922 0.2
-6.304450035095215 15.863849639892578 0.8221511840820312 0.2
-6.423069953918457 15.834548950195312 0.9909515380859375 0.2
-6.627289772033691 15.780548095703125 0.9931507110595703 0.2
-6.793950080871582 15.699748992919922 0.8876514434814453 0.2
-6.898819923400879 15.539749145507812 0.7985515594482422 0.2
-6.880640029907227 15.338951110839844 0.8484516143798828 0.2
-6.808919906616211 15.244148254394531 1.0237503051757812 0.2
-6.739850044250488 15.298450469970703 1.2125511169433594 0.2
-6.659999847412109 15.484149932861328 1.2756500244140625 0.2
-6.544340133666992 15.65584945678711 1.2243499755859375 0.2
-6.371310234069824 15.759750366210938 1.1587505340576172 0.2
-6.165019989013672 15.720951080322266 1.1707515716552734 0.2
-6.022709846496582 15.617050170898438 1.2893505096435547 0.2
-6.032759666442871 15.546051025390625 1.4856510162353516 0.2
-6.234259605407715 15.51934814453125 1.5757503509521484 0.2
-6.439939498901367 15.458450317382812 1.5068511962890625 0.2
-6.600319862365723 15.331348419189453 1.4148502349853516 0.2
-6.623459815979004 15.111549377441406 1.4147510528564453 0.2
-6.55443000793457 14.969650268554688 1.573251724243164 0.2
-6.472149848937988 14.992149353027344 1.7759513854980469 0.2
-6.369009971618652 15.176849365234375 1.8506507873535156 0.2
-6.234509468078613 15.347549438476562 1.7886505126953125 0.2
-6.05126953125 15.447547912597656 1.7047500610351562 0.2
-5.838789939880371 15.395347595214844 1.7284507751464844 0.2
-5.743579864501953 15.322948455810547 1.9178504943847656 0.2
-5.786109924316406 15.27505111694336 2.1241512298583984 0.2
-5.968379974365234 15.236148834228516 2.200651168823242 0.2
-6.148419380187988 15.162948608398438 2.1401500701904297 0.2
-6.303929328918457 15.070148468017578 2.047250747680664 0.2
-6.397629737854004 14.909950256347656 1.961151123046875 0.2
-6.380519866943359 14.711448669433594 1.9868507385253906 0.2
-6.317379951477051 14.580448150634766 2.129251480102539 0.2
-6.234409332275391 14.599849700927734 2.3105506896972656 0.2
-6.146249771118164 14.766548156738281 2.387451171875 0.2
-6.060059547424316 14.951850891113281 2.377349853515625 0.2
-5.937589645385742 15.113948822021484 2.3546504974365234 0.2
-5.738039970397949 15.150749206542969 2.3587512969970703 0.2
-5.608599662780762 15.052047729492188 2.478851318359375 0.2
-5.574179649353027 14.87664794921875 2.5745506286621094 0.2
-5.650799751281738 14.672348022460938 2.533151626586914 0.2
-5.854819297790527 14.596050262451172 2.4761505126953125 0.2
-6.070839881896973 14.538150787353516 2.4354515075683594 0.2
-6.170060157775879 14.340049743652344 2.396951675415039 0.2
-6.1321001052856445 14.15414810180664 2.5204505920410156 0.2
-6.020750045776367 14.111351013183594 2.7096500396728516 0.2
-5.85099983215332 14.25054931640625 2.7479515075683594 0.2
-5.6768693923950195 14.398548126220703 2.728351593017578 0.2
-5.658999443054199 14.501449584960938 2.9136505126953125 0.2
-5.80342960357666 14.375350952148438 3.0008506774902344 0.2
-5.7387800216674805 14.210250854492188 2.873250961303711 0.2
-5.536589622497559 14.274349212646484 2.8587512969970703 0.2
-5.558650016784668 14.337150573730469 3.0588512420654297 0.2
-5.732159614562988 14.214649200439453 3.1242504119873047 0.2
-5.881959915161133 14.080650329589844 3.014650344848633 0.2
-5.91702938079834 13.896747589111328 2.8929500579833984 0.2
-5.796629905700684 13.71915054321289 2.9512500762939453 0.2
-5.664999961853027 13.642349243164062 3.122751235961914 0.2
-5.556479454040527 13.665149688720703 3.319551467895508 0.2
-5.504399299621582 13.862548828125 3.4108505249023438 0.2
-5.466169357299805 14.075550079345703 3.337850570678711 0.2
-5.408949851989746 14.258750915527344 3.214750289916992 0.2
-5.258879661560059 14.304149627685547 3.054950714111328 0.2
-5.0507097244262695 14.224349975585938 3.063051223754883 0.2
-4.899349689483643 14.159950256347656 3.2215499877929688 0.2
-4.8957200050354 14.104549407958984 3.438251495361328 0.2
-5.0683794021606445 14.012649536132812 3.5498504638671875 0.2
-5.255319595336914 13.880451202392578 3.559051513671875 0.2
-5.365639686584473 13.684947967529297 3.5292510986328125 0.2
-5.2611494064331055 13.488548278808594 3.5234508514404297 0.2
-5.066459655761719 13.416450500488281 3.619251251220703 0.2
-4.888339996337891 13.457748413085938 3.7592506408691406 0.2
-4.786839962005615 13.652851104736328 3.8118515014648438 0.2
-4.742269992828369 13.854248046875 3.7131500244140625 0.2
-4.714109897613525 13.955448150634766 3.513050079345703 0.2
-4.786349773406982 13.898548126220703 3.3093509674072266 0.2
-4.967979907989502 13.77804946899414 3.301450729370117 0.2
-5.010419845581055 13.796249389648438 3.505350112915039 0.2
-4.801299571990967 13.824748992919922 3.504251480102539 0.2
-4.739199638366699 13.631549835205078 3.409250259399414 0.2
-4.804759979248047 13.439949035644531 3.5091514587402344 0.2
-4.749139785766602 13.372447967529297 3.7179508209228516 0.2
-4.5493998527526855 13.391448974609375 3.827150344848633 0.2
-4.338569641113281 13.443550109863281 3.7697505950927734 0.2
-4.288459777832031 13.578948974609375 3.59735107421875 0.2
-4.363489627838135 13.76504898071289 3.4898509979248047 0.2
-4.439319610595703 13.973548889160156 3.517650604248047 0.2
-4.3714599609375 14.12344741821289 3.6671504974365234 0.2
-4.177109718322754 14.177650451660156 3.7392501831054688 0.2
-3.9676599502563477 14.142047882080078 3.7215499877929688 0.2
-3.88539981842041 13.962947845458984 3.6435508728027344 0.2
-3.9594998359680176 13.761749267578125 3.6319503784179688 0.2
-4.065469741821289 13.580150604248047 3.6777515411376953 0.2
-4.113089561462402 13.451351165771484 3.8393516540527344 0.2
-3.9861698150634766 13.421947479248047 4.005149841308594 0.2
-3.77847957611084 13.442951202392578 4.05525016784668 0.2
-3.6096396446228027 13.524948120117188 3.9592514038085938 0.2
-3.594639778137207 13.684947967529297 3.818349838256836 0.2
-3.6558399200439453 13.86874771118164 3.725950241088867 0.2
-3.713599681854248 14.072650909423828 3.7321510314941406 0.2
-3.668869972229004 14.209548950195312 3.88385009765625 0.2
-3.512929916381836 14.22344970703125 4.029150009155273 0.2
-3.3201098442077637 14.1490478515625 4.064451217651367 0.2
-3.2374095916748047 13.976249694824219 3.973550796508789 0.2
-3.2995595932006836 13.776348114013672 3.9335498809814453 0.2
-3.3920397758483887 13.58755111694336 3.968050003051758 0.2
-3.4155197143554688 13.452850341796875 4.128351211547852 0.2
-3.2729697227478027 13.404548645019531 4.2745513916015625 0.2
-3.0633296966552734 13.40884780883789 4.311250686645508 0.2
-2.902479648590088 13.492950439453125 4.208551406860352 0.2
-2.9068498611450195 13.663249969482422 4.084550857543945 0.2
-2.9941396713256836 13.849647521972656 4.028650283813477 0.2
-3.068659782409668 14.042449951171875 4.0740509033203125 0.2
-2.995649814605713 14.169849395751953 4.242950439453125 0.2
-2.767049789428711 14.165550231933594 4.300149917602539 0.2
-2.565849781036377 14.0594482421875 4.240251541137695 0.2
-2.53810977935791 13.845447540283203 4.152250289916992 0.2
-2.6336398124694824 13.627948760986328 4.155450820922852 0.2
-2.712669849395752 13.44015121459961 4.271751403808594 0.2
-2.6252098083496094 13.349750518798828 4.464250564575195 0.2
-2.4048895835876465 13.349048614501953 4.553050994873047 0.2
-2.2125396728515625 13.473751068115234 4.515750885009766 0.2
-2.2087597846984863 13.656749725341797 4.369649887084961 0.2
-2.289289951324463 13.845348358154297 4.2521514892578125 0.2
-2.3697099685668945 14.045249938964844 4.321250915527344 0.2
-2.348329544067383 14.099849700927734 4.532251358032227 0.2
-2.3680496215820312 14.00374984741211 4.7297515869140625 0.2
-2.46321964263916 13.815048217773438 4.793149948120117 0.2
-2.5343198776245117 13.605148315429688 4.763650894165039 0.2
-2.4664297103881836 13.400348663330078 4.735950469970703 0.2
-2.262669563293457 13.318950653076172 4.766651153564453 0.2
-2.067579746246338 13.370948791503906 4.856349945068359 0.2
-2.0174198150634766 13.55875015258789 4.957651138305664 0.2
-2.102419853210449 13.763450622558594 4.943950653076172 0.2
-2.182919979095459 13.94485092163086 4.844951629638672 0.2
-2.1163697242736816 14.06344985961914 4.674650192260742 0.2
-1.9162898063659668 14.062049865722656 4.592950820922852 0.2
-1.720059871673584 14.007049560546875 4.6365509033203125 0.2
-1.6444597244262695 13.92354965209961 4.81035041809082 0.2
-1.7178597450256348 13.788948059082031 4.954450607299805 0.2
-1.819239616394043 13.614948272705078 5.014751434326172 0.2
-1.8210296630859375 13.410049438476562 4.981050491333008 0.2
-1.6506996154785156 13.305648803710938 4.942750930786133 0.2
-1.4528398513793945 13.355751037597656 4.985651016235352 0.2
-1.3419198989868164 13.519451141357422 5.055351257324219 0.2
-1.3715095520019531 13.726749420166016 5.053050994873047 0.2
-1.456669807434082 13.890251159667969 4.952251434326172 0.2
-1.4486799240112305 13.994647979736328 4.773250579833984 0.2
-1.2735395431518555 14.015647888183594 4.676151275634766 0.2
-1.0968198776245117 13.995548248291016 4.780450820922852 0.2
-1.0192899703979492 13.932647705078125 4.963750839233398 0.2
-1.0529899597167969 13.788448333740234 5.110851287841797 0.2
-1.1480798721313477 13.610050201416016 5.167350769042969 0.2
-1.1921195983886719 13.414348602294922 5.113550186157227 0.2
-1.1296796798706055 13.273548126220703 4.971151351928711 0.2
-0.9586398601531982 13.223648071289062 4.871850967407227 0.2
-0.7932398319244385 13.3343505859375 4.928350448608398 0.2
-0.7948098182678223 13.522850036621094 5.017051696777344 0.2
-0.8610398769378662 13.719650268554688 5.022550582885742 0.2
-0.8363096714019775 13.882648468017578 4.893850326538086 0.2
-0.7146697044372559 13.93404769897461 4.732551574707031 0.2
-0.5355398654937744 13.876449584960938 4.652650833129883 0.2
-0.43864965438842773 13.7198486328125 4.734550476074219 0.2
-0.5076696872711182 13.54134750366211 4.827451705932617 0.2
-0.6207296848297119 13.365249633789062 4.832050323486328 0.2
-0.7351298332214355 13.202850341796875 4.757450103759766 0.2
-0.6959798336029053 13.04104995727539 4.642450332641602 0.2
-0.5134298801422119 12.957950592041016 4.669950485229492 0.2
-0.37405967712402344 12.997047424316406 4.818550109863281 0.2
-0.33186984062194824 13.129749298095703 4.97395133972168 0.2
-0.34950971603393555 13.331748962402344 5.028051376342773 0.2
-0.35878968238830566 13.535747528076172 4.982049942016602 0.2
-0.3012998104095459 13.707149505615234 4.875751495361328 0.2
-0.11781978607177734 13.778350830078125 4.8305511474609375 0.2
0.028620243072509766 13.741950988769531 4.971250534057617 0.2
0.04088020324707031 13.640647888183594 5.166950225830078 0.2
-0.04869985580444336 13.469650268554688 5.2718505859375 0.2
-0.17167973518371582 13.290348052978516 5.234951019287109 0.2
-0.2396697998046875 13.108749389648438 5.129850387573242 0.2
-0.12866973876953125 12.954547882080078 5.026250839233398 0.2
0.06968021392822266 12.916549682617188 5.10205078125 0.2
0.19524025917053223 12.98714828491211 5.268451690673828 0.2
0.199310302734375 13.165847778320312 5.394350051879883 0.2
0.15565013885498047 13.382648468017578 5.398151397705078 0.2
0.17341017723083496 13.584648132324219 5.314750671386719 0.2
0.3056802749633789 13.692550659179688 5.176250457763672 0.2
