24.665199279785156 -15.961650848388672 0.8620510101318359 0.2
24.500200271606445 -16.11625099182129 0.7907505035400391 0.2
24.391700744628906 -16.292850494384766 0.9135513305664062 0.2
24.369199752807617 -16.45775032043457 1.0933513641357422 0.2
24.48349952697754 -16.625350952148438 1.2142505645751953 0.2
24.70549964904785 -16.69715118408203 1.1307506561279297 0.2
24.7637996673584 -16.719350814819336 0.8998508453369141 0.2
24.654300689697266 -16.64645004272461 0.69525146484375 0.2
24.53689956665039 -16.440750122070312 0.6395511627197266 0.2
24.55940055847168 -16.204450607299805 0.6176509857177734 0.2
24.75979995727539 -16.097450256347656 0.5508499145507812 0.2
24.972900390625 -16.17675018310547 0.46795082092285156 0.2
25.1343994140625 -16.323850631713867 0.5615501403808594 0.2
25.148500442504883 -16.476951599121094 0.7502498626708984 0.2
25.075000762939453 -16.64715003967285 0.9058513641357422 0.2
24.910600662231445 -16.809551239013672 0.8680515289306641 0.2
24.775400161743164 -16.88075065612793 0.6656513214111328 0.2
24.92259979248047 -16.90235137939453 0.46795082092285156 0.2
25.0762996673584 -16.734750747680664 0.3957500457763672 0.2
25.135099411010742 -16.500751495361328 0.36505126953125 0.2
25.037500381469727 -16.30175018310547 0.28135108947753906 0.2
24.865699768066406 -16.28325080871582 0.11544990539550781 0.2
24.678199768066406 -16.39715003967285 0.02175140380859375 0.2
24.537799835205078 -16.552949905395508 0.13465118408203125 0.2
24.51140022277832 -16.704151153564453 0.32485008239746094 0.2
24.579200744628906 -16.87594985961914 0.4784507751464844 0.2
24.76959991455078 -17.009851455688477 0.42315101623535156 0.2
24.853200912475586 -17.052949905395508 0.20335006713867188 0.2
24.740800857543945 -17.033950805664062 -0.019849777221679688 0.2
24.615800857543945 -16.847949981689453 -0.10474967956542969 0.2
24.59779930114746 -16.607749938964844 -0.12564849853515625 0.2
24.760900497436523 -16.454050064086914 -0.20094871520996094 0.2
24.951000213623047 -16.502750396728516 -0.3396492004394531 0.2
25.137399673461914 -16.649150848388672 -0.3432483673095703 0.2
25.21310043334961 -16.80014991760254 -0.17274856567382812 0.2
25.17460060119629 -16.94485092163086 0.019750595092773438 0.2
25.021400451660156 -17.112751007080078 0.07715034484863281 0.2
24.833999633789062 -17.210350036621094 -0.06144905090332031 0.2
24.87510108947754 -17.303251266479492 -0.27215003967285156 0.2
25.04210090637207 -17.199951171875 -0.4057483673095703 0.2
25.135700225830078 -16.97865104675293 -0.4552497863769531 0.2
25.09309959411621 -16.752151489257812 -0.5181484222412109 0.2
24.90220069885254 -16.669450759887695 -0.6339492797851562 0.2
24.695100784301758 -16.75145149230957 -0.7246494293212891 0.2
24.532800674438477 -16.895549774169922 -0.6248493194580078 0.2
24.506799697875977 -17.054250717163086 -0.4416484832763672 0.2
24.549100875854492 -17.226449966430664 -0.2752494812011719 0.2
24.708099365234375 -17.401451110839844 -0.2738494873046875 0.2
24.827199935913086 -17.449451446533203 -0.4805488586425781 0.2
24.718599319458008 -17.427751541137695 -0.7030487060546875 0.2
24.56839942932129 -17.272850036621094 -0.8091487884521484 0.2
24.52120018005371 -17.0356502532959 -0.8321495056152344 0.2
24.64240074157715 -16.851951599121094 -0.9197483062744141 0.2
24.798500061035156 -16.873050689697266 -1.0993499755859375 0.2
24.951000213623047 -17.027450561523438 -1.200448989868164 0.2
25.077301025390625 -17.19645118713379 -1.0892486572265625 0.2
25.108301162719727 -17.335250854492188 -0.8905487060546875 0.2
25.0127010345459 -17.485750198364258 -0.7333488464355469 0.2
24.7898006439209 -17.563350677490234 -0.7677497863769531 0.2
24.646499633789062 -17.62594985961914 -0.9464492797851562 0.2
24.74959945678711 -17.636751174926758 -1.1689491271972656 0.2
24.87689971923828 -17.45965003967285 -1.2750492095947266 0.2
24.920000076293945 -17.230649948120117 -1.3373489379882812 0.2
24.77090072631836 -17.054550170898438 -1.3919486999511719 0.2
24.541000366210938 -17.05415153503418 -1.4667491912841797 0.2
24.336400985717773 -17.139650344848633 -1.3834495544433594 0.2
24.29450035095215 -17.269651412963867 -1.1849498748779297 0.2
24.34980010986328 -17.419750213623047 -0.9992485046386719 0.2
24.458799362182617 -17.622350692749023 -0.9509487152099609 0.2
24.52989959716797 -17.762149810791016 -1.1440486907958984 0.2
24.410999298095703 -17.786550521850586 -1.3509483337402344 0.2
24.231800079345703 -17.663450241088867 -1.45574951171875 0.2
24.182300567626953 -17.425350189208984 -1.4711494445800781 0.2
24.263999938964844 -17.21795082092285 -1.555349349975586 0.2
24.39470100402832 -17.197050094604492 -1.7516498565673828 0.2
24.47450065612793 -17.346750259399414 -1.9231491088867188 0.2
24.610300064086914 -17.540451049804688 -1.9058494567871094 0.2
24.691999435424805 -17.686250686645508 -1.7291488647460938 0.2
24.676599502563477 -17.820051193237305 -1.5291500091552734 0.2
24.478200912475586 -17.91175079345703 -1.4446487426757812 0.2
24.24100112915039 -17.947650909423828 -1.52294921875 0.2
24.236101150512695 -18.019350051879883 -1.7589492797851562 0.2
24.34910011291504 -17.897850036621094 -1.9313488006591797 0.2
24.43079948425293 -17.690250396728516 -2.0295486450195312 0.2
24.349700927734375 -17.47075080871582 -2.0675487518310547 0.2
24.119600296020508 -17.40235137939453 -2.0888500213623047 0.2
23.90180015563965 -17.449750900268555 -2.0050487518310547 0.2
23.845699310302734 -17.56624984741211 -1.8034496307373047 0.2
23.905200958251953 -17.719051361083984 -1.6218490600585938 0.2
23.99839973449707 -17.91884994506836 -1.5275497436523438 0.2
24.063499450683594 -18.099851608276367 -1.673349380493164 0.2
23.96299934387207 -18.13385009765625 -1.8857498168945312 0.2
23.74720001220703 -18.046649932861328 -1.982248306274414 0.2
23.668701171875 -17.818950653076172 -1.995849609375 0.2
23.71540069580078 -17.589550018310547 -2.0531482696533203 0.2
23.81760025024414 -17.510650634765625 -2.2513484954833984 0.2
23.8252010345459 -17.623050689697266 -2.4643497467041016 0.2
23.903100967407227 -17.83005142211914 -2.550149917602539 0.2
24.021499633789062 -18.008750915527344 -2.440248489379883 0.2
24.087800979614258 -18.14565086364746 -2.2491493225097656 0.2
23.980899810791016 -18.2486515045166 -2.0677490234375 0.2
23.731700897216797 -18.245750427246094 -2.024648666381836 0.2
23.57200050354004 -18.322851181030273 -2.180849075317383 0.2
23.609899520874023 -18.282550811767578 -2.4112491607666016 0.2
23.703100204467773 -18.109050750732422 -2.5575485229492188 0.2
23.708799362182617 -17.878950119018555 -2.621950149536133 0.2
23.538299560546875 -17.71565055847168 -2.591848373413086 0.2
23.315401077270508 -17.70075035095215 -2.5021495819091797 0.2
23.236900329589844 -17.77025032043457 -2.288349151611328 0.2
23.310400009155273 -17.91604995727539 -2.10784912109375 0.2
23.410600662231445 -18.104150772094727 -1.9913482666015625 0.2
23.43670082092285 -18.326650619506836 -2.0740489959716797 0.2
23.311201095581055 -18.415451049804688 -2.264249801635742 0.2
23.07900047302246 -18.341951370239258 -2.3187484741210938 0.2
22.983800888061523 -18.123550415039062 -2.3185501098632812 0.2
23.02750015258789 -17.887651443481445 -2.3606491088867188 0.2
23.093799591064453 -17.763750076293945 -2.5514488220214844 0.2
23.041799545288086 -17.834550857543945 -2.7738494873046875 0.2
23.009201049804688 -18.031450271606445 -2.9060497283935547 0.2
23.110300064086914 -18.245450973510742 -2.873849868774414 0.2
23.227699279785156 -18.404050827026367 -2.729249954223633 0.2
23.23979949951172 -18.52375030517578 -2.523550033569336 0.2
23.061100006103516 -18.512950897216797 -2.3653488159179688 0.2
22.823999404907227 -18.50135040283203 -2.3736495971679688 0.2
22.723899841308594 -18.51875114440918 -2.597749710083008 0.2
22.77549934387207 -18.38425064086914 -2.7937488555908203 0.2
22.8218994140625 -18.178850173950195 -2.91204833984375 0.2
22.744600296020508 -17.957651138305664 -2.8740501403808594 0.2
22.553300857543945 -17.86964988708496 -2.7539501190185547 0.2
22.47559928894043 -17.886051177978516 -2.530550003051758 0.2
22.560300827026367 -18.017650604248047 -2.3465499877929688 0.2
22.68090057373047 -18.20115089416504 -2.2367496490478516 0.2
22.711700439453125 -18.434249877929688 -2.2489490509033203 0.2
22.55940055847168 -18.56515121459961 -2.3971500396728516 0.2
22.3252010345459 -18.521249771118164 -2.424549102783203 0.2
22.186201095581055 -18.33005142211914 -2.378448486328125 0.2
22.22559928894043 -18.090551376342773 -2.403749465942383 0.2
22.277000427246094 -17.915851593017578 -2.558349609375 0.2
22.21030044555664 -17.915950775146484 -2.785848617553711 0.2
22.070899963378906 -18.059051513671875 -2.922149658203125 0.2
22.090999603271484 -18.290550231933594 -2.9715499877929688 0.2
22.221599578857422 -18.47895050048828 -2.8888492584228516 0.2
22.318700790405273 -18.623149871826172 -2.721048355102539 0.2
22.239200592041016 -18.6468505859375 -2.5001487731933594 0.2
22.036500930786133 -18.589651107788086 -2.363748550415039 0.2
21.831199645996094 -18.630950927734375 -2.4932498931884766 0.2
21.80299949645996 -18.538650512695312 -2.7114486694335938 0.2
21.84819984436035 -18.36345100402832 -2.8763484954833984 0.2
21.85260009765625 -18.126150131225586 -2.8928489685058594 0.2
21.730600357055664 -17.971050262451172 -2.754650115966797 0.2
21.64470100402832 -17.943349838256836 -2.5332489013671875 0.2
21.718400955200195 -18.056550979614258 -2.3351497650146484 0.2
21.83099937438965 -18.247650146484375 -2.230449676513672 0.2
21.88949966430664 -18.479150772094727 -2.1955490112304688 0.2
21.76609992980957 -18.659151077270508 -2.2980499267578125 0.2
21.53700065612793 -18.63504981994629 -2.3557491302490234 0.2
21.36880111694336 -18.469449996948242 -2.268749237060547 0.2
21.384300231933594 -18.229949951171875 -2.2501487731933594 0.2
21.455101013183594 -18.02105140686035 -2.3523483276367188 0.2
21.401700973510742 -17.935951232910156 -2.5674495697021484 0.2
21.205101013183594 -17.993350982666016 -2.6937484741210938 0.2
21.08839988708496 -18.18815040588379 -2.765348434448242 0.2
21.158700942993164 -18.418750762939453 -2.7560501098632812 0.2
21.287500381469727 -18.606151580810547 -2.663949966430664 0.2
21.33340072631836 -18.69635009765625 -2.4512500762939453 0.2
21.240400314331055 -18.60755157470703 -2.233549118041992 0.2
21.01490020751953 -18.581750869750977 -2.176349639892578 0.2
20.858699798583984 -18.535551071166992 -2.3481483459472656 0.2
20.861000061035156 -18.394250869750977 -2.5490493774414062 0.2
20.905399322509766 -18.185850143432617 -2.660249710083008 0.2
20.908100128173828 -17.966951370239258 -2.5664501190185547 0.2
20.84480094909668 -17.86855125427246 -2.3540496826171875 0.2
20.917699813842773 -17.91965103149414 -2.13385009765625 0.2
21.034900665283203 -18.106250762939453 -2.0302486419677734 0.2
21.114200592041016 -18.33275032043457 -1.985748291015625 0.2
21.012800216674805 -18.54615020751953 -2.005748748779297 0.2
20.770700454711914 -18.569650650024414 -2.031749725341797 0.2
20.611499786376953 -18.420351028442383 -1.9196491241455078 0.2
20.617900848388672 -18.18815040588379 -1.851949691772461 0.2
20.71109962463379 -17.981151580810547 -1.9436492919921875 0.2
20.68790054321289 -17.839250564575195 -2.132749557495117 0.2
20.4822998046875 -17.817750930786133 -2.249248504638672 0.2
20.265199661254883 -17.924150466918945 -2.2635498046875 0.2
20.22010040283203 -18.15785026550293 -2.27764892578125 0.2
20.316999435424805 -18.380050659179688 -2.2414493560791016 0.2
20.43120002746582 -18.535350799560547 -2.0997486114501953 0.2
20.4689998626709 -18.492151260375977 -1.867349624633789 0.2
20.366300582885742 -18.389650344848633 -1.680948257446289 0.2
20.128000259399414 -18.342849731445312 -1.7167491912841797 0.2
20.047100067138672 -18.22115135192871 -1.9096488952636719 0.2
20.058700561523438 -18.054250717163086 -2.0862483978271484 0.2
20.137399673461914 -17.83005142211914 -2.097848892211914 0.2
20.162799835205078 -17.670949935913086 -1.919149398803711 0.2
20.24810028076172 -17.656749725341797 -1.6981487274169922 0.2
20.37700080871582 -17.819950103759766 -1.5760498046875 0.2
20.45639991760254 -18.047550201416016 -1.530649185180664 0.2
20.42020034790039 -18.282150268554688 -1.5016498565673828 0.2
20.189701080322266 -18.361949920654297 -1.4848499298095703 0.2
20.01460075378418 -18.232250213623047 -1.3910484313964844 0.2
20.020700454711914 -18.023950576782227 -1.2554492950439453 0.2
20.12529945373535 -17.815351486206055 -1.3041496276855469 0.2
20.167301177978516 -17.646949768066406 -1.4720497131347656 0.2
20.008501052856445 -17.54585075378418 -1.6165485382080078 0.2
19.7677001953125 -17.537050247192383 -1.5823497772216797 0.2
19.592300415039062 -17.693851470947266 -1.547149658203125 0.2
19.597700119018555 -17.935850143432617 -1.5327491760253906 0.2
19.699800491333008 -18.147550582885742 -1.469949722290039 0.2
19.83049964904785 -18.197450637817383 -1.280649185180664 0.2
19.898700714111328 -18.082050323486328 -1.067850112915039 0.2
19.704500198364258 -17.99744987487793 -0.9490489959716797 0.2
19.53499984741211 -17.881650924682617 -1.0690498352050781 0.2
19.491100311279297 -17.736751556396484 -1.2612495422363281 0.2
19.561500549316406 -17.541851043701172 -1.3786487579345703 0.2
19.68079948425293 -17.357450485229492 -1.2868499755859375 0.2
19.79330062866211 -17.28645133972168 -1.0847492218017578 0.2
19.943700790405273 -17.41375160217285 -0.9498500823974609 0.2
20.010799407958984 -17.64175033569336 -0.8910484313964844 0.2
20.00659942626953 -17.881750106811523 -0.8438491821289062 0.2
19.82859992980957 -18.02385139465332 -0.7830486297607422 0.2
19.62700080871582 -17.920949935913086 -0.7084484100341797 0.2
19.635601043701172 -17.713951110839844 -0.578948974609375 0.2
19.761301040649414 -17.508251190185547 -0.5650501251220703 0.2
19.848899841308594 -17.341350555419922 -0.7202491760253906 0.2
19.751100540161133 -17.19124984741211 -0.8769493103027344 0.2
19.53380012512207 -17.099050521850586 -0.8493499755859375 0.2
19.32740020751953 -17.139249801635742 -0.7345485687255859 0.2
19.22260093688965 -17.349950790405273 -0.6923484802246094 0.2
19.260700225830078 -17.591251373291016 -0.6745491027832031 0.2
19.405500411987305 -17.740550994873047 -0.5633487701416016 0.2
19.579599380493164 -17.670351028442383 -0.39584922790527344 0.2
19.558500289916992 -17.55415153503418 -0.1967487335205078 0.2
19.358800888061523 -17.425750732421875 -0.1781482696533203 0.2
19.251399993896484 -17.280550003051758 -0.341949462890625 0.2
19.262300491333008 -17.11345100402832 -0.5139484405517578 0.2
19.419599533081055 -16.93815040588379 -0.5434494018554688 0.2
19.582500457763672 -16.833049774169922 -0.39715003967285156 0.2
19.76810073852539 -16.912050247192383 -0.2743492126464844 0.2
19.848499298095703 -17.1335506439209 -0.21994972229003906 0.2
19.849599838256836 -17.373849868774414 -0.17984962463378906 0.2
19.7273006439209 -17.5533504486084 -0.08675003051757812 0.2
19.526899337768555 -17.498050689697266 0.03745079040527344 0.2
19.5314998626709 -17.29115104675293 0.15545082092285156 0.2
19.68120002746582 -17.095050811767578 0.1923503875732422 0.2
19.782699584960938 -16.936851501464844 0.038249969482421875 0.2
19.720500946044922 -16.772050857543945 -0.12044906616210938 0.2
19.533100128173828 -16.633350372314453 -0.08854866027832031 0.2
19.363300323486328 -16.60045051574707 0.08195114135742188 0.2
19.211999893188477 -16.756450653076172 0.17724990844726562 0.2
19.183000564575195 -16.998149871826172 0.1878509521484375 0.2
19.282499313354492 -17.211050033569336 0.2279510498046875 0.2
19.494699478149414 -17.222850799560547 0.3330516815185547 0.2
19.638700485229492 -17.112150192260742 0.4859504699707031 0.2
19.514101028442383 -16.9726505279541 0.6427516937255859 0.2
19.357799530029297 -16.809850692749023 0.5625514984130859 0.2
19.297100067138672 -16.647550582885742 0.39425086975097656 0.2
19.425199508666992 -16.48565101623535 0.2790508270263672 0.2
19.62969970703125 -16.379850387573242 0.34545135498046875 0.2
19.843000411987305 -16.42755126953125 0.4354515075683594 0.2
19.948400497436523 -16.641050338745117 0.46035003662109375 0.2
19.93709945678711 -16.884151458740234 0.4775505065917969 0.2
19.83209991455078 -17.069551467895508 0.5795516967773438 0.2
19.682300567626953 -17.021751403808594 0.7677516937255859 0.2
19.714000701904297 -16.844650268554688 0.9212512969970703 0.2
19.889101028442383 -16.6739501953125 0.9435501098632812 0.2
19.98200035095215 -16.5301513671875 0.7762508392333984 0.2
19.916200637817383 -16.36305046081543 0.6212501525878906 0.2
19.752901077270508 -16.200851440429688 0.6709499359130859 0.2
19.63520050048828 -16.13775062561035 0.8724498748779297 0.2
19.488100051879883 -16.25265121459961 1.0173511505126953 0.2
19.417800903320312 -16.48335075378418 1.0396499633789062 0.2
19.46150016784668 -16.719449996948242 1.0449504852294922 0.2
19.669700622558594 -16.811050415039062 1.0983505249023438 0.2
19.895200729370117 -16.73484992980957 1.1795501708984375 0.2
19.874900817871094 -16.592050552368164 1.376251220703125 0.2
19.722700119018555 -16.411251068115234 1.384450912475586 0.2
19.623001098632812 -16.235950469970703 1.2507514953613281 0.2
19.702499389648438 -16.07575035095215 1.097249984741211 0.2
19.922100067138672 -15.982049942016602 1.0927505493164062 0.2
20.151100158691406 -16.02215003967285 1.1457500457763672 0.2
20.263200759887695 -16.231550216674805 1.1444511413574219 0.2
20.23750114440918 -16.473451614379883 1.1549510955810547 0.2
20.140199661254883 -16.665451049804688 1.2546501159667969 0.2
20.02549934387207 -16.645950317382812 1.4672508239746094 0.2
20.067800521850586 -16.492549896240234 1.6430511474609375 0.2
20.269899368286133 -16.352651596069336 1.6800498962402344 0.2
20.378999710083008 -16.221050262451172 1.5128517150878906 0.2
20.340700149536133 -16.064350128173828 1.335550308227539 0.2
20.205900192260742 -15.87295150756836 1.3531513214111328 0.2
20.138700485229492 -15.761550903320312 1.5553512573242188 0.2
20.026100158691406 -15.8072509765625 1.7583503723144531 0.2
19.91189956665039 -16.005451202392578 1.8301506042480469 0.2
19.881999969482422 -16.246150970458984 1.8330516815185547 0.2
20.03260040283203 -16.423749923706055 1.8504505157470703 0.2
20.284000396728516 -16.417850494384766 1.8672504425048828 0.2
20.399900436401367 -16.30805015563965 2.0328502655029297 0.2
20.302600860595703 -16.1153507232666 2.1301498413085938 0.2
20.182600021362305 -15.922050476074219 2.0427513122558594 0.2
20.190401077270508 -15.750350952148438 1.8786506652832031 0.2
20.385299682617188 -15.656150817871094 1.7825508117675781 0.2
20.624500274658203 -15.673851013183594 1.7992515563964844 0.2
20.76580047607422 -15.863151550292969 1.783651351928711 0.2
20.7450008392334 -16.104249954223633 1.7950515747070312 0.2
20.663299560546875 -16.322851181030273 1.8594512939453125 0.2
20.558000564575195 -16.397951126098633 2.055950164794922 0.2
20.550701141357422 -16.258649826049805 2.2555503845214844 0.2
20.73590087890625 -16.118850708007812 2.324850082397461 0.2
20.920101165771484 -16.004751205444336 2.214651107788086 0.2
20.933000564575195 -15.869550704956055 2.013650894165039 0.2
20.83970069885254 -15.666650772094727 1.9383506774902344 0.2
20.78420066833496 -15.49315071105957 2.0882511138916016 0.2
20.7637996673584 -15.44955062866211 2.324951171875 0.2
20.647199630737305 -15.574750900268555 2.4892501831054688 0.2
20.550800323486328 -15.795051574707031 2.5280513763427734 0.2
20.59510040283203 -16.02695083618164 2.521251678466797 0.2
20.816699981689453 -16.111351013183594 2.481050491333008 0.2
21.0403995513916 -16.080551147460938 2.537750244140625 0.2
21.061201095581055 -15.918050765991211 2.7191505432128906 0.2
20.95479965209961 -15.702150344848633 2.708150863647461 0.2
20.8843994140625 -15.508750915527344 2.582050323486328 0.2
20.99049949645996 -15.392650604248047 2.4051513671875 0.2
21.221900939941406 -15.381250381469727 2.338550567626953 0.2
21.398900985717773 -15.52964973449707 2.2886505126953125 0.2
21.40410041809082 -15.770450592041016 2.2869510650634766 0.2
21.32979965209961 -15.996150970458984 2.343050003051758 0.2
21.2460994720459 -16.15464973449707 2.4996509552001953 0.2
21.2322998046875 -16.087350845336914 2.7308502197265625 0.2
21.37809944152832 -15.921751022338867 2.814149856567383 0.2
21.590700149536133 -15.828550338745117 2.724550247192383 0.2
21.6466007232666 -15.710651397705078 2.525350570678711 0.2
21.58180046081543 -15.521949768066406 2.3940505981445312 0.2
21.53619956970215 -15.3072509765625 2.481151580810547 0.2
21.600299835205078 -15.212150573730469 2.6950511932373047 0.2
21.56410026550293 -15.26395034790039 2.923351287841797 0.2
21.447500228881836 -15.447750091552734 3.029050827026367 0.2
21.390300750732422 -15.681751251220703 3.038949966430664 0.2
21.529399871826172 -15.852251052856445 2.9596500396728516 0.2
21.763099670410156 -15.882551193237305 2.872650146484375 0.2
21.92729949951172 -15.79275131225586 3.0263500213623047 0.2
21.8976993560791 -15.57645034790039 3.1160507202148438 0.2
21.803800582885742 -15.359651565551758 3.058351516723633 0.2
21.801700592041016 -15.206850051879883 2.8778514862060547 0.2
21.9689998626709 -15.184350967407227 2.7091503143310547 0.2
22.152000427246094 -15.29745101928711 2.6035499572753906 0.2
22.17140007019043 -15.531049728393555 2.560850143432617 0.2
22.094999313354492 -15.754251480102539 2.623149871826172 0.2
22.027000427246094 -15.931951522827148 2.7710514068603516 0.2
22.06209945678711 -15.930150985717773 3.007251739501953 0.2
22.227800369262695 -15.792350769042969 3.106851577758789 0.2
22.435501098632812 -15.720951080322266 2.9960498809814453 0.2
22.487199783325195 -15.632150650024414 2.779651641845703 0.2
22.40369987487793 -15.465749740600586 2.6245498657226562 0.2
22.37689971923828 -15.233551025390625 2.660449981689453 0.2
22.51300048828125 -15.109350204467773 2.811450958251953 0.2
22.618499755859375 -15.121950149536133 3.0245513916015625 0.2
22.55900001525879 -15.256950378417969 3.2126502990722656 0.2
22.451499938964844 -15.4593505859375 3.295351028442383 0.2
22.457500457763672 -15.686151504516602 3.2367515563964844 0.2
22.601499557495117 -15.787450790405273 3.056751251220703 0.2
22.833600997924805 -15.792251586914062 3.043550491333008 0.2
22.949100494384766 -15.613950729370117 3.1437511444091797 0.2
22.89750099182129 -15.375751495361328 3.1477508544921875 0.2
22.826601028442383 -15.180850982666016 3.029550552368164 0.2
22.85420036315918 -15.132949829101562 2.7991504669189453 0.2
22.974599838256836 -15.229450225830078 2.6129512786865234 0.2
22.966800689697266 -15.443950653076172 2.5140514373779297 0.2
22.880300521850586 -15.659650802612305 2.581451416015625 0.2
22.810300827026367 -15.8426513671875 2.725250244140625 0.2
22.880199432373047 -15.936349868774414 2.9312515258789062 0.2
23.09149932861328 -15.867851257324219 3.0255508422851562 0.2
23.272199630737305 -15.824150085449219 2.873250961303711 0.2
23.3075008392334 -15.774850845336914 2.6336517333984375 0.2
23.20400047302246 -15.612451553344727 2.485250473022461 0.2
23.177600860595703 -15.37755012512207 2.467151641845703 0.2
23.343900680541992 -15.227849960327148 2.5403499603271484 0.2
23.560800552368164 -15.23845100402832 2.6482505798339844 0.2
23.62380027770996 -15.346851348876953 2.849851608276367 0.2
23.541200637817383 -15.516550064086914 3.004150390625 0.2
23.451499938964844 -15.735250473022461 3.026050567626953 0.2
23.448101043701172 -15.88705062866211 2.840351104736328 0.2
23.576900482177734 -15.972949981689453 2.6643505096435547 0.2
23.8080997467041 -15.897850036621094 2.680950164794922 0.2
23.85610008239746 -15.663850784301758 2.7120513916015625 0.2
23.808500289916992 -15.428451538085938 2.680950164794922 0.2
23.726499557495117 -15.303150177001953 2.497251510620117 0.2
23.731599807739258 -15.355051040649414 2.2627506256103516 0.2
23.68429946899414 -15.532051086425781 2.1128501892089844 0.2
23.578800201416016 -15.743751525878906 2.155651092529297 0.2
23.507299423217773 -15.927850723266602 2.2992515563964844 0.2
23.537200927734375 -16.088951110839844 2.473451614379883 0.2
23.75710105895996 -16.11815071105957 2.5685501098632812 0.2
23.94230079650879 -16.062850952148438 2.434650421142578 0.2
23.967599868774414 -16.03675079345703 2.1877498626708984 0.2
23.866300582885742 -15.893051147460938 2.0273513793945312 0.2
23.807600021362305 -15.665250778198242 1.9807510375976562 0.2
23.949399948120117 -15.477550506591797 2.0063514709472656 0.2
24.1919002532959 -15.474451065063477 2.019350051879883 0.2
24.3572998046875 -15.572250366210938 2.158651351928711 0.2
24.336700439453125 -15.721851348876953 2.348051071166992 0.2
24.233400344848633 -15.907150268554688 2.4650516510009766 0.2
24.139299392700195 -16.095550537109375 2.363750457763672 0.2
24.124099731445312 -16.19485092163086 2.1323509216308594 0.2
24.343000411987305 -16.217451095581055 2.027750015258789 0.2
24.491899490356445 -16.033851623535156 2.029451370239258 0.2
24.504301071166992 -15.790451049804688 2.0302505493164062 0.2
24.416601181030273 -15.598251342773438 1.9228515625 0.2
24.33060073852539 -15.586151123046875 1.7012500762939453 0.2
24.253299713134766 -15.720451354980469 1.5175514221191406 0.2
24.116899490356445 -15.914850234985352 1.5305500030517578 0.2
24.044099807739258 -16.09345054626465 1.6800498962402344 0.2
24.05500030517578 -16.263351440429688 1.8525505065917969 0.2
24.253000259399414 -16.36495018005371 1.9332504272460938 0.2
24.452499389648438 -16.3564510345459 1.805450439453125 0.2
24.46179962158203 -16.349550247192383 1.556650161743164 0.2
24.34779930114746 -16.224851608276367 1.3884506225585938 0.2
24.26219940185547 -16.00145149230957 1.3445510864257812 0.2
24.375 -15.793350219726562 1.336151123046875 0.2
24.606800079345703 -15.769250869750977 1.2843513488769531 0.2
24.81800079345703 -15.872251510620117 1.3235511779785156 0.2
24.88010025024414 -16.01995086669922 1.5017509460449219 0.2
24.815200805664062 -16.182451248168945 1.6726512908935547 0.2
24.684499740600586 -16.377450942993164 1.686349868774414 0.2
24.564300537109375 -16.48655128479004 1.4927501678466797 0.2
24.664400100708008 -16.56005096435547 1.2966499328613281 0.2
24.86280059814453 -16.449750900268555 1.2274513244628906 0.2
24.936100006103516 -16.216350555419922 1.222249984741211 0.2
24.888599395751953 -15.989151000976562 1.1650505065917969 0.2
24.742000579833984 -15.91025161743164 0.9956512451171875 0.2
