25.12310028076172 -9.662349700927734 -2.1088485717773438 0.2
24.99090003967285 -9.832550048828125 -2.214448928833008 0.2
24.89240074157715 -10.011951446533203 -2.0804500579833984 0.2
24.893600463867188 -10.16415023803711 -1.8816490173339844 0.2
25.0216007232666 -10.352649688720703 -1.8068485260009766 0.2
25.152400970458984 -10.489849090576172 -1.963449478149414 0.2
25.177400588989258 -10.541751861572266 -2.2048492431640625 0.2
25.082599639892578 -10.426250457763672 -2.3935489654541016 0.2
25.007801055908203 -10.189849853515625 -2.414449691772461 0.2
25.027400970458984 -9.94314956665039 -2.4046497344970703 0.2
25.20989990234375 -9.808849334716797 -2.4873485565185547 0.2
25.39590072631836 -9.875251770019531 -2.6381492614746094 0.2
25.563199996948242 -10.039451599121094 -2.5882492065429688 0.2
25.56100082397461 -10.197349548339844 -2.397249221801758 0.2
25.47100067138672 -10.366451263427734 -2.239849090576172 0.2
25.361400604248047 -10.572151184082031 -2.2987499237060547 0.2
25.364500045776367 -10.693252563476562 -2.515850067138672 0.2
25.47559928894043 -10.694252014160156 -2.734649658203125 0.2
25.600400924682617 -10.505550384521484 -2.820148468017578 0.2
25.625200271606445 -10.256950378417969 -2.7990493774414062 0.2
25.534799575805664 -10.03554916381836 -2.845949172973633 0.2
25.392099380493164 -9.997550964355469 -3.039949417114258 0.2
25.240699768066406 -10.123050689697266 -3.1861495971679688 0.2
25.105300903320312 -10.294448852539062 -3.0822486877441406 0.2
25.10379981994629 -10.442352294921875 -2.879148483276367 0.2
25.19059944152832 -10.631851196289062 -2.7520484924316406 0.2
25.297700881958008 -10.818851470947266 -2.8647499084472656 0.2
25.291601181030273 -10.913150787353516 -3.0958499908447266 0.2
25.179500579833984 -10.860549926757812 -3.305948257446289 0.2
25.101600646972656 -10.63385009765625 -3.3604488372802734 0.2
25.113000869750977 -10.38315200805664 -3.3499488830566406 0.2
25.258399963378906 -10.205951690673828 -3.4311485290527344 0.2
25.400100708007812 -10.23575210571289 -3.629549026489258 0.2
25.55270004272461 -10.405448913574219 -3.7085494995117188 0.2
25.628400802612305 -10.581851959228516 -3.5561485290527344 0.2
25.59309959411621 -10.726150512695312 -3.3532485961914062 0.2
25.461599349975586 -10.913650512695312 -3.276449203491211 0.2
25.356901168823242 -11.067951202392578 -3.4379501342773438 0.2
25.366701126098633 -11.137649536132812 -3.677448272705078 0.2
25.488100051879883 -11.034751892089844 -3.858949661254883 0.2
25.571399688720703 -10.80044937133789 -3.8836498260498047 0.2
25.563800811767578 -10.551750183105469 -3.890949249267578 0.2
25.4010009765625 -10.412651062011719 -4.003549575805664 0.2
25.224599838256836 -10.479148864746094 -4.166948318481445 0.2
25.043100357055664 -10.628650665283203 -4.11454963684082 0.2
25.027400970458984 -10.779850006103516 -3.9169483184814453 0.2
25.093900680541992 -10.949050903320312 -3.745748519897461 0.2
25.188600540161133 -11.168350219726562 -3.7844486236572266 0.2
25.16830062866211 -11.30514907836914 -3.9912490844726562 0.2
25.040800094604492 -11.31814956665039 -4.202049255371094 0.2
24.923601150512695 -11.128650665283203 -4.298849105834961 0.2
24.933799743652344 -10.877052307128906 -4.296548843383789 0.2
25.035900115966797 -10.659751892089844 -4.353048324584961 0.2
25.163299560546875 -10.629051208496094 -4.557149887084961 0.2
25.241500854492188 -10.777149200439453 -4.7413482666015625 0.2
25.362600326538086 -10.979549407958984 -4.686649322509766 0.2
25.391000747680664 -11.128349304199219 -4.48594856262207 0.2
25.31890106201172 -11.2884521484375 -4.312749862670898 0.2
25.14459991455078 -11.452949523925781 -4.351348876953125 0.2
25.045801162719727 -11.554851531982422 -4.557949066162109 0.2
25.07819938659668 -11.540351867675781 -4.799949645996094 0.2
25.188600540161133 -11.346851348876953 -4.904548645019531 0.2
25.256500244140625 -11.104949951171875 -4.916849136352539 0.2
25.15719985961914 -10.885749816894531 -4.955049514770508 0.2
24.942699432373047 -10.860851287841797 -5.0733489990234375 0.2
24.72559928894043 -10.96615219116211 -5.054248809814453 0.2
24.677499771118164 -11.115249633789062 -4.86414909362793 0.2
24.752700805664062 -11.275352478027344 -4.683849334716797 0.2
24.834199905395508 -11.501350402832031 -4.647449493408203 0.2
24.78820037841797 -11.679752349853516 -4.81144905090332 0.2
24.62689971923828 -11.735252380371094 -4.994548797607422 0.2
24.46070098876953 -11.592449188232422 -5.098548889160156 0.2
24.465299606323242 -11.343250274658203 -5.117549896240234 0.2
24.551799774169922 -11.111148834228516 -5.159049987792969 0.2
24.664199829101562 -11.01715087890625 -5.352348327636719 0.2
24.65450096130371 -11.12125015258789 -5.580348968505859 0.2
24.728200912475586 -11.340251922607422 -5.650049209594727 0.2
24.810800552368164 -11.51824951171875 -5.497249603271484 0.2
24.827899932861328 -11.662551879882812 -5.293149948120117 0.2
24.670801162719727 -11.812850952148438 -5.186849594116211 0.2
24.47260093688965 -11.917152404785156 -5.295749664306641 0.2
24.3710994720459 -11.956951141357422 -5.518049240112305 0.2
24.43709945678711 -11.834651947021484 -5.716949462890625 0.2
24.54829978942871 -11.617351531982422 -5.777948379516602 0.2
24.563400268554688 -11.371749877929688 -5.800449371337891 0.2
24.366199493408203 -11.235050201416016 -5.835748672485352 0.2
24.120399475097656 -11.278949737548828 -5.839748382568359 0.2
24.018400192260742 -11.396350860595703 -5.653148651123047 0.2
24.096399307250977 -11.555252075195312 -5.473548889160156 0.2
24.18670082092285 -11.764751434326172 -5.376348495483398 0.2
24.146100997924805 -11.985549926757812 -5.470348358154297 0.2
23.958099365234375 -12.074851989746094 -5.610448837280273 0.2
23.742599487304688 -11.996452331542969 -5.6983489990234375 0.2
23.70170021057129 -11.756851196289062 -5.73124885559082 0.2
23.790300369262695 -11.523551940917969 -5.771148681640625 0.2
23.888700485229492 -11.371749877929688 -5.936849594116211 0.2
23.845500946044922 -11.409549713134766 -6.173948287963867 0.2
23.796100616455078 -11.60055160522461 -6.317949295043945 0.2
23.885499954223633 -11.822052001953125 -6.263448715209961 0.2
23.972400665283203 -11.973651885986328 -6.081548690795898 0.2
23.927600860595703 -12.114250183105469 -5.886348724365234 0.2
23.70490074157715 -12.213150024414062 -5.851348876953125 0.2
23.49850082397461 -12.270450592041016 -5.982248306274414 0.2
23.440799713134766 -12.224052429199219 -6.2131500244140625 0.2
23.538299560546875 -12.04275131225586 -6.353349685668945 0.2
23.628400802612305 -11.816551208496094 -6.416448593139648 0.2
23.53420066833496 -11.593452453613281 -6.407548904418945 0.2
23.287099838256836 -11.553150177001953 -6.388149261474609 0.2
23.13050079345703 -11.620948791503906 -6.217048645019531 0.2
23.190799713134766 -11.771949768066406 -6.028949737548828 0.2
23.30630111694336 -11.960651397705078 -5.908849716186523 0.2
23.30459976196289 -12.203052520751953 -5.926748275756836 0.2
23.11590003967285 -12.3343505859375 -6.01984977722168 0.2
22.87350082397461 -12.317150115966797 -6.070949554443359 0.2
22.75029945373535 -12.108650207519531 -6.085048675537109 0.2
22.824899673461914 -11.87405014038086 -6.134748458862305 0.2
22.922800064086914 -11.680850982666016 -6.258150100708008 0.2
22.89579963684082 -11.641250610351562 -6.494649887084961 0.2
22.736801147460938 -11.758350372314453 -6.649648666381836 0.2
22.741600036621094 -11.99544906616211 -6.699548721313477 0.2
22.85740089416504 -12.183151245117188 -6.580549240112305 0.2
22.931800842285156 -12.333351135253906 -6.395149230957031 0.2
22.796300888061523 -12.43655014038086 -6.223148345947266 0.2
22.550899505615234 -12.487152099609375 -6.225149154663086 0.2
22.35650062561035 -12.486148834228516 -6.37714958190918 0.2
22.36079978942871 -12.356552124023438 -6.583049774169922 0.2
22.467899322509766 -12.162651062011719 -6.703449249267578 0.2
22.498199462890625 -11.920650482177734 -6.731649398803711 0.2
22.325700759887695 -11.766651153564453 -6.657649993896484 0.2
22.13450050354004 -11.77545166015625 -6.5043487548828125 0.2
22.151700973510742 -11.89365005493164 -6.290948867797852 0.2
22.279600143432617 -12.08034896850586 -6.179449081420898 0.2
22.336599349975586 -12.317352294921875 -6.144548416137695 0.2
22.175399780273438 -12.496349334716797 -6.189350128173828 0.2
21.92609977722168 -12.52115249633789 -6.196748733520508 0.2
21.742000579833984 -12.365650177001953 -6.161748886108398 0.2
21.769399642944336 -12.12335205078125 -6.195348739624023 0.2
21.87339973449707 -11.91884994506836 -6.300048828125 0.2
21.878999710083008 -11.804649353027344 -6.514148712158203 0.2
21.69029998779297 -11.84415054321289 -6.669149398803711 0.2
21.557100296020508 -12.033248901367188 -6.745349884033203 0.2
21.63319969177246 -12.264152526855469 -6.711849212646484 0.2
21.7637996673584 -12.43804931640625 -6.585748672485352 0.2
21.76289939880371 -12.563350677490234 -6.378049850463867 0.2
21.559200286865234 -12.600749969482422 -6.24424934387207 0.2
21.310699462890625 -12.592849731445312 -6.259149551391602 0.2
21.179000854492188 -12.498950958251953 -6.438148498535156 0.2
21.245500564575195 -12.334949493408203 -6.613849639892578 0.2
21.33500099182129 -12.126750946044922 -6.715749740600586 0.2
21.294200897216797 -11.902252197265625 -6.639249801635742 0.2
21.130300521850586 -11.832149505615234 -6.464149475097656 0.2
21.131999969482422 -11.899250030517578 -6.231548309326172 0.2
21.254499435424805 -12.089252471923828 -6.12554931640625 0.2
21.338699340820312 -12.321849822998047 -6.090349197387695 0.2
21.214200973510742 -12.529251098632812 -6.08344841003418 0.2
20.975200653076172 -12.564651489257812 -6.021549224853516 0.2
20.784400939941406 -12.44635009765625 -5.919748306274414 0.2
20.77910041809082 -12.205249786376953 -5.9100494384765625 0.2
20.881500244140625 -12.006450653076172 -6.025848388671875 0.2
20.905399322509766 -11.855152130126953 -6.21824836730957 0.2
20.719999313354492 -11.82065200805664 -6.368349075317383 0.2
20.4950008392334 -11.919849395751953 -6.384449005126953 0.2
20.45669937133789 -12.158950805664062 -6.396648406982422 0.2
20.581899642944336 -12.36764907836914 -6.337549209594727 0.2
20.684101104736328 -12.528751373291016 -6.182849884033203 0.2
20.59749984741211 -12.569450378417969 -5.958950042724609 0.2
20.38249969482422 -12.535850524902344 -5.836448669433594 0.2
20.1643009185791 -12.446250915527344 -5.892049789428711 0.2
20.131000518798828 -12.301849365234375 -6.086750030517578 0.2
20.208499908447266 -12.134952545166016 -6.25684928894043 0.2
20.27440071105957 -11.90304946899414 -6.2655487060546875 0.2
20.203500747680664 -11.753650665283203 -6.082550048828125 0.2
20.1968994140625 -11.757049560546875 -5.840049743652344 0.2
20.320199966430664 -11.925849914550781 -5.713048934936523 0.2
20.416000366210938 -12.157150268554688 -5.694648742675781 0.2
20.345699310302734 -12.386852264404297 -5.664249420166016 0.2
20.134700775146484 -12.449748992919922 -5.5556488037109375 0.2
19.96269989013672 -12.36075210571289 -5.400548934936523 0.2
19.93429946899414 -12.134952545166016 -5.320650100708008 0.2
20.02199935913086 -11.931652069091797 -5.432350158691406 0.2
20.070199966430664 -11.772449493408203 -5.617048263549805 0.2
19.91320037841797 -11.679950714111328 -5.773248672485352 0.2
19.66819953918457 -11.686248779296875 -5.737449645996094 0.2
19.515100479125977 -11.871051788330078 -5.715950012207031 0.2
19.5757999420166 -12.109748840332031 -5.704248428344727 0.2
19.70840072631836 -12.307552337646484 -5.632349014282227 0.2
19.755199432373047 -12.393550872802734 -5.413148880004883 0.2
19.630199432373047 -12.3531494140625 -5.202548980712891 0.2
19.423999786376953 -12.253849029541016 -5.112249374389648 0.2
19.286800384521484 -12.107551574707031 -5.243949890136719 0.2
19.30430030822754 -11.965049743652344 -5.448549270629883 0.2
19.388599395751953 -11.765151977539062 -5.559450149536133 0.2
19.44029998779297 -11.56814956665039 -5.43174934387207 0.2
19.46470069885254 -11.514350891113281 -5.194149017333984 0.2
19.604000091552734 -11.644248962402344 -5.04534912109375 0.2
19.691200256347656 -11.878349304199219 -5.041049957275391 0.2
19.662900924682617 -12.12015151977539 -5.020050048828125 0.2
19.491199493408203 -12.218551635742188 -4.879650115966797 0.2
19.357799530029297 -12.149650573730469 -4.68174934387207 0.2
19.343000411987305 -11.953750610351562 -4.539649963378906 0.2
19.422399520874023 -11.73794937133789 -4.616449356079102 0.2
19.47209930419922 -11.582752227783203 -4.805948257446289 0.2
19.353099822998047 -11.449050903320312 -4.966650009155273 0.2
19.12580108642578 -11.381649017333984 -4.910249710083008 0.2
18.928800582885742 -11.469650268554688 -4.7991485595703125 0.2
18.887401580810547 -11.707752227783203 -4.790349960327148 0.2
18.987701416015625 -11.936050415039062 -4.792049407958984 0.2
19.111600875854492 -12.087051391601562 -4.652050018310547 0.2
19.114200592041016 -12.07025146484375 -4.408349990844727 0.2
18.99810028076172 -11.964851379394531 -4.216848373413086 0.2
18.82550048828125 -11.799049377441406 -4.215049743652344 0.2
18.762699127197266 -11.651752471923828 -4.402549743652344 0.2
18.801799774169922 -11.488151550292969 -4.582149505615234 0.2
18.928600311279297 -11.287349700927734 -4.560049057006836 0.2
19.017200469970703 -11.187751770019531 -4.351648330688477 0.2
19.18130111694336 -11.27614974975586 -4.200849533081055 0.2
19.267000198364258 -11.506752014160156 -4.197750091552734 0.2
19.24720001220703 -11.752952575683594 -4.201848983764648 0.2
19.115800857543945 -11.89284896850586 -4.059049606323242 0.2
19.029300689697266 -11.844951629638672 -3.8328495025634766 0.2
19.04360008239746 -11.686752319335938 -3.6465492248535156 0.2
19.138999938964844 -11.469249725341797 -3.669248580932617 0.2
19.183900833129883 -11.311752319335938 -3.856748580932617 0.2
19.096799850463867 -11.158050537109375 -4.023349761962891 0.2
18.895000457763672 -11.036750793457031 -3.981649398803711 0.2
18.72800064086914 -11.035152435302734 -3.8027496337890625 0.2
18.603599548339844 -11.2281494140625 -3.7342491149902344 0.2
18.637901306152344 -11.472049713134766 -3.7631492614746094 0.2
18.76129913330078 -11.675552368164062 -3.716449737548828 0.2
18.86870002746582 -11.71145248413086 -3.5037498474121094 0.2
18.860300064086914 -11.617549896240234 -3.274749755859375 0.2
18.73979949951172 -11.446052551269531 -3.1563491821289062 0.2
18.61590003967285 -11.274551391601562 -3.27294921875 0.2
18.58970069885254 -11.129650115966797 -3.4720497131347656 0.2
18.71179962158203 -10.945152282714844 -3.561248779296875 0.2
18.865100860595703 -10.816852569580078 -3.4193496704101562 0.2
19.049100875854492 -10.85675048828125 -3.2708492279052734 0.2
19.155399322509766 -11.07345199584961 -3.2631492614746094 0.2
19.130300521850586 -11.319450378417969 -3.287748336791992 0.2
19.025800704956055 -11.494949340820312 -3.163848876953125 0.2
18.976600646972656 -11.479751586914062 -2.925649642944336 0.2
19.027599334716797 -11.353950500488281 -2.7202491760253906 0.2
19.149799346923828 -11.150951385498047 -2.6889495849609375 0.2
19.19390106201172 -10.984550476074219 -2.8639488220214844 0.2
19.126100540161133 -10.832351684570312 -3.043649673461914 0.2
18.948501586914062 -10.675251007080078 -3.027750015258789 0.2
18.83190155029297 -10.604450225830078 -2.8228492736816406 0.2
18.693401336669922 -10.725849151611328 -2.6711483001708984 0.2
18.655099868774414 -10.966850280761719 -2.6771488189697266 0.2
18.732900619506836 -11.198749542236328 -2.6937484741210938 0.2
18.896099090576172 -11.303852081298828 -2.5562496185302734 0.2
18.983400344848633 -11.238948822021484 -2.3352489471435547 0.2
18.95840072631836 -11.083049774169922 -2.149749755859375 0.2
18.822101593017578 -10.88895034790039 -2.165149688720703 0.2
18.72800064086914 -10.74544906616211 -2.343648910522461 0.2
18.786100387573242 -10.577049255371094 -2.504749298095703 0.2
18.972900390625 -10.432350158691406 -2.4659500122070312 0.2
19.178199768066406 -10.425750732421875 -2.338348388671875 0.2
19.32539939880371 -10.613750457763672 -2.3263492584228516 0.2
19.300199508666992 -10.85824966430664 -2.3564491271972656 0.2
19.210100173950195 -11.062450408935547 -2.267648696899414 0.2
19.1825008392334 -11.091350555419922 -2.0302486419677734 0.2
19.26219940185547 -10.993949890136719 -1.8181495666503906 0.2
19.407699584960938 -10.816452026367188 -1.7472496032714844 0.2
19.470699310302734 -10.637451171875 -1.8947486877441406 0.2
19.40760040283203 -10.491649627685547 -2.0834484100341797 0.2
19.2455997467041 -10.319751739501953 -2.1099491119384766 0.2
19.157100677490234 -10.203449249267578 -1.915048599243164 0.2
19.065401077270508 -10.249252319335938 -1.698648452758789 0.2
18.978099822998047 -10.466548919677734 -1.6465492248535156 0.2
18.99639892578125 -10.708850860595703 -1.6907501220703125 0.2
19.15530014038086 -10.87554931640625 -1.6333484649658203 0.2
19.314899444580078 -10.856449127197266 -1.4501495361328125 0.2
19.382400512695312 -10.72774887084961 -1.2525501251220703 0.2
19.296199798583984 -10.521549224853516 -1.1735496520996094 0.2
19.15999984741211 -10.36104965209961 -1.2993488311767578 0.2
19.13360023498535 -10.207950592041016 -1.4848499298095703 0.2
19.30739974975586 -10.061450958251953 -1.5516490936279297 0.2
19.53499984741211 -10.019149780273438 -1.4689483642578125 0.2
19.71500015258789 -10.174049377441406 -1.4690494537353516 0.2
19.701400756835938 -10.416149139404297 -1.4983501434326172 0.2
19.61240005493164 -10.63275146484375 -1.4342498779296875 0.2
19.596900939941406 -10.70975112915039 -1.2096500396728516 0.2
19.71000099182129 -10.64215087890625 -1.0021495819091797 0.2
19.882200241088867 -10.499252319335938 -0.9096488952636719 0.2
19.9773006439209 -10.32094955444336 -1.0339488983154297 0.2
19.915700912475586 -10.177650451660156 -1.2252483367919922 0.2
19.769800186157227 -9.997249603271484 -1.2848491668701172 0.2
19.69659996032715 -9.842552185058594 -1.1187496185302734 0.2
19.67889976501465 -9.824451446533203 -0.878448486328125 0.2
19.580299377441406 -9.994049072265625 -0.7437496185302734 0.2
19.53660011291504 -10.234748840332031 -0.7743492126464844 0.2
19.639699935913086 -10.449649810791016 -0.784149169921875 0.2
19.843900680541992 -10.49264907836914 -0.6640491485595703 0.2
19.99209976196289 -10.398849487304688 -0.49144935607910156 0.2
19.999300003051758 -10.20035171508789 -0.35994911193847656 0.2
19.864601135253906 -10.007152557373047 -0.41094970703125 0.2
19.76919937133789 -9.856552124023438 -0.5781497955322266 0.2
19.881900787353516 -9.717052459716797 -0.73284912109375 0.2
20.11989974975586 -9.658050537109375 -0.7238483428955078 0.2
20.323801040649414 -9.777950286865234 -0.7383499145507812 0.2
20.327199935913086 -10.017051696777344 -0.7680492401123047 0.2
20.2268009185791 -10.235450744628906 -0.7171497344970703 0.2
20.209400177001953 -10.349651336669922 -0.5100498199462891 0.2
20.34630012512207 -10.313751220703125 -0.3114490509033203 0.2
20.545801162719727 -10.208450317382812 -0.2180500030517578 0.2
20.68589973449707 -10.048648834228516 -0.3229484558105469 0.2
20.631099700927734 -9.904151916503906 -0.5132484436035156 0.2
20.495399475097656 -9.728950500488281 -0.6091499328613281 0.2
20.430999755859375 -9.539249420166016 -0.4837493896484375 0.2
20.488800048828125 -9.46335220336914 -0.2574501037597656 0.2
20.433799743652344 -9.565349578857422 -0.05084991455078125 0.2
20.34200096130371 -9.788551330566406 -0.01834869384765625 0.2
20.36009979248047 -10.027450561523438 -0.04904937744140625 0.2
20.560199737548828 -10.14834976196289 -0.007450103759765625 0.2
20.769800186157227 -10.099151611328125 0.11095046997070312 0.2
20.88640022277832 -9.932151794433594 0.24015045166015625 0.2
20.802101135253906 -9.710552215576172 0.25785064697265625 0.2
20.65999984741211 -9.547752380371094 0.13955116271972656 0.2
20.678600311279297 -9.411552429199219 -0.05454826354980469 0.2
20.892000198364258 -9.349151611328125 -0.14674949645996094 0.2
21.106901168823242 -9.440750122070312 -0.1972484588623047 0.2
21.13330078125 -9.674652099609375 -0.2377490997314453 0.2
21.022899627685547 -9.887351989746094 -0.1793498992919922 0.2
20.993000030517578 -10.031452178955078 0.00695037841796875 0.2
21.15019989013672 -10.03635025024414 0.1900501251220703 0.2
21.37619972229004 -9.969249725341797 0.25885009765625 0.2
21.550500869750977 -9.843849182128906 0.15625 0.2
21.51289939880371 -9.695549011230469 -0.03044891357421875 0.2
21.376100540161133 -9.526050567626953 -0.14114952087402344 0.2
21.313899993896484 -9.311649322509766 -0.06194877624511719 0.2
21.427400588989258 -9.195449829101562 0.12125015258789062 0.2
21.47010040283203 -9.234149932861328 0.3513507843017578 0.2
21.374799728393555 -9.422752380371094 0.46575164794921875 0.2
21.306800842285156 -9.658248901367188 0.4586505889892578 0.2
21.44099998474121 -9.851551055908203 0.4374504089355469 0.2
21.681900024414062 -9.868751525878906 0.47355079650878906 0.2
21.885499954223633 -9.755451202392578 0.5453510284423828 0.2
21.905200958251953 -9.52585220336914 0.5983505249023438 0.2
21.762800216674805 -9.331951141357422 0.5481510162353516 0.2
21.680601119995117 -9.182449340820312 0.37995147705078125 0.2
21.813899993896484 -9.122051239013672 0.19175148010253906 0.2
22.01569938659668 -9.194049835205078 0.07605171203613281 0.2
22.043001174926758 -9.41884994506836 0.005950927734375 0.2
21.93239974975586 -9.625350952148438 0.07905006408691406 0.2
21.89069938659668 -9.785152435302734 0.2536506652832031 0.2
22.057199478149414 -9.84305191040039 0.4149513244628906 0.2
22.30120086669922 -9.82094955444336 0.43345069885253906 0.2
22.492700576782227 -9.742050170898438 0.3106498718261719 0.2
22.468299865722656 -9.596851348876953 0.12255096435546875 0.2
22.326200485229492 -9.423450469970703 0.01905059814453125 0.2
22.27549934387207 -9.194351196289062 0.06295013427734375 0.2
22.425899505615234 -9.052349090576172 0.18555068969726562 0.2
22.575700759887695 -9.058650970458984 0.3721504211425781 0.2
22.536100387573242 -9.205951690673828 0.5556507110595703 0.2
22.41900062561035 -9.4156494140625 0.6111507415771484 0.2
22.441200256347656 -9.649051666259766 0.5759506225585938 0.2
22.65399932861328 -9.74835205078125 0.515350341796875 0.2
22.893400192260742 -9.705249786376953 0.48145103454589844 0.2
23.020000457763672 -9.505451202392578 0.49665069580078125 0.2
22.936800003051758 -9.275951385498047 0.5035514831542969 0.2
22.810699462890625 -9.092350006103516 0.40775108337402344 0.2
22.817501068115234 -9.024349212646484 0.17945098876953125 0.2
22.94540023803711 -9.098548889160156 -0.0155487060546875 0.2
22.9320011138916 -9.31304931640625 -0.11474990844726562 0.2
22.824399948120117 -9.506851196289062 -0.01184844970703125 0.2
22.78459930419922 -9.661750793457031 0.17295074462890625 0.2
22.957300186157227 -9.772750854492188 0.2935504913330078 0.2
23.192899703979492 -9.809749603271484 0.2355499267578125 0.2
23.356399536132812 -9.78955078125 0.05655097961425781 0.2
23.32539939880371 -9.658451080322266 -0.1403484344482422 0.2
23.18950080871582 -9.462749481201172 -0.20854949951171875 0.2
23.15839958190918 -9.225250244140625 -0.18634986877441406 0.2
23.343900680541992 -9.078750610351562 -0.14694976806640625 0.2
23.57740020751953 -9.08945083618164 -0.07754898071289062 0.2
23.637500762939453 -9.21145248413086 0.11754989624023438 0.2
23.528600692749023 -9.386550903320312 0.2537498474121094 0.2
23.45479965209961 -9.614749908447266 0.2714500427246094 0.2
23.565200805664062 -9.789649963378906 0.14945030212402344 0.2
23.77320098876953 -9.822052001953125 0.020351409912109375 0.2
23.967599868774414 -9.695049285888672 -0.0426483154296875 0.2
23.975400924682617 -9.45315170288086 -0.028249740600585938 0.2
23.866899490356445 -9.23215103149414 -0.048549652099609375 0.2
23.780799865722656 -9.113250732421875 -0.23724937438964844 0.2
23.834800720214844 -9.157451629638672 -0.4720497131347656 0.2
23.806900024414062 -9.34695053100586 -0.6141490936279297 0.2
23.699600219726562 -9.547351837158203 -0.5298500061035156 0.2
23.648700714111328 -9.698051452636719 -0.3392486572265625 0.2
23.777299880981445 -9.84625244140625 -0.20494842529296875 0.2
23.993600845336914 -9.93375015258789 -0.27754974365234375 0.2
24.142200469970703 -9.962051391601562 -0.47244834899902344 0.2
24.12420082092285 -9.871150970458984 -0.6929492950439453 0.2
24.006000518798828 -9.667652130126953 -0.7662487030029297 0.2
23.95709991455078 -9.427452087402344 -0.7594490051269531 0.2
24.117700576782227 -9.24985122680664 -0.7533493041992188 0.2
24.361600875854492 -9.253551483154297 -0.7927494049072266 0.2
24.525699615478516 -9.366249084472656 -0.6623497009277344 0.2
24.475900650024414 -9.52545166015625 -0.4819488525390625 0.2
24.36400032043457 -9.719749450683594 -0.3807487487792969 0.2
24.35540008544922 -9.938251495361328 -0.4767494201660156 0.2
24.49380111694336 -10.035449981689453 -0.6569499969482422 0.2
24.689899444580078 -9.996150970458984 -0.7972488403320312 0.2
24.794401168823242 -9.78165054321289 -0.8232498168945312 0.2
24.739601135253906 -9.539451599121094 -0.8025493621826172 0.2
24.623701095581055 -9.35245132446289 -0.9021492004394531 0.2
24.58690071105957 -9.339550018310547 -1.1418495178222656 0.2
24.557300567626953 -9.485050201416016 -1.3343486785888672 0.2
24.437700271606445 -9.690250396728516 -1.2996482849121094 0.2
24.37980079650879 -9.844551086425781 -1.1122493743896484 0.2
24.455101013183594 -10.010051727294922 -0.9528484344482422 0.2
24.64929962158203 -10.146652221679688 -0.9999485015869141 0.2
24.779199600219727 -10.214950561523438 -1.2000484466552734 0.2
24.773399353027344 -10.174949645996094 -1.4388484954833984 0.2
24.66790008544922 -9.978050231933594 -1.5365486145019531 0.2
24.602699279785156 -9.737449645996094 -1.529449462890625 0.2
24.719999313354492 -9.526649475097656 -1.534149169921875 0.2
24.942800521850586 -9.499252319335938 -1.6315498352050781 0.2
25.155099868774414 -9.609451293945312 -1.6120491027832031 0.2
25.192899703979492 -9.770450592041016 -1.4337501525878906 0.2
25.100400924682617 -9.93695068359375 -1.272348403930664 0.2
25.00659942626953 -10.157249450683594 -1.2761497497558594 0.2
25.042600631713867 -10.308952331542969 -1.4658489227294922 0.2
25.179100036621094 -10.343551635742188 -1.6698493957519531 0.2
25.3351993560791 -10.193649291992188 -1.77294921875 0.2
25.3572998046875 -9.947250366210938 -1.753448486328125 0.2
25.28190040588379 -9.713550567626953 -1.770050048828125 0.2
25.157100677490234 -9.617450714111328 -1.9521484375 0.2
