20.224000930786133 18.857650756835938 0.20985031127929688 0.2
20.388500213623047 18.91735076904297 0.19645118713378906 0.2
20.224000930786133 18.857650756835938 0.20985031127929688 0.2
20.03569984436035 18.790348052978516 0.23145103454589844 0.2
19.87740135192871 18.82394790649414 0.11495018005371094 0.2
19.849700927734375 18.969749450683594 -0.03474998474121094 0.2
19.963600158691406 19.097949981689453 -0.14984893798828125 0.2
20.164501190185547 19.106948852539062 -0.12335014343261719 0.2
20.35849952697754 19.036849975585938 -0.10084915161132812 0.2
20.494800567626953 18.940750122070312 -0.21324920654296875 0.2
20.423999786376953 18.797649383544922 -0.3314495086669922 0.2
20.24370002746582 18.71915054321289 -0.28224945068359375 0.2
20.105501174926758 18.727149963378906 -0.12865066528320312 0.2
20.04490089416504 18.8426513671875 0.035449981689453125 0.2
19.956600189208984 18.97064971923828 0.17365074157714844 0.2
19.774200439453125 18.99435043334961 0.262451171875 0.2
19.57670021057129 18.966251373291016 0.30515098571777344 0.2
19.38330078125 18.960350036621094 0.24645042419433594 0.2
19.305500030517578 19.067550659179688 0.09535026550292969 0.2
19.375200271606445 19.195049285888672 -0.054950714111328125 0.2
19.55470085144043 19.261051177978516 -0.11375045776367188 0.2
19.743499755859375 19.238548278808594 -0.04924964904785156 0.2
19.91390037536621 19.153350830078125 0.016450881958007812 0.2
20.00819969177246 18.989349365234375 -0.04904937744140625 0.2
19.970600128173828 18.836349487304688 -0.18924903869628906 0.2
19.8257999420166 18.743549346923828 -0.2835502624511719 0.2
19.642499923706055 18.75775146484375 -0.2149505615234375 0.2
19.539100646972656 18.826148986816406 -0.05475044250488281 0.2
19.496400833129883 18.958148956298828 0.09695053100585938 0.2
19.409099578857422 19.13924789428711 0.21865081787109375 0.2
19.185400009155273 19.186851501464844 0.22965049743652344 0.2
18.97369956970215 19.142948150634766 0.14204978942871094 0.2
18.82859992980957 19.03295135498047 -0.010049819946289062 0.2
18.834300994873047 18.95785140991211 -0.23134994506835938 0.2
18.946001052856445 19.121749877929688 -0.3459491729736328 0.2
19.06770133972168 19.303550720214844 -0.2593498229980469 0.2
19.215999603271484 19.37744903564453 -0.09255027770996094 0.2
19.39550018310547 19.32054901123047 0.04585075378417969 0.2
19.499601364135742 19.120948791503906 0.012350082397460938 0.2
19.41349983215332 18.939651489257812 -0.13125038146972656 0.2
19.208999633789062 18.962448120117188 -0.22624969482421875 0.2
19.07040023803711 19.102848052978516 -0.18485069274902344 0.2
18.943500518798828 19.222850799560547 -0.08034896850585938 0.2
18.80230140686035 19.273548126220703 0.04775047302246094 0.2
18.647899627685547 19.24195098876953 0.1652507781982422 0.2
18.4989013671875 19.121349334716797 0.14694976806640625 0.2
18.4591007232666 18.993350982666016 -0.00605010986328125 0.2
18.552900314331055 18.94805145263672 -0.17364883422851562 0.2
18.7135009765625 19.056949615478516 -0.21455001831054688 0.2
18.90690040588379 19.051448822021484 -0.16975021362304688 0.2
19.055500030517578 18.914447784423828 -0.10815048217773438 0.2
19.067501068115234 18.806751251220703 0.05615043640136719 0.2
18.945600509643555 18.784549713134766 0.2093505859375 0.2
18.765701293945312 18.845848083496094 0.23965072631835938 0.2
18.675701141357422 18.996150970458984 0.14735031127929688 0.2
18.602500915527344 19.14604949951172 0.03695106506347656 0.2
18.4320011138916 19.235347747802734 0.01165008544921875 0.2
18.24410057067871 19.23495101928711 0.061550140380859375 0.2
18.06730079650879 19.168048858642578 0.10695075988769531 0.2
17.9419002532959 19.02914810180664 0.05084991455078125 0.2
17.915000915527344 18.875247955322266 -0.0798492431640625 0.2
18.030000686645508 18.816848754882812 -0.22014999389648438 0.2
18.190799713134766 18.915550231933594 -0.2648506164550781 0.2
18.33970069885254 19.035350799560547 -0.22774887084960938 0.2
18.504100799560547 19.084148406982422 -0.1387500762939453 0.2
18.614700317382812 18.961349487304688 -0.025049209594726562 0.2
18.589099884033203 18.807449340820312 0.09665107727050781 0.2
18.43630027770996 18.738048553466797 0.1889495849609375 0.2
18.25790023803711 18.804649353027344 0.1643505096435547 0.2
18.152700424194336 18.941448211669922 0.066650390625 0.2
18.0664005279541 19.087051391601562 -0.0444488525390625 0.2
17.898799896240234 19.183250427246094 -0.04784965515136719 0.2
17.724700927734375 19.20655059814453 0.038150787353515625 0.2
17.55389976501465 19.16244888305664 0.12095069885253906 0.2
17.419099807739258 19.027851104736328 0.09514999389648438 0.2
17.390501022338867 18.883350372314453 -0.042949676513671875 0.2
17.4862003326416 18.809349060058594 -0.1972503662109375 0.2
17.65839958190918 18.872848510742188 -0.2611503601074219 0.2
17.83380126953125 18.956649780273438 -0.2404499053955078 0.2
18.003999710083008 18.95254898071289 -0.1486492156982422 0.2
18.065099716186523 18.828750610351562 -0.000949859619140625 0.2
18.00469970703125 18.744850158691406 0.16505050659179688 0.2
17.82710075378418 18.759048461914062 0.23455047607421875 0.2
17.671701431274414 18.851848602294922 0.16595077514648438 0.2
17.5841007232666 18.988750457763672 0.047550201416015625 0.2
17.458600997924805 19.111648559570312 -0.039249420166015625 0.2
17.27519989013672 19.155548095703125 -0.0006504058837890625 0.2
17.106599807739258 19.13304901123047 0.09255027770996094 0.2
16.952800750732422 19.03765106201172 0.1589508056640625 0.2
16.862701416015625 18.89514923095703 0.07265090942382812 0.2
16.891700744628906 18.84334945678711 -0.1199493408203125 0.2
17.016599655151367 18.843048095703125 -0.27355003356933594 0.2
17.194400787353516 18.91164779663086 -0.297149658203125 0.2
17.368101119995117 18.97264862060547 -0.2366504669189453 0.2
17.513099670410156 18.932048797607422 -0.11554908752441406 0.2
17.54050064086914 18.795650482177734 0.0321502685546875 0.2
17.482601165771484 18.699050903320312 0.1887493133544922 0.2
17.311800003051758 18.687549591064453 0.25945091247558594 0.2
17.154399871826172 18.744049072265625 0.171051025390625 0.2
17.050600051879883 18.871849060058594 0.06414985656738281 0.2
16.914199829101562 19.001850128173828 -0.003849029541015625 0.2
16.71980094909668 18.988548278808594 -0.008350372314453125 0.2
16.533599853515625 18.91204833984375 -0.03375053405761719 0.2
16.39389991760254 18.87955093383789 -0.17264938354492188 0.2
16.48910140991211 18.942951202392578 -0.32814979553222656 0.2
16.678199768066406 18.99985122680664 -0.34835052490234375 0.2
16.859399795532227 19.01675033569336 -0.26824951171875 0.2
17.00749969482422 18.95024871826172 -0.1578502655029297 0.2
17.054500579833984 18.76654815673828 -0.09345054626464844 0.2
16.980100631713867 18.584850311279297 -0.08675003051757812 0.2
16.777999877929688 18.548851013183594 -0.13895034790039062 0.2
16.650800704956055 18.71405029296875 -0.2185497283935547 0.2
16.659000396728516 18.947948455810547 -0.19515037536621094 0.2
16.692899703979492 19.160350799560547 -0.1188507080078125 0.2
16.652299880981445 19.316749572753906 0.030550003051757812 0.2
16.4778995513916 19.284748077392578 0.14725112915039062 0.2
16.372100830078125 19.124248504638672 0.03874969482421875 0.2
16.450000762939453 18.97235107421875 -0.127349853515625 0.2
16.512500762939453 18.746047973632812 -0.159149169921875 0.2
16.535900115966797 18.630950927734375 0.03154945373535156 0.2
16.5531005859375 18.74864959716797 0.22674942016601562 0.2
16.632699966430664 18.96004867553711 0.23455047607421875 0.2
16.603900909423828 19.143951416015625 0.11045074462890625 0.2
16.459800720214844 19.258148193359375 -0.009250640869140625 0.2
16.259599685668945 19.291149139404297 0.01165008544921875 0.2
16.09510040283203 19.228748321533203 0.12285041809082031 0.2
15.985100746154785 19.087448120117188 0.2306499481201172 0.2
15.92650032043457 18.902149200439453 0.17115020751953125 0.2
15.919800758361816 18.861148834228516 -0.04055023193359375 0.2
16.006500244140625 18.911148071289062 -0.22385025024414062 0.2
16.1653995513916 19.026451110839844 -0.28224945068359375 0.2
16.346900939941406 19.115550994873047 -0.2409496307373047 0.2
16.49810028076172 19.11214828491211 -0.10344886779785156 0.2
16.510499954223633 19.016048431396484 0.09794998168945312 0.2
16.382200241088867 18.895950317382812 0.22985076904296875 0.2
16.179500579833984 18.89514923095703 0.18815040588378906 0.2
16.005001068115234 18.990848541259766 0.10465049743652344 0.2
15.80090045928955 18.978248596191406 0.11314964294433594 0.2
15.680000305175781 18.830848693847656 0.19675064086914062 0.2
15.556800842285156 18.668048858642578 0.1811504364013672 0.2
15.450300216674805 18.650348663330078 0.008350372314453125 0.2
15.458500862121582 18.727550506591797 -0.18485069274902344 0.2
15.583500862121582 18.852550506591797 -0.2770500183105469 0.2
15.739900588989258 18.97134780883789 -0.22774887084960938 0.2
15.906800270080566 19.034950256347656 -0.1311492919921875 0.2
16.0664005279541 18.946949005126953 -0.035549163818359375 0.2
16.161800384521484 18.7635498046875 0.023950576782226562 0.2
16.078901290893555 18.581649780273438 0.0115509033203125 0.2
15.876800537109375 18.540149688720703 0.008150100708007812 0.2
15.696300506591797 18.632049560546875 0.04125022888183594 0.2
15.540600776672363 18.774250030517578 0.08444976806640625 0.2
15.36780071258545 18.761550903320312 0.1914501190185547 0.2
15.201800346374512 18.655349731445312 0.24814987182617188 0.2
15.04330062866211 18.63275146484375 0.13195037841796875 0.2
15.023600578308105 18.731548309326172 -0.054248809814453125 0.2
15.148700714111328 18.830650329589844 -0.18294906616210938 0.2
15.341700553894043 18.88665008544922 -0.14694976806640625 0.2
15.531400680541992 18.837947845458984 -0.09485054016113281 0.2
15.648500442504883 18.666351318359375 -0.11285018920898438 0.2
15.659400939941406 18.463050842285156 -0.15684890747070312 0.2
15.49570083618164 18.34804916381836 -0.17474937438964844 0.2
15.30250072479248 18.370750427246094 -0.11154937744140625 0.2
15.21410083770752 18.504150390625 0.016550064086914062 0.2
15.173800468444824 18.69445037841797 0.09885025024414062 0.2
15.015000343322754 18.797748565673828 0.1766510009765625 0.2
14.817300796508789 18.757850646972656 0.21035003662109375 0.2
14.628100395202637 18.698348999023438 0.1620502471923828 0.2
14.499900817871094 18.744049072265625 0.0044498443603515625 0.2
14.498000144958496 18.855449676513672 -0.17854881286621094 0.2
14.668800354003906 18.950550079345703 -0.2203502655029297 0.2
14.85520076751709 18.967350006103516 -0.13444900512695312 0.2
15.035900115966797 18.92864990234375 -0.04425048828125 0.2
15.175000190734863 18.781448364257812 -0.04055023193359375 0.2
15.156600952148438 18.586151123046875 -0.12005043029785156 0.2
15.014400482177734 18.453548431396484 -0.19154930114746094 0.2
14.81920051574707 18.497848510742188 -0.17364883422851562 0.2
14.708700180053711 18.638351440429688 -0.06685066223144531 0.2
14.653600692749023 18.810550689697266 0.05204963684082031 0.2
14.505900382995605 18.883148193359375 0.17605018615722656 0.2
14.325100898742676 18.856651306152344 0.27824974060058594 0.2
14.123600006103516 18.80284881591797 0.2953510284423828 0.2
14.017400741577148 18.852649688720703 0.1327495574951172 0.2
14.125600814819336 18.970348358154297 -0.016849517822265625 0.2
14.322000503540039 19.014751434326172 -0.074249267578125 0.2
14.51830005645752 18.953350067138672 -0.06344985961914062 0.2
14.604500770568848 18.771751403808594 -0.1266498565673828 0.2
14.53010082244873 18.580150604248047 -0.1743488311767578 0.2
14.351300239562988 18.500751495361328 -0.12974929809570312 0.2
14.216500282287598 18.575450897216797 0.007450103759765625 0.2
14.156500816345215 18.765548706054688 0.14464950561523438 0.2
14.041000366210938 18.971149444580078 0.2151508331298828 0.2
13.814400672912598 18.993350982666016 0.15945053100585938 0.2
13.636500358581543 18.950550079345703 0.0048503875732421875 0.2
13.601500511169434 18.89645004272461 -0.22574996948242188 0.2
13.747700691223145 19.025447845458984 -0.34384918212890625 0.2
13.91100025177002 19.15985107421875 -0.23704910278320312 0.2
14.055400848388672 19.175949096679688 -0.04915046691894531 0.2
14.194400787353516 19.048248291015625 0.08654975891113281 0.2
14.201000213623047 18.81745147705078 0.026950836181640625 0.2
14.084400177001953 18.713348388671875 -0.15625 0.2
13.929900169372559 18.87125015258789 -0.22965049743652344 0.2
13.833600044250488 19.03125 -0.14175033569335938 0.2
13.724000930786133 19.133647918701172 -0.008150100708007812 0.2
13.59060001373291 19.148250579833984 0.13644981384277344 0.2
13.427200317382812 19.09375 0.2277507781982422 0.2
13.273000717163086 19.016448974609375 0.1439495086669922 0.2
13.237000465393066 18.967147827148438 -0.051250457763671875 0.2
13.349200248718262 18.968250274658203 -0.21364974975585938 0.2
13.539100646972656 19.0323486328125 -0.21504974365234375 0.2
13.718600273132324 18.94445037841797 -0.1826496124267578 0.2
13.811800003051758 18.75804901123047 -0.13974952697753906 0.2
13.743000030517578 18.627849578857422 -0.0068492889404296875 0.2
13.582700729370117 18.62955093383789 0.10815048217773438 0.2
13.457600593566895 18.775550842285156 0.1280498504638672 0.2
13.434100151062012 18.97235107421875 0.08685111999511719 0.2
13.333800315856934 19.141250610351562 0.06604957580566406 0.2
13.15510082244873 19.195850372314453 0.11725044250488281 0.2
12.97330093383789 19.16645050048828 0.1813507080078125 0.2
12.79990005493164 19.08034896850586 0.17424964904785156 0.2
12.70150089263916 18.997947692871094 0.022951126098632812 0.2
12.719100952148438 18.94124984741211 -0.1737499237060547 0.2
12.870100021362305 18.986949920654297 -0.28114891052246094 0.2
13.04330062866211 19.072650909423828 -0.25225067138671875 0.2
13.21660041809082 19.118148803710938 -0.17424964904785156 0.2
13.36500072479248 19.02804946899414 -0.08885002136230469 0.2
13.373300552368164 18.832748413085938 -0.03814888000488281 0.2
13.259600639343262 18.689449310302734 0.03404998779296875 0.2
13.072900772094727 18.704750061035156 0.07635116577148438 0.2
12.944700241088867 18.85274887084961 0.06875038146972656 0.2
12.87660026550293 19.043251037597656 0.03495025634765625 0.2
12.740800857543945 19.182449340820312 0.0415496826171875 0.2
12.558700561523438 19.191749572753906 0.11045074462890625 0.2
12.376700401306152 19.130748748779297 0.13904953002929688 0.2
12.23390007019043 19.056049346923828 0.024351119995117188 0.2
12.194100379943848 19.00135040283203 -0.1714496612548828 0.2
12.331700325012207 19.026050567626953 -0.3045501708984375 0.2
12.516900062561035 19.09294891357422 -0.27194976806640625 0.2
12.696100234985352 19.106948852539062 -0.18865013122558594 0.2
12.824600219726562 18.98244857788086 -0.10414886474609375 0.2
12.807300567626953 18.79384994506836 -0.027050018310546875 0.2
12.663200378417969 18.69635009765625 0.05764961242675781 0.2
12.485400199890137 18.766151428222656 0.041851043701171875 0.2
12.402200698852539 18.963848114013672 -0.018650054931640625 0.2
12.325200080871582 19.179248809814453 -0.015850067138671875 0.2
12.150500297546387 19.237049102783203 0.10365104675292969 0.2
11.9906005859375 19.150550842285156 0.2348499298095703 0.2
11.828600883483887 19.00094985961914 0.24995040893554688 0.2
11.715100288391113 18.956748962402344 0.06044960021972656 0.2
11.739100456237793 19.01435089111328 -0.163848876953125 0.2
11.907200813293457 19.12944793701172 -0.254150390625 0.2
12.124600410461426 19.173851013183594 -0.2261505126953125 0.2
12.300400733947754 19.053848266601562 -0.16645050048828125 0.2
12.293000221252441 18.826648712158203 -0.10924911499023438 0.2
12.143600463867188 18.746749877929688 0.026050567626953125 0.2
11.978300094604492 18.885848999023438 0.09584999084472656 0.2
11.843600273132324 19.057449340820312 0.11135101318359375 0.2
11.649500846862793 19.094249725341797 0.1663494110107422 0.2
11.489100456237793 18.974750518798828 0.22714996337890625 0.2
11.356200218200684 18.813751220703125 0.21755027770996094 0.2
11.245100021362305 18.754348754882812 0.0516510009765625 0.2
11.226900100708008 18.80915069580078 -0.15654945373535156 0.2
11.334500312805176 18.945148468017578 -0.26165008544921875 0.2
11.485100746154785 19.07674789428711 -0.21014976501464844 0.2
11.653400421142578 19.15224838256836 -0.11554908752441406 0.2
11.828200340270996 19.06705093383789 -0.05674934387207031 0.2
11.891700744628906 18.857547760009766 -0.05265045166015625 0.2
11.80780029296875 18.669849395751953 -0.04834938049316406 0.2
11.610000610351562 18.653850555419922 -0.0003490447998046875 0.2
11.447000503540039 18.773151397705078 0.05114936828613281 0.2
11.285000801086426 18.899349212646484 0.09964942932128906 0.2
11.107300758361816 18.84844970703125 0.18325042724609375 0.2
10.969900131225586 18.706649780273438 0.2447509765625 0.2
10.820100784301758 18.58034896850586 0.1927509307861328 0.2
10.718500137329102 18.597747802734375 0.016849517822265625 0.2
10.732500076293945 18.684551239013672 -0.17185020446777344 0.2
10.866100311279297 18.81414794921875 -0.24774932861328125 0.2
11.027600288391113 18.92115020751953 -0.1824493408203125 0.2
11.211100578308105 18.957347869873047 -0.10255050659179688 0.2
11.372700691223145 18.832748413085938 -0.09784889221191406 0.2
11.42650032043457 18.62874984741211 -0.12095069885253906 0.2
11.319400787353516 18.461750030517578 -0.11495018005371094 0.2
11.128000259399414 18.449451446533203 -0.04734992980957031 0.2
10.968600273132324 18.55154800415039 0.03524971008300781 0.2
10.845000267028809 18.70854949951172 0.104949951171875 0.2
10.680900573730469 18.741748809814453 0.21735000610351562 0.2
10.4906005859375 18.692249298095703 0.26725006103515625 0.2
10.348800659179688 18.698448181152344 0.13064956665039062 0.2
10.371700286865234 18.771350860595703 -0.06875038146972656 0.2
10.528600692749023 18.834548950195312 -0.17964935302734375 0.2
10.719700813293457 18.842449188232422 -0.10764884948730469 0.2
10.87090015411377 18.712051391601562 -0.08424949645996094 0.2
10.931900024414062 18.515750885009766 -0.1421489715576172 0.2
10.85520076751709 18.343151092529297 -0.20944976806640625 0.2
10.662100791931152 18.28664779663086 -0.1873493194580078 0.2
10.5014009475708 18.34634780883789 -0.0798492431640625 0.2
10.481800079345703 18.499649047851562 0.053150177001953125 0.2
10.504300117492676 18.699649810791016 0.10984992980957031 0.2
10.392000198364258 18.866249084472656 0.1596508026123047 0.2
10.196700096130371 18.922348022460938 0.18704986572265625 0.2
9.992330551147461 18.933448791503906 0.17345046997070312 0.2
9.839170455932617 18.90795135498047 0.03765106201171875 0.2
9.882180213928223 18.90774917602539 -0.1640491485595703 0.2
10.062600135803223 18.975749969482422 -0.2225494384765625 0.2
10.251300811767578 18.997947692871094 -0.15455055236816406 0.2
10.419300079345703 18.947250366210938 -0.053150177001953125 0.2
10.516100883483887 18.770450592041016 -0.035549163818359375 0.2
10.449100494384766 18.58034896850586 -0.09244918823242188 0.2
10.278300285339355 18.48284912109375 -0.14984893798828125 0.2
10.105900764465332 18.574249267578125 -0.12134933471679688 0.2
10.059900283813477 18.765647888183594 -0.06315040588378906 0.2
10.071200370788574 18.974349975585938 -0.018548965454101562 0.2
9.958850860595703 19.12635040283203 0.05394935607910156 0.2
9.780840873718262 19.18804931640625 0.13845062255859375 0.2
9.588460922241211 19.192649841308594 0.2162494659423828 0.2
9.39723014831543 19.114948272705078 0.233551025390625 0.2
9.34142017364502 18.972248077392578 0.10975074768066406 0.2
9.49393081665039 18.997650146484375 -0.03714942932128906 0.2
9.691920280456543 19.051448822021484 -0.09294891357421875 0.2
9.883560180664062 19.00054931640625 -0.05294990539550781 0.2
9.9485502243042 18.807647705078125 0.034450531005859375 0.2
9.857280731201172 18.652950286865234 0.140350341796875 0.2
9.644850730895996 18.684947967529297 0.23134994506835938 0.2
9.496070861816406 18.871849060058594 0.22875022888183594 0.2
9.400640487670898 19.047348022460938 0.08225059509277344 0.2
9.253430366516113 19.030651092529297 -0.12134933471679688 0.2
9.301410675048828 19.12125015258789 -0.3267498016357422 0.2
9.475910186767578 19.256351470947266 -0.2445507049560547 0.2
9.57667064666748 19.21084976196289 -0.037750244140625 0.2
9.585500717163086 19.0135498046875 0.10645103454589844 0.2
9.595000267028809 18.768848419189453 0.056049346923828125 0.2
9.549060821533203 18.73394775390625 -0.172149658203125 0.2
9.526300430297852 18.943050384521484 -0.2749500274658203 0.2
9.44795036315918 19.130451202392578 -0.14024925231933594 0.2
9.325480461120605 19.219348907470703 -0.00424957275390625 0.2
9.176810264587402 19.20465087890625 0.12185096740722656 0.2
9.017630577087402 19.130050659179688 0.2050495147705078 0.2
8.863880157470703 19.018051147460938 0.18465042114257812 0.2
8.773110389709473 18.926048278808594 0.03285026550292969 0.2
8.799750328063965 18.870948791503906 -0.15925025939941406 0.2
8.937530517578125 18.973949432373047 -0.257049560546875 0.2
9.081120491027832 19.113048553466797 -0.21744918823242188 0.2
9.276970863342285 19.120250701904297 -0.1965503692626953 0.2
9.377400398254395 18.93254852294922 -0.23654937744140625 0.2
9.31627082824707 18.759349822998047 -0.14514923095703125 0.2
9.16666030883789 18.78314971923828 -0.018049240112304688 0.2
9.025590896606445 18.92584991455078 0.020250320434570312 0.2
8.898310661315918 19.083049774169922 0.020151138305664062 0.2
8.722070693969727 19.13774871826172 0.07724952697753906 0.2
8.546500205993652 19.095748901367188 0.15285110473632812 0.2
8.388300895690918 18.995147705078125 0.10795021057128906 0.2
8.333890914916992 18.892948150634766 -0.05724906921386719 0.2
8.415810585021973 18.845050811767578 -0.22875022888183594 0.2
8.580580711364746 18.930248260498047 -0.26835060119628906 0.2
8.736180305480957 19.017349243164062 -0.1918506622314453 0.2
8.896270751953125 18.944049835205078 -0.10734939575195312 0.2
8.976760864257812 18.76395034790039 -0.04635047912597656 0.2
8.92944049835205 18.632648468017578 0.08654975891113281 0.2
8.754520416259766 18.630847930908203 0.17514991760253906 0.2
8.589320182800293 18.732349395751953 0.15024948120117188 0.2
8.542420387268066 18.910247802734375 0.06075096130371094 0.2
8.453470230102539 19.074249267578125 -0.0063495635986328125 0.2
8.273270606994629 19.143348693847656 0.022951126098632812 0.2
8.08733081817627 19.12944793701172 0.0834503173828125 0.2
7.911750316619873 19.047748565673828 0.10365104675292969 0.2
7.801430702209473 18.910449981689453 0.014650344848632812 0.2
7.822640419006348 18.77975082397461 -0.13985061645507812 0.2
7.974720478057861 18.818950653076172 -0.25295066833496094 0.2
8.137330055236816 18.931751251220703 -0.2518501281738281 0.2
8.31609058380127 18.99654769897461 -0.19955062866210938 0.2
8.46915054321289 18.90774917602539 -0.10974884033203125 0.2
8.478680610656738 18.734451293945312 -0.0058498382568359375 0.2
8.350460052490234 18.631851196289062 0.10015106201171875 0.2
8.16554069519043 18.684650421142578 0.11664962768554688 0.2
8.047320365905762 18.829849243164062 0.05064964294433594 0.2
7.964420318603516 18.991050720214844 -0.04524993896484375 0.2
7.802030563354492 19.097850799560547 -0.0639495849609375 0.2
7.617360591888428 19.13064956665039 -0.004150390625 0.2
7.435660362243652 19.104351043701172 0.06685066223144531 0.2
7.286040306091309 18.979351043701172 0.06035041809082031 0.2
7.2453203201293945 18.80754852294922 -0.042949676513671875 0.2
7.364340305328369 18.708148956298828 -0.1643505096435547 0.2
7.536290645599365 18.782447814941406 -0.221649169921875 0.2
7.704190254211426 18.88465118408203 -0.21464920043945312 0.2
7.8785505294799805 18.872650146484375 -0.12594985961914062 0.2
7.931970596313477 18.730648040771484 0.015150070190429688 0.2
7.838720321655273 18.65694808959961 0.1694507598876953 0.2
7.6562604904174805 18.712848663330078 0.21285057067871094 0.2
7.514360427856445 18.824050903320312 0.13484954833984375 0.2
7.436960697174072 18.94704818725586 -0.009149551391601562 0.2
7.291120529174805 19.05194854736328 -0.0899505615234375 0.2
7.104480266571045 19.10234832763672 -0.05105018615722656 0.2
6.922590255737305 19.102649688720703 0.025350570678710938 0.2
6.7562103271484375 19.007850646972656 0.06514930725097656 0.2
6.675440311431885 18.837051391601562 -0.00804901123046875 0.2
6.7441606521606445 18.685550689697266 -0.12495040893554688 0.2
6.918490409851074 18.703750610351562 -0.21234893798828125 0.2
7.093380451202393 18.794349670410156 -0.23035049438476562 0.2
7.273890495300293 18.854549407958984 -0.17835044860839844 0.2
7.383010387420654 18.789447784423828 -0.021549224853515625 0.2
7.342050552368164 18.69594955444336 0.15205001831054688 0.2
7.173370361328125 18.685447692871094 0.24555015563964844 0.2
7.001580715179443 18.762950897216797 0.19104957580566406 0.2
6.900480270385742 18.872051239013672 0.055950164794921875 0.2
6.796450614929199 18.98004913330078 -0.07905006408691406 0.2
6.615170478820801 19.05535125732422 -0.08794975280761719 0.2
6.431920528411865 19.082550048828125 -0.019750595092773438 0.2
6.2540106773376465 19.038150787353516 0.05175018310546875 0.2
6.125180244445801 18.888648986816406 0.0303497314453125 0.2
6.120530605316162 18.70574951171875 -0.06435012817382812 0.2
6.270920276641846 18.645248413085938 -0.1739501953125 0.2
6.448520660400391 18.72024917602539 -0.22394943237304688 0.2
6.628900527954102 18.803550720214844 -0.21434974670410156 0.2
6.789430618286133 18.80255126953125 -0.09874916076660156 0.2
6.8065104484558105 18.70724868774414 0.08325004577636719 0.2
6.683060646057129 18.65985107421875 0.22735023498535156 0.2
6.494640350341797 18.709049224853516 0.22954940795898438 0.2
6.36275053024292 18.80535125732422 0.11675071716308594 0.2
6.282000541687012 18.910850524902344 -0.040050506591796875 0.2
6.126120567321777 19.006450653076172 -0.10865020751953125 0.2
5.943880558013916 19.060749053955078 -0.05825042724609375 0.2
5.76507043838501 19.06385040283203 0.023349761962890625 0.2
5.60429048538208 18.957748413085938 0.0545501708984375 0.2
5.533520698547363 18.779850006103516 -0.013750076293945312 0.2
5.615840435028076 18.633148193359375 -0.11694908142089844 0.2
5.793100357055664 18.654251098632812 -0.19894981384277344 0.2
5.9708404541015625 18.737449645996094 -0.21994972229003906 0.2
6.151890277862549 18.790050506591797 -0.1645488739013672 0.2
6.242420673370361 18.728450775146484 0.007350921630859375 0.2
6.183270454406738 18.658748626708984 0.18555068969726562 0.2
6.006880283355713 18.671951293945312 0.2630500793457031 0.2
5.84358024597168 18.75374984741211 0.19135093688964844 0.2
5.75622034072876 18.854549407958984 0.03975105285644531 0.2
5.647810459136963 18.95785140991211 -0.09345054626464844 0.2
5.472020626068115 19.04384994506836 -0.08584976196289062 0.2
5.296470642089844 19.08584976196289 -0.0076503753662109375 0.2
5.1188507080078125 19.03765106201172 0.05795097351074219 0.2
5.001450538635254 18.88684844970703 0.007049560546875 0.2
5.007750511169434 18.71664810180664 -0.10414886474609375 0.2
5.159640312194824 18.66054916381836 -0.2093505859375 0.2
5.344830513000488 18.71875 -0.23875045776367188 0.2
5.528460502624512 18.776649475097656 -0.20114898681640625 0.2
5.660270690917969 18.751750946044922 -0.055950164794921875 0.2
5.649200439453125 18.67974853515625 0.13425064086914062 0.2
5.510680675506592 18.66604995727539 0.2686500549316406 0.2
5.329810619354248 18.72624969482422 0.2400493621826172 0.2
5.225640296936035 18.825450897216797 0.10524940490722656 0.2
5.15548038482666 18.939350128173828 -0.0498504638671875 0.2
4.998890399932861 19.047348022460938 -0.0946502685546875 0.2
4.825650691986084 19.102149963378906 -0.018749237060546875 0.2
4.654470443725586 19.09375 0.07715034484863281 0.2
4.500130653381348 18.978347778320312 0.09245109558105469 0.2
4.442900657653809 18.82244873046875 -0.0220489501953125 0.2
4.515230655670166 18.71234893798828 -0.1714496612548828 0.2
4.689630508422852 18.73925018310547 -0.2561492919921875 0.2
4.875980377197266 18.802448272705078 -0.2550506591796875 0.2
5.056500434875488 18.821548461914062 -0.18194961547851562 0.2
5.1325602531433105 18.739349365234375 -0.015748977661132812 0.2
5.074930667877197 18.671649932861328 0.1616497039794922 0.2
4.902370452880859 18.685848236083984 0.24575042724609375 0.2
4.741090297698975 18.76755142211914 0.1761493682861328 0.2
4.651150703430176 18.892349243164062 0.04705047607421875 0.2
4.533990383148193 19.014751434326172 -0.055950164794921875 0.2
4.353070259094238 19.075450897216797 -0.02574920654296875 0.2
4.183400630950928 19.07215118408203 0.06945037841796875 0.2
4.0236005783081055 18.99665069580078 0.14855003356933594 0.2
3.915910482406616 18.853748321533203 0.08465003967285156 0.2
3.93315052986145 18.785049438476562 -0.10334968566894531 0.2
4.053520679473877 18.768550872802734 -0.26185035705566406 0.2
4.2357707023620605 18.82215118408203 -0.2956504821777344 0.2
4.416110515594482 18.874549865722656 -0.24435043334960938 0.2
4.564890384674072 18.839550018310547 -0.12454986572265625 0.2
4.5900702476501465 18.716751098632812 0.03585052490234375 0.2
4.523860454559326 18.632450103759766 0.19715118408203125 0.2
4.3496904373168945 18.630950927734375 0.2629508972167969 0.2
4.194160461425781 18.68994903564453 0.17045021057128906 0.2
4.09406042098999 18.81985092163086 0.060550689697265625 0.2
3.957150459289551 18.948848724365234 -0.0097503662109375 0.2
3.7618305683135986 18.937950134277344 -0.009349822998046875 0.2
3.573620557785034 18.866249084472656 -0.03344917297363281 0.2
3.432020425796509 18.83184814453125 -0.17084884643554688 0.2
3.5284905433654785 18.887451171875 -0.3284492492675781 0.2
3.719700574874878 18.937549591064453 -0.3499488830566406 0.2
3.9026803970336914 18.950748443603516 -0.27215003967285156 0.2
4.052600383758545 18.88644790649414 -0.16155052185058594 0.2
4.096940517425537 18.705448150634766 -0.08754920959472656 0.2
4.017120361328125 18.526348114013672 -0.07205009460449219 0.2
3.81350040435791 18.494049072265625 -0.12165069580078125 0.2
3.689070463180542 18.658348083496094 -0.20814895629882812 0.2
3.6986305713653564 18.893051147460938 -0.194549560546875 0.2
3.733940362930298 19.106948852539062 -0.12425041198730469 0.2
3.695570468902588 19.26715087890625 0.022251129150390625 0.2
3.520730495452881 19.241249084472656 0.140350341796875 0.2
3.4113004207611084 19.081050872802734 0.03485107421875 0.2
3.48775053024292 18.92584991455078 -0.12854957580566406 0.2
3.547720432281494 18.698749542236328 -0.15654945373535156 0.2
3.5677003860473633 18.585948944091797 0.03585052490234375 0.2
3.586270570755005 18.706249237060547 0.2292499542236328 0.2
3.6686904430389404 18.916851043701172 0.23324966430664062 0.2
3.642500400543213 19.098648071289062 0.10524940490722656 0.2
3.4995005130767822 19.213550567626953 -0.015249252319335938 0.2
3.300140380859375 19.250049591064453 0.0079498291015625 0.2
3.135470390319824 19.19245147705078 0.12154960632324219 0.2
3.021810531616211 19.055049896240234 0.23055076599121094 0.2
2.957010507583618 18.87234878540039 0.1701507568359375 0.2
2.949390411376953 18.830947875976562 -0.0415496826171875 0.2
3.0398004055023193 18.877548217773438 -0.22385025024414062 0.2
3.204000473022461 18.986549377441406 -0.28125 0.2
3.389010429382324 19.06945037841797 -0.24114990234375 0.2
3.539130449295044 19.062950134277344 -0.10214996337890625 0.2
3.5463404655456543 18.96875 0.10104942321777344 0.2
3.41148042678833 18.854049682617188 0.23055076599121094 0.2
3.2091004848480225 18.860450744628906 0.18664932250976562 0.2
3.0365705490112305 18.960350036621094 0.10345077514648438 0.2
2.8321304321289062 18.9521484375 0.113250732421875 0.2
2.705350399017334 18.808650970458984 0.19575119018554688 0.2
2.5755205154418945 18.65235137939453 0.17365074157714844 0.2
2.4743103981018066 18.642749786376953 -0.0043506622314453125 0.2
2.4920804500579834 18.72045135498047 -0.19714927673339844 0.2
2.627730369567871 18.844249725341797 -0.2745494842529297 0.2
2.788360595703125 18.95465087890625 -0.21825027465820312 0.2
2.9601404666900635 19.002548217773438 -0.12095069885253906 0.2
3.1115305423736572 18.895248413085938 -0.027050018310546875 0.2
3.188230514526367 18.702350616455078 0.025350570678710938 0.2
3.0756704807281494 18.53635025024414 0.00885009765625 0.2
2.869250535964966 18.517948150634766 0.010450363159179688 0.2
2.7000105381011963 18.63304901123047 0.04425048828125 0.2
2.542590379714966 18.770248413085938 0.09264945983886719 0.2
2.3688604831695557 18.738147735595703 0.19575119018554688 0.2
2.1989905834198 18.633148193359375 0.24335098266601562 0.2
2.0408804416656494 18.619548797607422 0.12344932556152344 0.2
2.0239105224609375 18.72045135498047 -0.06265068054199219 0.2
2.1559205055236816 18.81694793701172 -0.18634986877441406 0.2
2.350740432739258 18.86894989013672 -0.1490497589111328 0.2
2.542830467224121 18.82794952392578 -0.0957489013671875 0.2
2.661170482635498 18.6573486328125 -0.11034965515136719 0.2
2.6704704761505127 18.4510498046875 -0.1475505828857422 0.2
2.50834059715271 18.33504867553711 -0.16374969482421875 0.2
2.314040422439575 18.364151000976562 -0.10434913635253906 0.2
2.2159504890441895 18.497150421142578 0.017549514770507812 0.2
2.170090436935425 18.68695068359375 0.10095024108886719 0.2
2.007460594177246 18.782649993896484 0.1793498992919922 0.2
1.809180498123169 18.742050170898438 0.21084976196289062 0.2
1.6192904710769653 18.68735122680664 0.15945053100585938 0.2
1.493930459022522 18.738250732421875 0.0002498626708984375 0.2
1.5005804300308228 18.849849700927734 -0.18194961547851562 0.2
1.6763604879379272 18.939651489257812 -0.21685028076171875 0.2
1.8629604578018188 18.951549530029297 -0.1298503875732422 0.2
2.044020414352417 18.906848907470703 -0.04274940490722656 0.2
2.1747405529022217 18.751449584960938 -0.04654884338378906 0.2
2.1463005542755127 18.555450439453125 -0.12604904174804688 0.2
1.9957104921340942 18.434650421142578 -0.19465065002441406 0.2
1.8042805194854736 18.492149353027344 -0.16864967346191406 0.2
1.7017704248428345 18.637149810791016 -0.058849334716796875 0.2
1.645830512046814 18.808048248291016 0.06005096435546875 0.2
1.4929804801940918 18.874248504638672 0.18194961547851562 0.2
1.31009042263031 18.84654998779297 0.28045082092285156 0.2
1.1075505018234253 18.79534912109375 0.28835105895996094 0.2
1.0120265483856201 18.853748321533203 0.12125015258789062 0.2
1.1259604692459106 18.969249725341797 -0.02655029296875 0.2
1.3240305185317993 19.008949279785156 -0.07774925231933594 0.2
1.5187405347824097 18.943450927734375 -0.06335067749023438 0.2
1.6015805006027222 18.759750366210938 -0.1257495880126953 0.2
1.5235804319381714 18.56964874267578 -0.1739501953125 0.2
1.342700481414795 18.494850158691406 -0.12974929809570312 0.2
1.2089804410934448 18.572547912597656 0.0068492889404296875 0.2
1.1502504348754883 18.76424789428711 0.1434497833251953 0.2
1.032630443572998 18.96725082397461 0.21504974365234375 0.2
0.8049854636192322 18.988651275634766 0.1620502471923828 0.2
0.6251604557037354 18.946949005126953 0.00984954833984375 0.2
0.5872064828872681 18.89134979248047 -0.2203502655029297 0.2
0.7329584956169128 19.01715087890625 -0.341949462890625 0.2
0.8973304629325867 19.152450561523438 -0.23794937133789062 0.2
1.0440404415130615 19.16994857788086 -0.05195045471191406 0.2
1.1853405237197876 19.042949676513672 0.08225059509277344 0.2
1.1920905113220215 18.81235122680664 0.022550582885742188 0.2
1.071710467338562 18.706748962402344 -0.15724945068359375 0.2
0.9158074855804443 18.86404800415039 -0.22854995727539062 0.2
0.820532500743866 19.024749755859375 -0.1405506134033203 0.2
0.7105244994163513 19.128047943115234 -0.00804901123046875 0.2
0.575642466545105 19.143051147460938 0.13525009155273438 0.2
0.41165247559547424 19.089149475097656 0.2261505126953125 0.2
0.2568354606628418 19.011951446533203 0.1428508758544922 0.2
0.22027647495269775 18.961849212646484 -0.05204963684082031 0.2
0.3328264653682709 18.962249755859375 -0.21414947509765625 0.2
0.5224595069885254 19.02724838256836 -0.21484947204589844 0.2
0.7023735046386719 18.942150115966797 -0.18004989624023438 0.2
0.7972204685211182 18.755950927734375 -0.13775062561035156 0.2
0.7298604846000671 18.62405014038086 -0.0057506561279296875 0.2
0.5686524510383606 18.624649047851562 0.10815048217773438 0.2
0.44172948598861694 18.769149780273438 0.1275501251220703 0.2
0.41797149181365967 18.966049194335938 0.08595085144042969 0.2
0.31879347562789917 19.13555145263672 0.06455039978027344 0.2
0.14036047458648682 19.191448211669922 0.11565017700195312 0.2
-0.041539620608091354 19.163249969482422 0.18015098571777344 0.2
-0.21559752523899078 19.078350067138672 0.17455101013183594 0.2
-0.3157005310058594 18.995849609375 0.024450302124023438 0.2
-0.2992415130138397 18.938350677490234 -0.172149658203125 0.2
-0.1482575237751007 18.982250213623047 -0.28044891357421875 0.2
0.025537479668855667 19.067150115966797 -0.252349853515625 0.2
0.19930048286914825 19.11225128173828 -0.17494964599609375 0.2
0.3479304909706116 19.02214813232422 -0.08955001831054688 0.2
0.35601648688316345 18.826950073242188 -0.03814888000488281 0.2
0.24141548573970795 18.684749603271484 0.03485107421875 0.2
0.054616980254650116 18.701248168945312 0.07685089111328125 0.2
-0.07321421802043915 18.849651336669922 0.06875038146972656 0.2
-0.14072751998901367 19.040348052978516 0.03465080261230469 0.2
-0.2764265239238739 19.179649353027344 0.04125022888183594 0.2
-0.4585545063018799 19.189350128173828 0.11034965515136719 0.2
-0.6405835151672363 19.12874984741211 0.13974952697753906 0.2
-0.7840465307235718 19.053951263427734 0.025949478149414062 0.2
-0.8247235417366028 18.999351501464844 -0.16975021362304688 0.2
-0.6880605220794678 19.023151397705078 -0.3040504455566406 0.2
-0.5025685429573059 19.08985137939453 -0.2725505828857422 0.2
-0.3231455087661743 19.104248046875 -0.1896495819091797 0.2
-0.19374652206897736 18.98094940185547 -0.10465049743652344 0.2
-0.2106185257434845 18.792247772216797 -0.027250289916992188 0.2
-0.35455751419067383 18.694351196289062 0.05735015869140625 0.2
-0.5326254963874817 18.763851165771484 0.042049407958984375 0.2
-0.6162125468254089 18.961349487304688 -0.01824951171875 0.2
-0.693590521812439 19.17675018310547 -0.015350341796875 0.2
-0.86855149269104 19.234249114990234 0.1040496826171875 0.2
-1.028699517250061 19.147750854492188 0.2348499298095703 0.2
-1.1910995244979858 18.998348236083984 0.2492504119873047 0.2
-1.3044495582580566 18.95494842529297 0.05945014953613281 0.2
-1.2797795534133911 19.012847900390625 -0.1647491455078125 0.2
-1.1111195087432861 19.127849578857422 -0.254150390625 0.2
-0.8935915231704712 19.171649932861328 -0.22574996948242188 0.2
-0.718007504940033 19.051250457763672 -0.16594886779785156 0.2
-0.7258185148239136 18.82415008544922 -0.10894966125488281 0.2
-0.8758795261383057 18.744449615478516 0.025850296020507812 0.2
-1.0412395000457764 18.883750915527344 0.09535026550292969 0.2
-1.1757194995880127 19.055450439453125 0.11104965209960938 0.2
-1.369789481163025 19.092350006103516 0.16625022888183594 0.2
-1.5303795337677002 18.97304916381836 0.22705078125 0.2
-1.6639095544815063 18.812549591064453 0.2174510955810547 0.2
-1.7753695249557495 18.753650665283203 0.0516510009765625 0.2
-1.7933895587921143 18.808650970458984 -0.15654945373535156 0.2
-1.685199499130249 18.94445037841797 -0.2613506317138672 0.2
-1.5341495275497437 19.075550079345703 -0.20965003967285156 0.2
-1.3653595447540283 19.150348663330078 -0.1152496337890625 0.2
-1.1907094717025757 19.064350128173828 -0.056949615478515625 0.2
-1.1278694868087769 18.85464859008789 -0.053150177001953125 0.2
-1.2128394842147827 18.667449951171875 -0.04884910583496094 0.2
-1.4107694625854492 18.652450561523438 -0.0006504058837890625 0.2
-1.5733895301818848 18.77214813232422 0.05105018615722656 0.2
-1.7350895404815674 18.898548126220703 0.09975051879882812 0.2
-1.9129995107650757 18.847850799560547 0.183349609375 0.2
-2.0508196353912354 18.70655059814453 0.24464988708496094 0.2
-2.2009294033050537 18.58034896850586 0.19285011291503906 0.2
-2.3028194904327393 18.597747802734375 0.017049789428710938 0.2
-2.2888894081115723 18.6844482421875 -0.17164993286132812 0.2
-2.155109405517578 18.813949584960938 -0.24754905700683594 0.2
-1.9932994842529297 18.920551300048828 -0.1824493408203125 0.2
-1.8097895383834839 18.956748962402344 -0.10255050659179688 0.2
-1.6480695009231567 18.832347869873047 -0.09765052795410156 0.2
-1.5945994853973389 18.628250122070312 -0.120849609375 0.2
-1.701839566230774 18.46125030517578 -0.11495018005371094 0.2
-1.893289566040039 18.44915008544922 -0.04744911193847656 0.2
-2.05264949798584 18.551448822021484 0.03524971008300781 0.2
-2.1762495040893555 18.708351135253906 0.104949951171875 0.2
-2.340529441833496 18.74155044555664 0.2171497344970703 0.2
-2.530839443206787 18.69205093383789 0.2669506072998047 0.2
-2.6729795932769775 18.69805145263672 0.13064956665039062 0.2
-2.6504695415496826 18.770950317382812 -0.06875038146972656 0.2
-2.493729591369629 18.834251403808594 -0.17984962463378906 0.2
-2.302609443664551 18.8426513671875 -0.10795021057128906 0.2
-2.1509695053100586 18.712947845458984 -0.08395004272460938 0.2
-2.0896694660186768 18.516651153564453 -0.1416492462158203 0.2
-2.1656694412231445 18.34375 -0.2091503143310547 0.2
-2.358689546585083 18.28675079345703 -0.18745040893554688 0.2
-2.5196995735168457 18.346149444580078 -0.08015060424804688 0.2
-2.5398895740509033 18.499351501464844 0.0527496337890625 0.2
-2.5174295902252197 18.69934844970703 0.10955047607421875 0.2
-2.6297295093536377 18.865848541259766 0.15954971313476562 0.2
-2.825059413909912 18.921951293945312 0.18704986572265625 0.2
-3.029419422149658 18.933151245117188 0.17385101318359375 0.2
-3.1829495429992676 18.90774917602539 0.03845024108886719 0.2
-3.1405394077301025 18.90705108642578 -0.16334915161132812 0.2
-2.9601895809173584 18.975048065185547 -0.2223491668701172 0.2
-2.7714195251464844 18.997447967529297 -0.15474891662597656 0.2
-2.603229522705078 18.94704818725586 -0.05344963073730469 0.2
-2.506059408187866 18.77035140991211 -0.03585052490234375 0.2
-2.5729095935821533 18.580150604248047 -0.09275054931640625 0.2
-2.7436094284057617 18.482349395751953 -0.1499500274658203 0.2
-2.916149616241455 18.573448181152344 -0.12125015258789062 0.2
-2.9623594284057617 18.764751434326172 -0.06284904479980469 0.2
-2.9510796070098877 18.97344970703125 -0.018350601196289062 0.2
-3.063239574432373 19.125751495361328 0.05385017395019531 0.2
-3.2412595748901367 19.18764877319336 0.13825035095214844 0.2
-3.4336495399475098 19.19234848022461 0.2160511016845703 0.2
-3.624939441680908 19.114849090576172 0.23344993591308594 0.2
-3.681079626083374 18.972049713134766 0.10995101928710938 0.2
-3.5286996364593506 18.997150421142578 -0.03714942932128906 0.2
-3.330719470977783 19.051048278808594 -0.09294891357421875 0.2
-3.13901948928833 19.000450134277344 -0.05294990539550781 0.2
-3.0738096237182617 18.807647705078125 0.034450531005859375 0.2
-3.164909601211548 18.652851104736328 0.1405506134033203 0.2
-3.3774194717407227 18.684551239013672 0.23134994506835938 0.2
-3.5263094902038574 18.871349334716797 0.22875022888183594 0.2
-3.6217095851898193 19.046951293945312 0.08225059509277344 0.2
-3.769009590148926 19.030250549316406 -0.12125015258789062 0.2
-3.7211694717407227 19.120750427246094 -0.3267498016357422 0.2
-3.546659469604492 19.255950927734375 -0.24464988708496094 0.2
-3.4458296298980713 19.21044921875 -0.03795051574707031 0.2
-3.436969518661499 19.013248443603516 0.10634994506835938 0.2
-3.4274394512176514 18.768550872802734 0.056049346923828125 0.2
-3.473369598388672 18.733551025390625 -0.172149658203125 0.2
-3.496159553527832 18.942550659179688 -0.2749500274658203 0.2
-3.574519634246826 19.130050659179688 -0.14024925231933594 0.2
-3.6969895362854004 19.218948364257812 -0.0043506622314453125 0.2
-3.8456594944000244 19.204349517822266 0.12185096740722656 0.2
-4.004849433898926 19.129749298095703 0.20495033264160156 0.2
-4.158639430999756 19.01784896850586 0.18465042114257812 0.2
-4.2493896484375 18.92584991455078 0.03285026550292969 0.2
-4.222679615020752 18.870849609375 -0.15925025939941406 0.2
-4.084829330444336 18.97385025024414 -0.25695037841796875 0.2
-3.9411494731903076 19.112850189208984 -0.21735000610351562 0.2
-3.745269536972046 19.119647979736328 -0.19664955139160156 0.2
-3.645059585571289 18.93185043334961 -0.23654937744140625 0.2
-3.7064194679260254 18.75885009765625 -0.14494895935058594 0.2
-3.856069564819336 18.782848358154297 -0.017950057983398438 0.2
-3.997039318084717 18.925750732421875 0.020349502563476562 0.2
-4.124309539794922 19.082950592041016 0.020250320434570312 0.2
-4.300599575042725 19.137550354003906 0.07724952697753906 0.2
-4.476219654083252 19.095550537109375 0.15275001525878906 0.2
-4.634469509124756 18.994949340820312 0.10785102844238281 0.2
-4.688989639282227 18.892749786376953 -0.05714988708496094 0.2
-4.607039451599121 18.844749450683594 -0.22864913940429688 0.2
-4.4422197341918945 18.929847717285156 -0.26824951171875 0.2
-4.286609649658203 19.017047882080078 -0.1918506622314453 0.2
-4.126429557800293 18.944149017333984 -0.10734939575195312 0.2
-4.0459394454956055 18.76395034790039 -0.04635047912597656 0.2
-4.093289375305176 18.632450103759766 0.08645057678222656 0.2
-4.2682695388793945 18.63064956665039 0.17494964599609375 0.2
-4.4334397315979 18.732250213623047 0.15005111694335938 0.2
-4.480389595031738 18.910247802734375 0.060550689697265625 0.2
-4.5694193840026855 19.07415008544922 -0.006450653076171875 0.2
-4.749629497528076 19.14324951171875 0.02285003662109375 0.2
-4.9355597496032715 19.129348754882812 0.0834503173828125 0.2
-5.111159324645996 19.047748565673828 0.10375022888183594 0.2
-5.221519470214844 18.910449981689453 0.014650344848632812 0.2
-5.200359344482422 18.77975082397461 -0.13974952697753906 0.2
-5.048279285430908 18.818748474121094 -0.2528495788574219 0.2
-4.885619640350342 18.931549072265625 -0.2518501281738281 0.2
-4.706839561462402 18.99625015258789 -0.19955062866210938 0.2
-4.553809642791748 18.907447814941406 -0.10974884033203125 0.2
-4.544339656829834 18.734249114990234 -0.0057506561279296875 0.2
-4.6725993156433105 18.63174819946289 0.10034942626953125 0.2
-4.857499599456787 18.684650421142578 0.11675071716308594 0.2
-4.975659370422363 18.829849243164062 0.05064964294433594 0.2
-5.058559417724609 18.991050720214844 -0.04524993896484375 0.2
-5.220959663391113 19.097850799560547 -0.0639495849609375 0.2
-5.4056396484375 19.13064956665039 -0.004150390625 0.2
-5.587339401245117 19.104248046875 0.06685066223144531 0.2
-5.736969470977783 18.979248046875 0.06024932861328125 0.2
-5.777689456939697 18.80754852294922 -0.042949676513671875 0.2
-5.658649444580078 18.708148956298828 -0.1643505096435547 0.2
-5.486689567565918 18.782447814941406 -0.22175025939941406 0.2
-5.318779468536377 18.88465118408203 -0.21464920043945312 0.2
-5.144409656524658 18.87255096435547 -0.12594985961914062 0.2
-5.091009616851807 18.730648040771484 0.015150070190429688 0.2
-5.184259414672852 18.656848907470703 0.1694507598876953 0.2
-5.366739749908447 18.712749481201172 0.21285057067871094 0.2
-5.508639335632324 18.82394790649414 0.13484954833984375 0.2
-5.586029529571533 18.94704818725586 -0.009149551391601562 0.2
-5.7318596839904785 19.051849365234375 -0.0899505615234375 0.2
-5.91849946975708 19.10234832763672 -0.05105018615722656 0.2
-6.10038948059082 19.102649688720703 0.025350570678710938 0.2
-6.266789436340332 19.007850646972656 0.06514930725097656 0.2
-6.347589492797852 18.837051391601562 -0.0079498291015625 0.2
-6.278909683227539 18.685550689697266 -0.12495040893554688 0.2
-6.104579448699951 18.703750610351562 -0.21234893798828125 0.2
-5.929689407348633 18.794349670410156 -0.23035049438476562 0.2
-5.74916934967041 18.854549407958984 -0.17835044860839844 0.2
-5.640019416809082 18.789447784423828 -0.021650314331054688 0.2
-5.680969715118408 18.69594955444336 0.15195083618164062 0.2
-5.849639415740967 18.685447692871094 0.24555015563964844 0.2
-6.021439552307129 18.762847900390625 0.19104957580566406 0.2
-6.122539520263672 18.872051239013672 0.055950164794921875 0.2
-6.226559638977051 18.979949951171875 -0.07905006408691406 0.2
-6.407829284667969 19.05535125732422 -0.08794975280761719 0.2
-6.5910797119140625 19.082550048828125 -0.019750595092773438 0.2
-6.768989562988281 19.038150787353516 0.05175018310546875 0.2
-6.897829532623291 18.888648986816406 0.0303497314453125 0.2
-6.902509689331055 18.70574951171875 -0.06435012817382812 0.2
-6.75214958190918 18.645248413085938 -0.1739501953125 0.2
-6.574539661407471 18.72024917602539 -0.22394943237304688 0.2
-6.394169330596924 18.803447723388672 -0.21434974670410156 0.2
-6.2336297035217285 18.80255126953125 -0.09885025024414062 0.2
-6.216529369354248 18.70724868774414 0.08325004577636719 0.2
-6.339939594268799 18.65985107421875 0.22735023498535156 0.2
-6.528359413146973 18.709049224853516 0.22954940795898438 0.2
-6.66025972366333 18.80535125732422 0.11675071716308594 0.2
-6.740999698638916 18.910850524902344 -0.040050506591796875 0.2
-6.896849632263184 19.006450653076172 -0.10865020751953125 0.2
-7.079089641571045 19.060848236083984 -0.05825042724609375 0.2
-7.257889747619629 19.063949584960938 0.023349761962890625 0.2
-7.418669700622559 18.957748413085938 0.0545501708984375 0.2
-7.489449501037598 18.779949188232422 -0.013750076293945312 0.2
-7.407159328460693 18.633148193359375 -0.11694908142089844 0.2
-7.229909420013428 18.654251098632812 -0.19894981384277344 0.2
-7.052169322967529 18.737449645996094 -0.21994972229003906 0.2
-6.871129512786865 18.790050506591797 -0.1645488739013672 0.2
-6.780599594116211 18.728450775146484 0.007350921630859375 0.2
-6.839729309082031 18.658748626708984 0.18544960021972656 0.2
-7.016109466552734 18.671951293945312 0.2630500793457031 0.2
-7.179409503936768 18.75374984741211 0.19135093688964844 0.2
-7.266749382019043 18.854549407958984 0.03985023498535156 0.2
-7.375129699707031 18.95785140991211 -0.09345054626464844 0.2
-7.550899505615234 19.043949127197266 -0.08584976196289062 0.2
-7.726429462432861 19.085948944091797 -0.0076503753662109375 0.2
-7.904049396514893 19.037750244140625 0.05795097351074219 0.2
-8.021419525146484 18.886951446533203 0.007049560546875 0.2
-8.015129089355469 18.716751098632812 -0.10414886474609375 0.2
-7.863259315490723 18.660648345947266 -0.20944976806640625 0.2
-7.6780595779418945 18.718849182128906 -0.23875045776367188 0.2
-7.494439601898193 18.776649475097656 -0.20114898681640625 0.2
-7.362679481506348 18.751750946044922 -0.055950164794921875 0.2
-7.373779296875 18.67974853515625 0.13425064086914062 0.2
-7.512289524078369 18.66604995727539 0.2686500549316406 0.2
-7.693139553070068 18.726348876953125 0.2400493621826172 0.2
-7.797269344329834 18.825550079345703 0.10524940490722656 0.2
-7.8673996925354 18.939449310302734 -0.0498504638671875 0.2
-8.023969650268555 19.04745101928711 -0.0946502685546875 0.2
-8.197169303894043 19.10234832763672 -0.018749237060546875 0.2
-8.368339538574219 19.093948364257812 0.07715034484863281 0.2
-8.522649765014648 18.978450775146484 0.09245109558105469 0.2
-8.579819679260254 18.822650909423828 -0.0220489501953125 0.2
-8.507479667663574 18.712650299072266 -0.17154884338378906 0.2
-8.33307933807373 18.73944854736328 -0.25625038146972656 0.2
-8.146729469299316 18.802650451660156 -0.2550506591796875 0.2
-7.9662394523620605 18.821651458740234 -0.18194961547851562 0.2
-7.890299320220947 18.739349365234375 -0.015649795532226562 0.2
-7.94797945022583 18.671749114990234 0.16175079345703125 0.2
-8.120539665222168 18.686050415039062 0.245849609375 0.2
-8.281769752502441 18.767749786376953 0.17605018615722656 0.2
-8.371649742126465 18.892650604248047 0.04705047607421875 0.2
-8.488809585571289 19.01504898071289 -0.055950164794921875 0.2
-8.669699668884277 19.075748443603516 -0.0256500244140625 0.2
-8.839339256286621 19.07244873046875 0.069549560546875 0.2
-8.999129295349121 18.9969482421875 0.148651123046875 0.2
-9.106759071350098 18.854049682617188 0.08465003967285156 0.2
-9.08942985534668 18.785350799560547 -0.10344886779785156 0.2
-8.969039916992188 18.768848419189453 -0.26185035705566406 0.2
-8.786789894104004 18.82244873046875 -0.2956504821777344 0.2
-8.606459617614746 18.87474822998047 -0.2442493438720703 0.2
-8.45773983001709 18.839649200439453 -0.12445068359375 0.2
-8.432669639587402 18.716949462890625 0.03594970703125 0.2
-8.498879432678223 18.632648468017578 0.1972503662109375 0.2
-8.673039436340332 18.631149291992188 0.2630500793457031 0.2
-8.828539848327637 18.690250396728516 0.17045021057128906 0.2
-8.928589820861816 18.820148468017578 0.060649871826171875 0.2
-9.065449714660645 18.94915008544922 -0.009649276733398438 0.2
-9.260769844055176 18.938350677490234 -0.009349822998046875 0.2
-9.448999404907227 18.866649627685547 -0.03344917297363281 0.2
-9.590479850769043 18.832347869873047 -0.1710491180419922 0.2
-9.493889808654785 18.887847900390625 -0.3284492492675781 0.2
-9.302669525146484 18.937850952148438 -0.3499488830566406 0.2
-9.119719505310059 18.951148986816406 -0.27215003967285156 0.2
-8.969879150390625 18.88665008544922 -0.16144943237304688 0.2
-8.92566967010498 18.705650329589844 -0.08745002746582031 0.2
-9.005579948425293 18.526649475097656 -0.07205009460449219 0.2
-9.209209442138672 18.494449615478516 -0.1217498779296875 0.2
-9.333499908447266 18.65884780883789 -0.2082500457763672 0.2
-9.323789596557617 18.893550872802734 -0.194549560546875 0.2
-9.288359642028809 19.107349395751953 -0.12425041198730469 0.2
-9.326689720153809 19.267650604248047 0.022150039672851562 0.2
-9.501569747924805 19.241748809814453 0.1401500701904297 0.2
-9.61099910736084 19.081649780273438 0.03474998474121094 0.2
-9.534619331359863 18.926250457763672 -0.12854957580566406 0.2
-9.47477912902832 18.69915008544922 -0.15654945373535156 0.2
-9.454829216003418 18.586349487304688 0.03594970703125 0.2
-9.436229705810547 18.706748962402344 0.22935104370117188 0.2
-9.353719711303711 18.917247772216797 0.23324966430664062 0.2
-9.379779815673828 19.099048614501953 0.10515022277832031 0.2
-9.522689819335938 19.21405029296875 -0.015350341796875 0.2
-9.722029685974121 19.250751495361328 0.00785064697265625 0.2
-9.886759757995605 19.193347930908203 0.12145042419433594 0.2
-10.000399589538574 19.056049346923828 0.23044967651367188 0.2
-10.065199851989746 18.873149871826172 0.1703510284423828 0.2
-10.072699546813965 18.831649780273438 -0.04134941101074219 0.2
-9.982369422912598 18.878150939941406 -0.22374916076660156 0.2
-9.81818962097168 18.98714828491211 -0.28125 0.2
-9.633169174194336 19.069950103759766 -0.24114990234375 0.2
-9.483129501342773 19.063350677490234 -0.10214996337890625 0.2
-9.476079940795898 18.969249725341797 0.1011505126953125 0.2
-9.611089706420898 18.85464859008789 0.23055076599121094 0.2
-9.81343936920166 18.861351013183594 0.18664932250976562 0.2
-9.98599910736084 18.96125030517578 0.10334968566894531 0.2
-10.190399169921875 18.952648162841797 0.11334991455078125 0.2
-10.316899299621582 18.80915069580078 0.19605064392089844 0.2
-10.446599960327148 18.65264892578125 0.17435073852539062 0.2
-10.548199653625488 18.642650604248047 -0.00334930419921875 0.2
-10.530899047851562 18.720149993896484 -0.1961498260498047 0.2
-10.39579963684082 18.84375 -0.27484893798828125 0.2
-10.235199928283691 18.954547882080078 -0.21915054321289062 0.2
-10.063599586486816 19.003448486328125 -0.12195014953613281 0.2
-9.911739349365234 18.897449493408203 -0.027750015258789062 0.2
-9.833879470825195 18.705150604248047 0.02555084228515625 0.2
-9.944539070129395 18.53784942626953 0.009450912475585938 0.2
-10.150799751281738 18.518150329589844 0.01074981689453125 0.2
-10.320799827575684 18.63174819946289 0.04434967041015625 0.2
-10.477799415588379 18.769847869873047 0.09214973449707031 0.2
-10.65149974822998 18.739547729492188 0.1956501007080078 0.2
-10.82129955291748 18.634750366210938 0.24374961853027344 0.2
-10.979199409484863 18.621047973632812 0.12375068664550781 0.2
-10.99579906463623 18.721851348876953 -0.06234931945800781 0.2
-10.863899230957031 18.818248748779297 -0.18614959716796875 0.2
-10.66919994354248 18.87004852294922 -0.1488494873046875 0.2
-10.477499961853027 18.827648162841797 -0.095550537109375 0.2
-10.359899520874023 18.656448364257812 -0.11044883728027344 0.2
-10.35099983215332 18.450347900390625 -0.1481494903564453 0.2
-10.513699531555176 18.335147857666016 -0.16464996337890625 0.2
-10.70789909362793 18.364151000976562 -0.104949951171875 0.2
-10.80459976196289 18.497447967529297 0.017549514770507812 0.2
-10.84939956665039 18.687450408935547 0.10074996948242188 0.2
-11.011399269104004 18.78424835205078 0.17905044555664062 0.2
-11.209699630737305 18.744049072265625 0.2106494903564453 0.2
-11.399499893188477 18.68914794921875 0.15945053100585938 0.2
-11.525099754333496 18.739749908447266 0.0003509521484375 0.2
-11.519399642944336 18.85144805908203 -0.1817493438720703 0.2
-11.343999862670898 18.941551208496094 -0.21735000610351562 0.2
-11.15739917755127 18.953651428222656 -0.1304492950439453 0.2
-10.976499557495117 18.909351348876953 -0.042949676513671875 0.2
-10.84489917755127 18.754749298095703 -0.045848846435546875 0.2
-10.87239933013916 18.55875015258789 -0.1253490447998047 0.2
-11.021899223327637 18.436649322509766 -0.194549560546875 0.2
-11.213799476623535 18.492748260498047 -0.1699504852294922 0.2
-11.31719970703125 18.637248992919922 -0.060649871826171875 0.2
-11.372299194335938 18.808448791503906 0.05845069885253906 0.2
-11.52389907836914 18.876251220703125 0.18095016479492188 0.2
-11.706399917602539 18.84925079345703 0.2803497314453125 0.2
-11.908899307250977 18.797950744628906 0.29034996032714844 0.2
-12.006499290466309 18.85464859008789 0.12414932250976562 0.2
-11.893399238586426 18.97045135498047 -0.0238494873046875 0.2
-11.695599555969238 19.01074981689453 -0.07674980163574219 0.2
-11.500799179077148 18.945449829101562 -0.06335067749023438 0.2
-11.417899131774902 18.761951446533203 -0.12604904174804688 0.2
-11.495699882507324 18.571849822998047 -0.1741504669189453 0.2
-11.676299095153809 18.496448516845703 -0.12965011596679688 0.2
-11.80989933013916 18.573650360107422 0.0072498321533203125 0.2
-11.86829948425293 18.76504898071289 0.14405059814453125 0.2
-11.984699249267578 18.969249725341797 0.2151508331298828 0.2
-12.211799621582031 18.991249084472656 0.16065025329589844 0.2
-12.39069938659668 18.949249267578125 0.007450103759765625 0.2
-12.427799224853516 18.893951416015625 -0.22284889221191406 0.2
-12.281899452209473 19.020648956298828 -0.3432502746582031 0.2
-12.117799758911133 19.155548095703125 -0.2382488250732422 0.2
-11.971999168395996 19.172550201416016 -0.051448822021484375 0.2
-11.83169937133789 19.045551300048828 0.08365058898925781 0.2
-11.824899673461914 18.81494903564453 0.02465057373046875 0.2
-11.94379997253418 18.709148406982422 -0.15634918212890625 0.2
-12.098899841308594 18.866348266601562 -0.22934913635253906 0.2
-12.194299697875977 19.027149200439453 -0.1419506072998047 0.2
-12.303299903869629 19.130847930908203 -0.00894927978515625 0.2
-12.436999320983887 19.147048950195312 0.13535118103027344 0.2
-12.60059928894043 19.093948364257812 0.22705078125 0.2
-12.755499839782715 19.017047882080078 0.1439495086669922 0.2
-12.791999816894531 18.966949462890625 -0.05084991455078125 0.2
-12.68019962310791 18.966449737548828 -0.21344947814941406 0.2
-12.490199089050293 19.030048370361328 -0.21504974365234375 0.2
-12.31089973449707 18.942550659179688 -0.18165016174316406 0.2
-12.21769905090332 18.75605010986328 -0.13864898681640625 0.2
-12.286299705505371 18.62554931640625 -0.0058498382568359375 0.2
-12.446699142456055 18.62765121459961 0.10905075073242188 0.2
-12.571799278259277 18.773448944091797 0.1289501190185547 0.2
-12.594599723815918 18.970348358154297 0.08715057373046875 0.2
-12.692999839782715 19.140148162841797 0.06514930725097656 0.2
-12.871099472045898 19.196849822998047 0.11585044860839844 0.2
-13.052999496459961 19.16884994506836 0.18054962158203125 0.2
-13.226699829101562 19.083648681640625 0.17514991760253906 0.2
-13.326099395751953 19.00054931640625 0.025150299072265625 0.2
-13.310199737548828 18.942848205566406 -0.1714496612548828 0.2
-13.160399436950684 18.986549377441406 -0.28125 0.2
-12.986899375915527 19.071849822998047 -0.2538490295410156 0.2
-12.813599586486816 19.117549896240234 -0.1761493682861328 0.2
-12.664799690246582 19.029048919677734 -0.08984947204589844 0.2
-12.655799865722656 18.834148406982422 -0.03795051574707031 0.2
-12.768699645996094 18.690547943115234 0.03515052795410156 0.2
-12.955299377441406 18.70494842529297 0.07814979553222656 0.2
-13.083699226379395 18.852550506591797 0.07004928588867188 0.2
-13.151199340820312 19.043148040771484 0.035449981689453125 0.2
-13.285699844360352 19.183650970458984 0.04075050354003906 0.2
-13.467799186706543 19.19464874267578 0.10925102233886719 0.2
-13.650199890136719 19.134849548339844 0.13735008239746094 0.2
-13.792899131774902 19.06114959716797 0.021551132202148438 0.2
-13.832099914550781 19.006149291992188 -0.17424964904785156 0.2
-13.692899703979492 19.03044891357422 -0.30574989318847656 0.2
-13.507499694824219 19.095951080322266 -0.2715492248535156 0.2
-13.328499794006348 19.10784912109375 -0.1876506805419922 0.2
-13.202499389648438 18.980648040771484 -0.1031494140625 0.2
-13.222099304199219 18.79275131225586 -0.025449752807617188 0.2
-13.36769962310791 18.697750091552734 0.0592498779296875 0.2
-13.54439926147461 18.76974868774414 0.04215049743652344 0.2
-13.624999046325684 18.968250274658203 -0.019649505615234375 0.2
-13.699799537658691 19.1844482421875 -0.0173492431640625 0.2
-13.873499870300293 19.244251251220703 0.10255050659179688 0.2
-14.033499717712402 19.159648895263672 0.2348499298095703 0.2
-14.196199417114258 19.010948181152344 0.25054931640625 0.2
-14.309399604797363 18.96704864501953 0.0610504150390625 0.2
-14.285099983215332 19.023548126220703 -0.16354942321777344 0.2
-14.116399765014648 19.136951446533203 -0.2547492980957031 0.2
-13.898599624633789 19.179248809814453 -0.22694969177246094 0.2
-13.725099563598633 19.055850982666016 -0.16684913635253906 0.2
-13.735899925231934 18.82925033569336 -0.10815048217773438 0.2
-13.886099815368652 18.753849029541016 0.028650283813476562 0.2
-14.049099922180176 18.896350860595703 0.09745025634765625 0.2
-14.182999610900879 19.068649291992188 0.11215019226074219 0.2
-14.377099990844727 19.104049682617188 0.16755104064941406 0.2
-14.536799430847168 18.983848571777344 0.22875022888183594 0.2
-14.668499946594238 18.82204818725586 0.2178497314453125 0.2
-14.777199745178223 18.763648986816406 0.05005073547363281 0.2
-14.793599128723145 18.81924819946289 -0.158050537109375 0.2
-14.68649959564209 18.95615005493164 -0.2621498107910156 0.2
-14.536599159240723 19.08824920654297 -0.21055030822753906 0.2
-14.368199348449707 19.162750244140625 -0.11565017700195312 0.2
-14.194899559020996 19.075050354003906 -0.0563507080078125 0.2
-14.133699417114258 18.864849090576172 -0.051349639892578125 0.2
-14.21929931640625 18.678050994873047 -0.04554939270019531 0.2
-14.416899681091309 18.664649963378906 0.003749847412109375 0.2
-14.578899383544922 18.786048889160156 0.05355072021484375 0.2
-14.742399215698242 18.90924835205078 0.10225105285644531 0.2
-14.91819953918457 18.853450775146484 0.18645095825195312 0.2
-15.053899765014648 18.709449768066406 0.24595069885253906 0.2
-15.202999114990234 18.586750030517578 0.1862506866455078 0.2
-15.298199653625488 18.608551025390625 0.007049560546875 0.2
-15.279499053955078 18.696147918701172 -0.18104934692382812 0.2
-15.144499778747559 18.828250885009766 -0.24914932250976562 0.2
-14.98449993133545 18.9344482421875 -0.17914962768554688 0.2
-14.800199508666992 18.964950561523438 -0.10014915466308594 0.2
-14.643499374389648 18.833351135253906 -0.09844970703125 0.2
-14.593399047851562 18.629051208496094 -0.12134933471679688 0.2
-14.706999778747559 18.46685028076172 -0.11364936828613281 0.2
-14.898299217224121 18.46004867553711 -0.04514884948730469 0.2
-15.05479907989502 18.567150115966797 0.036449432373046875 0.2
-15.176899909973145 18.723251342773438 0.10844993591308594 0.2
-15.337599754333496 18.753150939941406 0.22694969177246094 0.2
-15.52929973602295 18.70874786376953 0.27174949645996094 0.2
-15.65939998626709 18.721450805664062 0.12475013732910156 0.2
-15.62079906463623 18.79254913330078 -0.07354927062988281 0.2
-15.452499389648438 18.847747802734375 -0.16894912719726562 0.2
-15.262199401855469 18.83395004272461 -0.09625053405761719 0.2
-15.128399848937988 18.681751251220703 -0.09594917297363281 0.2
-15.085399627685547 18.48365020751953 -0.16085052490234375 0.2
-15.197799682617188 18.329349517822266 -0.2156505584716797 0.2
-15.393099784851074 18.298351287841797 -0.17135047912597656 0.2
-15.530599594116211 18.380451202392578 -0.04694938659667969 0.2
-15.520899772644043 18.542850494384766 0.07765007019042969 0.2
-15.50999927520752 18.74734878540039 0.12495040893554688 0.2
-15.64069938659668 18.90074920654297 0.1683502197265625 0.2
-15.839699745178223 18.949451446533203 0.1829509735107422 0.2
-16.0408992767334 18.958450317382812 0.14515113830566406 0.2
-16.16629981994629 18.92715072631836 -0.020050048828125 0.2
-16.080799102783203 18.944950103759766 -0.20335006713867188 0.2
-15.890899658203125 19.008148193359375 -0.22735023498535156 0.2
-15.708699226379395 19.016250610351562 -0.13974952697753906 0.2
-15.550799369812012 18.942951202392578 -0.036350250244140625 0.2
-15.48639965057373 18.749351501464844 -0.033050537109375 0.2
-15.581199645996094 18.56985092163086 -0.091949462890625 0.2
-15.767499923706055 18.5135498046875 -0.1457500457763672 0.2
-15.913899421691895 18.64474868774414 -0.10894966125488281 0.2
-15.928099632263184 18.850448608398438 -0.06464958190917969 0.2
-15.939299583435059 19.052249908447266 -0.010349273681640625 0.2
-16.081499099731445 19.17354965209961 0.06995010375976562 0.2
-16.26369857788086 19.212448120117188 0.15995025634765625 0.2
-16.452999114990234 19.184947967529297 0.242950439453125 0.2
-16.62339973449707 19.067848205566406 0.24464988708496094 0.2
-16.6210994720459 18.965248107910156 0.07425117492675781 0.2
-16.471698760986328 19.038848876953125 -0.06794929504394531 0.2
-16.275699615478516 19.086750030517578 -0.11184883117675781 0.2
-16.093700408935547 19.013648986816406 -0.06114959716796875 0.2
-16.045700073242188 18.81694793701172 0.03025054931640625 0.2
-16.145898818969727 18.672950744628906 0.14025115966796875 0.2
-16.353500366210938 18.727149963378906 0.2330493927001953 0.2
-16.494600296020508 18.919048309326172 0.2165508270263672 0.2
-16.63519859313965 19.066448211669922 0.07794952392578125 0.2
-16.800399780273438 18.99985122680664 -0.08975028991699219 0.2
-16.79319953918457 19.01504898071289 -0.32124900817871094 0.2
-16.645000457763672 19.192550659179688 -0.33194923400878906 0.2
-16.505800247192383 19.262550354003906 -0.1546497344970703 0.2
-16.432600021362305 19.153549194335938 0.0404510498046875 0.2
-16.39729881286621 18.915050506591797 0.11104965209960938 0.2
-16.399799346923828 18.735748291015625 -0.04554939270019531 0.2
-16.465099334716797 18.822650909423828 -0.25314903259277344 0.2
-16.537099838256836 19.044849395751953 -0.2326488494873047 0.2
-16.64349937438965 19.16415023803711 -0.10214996337890625 0.2
-16.758399963378906 19.22515106201172 0.046649932861328125 0.2
-16.886098861694336 19.185951232910156 0.18955039978027344 0.2
-17.047399520874023 19.091751098632812 0.2225494384765625 0.2
-17.15169906616211 19.011550903320312 0.07945060729980469 0.2
-17.138999938964844 18.968547821044922 -0.12324905395507812 0.2
-16.995100021362305 19.045448303222656 -0.23274993896484375 0.2
-16.800100326538086 19.091751098632812 -0.21574974060058594 0.2
-16.65329933166504 18.937149047851562 -0.2380504608154297 0.2
-16.636699676513672 18.74005126953125 -0.16864967346191406 0.2
-16.759599685668945 18.67755126953125 -0.024549484252929688 0.2
-16.89780044555664 18.776748657226562 0.073150634765625 0.2
-16.95039939880371 18.976551055908203 0.07475090026855469 0.2
-17.04509925842285 19.148948669433594 0.05525016784667969 0.2
-17.22519874572754 19.210948944091797 0.08955001831054688 0.2
-17.410900115966797 19.181949615478516 0.14025115966796875 0.2
-17.578298568725586 19.08544921875 0.13845062255859375 0.2
-17.669300079345703 18.95895004272461 0.017450332641601562 0.2
-17.646299362182617 18.84844970703125 -0.1499500274658203 0.2
-17.499799728393555 18.887248992919922 -0.2622489929199219 0.2
-17.357500076293945 19.01824951171875 -0.2438507080078125 0.2
-17.20599937438965 19.112850189208984 -0.16804885864257812 0.2
-17.045499801635742 19.04024887084961 -0.08925056457519531 0.2
-17.017099380493164 18.844051361083984 -0.04434967041015625 0.2
-17.117799758911133 18.70384979248047 0.0480499267578125 0.2
-17.300100326538086 18.73944854736328 0.0993499755859375 0.2
-17.426898956298828 18.887847900390625 0.06785011291503906 0.2
-17.51219940185547 19.058349609375 -0.00785064697265625 0.2
-17.67259979248047 19.165748596191406 -0.010549545288085938 0.2
-17.85249900817871 19.18185043334961 0.06324958801269531 0.2
-18.031999588012695 19.128150939941406 0.11264991760253906 0.2
-18.164600372314453 19.00674819946289 0.03784942626953125 0.2
-18.196298599243164 18.86894989013672 -0.10745048522949219 0.2
-18.073299407958984 18.82175064086914 -0.2438507080078125 0.2
-17.899799346923828 18.905750274658203 -0.26745033264160156 0.2
-17.729598999023438 18.988548278808594 -0.22044944763183594 0.2
-17.56879997253418 18.94485092163086 -0.120849609375 0.2
-17.522899627685547 18.79104995727539 0.006450653076171875 0.2
-17.605998992919922 18.68634796142578 0.14895057678222656 0.2
-17.79159927368164 18.707347869873047 0.18844985961914062 0.2
-17.929399490356445 18.827449798583984 0.12244987487792969 0.2
-17.987199783325195 18.986549377441406 0.010450363159179688 0.2
-18.088499069213867 19.138648986816406 -0.055950164794921875 0.2
-18.24959945678711 19.226051330566406 0.0052509307861328125 0.2
-18.41189956665039 19.249649047851562 0.10995101928710938 0.2
-18.587099075317383 19.187049865722656 0.15635108947753906 0.2
-18.694599151611328 19.065650939941406 0.04535102844238281 0.2
-18.691299438476562 18.946147918701172 -0.119049072265625 0.2
-18.548999786376953 18.912548065185547 -0.24065017700195312 0.2
-18.362998962402344 18.965648651123047 -0.25894927978515625 0.2
-18.177398681640625 18.991050720214844 -0.2102489471435547 0.2
-18.06060028076172 18.888648986816406 -0.0910491943359375 0.2
-18.077899932861328 18.755748748779297 0.05814933776855469 0.2
-18.202598571777344 18.713550567626953 0.1988506317138672 0.2
-18.37259864807129 18.798049926757812 0.22014999389648438 0.2
-18.477399826049805 18.94635009765625 0.14674949645996094 0.2
-18.530500411987305 19.109249114990234 0.03574943542480469 0.2
-18.662899017333984 19.246349334716797 0.00045013427734375 0.2
-18.837099075317383 19.29344940185547 0.07374954223632812 0.2
-19.02400016784668 19.27014923095703 0.1170501708984375 0.2
-19.1742000579834 19.209548950195312 0.00965118408203125 0.2
-19.21430015563965 19.14495086669922 -0.17625045776367188 0.2
-19.09739875793457 19.099048614501953 -0.32234954833984375 0.2
-18.901599884033203 19.113250732421875 -0.3189506530761719 0.2
-18.721799850463867 19.115249633789062 -0.239349365234375 0.2
-18.581600189208984 19.04254913330078 -0.12364959716796875 0.2
-18.572898864746094 18.89215087890625 0.012350082397460938 0.2
-18.669599533081055 18.791748046875 0.149749755859375 0.2
-18.855899810791016 18.80794906616211 0.18305015563964844 0.2
-18.99169921875 18.929649353027344 0.07374954223632812 0.2
-19.01289939880371 19.13705062866211 -0.023050308227539062 0.2
-19.083499908447266 19.345550537109375 -0.03954887390136719 0.2
-19.25429916381836 19.405651092529297 0.08115005493164062 0.2
-19.41320037841797 19.338848114013672 0.22114944458007812 0.2
-19.56399917602539 19.19554901123047 0.2991504669189453 0.2
-19.718299865722656 19.07685089111328 0.2073497772216797 0.2
-19.78499984741211 19.110450744628906 -0.00054931640625 0.2
-19.73029899597168 19.183151245117188 -0.20314979553222656 0.2
-19.564599990844727 19.284950256347656 -0.3031501770019531 0.2
-19.350000381469727 19.329349517822266 -0.30554962158203125 0.2
-19.141799926757812 19.28675079345703 -0.2516498565673828 0.2
-19.0625 19.100250244140625 -0.16925048828125 0.2
-19.141300201416016 18.924148559570312 -0.08964920043945312 0.2
-19.297100067138672 18.878948211669922 0.029449462890625 0.2
-19.452598571777344 18.990848541259766 0.10124969482421875 0.2
-19.578399658203125 19.156848907470703 0.1197509765625 0.2
-19.747299194335938 19.25674819946289 0.17264938354492188 0.2
-19.93389892578125 19.21215057373047 0.24374961853027344 0.2
-20.114299774169922 19.14495086669922 0.18885040283203125 0.2
-20.202699661254883 19.12004852294922 0.0043506622314453125 0.2
-20.193899154663086 19.143348693847656 -0.20114898681640625 0.2
-20.050800323486328 19.24884796142578 -0.2835502624511719 0.2
-19.886798858642578 19.335750579833984 -0.20335006713867188 0.2
-19.717199325561523 19.330448150634766 -0.09564971923828125 0.2
-19.584199905395508 19.18505096435547 -0.05475044250488281 0.2
-19.518400192260742 18.98965072631836 -0.07534980773925781 0.2
-19.595699310302734 18.81985092163086 -0.140350341796875 0.2
-19.784500122070312 18.766048431396484 -0.17824935913085938 0.2
-19.963298797607422 18.846149444580078 -0.16424942016601562 0.2
-20.02429962158203 19.035350799560547 -0.12874984741210938 0.2
-20.093198776245117 19.22344970703125 -0.10084915161132812 0.2
-20.281999588012695 19.277549743652344 -0.10045051574707031 0.2
-20.453399658203125 19.274948120117188 0.015350341796875 0.2
-20.422199249267578 19.354450225830078 0.18725013732910156 0.2
-20.23200035095215 19.381149291992188 0.19645118713378906 0.2
-20.068300247192383 19.315650939941406 0.10535049438476562 0.2
-19.99020004272461 19.14025115966797 0.06175041198730469 0.2
-20.044198989868164 18.94715118408203 0.051849365234375 0.2
-20.194499969482422 18.804649353027344 0.009950637817382812 0.2
-20.3971004486084 18.847549438476562 0.01544952392578125 0.2
-20.430500030517578 19.036949157714844 0.0657501220703125 0.2
-20.33650016784668 19.245948791503906 0.07205009460449219 0.2
-20.435199737548828 19.390548706054688 -0.05554962158203125 0.2
-20.590700149536133 19.26865005493164 -0.14604949951171875 0.2
-20.60759925842285 19.058849334716797 -0.0957489013671875 0.2
-20.456199645996094 18.97344970703125 0.04174995422363281 0.2
