4.2352399826049805 9.770610809326172 0.04331304877996445 0.2
4.2215800285339355 9.778009414672852 0.1719581037759781 0.2
4.162950038909912 9.84341049194336 0.2737590968608856 0.2
4.062459945678711 9.936309814453125 0.2605890929698944 0.2
3.960019826889038 9.981710433959961 0.18888409435749054 0.2
3.849799871444702 9.981809616088867 0.11999639868736267 0.2
3.738499879837036 9.959209442138672 0.06086479872465134 0.2
3.6266098022460938 9.93610954284668 0.0030103959143161774 0.2
3.513429880142212 9.922510147094727 -0.05560160428285599 0.2
3.398549795150757 9.915109634399414 -0.10987690091133118 0.2
3.2710697650909424 9.878210067749023 -0.13296189904212952 0.2
3.1942198276519775 9.810810089111328 -0.03792800009250641 0.2
3.1820199489593506 9.814109802246094 0.09459680318832397 0.2
3.222479820251465 9.884710311889648 0.20397210121154785 0.2
3.3336598873138428 9.942510604858398 0.25257009267807007 0.2
3.4582698345184326 9.96841049194336 0.2686960995197296 0.2
3.584059953689575 9.987110137939453 0.2792060971260071 0.2
3.7103497982025146 10.002510070800781 0.29010310769081116 0.2
3.8396098613739014 10.001510620117188 0.3104170858860016 0.2
3.9594898223876953 9.967109680175781 0.36887508630752563 0.2
4.044379711151123 9.92361068725586 0.46306708455085754 0.2
4.087029933929443 9.884109497070312 0.5807220935821533 0.2
4.087909698486328 9.862710952758789 0.7084060907363892 0.2
4.068659782409668 9.857110977172852 0.8355711102485657 0.2
4.02524995803833 9.884809494018555 0.9508311152458191 0.2
3.9323699474334717 9.960210800170898 1.0025761127471924 0.2
3.8219099044799805 10.016109466552734 0.9916480779647827 0.2
3.706519842147827 10.040109634399414 0.9663801193237305 0.2
3.5918498039245605 10.036809921264648 0.9372801184654236 0.2
3.4792897701263428 10.022211074829102 0.90813809633255 0.2
3.366999864578247 10.004510879516602 0.8798540830612183 0.2
3.254119873046875 9.982709884643555 0.8565480709075928 0.2
3.1409897804260254 9.950510025024414 0.8497970700263977 0.2
3.0338499546051025 9.906709671020508 0.8805841207504272 0.2
2.9486398696899414 9.877010345458984 0.961725115776062 0.2
2.905369758605957 9.889110565185547 1.0763200521469116 0.2
2.931619882583618 9.958410263061523 1.1780500411987305 0.2
3.027639865875244 10.027210235595703 1.2091600894927979 0.2
3.1411099433898926 10.05990982055664 1.2063400745391846 0.2
3.2560598850250244 10.078510284423828 1.1970300674438477 0.2
3.371769905090332 10.091510772705078 1.1861400604248047 0.2
3.4880998134613037 10.097410202026367 1.1748400926589966 0.2
3.604519844055176 10.096611022949219 1.1639200448989868 0.2
3.721169948577881 10.085809707641602 1.1529101133346558 0.2
3.835709810256958 10.051111221313477 1.1472101211547852 0.2
3.9393198490142822 9.989009857177734 1.1563301086425781 0.2
4.0176496505737305 9.900810241699219 1.1876901388168335 0.2
4.044009685516357 9.804611206054688 1.25816011428833 0.2
4.02603006362915 9.735410690307617 1.3536001443862915 0.2
3.9869797229766846 9.692710876464844 1.4597101211547852 0.2
3.9216699600219727 9.687810897827148 1.571640133857727 0.2
3.8214898109436035 9.759210586547852 1.626690149307251 0.2
3.738879919052124 9.85000991821289 1.5683001279830933 0.2
3.6645798683166504 9.897510528564453 1.4707701206207275 0.2
3.5824599266052246 9.904409408569336 1.3711100816726685 0.2
3.498029947280884 9.89491081237793 1.2762200832366943 0.2
3.4131698608398438 9.88701057434082 1.1816301345825195 0.2
3.3270199298858643 9.885709762573242 1.0880601406097412 0.2
3.2314698696136475 9.879209518432617 1.0015060901641846 0.2
3.104869842529297 9.826410293579102 0.9793521165847778 0.2
3.021199941635132 9.780410766601562 1.0768901109695435 0.2
2.9759998321533203 9.806209564208984 1.1981600522994995 0.2
3.011129856109619 9.876409530639648 1.3096301555633545 0.2
3.1162197589874268 9.907909393310547 1.3819200992584229 0.2
3.2317497730255127 9.915609359741211 1.4349100589752197 0.2
3.3483798503875732 9.919610977172852 1.4852300882339478 0.2
3.4648098945617676 9.917909622192383 1.5376100540161133 0.2
3.5758697986602783 9.890010833740234 1.6065500974655151 0.2
3.6515297889709473 9.835411071777344 1.7063801288604736 0.2
3.683189868927002 9.783210754394531 1.8229000568389893 0.2
3.665989875793457 9.751710891723633 1.948430061340332 0.2
3.615839958190918 9.749710083007812 2.0663001537323 0.2
3.5478098392486572 9.773710250854492 2.1733601093292236 0.2
3.456969738006592 9.845211029052734 2.226830005645752 0.2
3.3586299419403076 9.919809341430664 2.1919500827789307 0.2
3.2632598876953125 9.960710525512695 2.128159999847412 0.2
3.1665897369384766 9.972509384155273 2.0586800575256348 0.2
3.0711097717285156 9.967309951782227 1.9902701377868652 0.2
2.9756698608398438 9.958410263061523 1.9226100444793701 0.2
2.878509759902954 9.948310852050781 1.857470154762268 0.2
2.7756497859954834 9.931711196899414 1.8024301528930664 0.2
2.6645898818969727 9.900310516357422 1.773690104484558 0.2
2.550989866256714 9.865110397338867 1.7940500974655151 0.2
2.4545297622680664 9.859109878540039 1.8684000968933105 0.2
2.4032199382781982 9.899909973144531 1.9735500812530518 0.2
2.4383697509765625 9.981809616088867 2.0620200634002686 0.2
2.538179874420166 10.035310745239258 2.1064000129699707 0.2
2.649789810180664 10.05841064453125 2.1361100673675537 0.2
2.7632899284362793 10.072410583496094 2.16290020942688 0.2
2.877959728240967 10.078210830688477 2.189030170440674 0.2
2.992299795150757 10.073709487915039 2.21655011177063 0.2
3.105449914932251 10.061710357666016 2.2459499835968018 0.2
3.2168898582458496 10.036710739135742 2.2784900665283203 0.2
3.3185698986053467 9.987911224365234 2.322230100631714 0.2
3.3981199264526367 9.917510986328125 2.381270170211792 0.2
3.433729887008667 9.830610275268555 2.4603099822998047 0.2
3.405789852142334 9.761909484863281 2.5561001300811768 0.2
3.3433098793029785 9.728410720825195 2.6499199867248535 0.2
3.258089780807495 9.725309371948242 2.741330146789551 0.2
3.1476798057556152 9.77811050415039 2.792800188064575 0.2
3.068499803543091 9.872110366821289 2.7327401638031006 0.2
3.0311999320983887 9.926509857177734 2.6173501014709473 0.2
2.9877097606658936 9.934110641479492 2.4949300289154053 0.2
2.9373598098754883 9.914909362792969 2.379350185394287 0.2
2.88638973236084 9.893310546875 2.265050172805786 0.2
2.8359498977661133 9.881811141967773 2.1488900184631348 0.2
2.7821598052978516 9.878610610961914 2.033900260925293 0.2
2.7062597274780273 9.855310440063477 1.9249800443649292 0.2
2.5861599445343018 9.783910751342773 1.9161300659179688 0.2
2.490299940109253 9.766410827636719 2.0044901371002197 0.2
2.42726993560791 9.818510055541992 2.108450174331665 0.2
2.45173978805542 9.891210556030273 2.219060182571411 0.2
2.5339999198913574 9.924610137939453 2.313920021057129 0.2
2.6260297298431396 9.94120979309082 2.399670124053955 0.2
2.7193398475646973 9.954610824584961 2.484640121459961 0.2
2.8120999336242676 9.961910247802734 2.572050094604492 0.2
2.894929885864258 9.94240951538086 2.6748101711273193 0.2
2.936649799346924 9.89480972290039 2.796030044555664 0.2
2.9332098960876465 9.84330940246582 2.917680025100708 0.2
2.8762097358703613 9.806110382080078 3.0288901329040527 0.2
2.7838997840881348 9.802810668945312 3.118990182876587 0.2
2.6727397441864014 9.857610702514648 3.1674001216888428 0.2
2.5760498046875 9.932609558105469 3.130230188369751 0.2
2.492079734802246 9.98090934753418 3.0548901557922363 0.2
2.414289951324463 10.000810623168945 2.9645299911499023 0.2
2.3426997661590576 9.996910095214844 2.871080160140991 0.2
2.272939920425415 9.985610961914062 2.7777600288391113 0.2
2.201809883117676 9.972410202026367 2.685650110244751 0.2
2.124189853668213 9.954610824584961 2.599400043487549 0.2
2.033029794692993 9.924510955810547 2.5304200649261475 0.2
1.9242998361587524 9.88541030883789 2.4996399879455566 0.2
1.8068997859954834 9.866310119628906 2.523159980773926 0.2
1.710359811782837 9.890609741210938 2.593950033187866 0.2
1.6802898645401 9.966711044311523 2.688800096511841 0.2
1.742339849472046 10.038110733032227 2.7672300338745117 0.2
1.8365697860717773 10.07090950012207 2.8307201862335205 0.2
1.9354498386383057 10.08871078491211 2.8911001682281494 0.2
2.035799741744995 10.100210189819336 2.9509201049804688 0.2
2.136739730834961 10.102409362792969 3.0111300945281982 0.2
2.236499786376953 10.095609664916992 3.0726799964904785 0.2
2.335709810256958 10.080810546875 3.1340200901031494 0.2
2.4324398040771484 10.048009872436523 3.1955699920654297 0.2
2.514539957046509 9.988510131835938 3.260740041732788 0.2
2.568579912185669 9.904010772705078 3.3290300369262695 0.2
2.5643999576568604 9.807109832763672 3.405060052871704 0.2
2.494799852371216 9.74631118774414 3.483690023422241 0.2
2.4019298553466797 9.726810455322266 3.554340124130249 0.2
2.289609909057617 9.739810943603516 3.6168200969696045 0.2
2.175259828567505 9.809810638427734 3.622610092163086 0.2
2.132459878921509 9.902111053466797 3.5305800437927246 0.2
2.1304898262023926 9.947410583496094 3.405980110168457 0.2
2.1196799278259277 9.948610305786133 3.2768001556396484 0.2
2.1002798080444336 9.9287109375 3.1522600650787354 0.2
2.0796897411346436 9.909910202026367 3.028210163116455 0.2
2.0593597888946533 9.900909423828125 2.9033401012420654 0.2
2.0356597900390625 9.897710800170898 2.779090166091919 0.2
1.9831498861312866 9.8673095703125 2.658790111541748 0.2
1.8623098134994507 9.797210693359375 2.6404101848602295 0.2
1.7461698055267334 9.794010162353516 2.704440116882324 0.2
1.672739863395691 9.860309600830078 2.7967000007629395 0.2
1.6920897960662842 9.919910430908203 2.9159700870513916 0.2
1.752249836921692 9.943710327148438 3.0269601345062256 0.2
1.818849802017212 9.959110260009766 3.1345701217651367 0.2
1.8857297897338867 9.972209930419922 3.2423200607299805 0.2
1.94927978515625 9.974411010742188 3.3548901081085205 0.2
1.9868398904800415 9.943910598754883 3.4823901653289795 0.2
1.974639892578125 9.895610809326172 3.6084702014923096 0.2
1.916299819946289 9.847810745239258 3.7167201042175293 0.2
1.8152798414230347 9.821210861206055 3.794140100479126 0.2
1.6927998065948486 9.835710525512695 3.8410401344299316 0.2
1.582589864730835 9.906009674072266 3.8266801834106445 0.2
1.5103797912597656 9.97191047668457 3.7479300498962402 0.2
1.4536998271942139 10.011510848999023 3.646620035171509 0.2
1.4072598218917847 10.020910263061523 3.536400079727173 0.2
1.3660598993301392 10.011909484863281 3.4266300201416016 0.2
1.3255997896194458 9.99860954284668 3.317340135574341 0.2
1.282869815826416 9.98291015625 3.2091901302337646 0.2
1.2314298152923584 9.960809707641602 3.1056501865386963 0.2
1.1606898307800293 9.924909591674805 3.0176501274108887 0.2
1.0601298809051514 9.88340950012207 2.9655799865722656 0.2
0.9393338561058044 9.869211196899414 2.9654700756073 0.2
0.8321438431739807 9.903209686279297 3.0172600746154785 0.2
0.7978308200836182 9.983709335327148 3.1072001457214355 0.2
0.8472068309783936 10.042610168457031 3.2006900310516357 0.2
0.91951984167099 10.069709777832031 3.2898001670837402 0.2
0.9951178431510925 10.086610794067383 3.377760171890259 0.2
1.072299838066101 10.097509384155273 3.4655702114105225 0.2
1.1499398946762085 10.099809646606445 3.553719997406006 0.2
1.226929783821106 10.094810485839844 3.642160177230835 0.2
1.3047398328781128 10.081010818481445 3.7296600341796875 0.2
1.3792297840118408 10.045209884643555 3.8162600994110107 0.2
1.437579870223999 9.980810165405273 3.9001901149749756 0.2
1.465539813041687 9.889909744262695 3.9762001037597656 0.2
1.4279497861862183 9.790609359741211 4.039420127868652 0.2
1.3344398736953735 9.729610443115234 4.08581018447876 0.2
1.2213598489761353 9.703910827636719 4.120980262756348 0.2
1.092349886894226 9.715709686279297 4.135700225830078 0.2
0.9969808459281921 9.795709609985352 4.081630229949951 0.2
1.0001778602600098 9.880411148071289 3.974600076675415 0.2
1.0305198431015015 9.91880989074707 3.8522801399230957 0.2
1.0543898344039917 9.918510437011719 3.7251601219177246 0.2
1.0720998048782349 9.905210494995117 3.5995001792907715 0.2
1.0893898010253906 9.896110534667969 3.473400115966797 0.2
1.1055498123168945 9.895309448242188 3.346140146255493 0.2
1.1079998016357422 9.884910583496094 3.2076101303100586 0.2
1.061559796333313 9.836410522460938 3.10968017578125 0.2
0.934229850769043 9.783710479736328 3.0953500270843506 0.2
0.807485818862915 9.810110092163086 3.133350133895874 0.2
0.7423098683357239 9.88191032409668 3.230100154876709 0.2
0.7518368363380432 9.915210723876953 3.357300043106079 0.2
0.7817258238792419 9.926910400390625 3.481060028076172 0.2
0.8140498399734497 9.935211181640625 3.604300022125244 0.2
0.8455248475074768 9.939411163330078 3.728219985961914 0.2
0.8666408658027649 9.921810150146484 3.8580000400543213 0.2
0.8465588688850403 9.870809555053711 3.9842100143432617 0.2
0.7842468619346619 9.812910079956055 4.0866899490356445 0.2
0.6808098554611206 9.766510009765625 4.153510093688965 0.2
0.555280864238739 9.752309799194336 4.182470321655273 0.2
0.42674583196640015 9.79071044921875 4.177550315856934 0.2
0.3532428443431854 9.873910903930664 4.109809875488281 0.2
0.3243878483772278 9.935409545898438 4.005129814147949 0.2
0.3100488483905792 9.968509674072266 3.8883399963378906 0.2
0.3023848533630371 9.974010467529297 3.769630193710327 0.2
0.29598385095596313 9.96841049194336 3.652330160140991 0.2
0.2889818549156189 9.960710525512695 3.5352301597595215 0.2
0.27749985456466675 9.950510025024414 3.4185001850128174 0.2
0.25179582834243774 9.931610107421875 3.3046600818634033 0.2
0.19710583984851837 9.897310256958008 3.2041001319885254 0.2
0.102296844124794 9.866010665893555 3.1354901790618896 0.2
-0.018129559233784676 9.869510650634766 3.114720106124878 0.2
-0.12543216347694397 9.923410415649414 3.1502301692962646 0.2
-0.15226715803146362 10.006309509277344 3.2402801513671875 0.2
-0.11777015775442123 10.051509857177734 3.346750020980835 0.2
-0.07170815765857697 10.071109771728516 3.4533300399780273 0.2
-0.023481057956814766 10.083009719848633 3.56000018119812 0.2
0.02584044076502323 10.086811065673828 3.6670501232147217 0.2
0.07400814443826675 10.08041000366211 3.774510145187378 0.2
0.12038484215736389 10.066610336303711 3.881890058517456 0.2
0.16627083718776703 10.042110443115234 3.988420009613037 0.2
0.20398683845996857 9.99390983581543 4.092380046844482 0.2
0.2210778445005417 9.920209884643555 4.187049865722656 0.2
0.20189884305000305 9.824409484863281 4.262040138244629 0.2
0.11898684501647949 9.741609573364258 4.301790237426758 0.2
0.0042440881952643394 9.709510803222656 4.312449932098389 0.2
-0.12109516561031342 9.71371078491211 4.30711030960083 0.2
-0.23827816545963287 9.762109756469727 4.2691802978515625 0.2
-0.269223153591156 9.857009887695312 4.175479888916016 0.2
-0.2072201520204544 9.919109344482422 4.073379993438721 0.2
-0.13754916191101074 9.934310913085938 3.9633901119232178 0.2
-0.08068916201591492 9.919710159301758 3.8489601612091064 0.2
-0.02937356010079384 9.900110244750977 3.7338500022888184 0.2
0.023525141179561615 9.889610290527344 3.618070125579834 0.2
0.07530783861875534 9.887710571289062 3.497920036315918 0.2
0.1139078438282013 9.875909805297852 3.3759400844573975 0.2
0.07283014059066772 9.813711166381836 3.2664899826049805 0.2
-0.05536065995693207 9.781410217285156 3.234250068664551 0.2
-0.1824701577425003 9.826910018920898 3.2429800033569336 0.2
-0.2557751536369324 9.898210525512695 3.3340702056884766 0.2
-0.27486616373062134 9.927511215209961 3.46055006980896 0.2
-0.28039416670799255 9.942310333251953 3.5874102115631104 0.2
-0.28452515602111816 9.954509735107422 3.714630126953125 0.2
-0.2914011478424072 9.961210250854492 3.8429601192474365 0.2
-0.32009217143058777 9.94281005859375 3.97337007522583 0.2
-0.3938261568546295 9.90001106262207 4.081409931182861 0.2
-0.4966021776199341 9.853710174560547 4.151710033416748 0.2
-0.621269166469574 9.819110870361328 4.171770095825195 0.2
-0.7498321533203125 9.816110610961914 4.151589870452881 0.2
-0.8538721799850464 9.874710083007812 4.089710235595703 0.2
-0.8812481760978699 9.948610305786133 3.989370107650757 0.2
-0.8744911551475525 9.996410369873047 3.876030206680298 0.2
-0.8523561358451843 10.01470947265625 3.7583601474761963 0.2
-0.825180172920227 10.010311126708984 3.643480062484741 0.2
-0.7973891496658325 9.99911117553711 3.529829978942871 0.2
-0.7707221508026123 9.986209869384766 3.416100025177002 0.2
-0.7504591345787048 9.969110488891602 3.3013901710510254 0.2
-0.7484851479530334 9.940410614013672 3.1864302158355713 0.2
-0.7840501666069031 9.899909973144531 3.079430103302002 0.2
-0.869482159614563 9.87401008605957 2.99642014503479 0.2
-0.9845161437988281 9.890409469604492 2.95740008354187 0.2
-1.0849401950836182 9.961009979248047 2.984760046005249 0.2
-1.1152302026748657 10.035110473632812 3.0791900157928467 0.2
-1.1097002029418945 10.069110870361328 3.1928000450134277 0.2
-1.0980101823806763 10.086111068725586 3.3084001541137695 0.2
-1.084900140762329 10.097311019897461 3.4246602058410645 0.2
-1.0711801052093506 10.100309371948242 3.54148006439209 0.2
-1.0583600997924805 10.095211029052734 3.6582300662994385 0.2
-1.0454301834106445 10.083709716796875 3.774550199508667 0.2
-1.0320301055908203 10.057010650634766 3.889780044555664 0.2
-1.0267101526260376 10.002910614013672 3.997570037841797 0.2
-1.0375502109527588 9.921510696411133 4.087180137634277 0.2
-1.0841001272201538 9.818910598754883 4.138309955596924 0.2
-1.1787201166152954 9.741109848022461 4.133970260620117 0.2
-1.2877001762390137 9.706110000610352 4.101109981536865 0.2
-1.4055501222610474 9.702510833740234 4.04856014251709 0.2
-1.494590163230896 9.75370979309082 3.9630401134490967 0.2
-1.4706201553344727 9.848810195922852 3.866580009460449 0.2
-1.3788402080535889 9.907310485839844 3.788990020751953 0.2
-1.2822002172470093 9.921810150146484 3.702810049057007 0.2
-1.1937801837921143 9.911911010742188 3.610380172729492 0.2
-1.1080801486968994 9.900609970092773 3.5161001682281494 0.2
-1.02288019657135 9.897211074829102 3.4213201999664307 0.2
-0.9405211806297302 9.898210525512695 3.325129985809326 0.2
-0.8784831762313843 9.871009826660156 3.209439992904663 0.2
-0.9382021427154541 9.801410675048828 3.1036601066589355 0.2
-1.0604901313781738 9.798009872436523 3.0516300201416016 0.2
-1.1797001361846924 9.863910675048828 3.052070140838623 0.2
-1.2610901594161987 9.917510986328125 3.146130084991455 0.2
-1.3102401494979858 9.933309555053711 3.2641701698303223 0.2
-1.353270173072815 9.941009521484375 3.384350061416626 0.2
-1.3966201543807983 9.94601058959961 3.5045900344848633 0.2
-1.448600172996521 9.936710357666016 3.624119997024536 0.2
-1.532340168952942 9.894609451293945 3.724680185317993 0.2
-1.6424601078033447 9.842809677124023 3.7818801403045654 0.2
-1.7668901681900024 9.799409866333008 3.7894201278686523 0.2
-1.8898202180862427 9.784910202026367 3.7495501041412354 0.2
-2.000110149383545 9.81351089477539 3.6820600032806396 0.2
-2.048570156097412 9.897010803222656 3.592180013656616 0.2
-2.022090196609497 9.970409393310547 3.493880033493042 0.2
-1.970790147781372 10.01470947265625 3.391940116882324 0.2
-1.9100801944732666 10.027410507202148 3.289480209350586 0.2
-1.848790168762207 10.021610260009766 3.18927001953125 0.2
-1.7879401445388794 10.011110305786133 3.089470148086548 0.2
-1.7294201850891113 9.997909545898438 2.9885501861572266 0.2
-1.6800202131271362 9.97821044921875 2.883380174636841 0.2
-1.6550401449203491 9.944509506225586 2.7724502086639404 0.2
-1.676180124282837 9.905109405517578 2.66048002243042 0.2
-1.7495901584625244 9.892709732055664 2.563960075378418 0.2
-1.8545202016830444 9.929410934448242 2.508730173110962 0.2
-1.9437601566314697 10.01470947265625 2.5338401794433594 0.2
-1.984200119972229 10.077510833740234 2.629340171813965 0.2
-2.0082900524139404 10.106510162353516 2.74111008644104 0.2
-2.029980182647705 10.12411117553711 2.8549201488494873 0.2
-2.0509002208709717 10.133810043334961 2.9700300693511963 0.2
-2.0725901126861572 10.132810592651367 3.085480213165283 0.2
-2.09617018699646 10.122610092163086 3.1999499797821045 0.2
-2.11995005607605 10.103509902954102 3.313610076904297 0.2
-2.1464500427246094 10.064310073852539 3.423220157623291 0.2
-2.1828300952911377 9.998310089111328 3.5175302028656006 0.2
-2.2335400581359863 9.90900993347168 3.58266019821167 0.2
-2.3134100437164307 9.81471061706543 3.589470148086548 0.2
-2.411860227584839 9.762910842895508 3.540640115737915 0.2
-2.5102601051330566 9.75101089477539 3.4703102111816406 0.2
-2.6011202335357666 9.77621078491211 3.3809800148010254 0.2
-2.625000238418579 9.860109329223633 3.278020143508911 0.2
-2.537670135498047 9.9464111328125 3.2175800800323486 0.2
-2.418220043182373 9.981710433959961 3.1751601696014404 0.2
-2.300750255584717 9.977409362792969 3.1207501888275146 0.2
-2.190650224685669 9.957010269165039 3.0592200756073 0.2
-2.0807602405548096 9.939510345458984 2.996659994125366 0.2
-1.9703401327133179 9.931711196899414 2.933840036392212 0.2
-1.862840175628662 9.923709869384766 2.8655200004577637 0.2
-1.7877401113510132 9.873010635375977 2.7623000144958496 0.2
-1.8438001871109009 9.813810348510742 2.6516501903533936 0.2
-1.9455801248550415 9.831609725952148 2.570080041885376 0.2
-2.0578501224517822 9.907909393310547 2.5548200607299805 0.2
-2.155290126800537 9.958009719848633 2.630190134048462 0.2
-2.234790086746216 9.980310440063477 2.727869987487793 0.2
-2.311450242996216 9.996910095214844 2.8282601833343506 0.2
-2.389540195465088 10.009109497070312 2.928380012512207 0.2
-2.480220079421997 10.002410888671875 3.0236101150512695 0.2
-2.5979702472686768 9.9652099609375 3.0842201709747314 0.2
-2.723510265350342 9.920909881591797 3.096280097961426 0.2
-2.8433001041412354 9.883110046386719 3.057030200958252 0.2
-2.9438700675964355 9.869409561157227 2.976790189743042 0.2
-3.021130084991455 9.895811080932617 2.8721601963043213 0.2
-3.0245301723480225 9.970710754394531 2.766820192337036 0.2
-2.9641001224517822 10.032711029052734 2.6769001483917236 0.2
-2.8819501399993896 10.065309524536133 2.5929501056671143 0.2
-2.7920501232147217 10.06740951538086 2.5145301818847656 0.2
-2.702470064163208 10.054109573364258 2.439769983291626 0.2
-2.6133902072906494 10.037010192871094 2.3653600215911865 0.2
-2.526890277862549 10.016910552978516 2.288490056991577 0.2
-2.4503700733184814 9.988210678100586 2.203540086746216 0.2
-2.4006800651550293 9.945310592651367 2.1041100025177 0.2
-2.400630235671997 9.905410766601562 1.9896100759506226 0.2
-2.455310106277466 9.902610778808594 1.8801101446151733 0.2
-2.5470101833343506 9.953710556030273 1.8121000528335571 0.2
-2.6346802711486816 10.038410186767578 1.8387300968170166 0.2
-2.700000047683716 10.089410781860352 1.9257601499557495 0.2
-2.7587101459503174 10.115510940551758 2.023930072784424 0.2
-2.8162002563476562 10.133609771728516 2.124459981918335 0.2
-2.8735501766204834 10.143510818481445 2.2264599800109863 0.2
-2.931770086288452 10.143810272216797 2.328390121459961 0.2
-2.990300178527832 10.136810302734375 2.429840087890625 0.2
-3.0483601093292236 10.115711212158203 2.5309700965881348 0.2
-3.109410047531128 10.067911148071289 2.6232500076293945 0.2
-3.1752302646636963 9.994010925292969 2.692840099334717 0.2
-3.247840166091919 9.897710800170898 2.71628999710083 0.2
-3.3257100582122803 9.815910339355469 2.668879985809326 0.2
-3.39762020111084 9.774909973144531 2.583980083465576 0.2
-3.465200185775757 9.764810562133789 2.4787800312042236 0.2
-3.504120111465454 9.802310943603516 2.3580501079559326 0.2
-3.4501900672912598 9.895509719848633 2.2738800048828125 0.2
-3.334440231323242 9.961910247802734 2.2630701065063477 0.2
-3.2056002616882324 9.982110977172852 2.2574100494384766 0.2
-3.0788402557373047 9.970609664916992 2.2413201332092285 0.2
-2.9545202255249023 9.952011108398438 2.2208800315856934 0.2
-2.8295302391052246 9.940210342407227 2.200230121612549 0.2
-2.7051100730895996 9.935409545898438 2.1770901679992676 0.2
-2.5799801349639893 9.916009902954102 2.1383299827575684 0.2
-2.5206401348114014 9.842609405517578 2.0343799591064453 0.2
-2.576090097427368 9.813310623168945 1.9161601066589355 0.2
-2.6597301959991455 9.859310150146484 1.8225101232528687 0.2
-2.775780200958252 9.930410385131836 1.8146201372146606 0.2
-2.889890193939209 9.962409973144531 1.8699500560760498 0.2
-2.997190237045288 9.979110717773438 1.9369300603866577 0.2
-3.104210138320923 9.992210388183594 2.005160093307495 0.2
-3.215130090713501 9.996410369873047 2.071010112762451 0.2
-3.3409900665283203 9.970510482788086 2.1148900985717773 0.2
-3.4691500663757324 9.924909591674805 2.108370065689087 0.2
-3.582590103149414 9.880109786987305 2.0576400756835938 0.2
-3.669290065765381 9.852710723876953 1.9639800786972046 0.2
-3.7313802242279053 9.850811004638672 1.851080060005188 0.2
-3.7594101428985596 9.89600944519043 1.7299901247024536 0.2
-3.7078301906585693 9.975410461425781 1.6426701545715332 0.2
-3.6135902404785156 10.029510498046875 1.5845601558685303 0.2
-3.505350112915039 10.052709579467773 1.5349000692367554 0.2
-3.395810127258301 10.048210144042969 1.4899801015853882 0.2
-3.287680149078369 10.033609390258789 1.4465601444244385 0.2
-3.1801700592041016 10.01671028137207 1.4024901390075684 0.2
-3.0753800868988037 9.996009826660156 1.3533201217651367 0.2
-2.980480194091797 9.96480941772461 1.2899800539016724 0.2
-2.913020133972168 9.92201042175293 1.2008200883865356 0.2
-2.8935601711273193 9.893909454345703 1.0839800834655762 0.2
-2.926680088043213 9.908710479736328 0.9670280814170837 0.2
-3.0047402381896973 9.979509353637695 0.8987851142883301 0.2
-3.0974202156066895 10.056209564208984 0.9267570972442627 0.2
-3.185500144958496 10.094110488891602 0.996514081954956 0.2
-3.271620273590088 10.115409851074219 1.0733400583267212 0.2
-3.3575501441955566 10.129810333251953 1.1521600484848022 0.2
-3.4440202713012695 10.134809494018555 1.2317800521850586 0.2
-3.5313100814819336 10.131010055541992 1.3103400468826294 0.2
-3.6185202598571777 10.11931037902832 1.3885700702667236 0.2
-3.70628023147583 10.088010787963867 1.4637601375579834 0.2
-3.7945902347564697 10.029409408569336 1.5226300954818726 0.2
-3.8792800903320312 9.946310043334961 1.5514501333236694 0.2
-3.952470064163208 9.852109909057617 1.5198200941085815 0.2
-4.0050201416015625 9.790410995483398 1.4299800395965576 0.2
-4.042760372161865 9.76321029663086 1.3210700750350952 0.2
-4.066230297088623 9.768110275268555 1.193190097808838 0.2
-4.031010150909424 9.837209701538086 1.0821400880813599 0.2
-3.928450107574463 9.927610397338867 1.0723600387573242 0.2
-3.808340072631836 9.972009658813477 1.105760097503662 0.2
-3.6818602085113525 9.973409652709961 1.1341501474380493 0.2
-3.557110071182251 9.955310821533203 1.155090093612671 0.2
-3.4321601390838623 9.93851089477539 1.1753201484680176 0.2
-3.306260108947754 9.930410385131836 1.195310115814209 0.2
-3.1784701347351074 9.924209594726562 1.209670066833496 0.2
-3.0505802631378174 9.876911163330078 1.1795600652694702 0.2
-3.024090051651001 9.812509536743164 1.0572000741958618 0.2
-3.057300090789795 9.824710845947266 0.929728090763092 0.2
-3.1359801292419434 9.897409439086914 0.8460071086883545 0.2
-3.2592902183532715 9.948410034179688 0.8402650952339172 0.2
-3.3831701278686523 9.968509674072266 0.865199089050293 0.2
-3.5064501762390137 9.982309341430664 0.8948860764503479 0.2
-3.63027024269104 9.99281120300293 0.9243100881576538 0.2
-3.759200096130371 9.98611068725586 0.9461420774459839 0.2
-3.8893802165985107 9.944610595703125 0.9312331080436707 0.2
-3.998350143432617 9.893110275268555 0.8727241158485413 0.2
-4.074990272521973 9.849309921264648 0.7746971249580383 0.2
-4.114030361175537 9.832509994506836 0.6520100831985474 0.2
-4.127560138702393 9.848310470581055 0.5225070714950562 0.2
-4.092040061950684 9.918310165405273 0.41762909293174744 0.2
-3.997960090637207 9.99271011352539 0.3757340908050537 0.2
-3.884730100631714 10.036211013793945 0.3577181100845337 0.2
-3.765350103378296 10.047510147094727 0.34658411145210266 0.2
-3.648160219192505 10.037710189819336 0.33698511123657227 0.2
-3.532010078430176 10.022510528564453 0.32730910181999207 0.2
-3.416250228881836 10.005411148071289 0.31597408652305603 0.2
-3.301950216293335 9.983610153198242 0.2968961000442505 0.2
-3.1953001022338867 9.949609756469727 0.2575441002845764 0.2
-3.1114702224731445 9.907909393310547 0.18176010251045227 0.2
-3.068350076675415 9.889110565185547 0.06946389377117157 0.2
-3.0765602588653564 9.917810440063477 -0.05091140419244766 0.2
-3.143540143966675 10.00020980834961 -0.11904890835285187 0.2
-3.2440600395202637 10.066909790039062 -0.10152989625930786 0.2
-3.3489201068878174 10.099609375 -0.057499900460243225 0.2
-3.454040050506592 10.120809555053711 -0.009433001279830933 0.2
-3.5599000453948975 10.134309768676758 0.0403963178396225 0.2
-3.6667802333831787 10.137310028076172 0.09001489728689194 0.2
-3.7741901874542236 10.13191032409668 0.13780559599399567 0.2
-3.8816001415252686 10.11771011352539 0.18505609035491943 0.2
-3.9887101650238037 10.081809997558594 0.22645209729671478 0.2
-4.09060001373291 10.019010543823242 0.24850310385227203 0.2
-4.177600383758545 9.93341064453125 0.23892009258270264 0.2
-4.230760097503662 9.84531021118164 0.17010509967803955 0.2
-4.247080326080322 9.797809600830078 0.05999409779906273 0.2
-4.24491024017334 9.78441047668457 -0.06053290516138077 0.2
-4.216820240020752 9.807809829711914 -0.1860668957233429 0.2
-4.1321001052856445 9.892410278320312 -0.25016289949417114 0.2
-4.028530120849609 9.968610763549805 -0.20626389980316162 0.2
-3.9208102226257324 9.99551010131836 -0.1360549032688141 0.2
-3.808770179748535 9.983709335327148 -0.07272690534591675 0.2
-3.696660041809082 9.959409713745117 -0.016713902354240417 0.2
-3.5836501121520996 9.940509796142578 0.039844758808612823 0.2
-3.469240188598633 9.932010650634766 0.09571799635887146 0.2
-3.348940134048462 9.91840934753418 0.14200609922409058 0.2
-3.2278101444244385 9.852310180664062 0.11719419807195663 0.2
-3.186890125274658 9.806610107421875 -0.00532030314207077 0.2
-3.1879701614379883 9.842309951782227 -0.13353890180587769 0.2
-3.262470245361328 9.918710708618164 -0.21892091631889343 0.2
-3.384230136871338 9.958009719848633 -0.2466709017753601 0.2
-3.509810209274292 9.978710174560547 -0.2562468945980072 0.2
-3.635930061340332 9.996210098266602 -0.26376089453697205 0.2
-3.763150215148926 10.007810592651367 -0.2737028896808624 0.2
-3.893270254135132 9.993410110473633 -0.3025839030742645 0.2
-4.002140045166016 9.950309753417969 -0.3739089071750641 0.2
-4.073729991912842 9.902111053466797 -0.474203884601593 0.2
-4.098820209503174 9.863611221313477 -0.5969008803367615 0.2
-4.088590145111084 9.845211029052734 -0.7236809134483337 0.2
-4.0572099685668945 9.851511001586914 -0.8500068783760071 0.2
-3.983920097351074 9.91370964050293 -0.9356179237365723 0.2
-3.8765101432800293 9.982610702514648 -0.9415829181671143 0.2
-3.76265025138855 10.020009994506836 -0.9193109273910522 0.2
-3.6467602252960205 10.027509689331055 -0.890005886554718 0.2
-3.533290147781372 10.017709732055664 -0.8601208925247192 0.2
-3.420380115509033 10.00370979309082 -0.830626904964447 0.2
-3.3070201873779297 9.987911224365234 -0.8037288784980774 0.2
-3.192340135574341 9.96561050415039 -0.7874909043312073 0.2
-3.079430103302002 9.929410934448242 -0.7977558970451355 0.2
-2.980070114135742 9.89021110534668 -0.8542829155921936 0.2
-2.9135801792144775 9.880910873413086 -0.956407904624939 0.2
-2.8995401859283447 9.921209335327148 -1.0733598470687866 0.2
-2.9618000984191895 10.005109786987305 -1.1431598663330078 0.2
-3.069380044937134 10.060710906982422 -1.1509499549865723 0.2
-3.1837801933288574 10.08711051940918 -1.1421198844909668 0.2
-3.2993502616882324 10.104509353637695 -1.1302099227905273 0.2
-3.4160101413726807 10.113710403442383 -1.11722993850708 0.2
-3.5331201553344727 10.112710952758789 -1.1052799224853516 0.2
-3.6499202251434326 10.104209899902344 -1.094939947128296 0.2
-3.7663302421569824 10.083410263061523 -1.0858298540115356 0.2
-3.8782601356506348 10.037809371948242 -1.0860198736190796 0.2
-3.9757802486419678 9.967809677124023 -1.1051799058914185 0.2
-4.041590213775635 9.876609802246094 -1.155289888381958 0.2
-4.052130222320557 9.797809600830078 -1.248439908027649 0.2
-4.026100158691406 9.75851058959961 -1.3572698831558228 0.2
-3.9798102378845215 9.749610900878906 -1.4733798503875732 0.2
-3.9017601013183594 9.789909362792969 -1.5726698637008667 0.2
-3.8031601905822754 9.884510040283203 -1.5690999031066895 0.2
-3.728100061416626 9.948810577392578 -1.4788999557495117 0.2
-3.647590160369873 9.965311050415039 -1.3771198987960815 0.2
-3.5608901977539062 9.949911117553711 -1.283789873123169 0.2
-3.472780227661133 9.928510665893555 -1.1943598985671997 0.2
-3.384470224380493 9.915109634399414 -1.1038198471069336 0.2
-3.2947001457214355 9.910909652709961 -1.014799952507019 0.2
-3.191770076751709 9.894309997558594 -0.9341868758201599 0.2
-3.070930242538452 9.823410034179688 -0.9414808750152588 0.2
-3.00393009185791 9.791610717773438 -1.0527398586273193 0.2
-2.973060131072998 9.834609985351562 -1.1747199296951294 0.2
-3.0285401344299316 9.906209945678711 -1.2760199308395386 0.2
-3.1377201080322266 9.940210342407227 -1.3394498825073242 0.2
-3.253530263900757 9.958110809326172 -1.3894798755645752 0.2
-3.3703901767730713 9.972810745239258 -1.4381299018859863 0.2
-3.487640142440796 9.98130989074707 -1.4892499446868896 0.2
-3.600680112838745 9.962209701538086 -1.5589698553085327 0.2
-3.678460121154785 9.914011001586914 -1.6613799333572388 0.2
-3.711400270462036 9.861810684204102 -1.7785398960113525 0.2
-3.691120147705078 9.823009490966797 -1.9016399383544922 0.2
-3.632230043411255 9.815210342407227 -2.0163497924804688 0.2
-3.543490171432495 9.862211227416992 -2.1029999256134033 0.2
-3.43962025642395 9.936210632324219 -2.1087799072265625 0.2
-3.3343701362609863 9.986610412597656 -2.0704898834228516 0.2
-3.2295801639556885 10.009109497070312 -2.0137598514556885 0.2
-3.1297502517700195 10.00571060180664 -1.9506598711013794 0.2
-3.0322201251983643 9.993310928344727 -1.8868598937988281 0.2
-2.9343602657318115 9.978910446166992 -1.8239798545837402 0.2
-2.8334600925445557 9.960309982299805 -1.766879916191101 0.2
-2.726400136947632 9.93021011352539 -1.7269898653030396 0.2
-2.6144802570343018 9.888410568237305 -1.7251498699188232 0.2
-2.5088002681732178 9.86111068725586 -1.7780399322509766 0.2
-2.4342501163482666 9.874710083007812 -1.8736798763275146 0.2
-2.4257001876831055 9.942310333251953 -1.9787299633026123 0.2
-2.5032601356506348 10.015911102294922 -2.0401699542999268 0.2
-2.6115801334381104 10.051509857177734 -2.0721898078918457 0.2
-2.724260091781616 10.070810317993164 -2.0980799198150635 0.2
-2.838240146636963 10.084110260009766 -2.122529983520508 0.2
-2.953160047531128 10.088809967041016 -2.146509885787964 0.2
-3.0678200721740723 10.085210800170898 -2.1712799072265625 0.2
-3.1822800636291504 10.074310302734375 -2.195629835128784 0.2
-3.29541015625 10.045709609985352 -2.220099925994873 0.2
-3.3974902629852295 9.989509582519531 -2.2514100074768066 0.2
-3.475870132446289 9.907011032104492 -2.2936699390411377 0.2
-3.503270149230957 9.807109832763672 -2.36044979095459 0.2
-3.4673402309417725 9.735610961914062 -2.451819896697998 0.2
-3.403520107269287 9.70271110534668 -2.5459399223327637 0.2
-3.3169901371002197 9.700510025024414 -2.64169979095459 0.2
-3.206670045852661 9.756710052490234 -2.6926097869873047 0.2
-3.127760171890259 9.850410461425781 -2.631160020828247 0.2
-3.0830700397491455 9.905109405517578 -2.5186100006103516 0.2
-3.031860113143921 9.91571044921875 -2.399709939956665 0.2
-2.9745702743530273 9.903310775756836 -2.2861897945404053 0.2
-2.9159202575683594 9.890510559082031 -2.1738698482513428 0.2
-2.85683012008667 9.88661003112793 -2.061149835586548 0.2
-2.793600082397461 9.88661003112793 -1.9502898454666138 0.2
-2.7008602619171143 9.854410171508789 -1.8547098636627197 0.2
-2.582050085067749 9.78281021118164 -1.8827298879623413 0.2
-2.4933102130889893 9.779809951782227 -1.9808897972106934 0.2
-2.457740068435669 9.844310760498047 -2.0945398807525635 0.2
-2.518120050430298 9.896909713745117 -2.2025198936462402 0.2
-2.611420154571533 9.91411018371582 -2.2887699604034424 0.2
-2.7092702388763428 9.92361068725586 -2.369769811630249 0.2
-2.8073902130126953 9.930910110473633 -2.450779914855957 0.2
-2.90336012840271 9.924810409545898 -2.538059949874878 0.2
-2.9754700660705566 9.88351058959961 -2.646829843521118 0.2
-2.9994702339172363 9.827310562133789 -2.766549825668335 0.2
-2.973680257797241 9.774410247802734 -2.8840699195861816 0.2
-2.90051007270813 9.745710372924805 -2.987069845199585 0.2
-2.800560235977173 9.75691032409668 -3.0715298652648926 0.2
-2.693000078201294 9.826311111450195 -3.0994198322296143 0.2
-2.600490093231201 9.89640998840332 -3.050729990005493 0.2
-2.5159101486206055 9.940811157226562 -2.9738898277282715 0.2
-2.436840057373047 9.956409454345703 -2.884739875793457 0.2
-2.362180233001709 9.953210830688477 -2.793829917907715 0.2
-2.2882802486419678 9.945711135864258 -2.7029998302459717 0.2
-2.212400197982788 9.936309814453125 -2.613919973373413 0.2
-2.129000186920166 9.921010971069336 -2.5320799350738525 0.2
-2.031400203704834 9.891510009765625 -2.4714298248291016 0.2
-1.9174401760101318 9.856510162353516 -2.454349994659424 0.2
-1.802510142326355 9.847410202026367 -2.492419958114624 0.2
-1.718520164489746 9.8839111328125 -2.5756099224090576 0.2
-1.7174201011657715 9.963911056518555 -2.6725099086761475 0.2
-1.79705011844635 10.019210815429688 -2.7454099655151367 0.2
-1.895880103111267 10.041709899902344 -2.8060100078582764 0.2
-1.9971001148223877 10.054010391235352 -2.864179849624634 0.2
-2.0997002124786377 10.059410095214844 -2.9214799404144287 0.2
-2.2023000717163086 10.055009841918945 -2.9790399074554443 0.2
-2.3035900592803955 10.042610168457031 -3.0373799800872803 0.2
-2.4045300483703613 10.021610260009766 -3.0949900150299072 0.2
-2.5001301765441895 9.979310989379883 -3.153909921646118 0.2
-2.577510118484497 9.9110107421875 -3.216899871826172 0.2
-2.6206202507019043 9.819009780883789 -3.284299850463867 0.2
-2.5951802730560303 9.726310729980469 -3.3617899417877197 0.2
-2.5164201259613037 9.677209854125977 -3.438689947128296 0.2
-2.4191501140594482 9.664310455322266 -3.5094099044799805 0.2
-2.3036301136016846 9.689510345458984 -3.5636298656463623 0.2
-2.202730178833008 9.77610969543457 -3.5391199588775635 0.2
-2.1777501106262207 9.858110427856445 -3.4332799911499023 0.2
-2.170790195465088 9.892110824584961 -3.306689977645874 0.2
-2.153240203857422 9.88861083984375 -3.1788299083709717 0.2
-2.1293601989746094 9.873010635375977 -3.0544400215148926 0.2
-2.105440139770508 9.862911224365234 -2.9291598796844482 0.2
-2.080440044403076 9.86301040649414 -2.8042099475860596 0.2
-2.0473101139068604 9.861310958862305 -2.6806299686431885 0.2
-1.9610601663589478 9.810211181640625 -2.5865797996520996 0.2
-1.8371502161026 9.761011123657227 -2.616339921951294 0.2
-1.7309201955795288 9.788410186767578 -2.690619945526123 0.2
-1.6972401142120361 9.860910415649414 -2.801529884338379 0.2
-1.7458600997924805 9.895509719848633 -2.9191598892211914 0.2
-1.814040184020996 9.90740966796875 -3.0265297889709473 0.2
-1.8845701217651367 9.91571044921875 -3.1323800086975098 0.2
-1.9543302059173584 9.920110702514648 -3.2392399311065674 0.2
-2.014930248260498 9.904211044311523 -3.3558199405670166 0.2
-2.03367018699646 9.857810974121094 -3.4838199615478516 0.2
-2.0053200721740723 9.805610656738281 -3.6028199195861816 0.2
-1.9285801649093628 9.763410568237305 -3.7004098892211914 0.2
-1.8187401294708252 9.751310348510742 -3.7678298950195312 0.2
-1.695000171661377 9.792709350585938 -3.799909830093384 0.2
-1.6037501096725464 9.872011184692383 -3.7547500133514404 0.2
-1.5402401685714722 9.929309844970703 -3.6649599075317383 0.2
-1.487490177154541 9.959409713745117 -3.5593998432159424 0.2
-1.4423701763153076 9.963010787963867 -3.449579954147339 0.2
-1.399800181388855 9.95621109008789 -3.3403499126434326 0.2
-1.3568001985549927 9.947410583496094 -3.2314398288726807 0.2
-1.3092302083969116 9.935810089111328 -3.124499797821045 0.2
-1.2484002113342285 9.914810180664062 -3.0254199504852295 0.2
-1.1632401943206787 9.879209518432617 -2.9495298862457275 0.2
-1.0500102043151855 9.849510192871094 -2.9182498455047607 0.2
-0.9301921725273132 9.856010437011719 -2.9412097930908203 0.2
-0.8450911641120911 9.91261100769043 -3.0136098861694336 0.2
-0.8547401428222656 9.991411209106445 -3.1098499298095703 0.2
-0.9218241572380066 10.031610488891602 -3.201129913330078 0.2
-0.9986201524734497 10.04861068725586 -3.288569927215576 0.2
-1.0774401426315308 10.058910369873047 -3.3752098083496094 0.2
-1.1574501991271973 10.061710357666016 -3.461669921875 0.2
-1.2368102073669434 10.055410385131836 -3.5485198497772217 0.2
-1.315230131149292 10.04220962524414 -3.6353299617767334 0.2
-1.3933401107788086 10.016809463500977 -3.7211098670959473 0.2
-1.4623901844024658 9.966409683227539 -3.8062798976898193 0.2
-1.5095701217651367 9.890010833740234 -3.8875699043273926 0.2
-1.5121701955795288 9.790609359741211 -3.9608097076416016 0.2
-1.442850112915039 9.708311080932617 -4.0205397605896 0.2
-1.3390001058578491 9.671710968017578 -4.065089702606201 0.2
-1.2182902097702026 9.668310165405273 -4.099100112915039 0.2
-1.0942001342773438 9.7152099609375 -4.0967698097229 0.2
-1.0416301488876343 9.811809539794922 -4.015729904174805 0.2
-1.067350149154663 9.875410079956055 -3.901059865951538 0.2
-1.0960601568222046 9.89371109008789 -3.774829864501953 0.2
-1.1131901741027832 9.883310317993164 -3.648159980773926 0.2
-1.1261001825332642 9.868709564208984 -3.5223398208618164 0.2
-1.1400901079177856 9.862911224365234 -3.394899845123291 0.2
-1.1506801843643188 9.864110946655273 -3.267199993133545 0.2
-1.1480201482772827 9.85361099243164 -3.136859893798828 0.2
-1.0664401054382324 9.789510726928711 -3.048229932785034 0.2
-0.9357831478118896 9.762210845947266 -3.062379837036133 0.2
-0.8201971650123596 9.809009552001953 -3.1136698722839355 0.2
-0.7828801870346069 9.875909805297852 -3.227059841156006 0.2
-0.8057831525802612 9.89961051940918 -3.3538198471069336 0.2
-0.8404521346092224 9.90900993347168 -3.4763898849487305 0.2
-0.8765261769294739 9.915910720825195 -3.5987799167633057 0.2
-0.9105981588363647 9.917009353637695 -3.722839832305908 0.2
-0.9248311519622803 9.892009735107422 -3.8546597957611084 0.2
-0.8895941376686096 9.842609405517578 -3.9779601097106934 0.2
-0.8138071298599243 9.792610168457031 -4.0748701095581055 0.2
-0.7002161741256714 9.761011123657227 -4.1319098472595215 0.2
-0.5717771649360657 9.767210006713867 -4.151879787445068 0.2
-0.4584161639213562 9.835010528564453 -4.122590065002441 0.2
-0.40483716130256653 9.912210464477539 -4.032129764556885 0.2
-0.37693315744400024 9.960609436035156 -3.9191699028015137 0.2
-0.36140716075897217 9.978509902954102 -3.7976598739624023 0.2
-0.3508191704750061 9.975210189819336 -3.6771798133850098 0.2
-0.34084516763687134 9.966510772705078 -3.5572798252105713 0.2
-0.3288561701774597 9.955909729003906 -3.437659978866577 0.2
-0.30749115347862244 9.93971061706543 -3.3196799755096436 0.2
-0.26324015855789185 9.909210205078125 -3.21016001701355 0.2
-0.17991115152835846 9.871509552001953 -3.1268699169158936 0.2
-0.060631655156612396 9.860710144042969 -3.0901198387145996 0.2
0.05895734205842018 9.898611068725586 -3.1108999252319336 0.2
0.11109784245491028 9.983009338378906 -3.193579912185669 0.2
0.0830177441239357 10.038209915161133 -3.3021998405456543 0.2
0.03560244292020798 10.059511184692383 -3.4115898609161377 0.2
-0.014550859108567238 10.07101058959961 -3.5207998752593994 0.2
-0.06606236100196838 10.075410842895508 -3.630189895629883 0.2
-0.11729415506124496 10.070110321044922 -3.7397499084472656 0.2
-0.1672501564025879 10.056909561157227 -3.84909987449646 0.2
-0.21774615347385406 10.033210754394531 -3.957239866256714 0.2
-0.262483149766922 9.985109329223633 -4.06220006942749 0.2
-0.2884891629219055 9.908809661865234 -4.1573100090026855 0.2
-0.2760641574859619 9.80640983581543 -4.23144006729126 0.2
-0.19475816190242767 9.716711044311523 -4.269559860229492 0.2
-0.08007106184959412 9.675310134887695 -4.281109809875488 0.2
0.04934073984622955 9.670610427856445 -4.278299808502197 0.2
0.17154183983802795 9.720911026000977 -4.242959976196289 0.2
0.19797083735466003 9.824211120605469 -4.151659965515137 0.2
0.1342998445034027 9.887510299682617 -4.0474700927734375 0.2
0.06664283573627472 9.904010772705078 -3.9320499897003174 0.2
0.012037431821227074 9.893011093139648 -3.8117899894714355 0.2
-0.03797105699777603 9.879510879516602 -3.6905598640441895 0.2
-0.08866485953330994 9.875511169433594 -3.5688397884368896 0.2
-0.1360921561717987 9.877309799194336 -3.4458298683166504 0.2
-0.15961216390132904 9.852910995483398 -3.3094398975372314 0.2
-0.0695662572979927 9.784509658813477 -3.220219850540161 0.2
0.06604434549808502 9.785209655761719 -3.205859899520874 0.2
0.17891784012317657 9.856609344482422 -3.2497899532318115 0.2
0.2197248339653015 9.906610488891602 -3.3726799488067627 0.2
0.2245338410139084 9.920509338378906 -3.504429817199707 0.2
0.22410784661769867 9.928409576416016 -3.6357998847961426 0.2
0.22445984184741974 9.93341064453125 -3.767429828643799 0.2
0.2377348393201828 9.922210693359375 -3.902369976043701 0.2
0.2985478341579437 9.882909774780273 -4.024980068206787 0.2
0.39950084686279297 9.84221076965332 -4.1098198890686035 0.2
0.5282138586044312 9.818611145019531 -4.1469597816467285 0.2
0.6610058546066284 9.826311111450195 -4.139919757843018 0.2
0.7832728624343872 9.869409561157227 -4.098269939422607 0.2
0.8367438316345215 9.948009490966797 -4.010049819946289 0.2
0.8297538161277771 10.008211135864258 -3.900629997253418 0.2
0.8078828454017639 10.036809921264648 -3.784709930419922 0.2
0.7820908427238464 10.036710739135742 -3.668489933013916 0.2
0.7564108371734619 10.024009704589844 -3.5544497966766357 0.2
0.7313398122787476 10.00851058959961 -3.4406898021698 0.2
0.7096558213233948 9.99081039428711 -3.3264899253845215 0.2
0.7002888321876526 9.96561050415039 -3.211589813232422 0.2
0.7201688289642334 9.926610946655273 -3.100679874420166 0.2
0.787402868270874 9.889511108398438 -3.0070598125457764 0.2
0.8953208327293396 9.887310028076172 -2.9494400024414062 0.2
1.0098497867584229 9.937311172485352 -2.9462599754333496 0.2
1.0664498805999756 10.02341079711914 -3.0178298950195312 0.2
1.0659998655319214 10.075010299682617 -3.127039909362793 0.2
1.0532197952270508 10.099710464477539 -3.241299867630005 0.2
1.0382897853851318 10.1162109375 -3.3566298484802246 0.2
1.0224997997283936 10.124710083007812 -3.472979784011841 0.2
1.007909893989563 10.122909545898438 -3.5897698402404785 0.2
0.9950228333473206 10.113410949707031 -3.706249952316284 0.2
0.9829908609390259 10.091909408569336 -3.8222198486328125 0.2
0.9796268343925476 10.045310974121094 -3.9338698387145996 0.2
0.9948088526725769 9.973711013793945 -4.031169891357422 0.2
1.039509892463684 9.879610061645508 -4.097139835357666 0.2
1.1308997869491577 9.797710418701172 -4.108429908752441 0.2
1.2416698932647705 9.761011123657227 -4.0844597816467285 0.2
1.3599498271942139 9.758310317993164 -4.042379856109619 0.2
1.4626498222351074 9.8037109375 -3.972019672393799 0.2
1.4648197889328003 9.900909423828125 -3.875609874725342 0.2
1.374499797821045 9.963510513305664 -3.798379898071289 0.2
1.2741998434066772 9.978410720825195 -3.7156498432159424 0.2
1.1843498945236206 9.962209701538086 -3.6252498626708984 0.2
1.0995697975158691 9.939809799194336 -3.5325698852539062 0.2
1.013299822807312 9.925010681152344 -3.439149856567383 0.2
0.9286788702011108 9.91840934753418 -3.343629837036133 0.2
0.8509648442268372 9.902009963989258 -3.238189935684204 0.2
0.8561278581619263 9.833709716796875 -3.1178197860717773 0.2
0.968673825263977 9.801010131835938 -3.0532898902893066 0.2
1.0912598371505737 9.843210220336914 -3.02200984954834 0.2
1.1905097961425781 9.918609619140625 -3.078319787979126 0.2
1.2484098672866821 9.955110549926758 -3.1905298233032227 0.2
1.2921298742294312 9.974510192871094 -3.3088297843933105 0.2
1.3344498872756958 9.99081039428711 -3.4281599521636963 0.2
1.3799198865890503 10.001110076904297 -3.5478198528289795 0.2
1.4468598365783691 9.986610412597656 -3.663409948348999 0.2
1.5497698783874512 9.94791030883789 -3.7459897994995117 0.2
1.6701698303222656 9.907011032104492 -3.7858498096466064 0.2
1.7984098196029663 9.882110595703125 -3.7721798419952393 0.2
1.916489839553833 9.886011123657227 -3.719640016555786 0.2
2.0037999153137207 9.934511184692383 -3.6325299739837646 0.2
2.008359909057617 10.006410598754883 -3.52632999420166 0.2
1.969429850578308 10.053911209106445 -3.419959783554077 0.2
1.9144898653030396 10.070711135864258 -3.3134899139404297 0.2
1.8547698259353638 10.062509536743164 -3.211859941482544 0.2
1.7946498394012451 10.046010971069336 -3.1123998165130615 0.2
1.7352797985076904 10.027509689331055 -3.01285982131958 0.2
1.6808898448944092 10.005010604858398 -2.911129951477051 0.2
1.6422098875045776 9.971611022949219 -2.804569959640503 0.2
1.640029788017273 9.925609588623047 -2.6942298412323 0.2
1.6936898231506348 9.892110824584961 -2.5900299549102783 0.2
1.7912098169326782 9.901010513305664 -2.516589879989624 0.2
1.8980998992919922 9.966011047363281 -2.5062499046325684 0.2
1.9597798585891724 10.043310165405273 -2.580779790878296 0.2
1.989879846572876 10.082710266113281 -2.6886098384857178 0.2
2.013659954071045 10.104310989379883 -2.8013999462127686 0.2
2.036219835281372 10.120010375976562 -2.9154298305511475 0.2
2.0582399368286133 10.128009796142578 -3.030550003051758 0.2
2.08096981048584 10.127510070800781 -3.1457300186157227 0.2
2.103219747543335 10.119810104370117 -3.260819911956787 0.2
2.1242098808288574 10.09531021118164 -3.3755199909210205 0.2
2.150739908218384 10.042009353637695 -3.481019973754883 0.2
2.1878597736358643 9.961111068725586 -3.5642898082733154 0.2
2.2463698387145996 9.858110427856445 -3.5988399982452393 0.2
2.3330397605895996 9.778310775756836 -3.566969871520996 0.2
2.4271397590637207 9.741109848022461 -3.5045299530029297 0.2
2.5254597663879395 9.737911224365234 -3.421369791030884 0.2
2.590129852294922 9.78750991821289 -3.3170199394226074 0.2
2.543949842453003 9.882610321044922 -3.2292299270629883 0.2
2.4313297271728516 9.940710067749023 -3.184659957885742 0.2
2.3119897842407227 9.954010009765625 -3.1344799995422363 0.2
2.1990997791290283 9.941810607910156 -3.075169801712036 0.2
2.088819742202759 9.927511215209961 -3.01282000541687 0.2
1.9785298109054565 9.921010971069336 -2.949549913406372 0.2
1.870149850845337 9.919010162353516 -2.8834598064422607 0.2
1.7718498706817627 9.893011093139648 -2.7960100173950195 0.2
1.783409833908081 9.817510604858398 -2.6778500080108643 0.2
1.8811697959899902 9.801210403442383 -2.590250015258789 0.2
1.992649793624878 9.857309341430664 -2.5417799949645996 0.2
2.1013197898864746 9.921609878540039 -2.5896098613739014 0.2
2.1848998069763184 9.947111129760742 -2.6842198371887207 0.2
2.2602899074554443 9.961210250854492 -2.7856199741363525 0.2
2.3356399536132812 9.972610473632812 -2.887470006942749 0.2
2.4181697368621826 9.972311019897461 -2.986879825592041 0.2
2.525629758834839 9.940811157226562 -3.064499855041504 0.2
2.6485397815704346 9.894609451293945 -3.0961899757385254 0.2
2.7711899280548096 9.849510192871094 -3.0794098377227783 0.2
2.879689931869507 9.825309753417969 -3.012669801712036 0.2
2.9675798416137695 9.838911056518555 -2.9159398078918457 0.2
2.995039939880371 9.907909393310547 -2.8078699111938477 0.2
2.9457898139953613 9.975509643554688 -2.7141199111938477 0.2
2.869269847869873 10.016109466552734 -2.6278798580169678 0.2
2.781359910964966 10.026510238647461 -2.5470898151397705 0.2
2.692229747772217 10.01791000366211 -2.471019983291626 0.2
2.603419780731201 10.004810333251953 -2.3957300186157227 0.2
2.5166897773742676 9.98921012878418 -2.3184099197387695 0.2
2.438009738922119 9.966909408569336 -2.233799934387207 0.2
2.3821098804473877 9.930610656738281 -2.135929822921753 0.2
2.3714499473571777 9.89021110534668 -2.022979974746704 0.2
2.4158499240875244 9.878509521484375 -1.9105298519134521 0.2
2.502419948577881 9.91571044921875 -1.8302899599075317 0.2
2.596759796142578 9.998310089111328 -1.833069920539856 0.2
2.665109872817993 10.057109832763672 -1.9135799407958984 0.2
2.722479820251465 10.084510803222656 -2.0127599239349365 0.2
2.7779998779296875 10.101810455322266 -2.1144700050354004 0.2
2.833019733428955 10.112110137939453 -2.2176899909973145 0.2
2.8886897563934326 10.11260986328125 -2.3211498260498047 0.2
2.945279836654663 10.105010986328125 -2.4236598014831543 0.2
3.001189947128296 10.087409973144531 -2.5260798931121826 0.2
3.0586297512054443 10.04690933227539 -2.623189926147461 0.2
3.120459794998169 9.979509353637695 -2.7020599842071533 0.2
3.187919855117798 9.887809753417969 -2.7455499172210693 0.2
3.265899896621704 9.796110153198242 -2.720059871673584 0.2
3.3430497646331787 9.74631118774414 -2.642589807510376 0.2
3.414569854736328 9.732309341430664 -2.545949935913086 0.2
3.47124981880188 9.75691032409668 -2.4319698810577393 0.2
3.454629898071289 9.840009689331055 -2.3275299072265625 0.2
3.3494699001312256 9.921110153198242 -2.2977898120880127 0.2
3.2226297855377197 9.953510284423828 -2.2925798892974854 0.2
3.0945799350738525 9.948610305786133 -2.276399850845337 0.2
2.970759868621826 9.929710388183594 -2.2524797916412354 0.2
2.8468198776245117 9.915109634399414 -2.2274999618530273 0.2
2.7229697704315186 9.91061019897461 -2.2016799449920654 0.2
2.600289821624756 9.904211044311523 -2.168489933013916 0.2
2.503109931945801 9.850309371948242 -2.0877599716186523 0.2
2.530059814453125 9.79380989074707 -1.966209888458252 0.2
2.6055097579956055 9.814310073852539 -1.86027991771698 0.2
2.7121498584747314 9.888410568237305 -1.8179899454116821 0.2
2.8286898136138916 9.932510375976562 -1.8631999492645264 0.2
2.9340097904205322 9.950809478759766 -1.9331599473953247 0.2
3.0373997688293457 9.964509963989258 -2.0061798095703125 0.2
3.142709732055664 9.973310470581055 -2.0778298377990723 0.2
3.2614498138427734 9.960411071777344 -2.136509895324707 0.2
3.392519950866699 9.921510696411133 -2.1489198207855225 0.2
3.513349771499634 9.877809524536133 -2.1161699295043945 0.2
3.6108498573303223 9.841209411621094 -2.0370099544525146 0.2
3.6796798706054688 9.826410293579102 -1.9293498992919922 0.2
3.72124981880188 9.852210998535156 -1.8059298992156982 0.2
3.6896097660064697 9.927810668945312 -1.7059298753738403 0.2
3.6031198501586914 9.988910675048828 -1.640259861946106 0.2
3.4993298053741455 10.020709991455078 -1.5853298902511597 0.2
3.3908798694610596 10.022911071777344 -1.5363398790359497 0.2
3.2838499546051025 10.011209487915039 -1.4898098707199097 0.2
3.1773898601531982 9.996410369873047 -1.4430599212646484 0.2
3.0729498863220215 9.979009628295898 -1.3924399614334106 0.2
2.976569890975952 9.953109741210938 -1.3298099040985107 0.2
2.903319835662842 9.91411018371582 -1.2443598508834839 0.2
2.873349905014038 9.882009506225586 -1.1319398880004883 0.2
2.8952598571777344 9.886711120605469 -1.0121699571609497 0.2
2.9642698764801025 9.944709777832031 -0.9254149198532104 0.2
3.0561697483062744 10.028009414672852 -0.9351068735122681 0.2
3.143089771270752 10.073511123657227 -1.003999948501587 0.2
3.2268898487091064 10.096210479736328 -1.0828899145126343 0.2
3.3102498054504395 10.111310958862305 -1.1640398502349854 0.2
3.3939497470855713 10.117410659790039 -1.2463798522949219 0.2
3.4786598682403564 10.113210678100586 -1.327699899673462 0.2
3.5636699199676514 10.101511001586914 -1.407849907875061 0.2
3.648359775543213 10.07571029663086 -1.4868899583816528 0.2
3.7338898181915283 10.023910522460938 -1.5545998811721802 0.2
3.818049907684326 9.947811126708984 -1.5973199605941772 0.2
3.8958399295806885 9.852710723876953 -1.5911399126052856 0.2
3.957819938659668 9.778709411621094 -1.5159798860549927 0.2
4.002749919891357 9.747909545898438 -1.4108399152755737 0.2
4.036870002746582 9.748411178588867 -1.2903399467468262 0.2
4.036449909210205 9.796310424804688 -1.1669999361038208 0.2
3.9571597576141357 9.891809463500977 -1.1110398769378662 0.2
3.841799736022949 9.953210830688477 -1.1368099451065063 0.2
3.7162997722625732 9.968610763549805 -1.1685799360275269 0.2
3.590559959411621 9.953411102294922 -1.1886799335479736 0.2
3.465819835662842 9.932210922241211 -1.2039299011230469 0.2
3.3398797512054443 9.919210433959961 -1.2199598550796509 0.2
3.213139772415161 9.914310455322266 -1.2328598499298096 0.2
3.080739736557007 9.891010284423828 -1.2251298427581787 0.2
3.0053799152374268 9.818910598754883 -1.1300199031829834 0.2
3.024949789047241 9.801910400390625 -0.9992798566818237 0.2
3.0839197635650635 9.860309600830078 -0.8926259279251099 0.2
3.199859857559204 9.926811218261719 -0.8675729036331177 0.2
3.3241398334503174 9.953710556030273 -0.8925899267196655 0.2
3.445849895477295 9.969810485839844 -0.9268838763237 0.2
3.5678699016571045 9.982810974121094 -0.9616599082946777 0.2
3.694509744644165 9.98440933227539 -0.9906599521636963 0.2
3.82807993888855 9.955009460449219 -0.9859999418258667 0.2
3.9444899559020996 9.91261100769043 -0.9326539039611816 0.2
4.0311198234558105 9.871410369873047 -0.8426508903503418 0.2
4.079319953918457 9.846109390258789 -0.724764883518219 0.2
4.104909896850586 9.836910247802734 -0.5995779037475586 0.2
4.1111297607421875 9.85641098022461 -0.47067689895629883 0.2
4.053139686584473 9.933309555053711 -0.3791579008102417 0.2
3.9439797401428223 9.996509552001953 -0.35430189967155457 0.2
3.8236498832702637 10.025609970092773 -0.34345191717147827 0.2
3.7019598484039307 10.025711059570312 -0.333099901676178 0.2
3.582289934158325 10.012809753417969 -0.3219698965549469 0.2
3.4630799293518066 9.99740982055664 -0.3099929094314575 0.2
3.344709873199463 9.979209899902344 -0.2933768928050995 0.2
3.230679750442505 9.951509475708008 -0.2613179087638855 0.2
3.1342499256134033 9.911510467529297 -0.19643990695476532 0.2
3.075889825820923 9.884210586547852 -0.08929190039634705 0.2
3.070269823074341 9.900711059570312 0.03559994697570801 0.2
3.127039909362793 9.976810455322266 0.12327879667282104 0.2
3.2283897399902344 10.052810668945312 0.11688819527626038 0.2
3.3360097408294678 10.088211059570312 0.072365403175354 0.2
3.443809747695923 10.108610153198242 0.02192939817905426 0.2
3.5523698329925537 10.12051010131836 -0.03021860122680664 0.2
3.6619598865509033 10.120809555053711 -0.08174390345811844 0.2
3.772059917449951 10.112010955810547 -0.13080190122127533 0.2
3.88250994682312 10.092710494995117 -0.1777729094028473 0.2
3.992889881134033 10.049909591674805 -0.21456590294837952 0.2
4.097189903259277 9.982210159301758 -0.22801890969276428 0.2
4.181959629058838 9.892110824584961 -0.20130790770053864 0.2
4.225159645080566 9.813011169433594 -0.11312989890575409 0.2
4.235640048980713 9.775711059570312 0.0027582980692386627 0.2
