3.2004997730255127 9.747209548950195 0.7849200963973999 0.2
3.1120898723602295 9.888010025024414 1.0174870491027832 0.2
2.862799882888794 10.021709442138672 0.8812550902366638 0.2
2.5820999145507812 10.002710342407227 0.7683311104774475 0.2
2.299309730529785 9.982309341430664 0.6827660799026489 0.2
2.0148799419403076 9.954910278320312 0.6334590911865234 0.2
1.7390698194503784 9.948610305786133 0.6982120871543884 0.2
1.5830398797988892 10.041910171508789 0.9097180962562561 0.2
1.5243598222732544 10.121509552001953 1.1739500761032104 0.2
1.5052998065948486 10.009910583496094 1.4346301555633545 0.2
1.5614697933197021 9.757009506225586 1.3847601413726807 0.2
1.627599835395813 9.763309478759766 1.107620120048523 0.2
1.75344979763031 9.842809677124023 0.8651961088180542 0.2
2.0358998775482178 9.902009963989258 0.8272340893745422 0.2
2.315079927444458 9.93381118774414 0.9219170808792114 0.2
2.599609851837158 9.971410751342773 1.0103551149368286 0.2
2.90520977973938 9.988210678100586 1.08253014087677 0.2
3.0430898666381836 9.797910690307617 1.2937800884246826 0.2
2.8865199089050293 9.740310668945312 1.570970058441162 0.2
2.7350597381591797 9.752410888671875 1.8715801239013672 0.2
2.5352399349212646 9.97661018371582 1.8507400751113892 0.2
2.3020999431610107 9.989709854125977 1.6131800413131714 0.2
2.043689727783203 9.979410171508789 1.4243000745773315 0.2
1.7746598720550537 9.967609405517578 1.2658500671386719 0.2
1.4738298654556274 9.96091079711914 1.217000126838684 0.2
1.2338697910308838 10.05010986328125 1.3687500953674316 0.2
1.0755997896194458 10.119609832763672 1.6132700443267822 0.2
0.976024866104126 9.96251106262207 1.8436501026153564 0.2
1.0798298120498657 9.729909896850586 1.7463301420211792 0.2
1.249099850654602 9.7777099609375 1.5035700798034668 0.2
1.4950898885726929 9.875909805297852 1.3583101034164429 0.2
1.773789882659912 9.925210952758789 1.4965600967407227 0.2
2.0207598209381104 9.954910278320312 1.6870601177215576 0.2
2.2939398288726807 9.994110107421875 1.858950138092041 0.2
2.523049831390381 9.876409530639648 2.0798401832580566 0.2
2.3472299575805664 9.747110366821289 2.3345601558685303 0.2
2.1074697971343994 9.739009857177734 2.567650079727173 0.2
1.892939805984497 9.917409896850586 2.637270212173462 0.2
1.760619878768921 10.001609802246094 2.347020149230957 0.2
1.5854698419570923 9.986909866333008 2.0890800952911377 0.2
1.3962697982788086 9.974210739135742 1.8511600494384766 0.2
1.1718398332595825 9.954010009765625 1.6561200618743896 0.2
0.8919828534126282 9.991710662841797 1.6086500883102417 0.2
0.6544848680496216 10.08871078491211 1.73757004737854 0.2
0.44873684644699097 10.094810485839844 1.9351900815963745 0.2
0.36870983242988586 9.863809585571289 2.0597901344299316 0.2
0.5568508505821228 9.727510452270508 1.9211300611495972 0.2
0.7891678214073181 9.798410415649414 1.7648000717163086 0.2
1.065039873123169 9.888811111450195 1.7774600982666016 0.2
1.2501298189163208 9.925210952758789 2.012730121612549 0.2
1.4258497953414917 9.960309982299805 2.2560601234436035 0.2
1.6277598142623901 10.00210952758789 2.493149995803833 0.2
1.773789882659912 9.889310836791992 2.7664101123809814 0.2
1.5378597974777222 9.758810043334961 2.9467899799346924 0.2
1.2488298416137695 9.74551010131836 3.0887601375579834 0.2
1.0159398317337036 9.91731071472168 3.0934200286865234 0.2
0.9733108282089233 10.003110885620117 2.776090145111084 0.2
0.8829258680343628 9.988210678100586 2.476760149002075 0.2
0.7732438445091248 9.974710464477539 2.192570209503174 0.2
0.6213488578796387 9.953310012817383 1.936750054359436 0.2
0.37291383743286133 9.98491096496582 1.7960001230239868 0.2
0.1081528440117836 10.08591079711914 1.8425800800323486 0.2
-0.14698515832424164 10.100309371948242 1.9709800481796265 0.2
-0.2670591473579407 9.87360954284668 2.0716400146484375 0.2
-0.04912445694208145 9.731809616088867 1.9967401027679443 0.2
0.21965983510017395 9.802209854125977 1.9144700765609741 0.2
0.47618183493614197 9.890510559082031 2.018080234527588 0.2
0.5805288553237915 9.924711227416992 2.2984001636505127 0.2
0.6785988211631775 9.958410263061523 2.5832600593566895 0.2
0.799893856048584 9.999710083007812 2.870810031890869 0.2
0.8672258257865906 9.88821029663086 3.1748101711273193 0.2
0.5931418538093567 9.747909545898438 3.2784500122070312 0.2
0.27240484952926636 9.73440933227539 3.326620101928711 0.2
0.05293194204568863 9.911510467529297 3.2598800659179688 0.2
0.10668583959341049 9.997110366821289 2.943430185317993 0.2
0.1046561449766159 9.985610961914062 2.62962007522583 0.2
0.08115774393081665 9.975210189819336 2.324860095977783 0.2
0.011601551435887814 9.956010818481445 2.0346901416778564 0.2
-0.18232916295528412 9.984809875488281 1.8232101202011108 0.2
-0.44890716671943665 10.085010528564453 1.7853001356124878 0.2
-0.7304321527481079 10.098711013793945 1.8312901258468628 0.2
-0.8757831454277039 9.873510360717773 1.8956100940704346 0.2
-0.6469691395759583 9.730110168457031 1.8925801515579224 0.2
-0.3663341701030731 9.803810119628906 1.891780138015747 0.2
-0.15212716162204742 9.89480972290039 2.066540002822876 0.2
-0.13519415259361267 9.928609848022461 2.365920066833496 0.2
-0.12232016026973724 9.960309982299805 2.667760133743286 0.2
-0.08663526177406311 9.998809814453125 2.978520154953003 0.2
-0.11096815764904022 9.88970947265625 3.2908902168273926 0.2
-0.40715715289115906 9.756111145019531 3.3081300258636475 0.2
-0.7275351881980896 9.747011184692383 3.254549980163574 0.2
-0.9192781448364258 9.92081069946289 3.1247801780700684 0.2
-0.7754481434822083 10.00531005859375 2.8390400409698486 0.2
-0.6832051873207092 9.989910125732422 2.5403201580047607 0.2
-0.6152881383895874 9.97661018371582 2.2436001300811768 0.2
-0.5955591797828674 9.95541000366211 1.9471900463104248 0.2
-0.7154761552810669 9.977409362792969 1.6865200996398926 0.2
-0.9582841396331787 10.073110580444336 1.568540096282959 0.2
-1.2403301000595093 10.085210800170898 1.528130054473877 0.2
-1.396760106086731 9.859310150146484 1.5467400550842285 0.2
-1.1774601936340332 9.71830940246582 1.614180088043213 0.2
-0.9115151762962341 9.796110153198242 1.696790099143982 0.2
-0.7622841596603394 9.892610549926758 1.9261001348495483 0.2
-0.8335321545600891 9.928510665893555 2.2158901691436768 0.2
-0.9104381799697876 9.962810516357422 2.5068202018737793 0.2
-0.9699051380157471 10.005411148071289 2.8125100135803223 0.2
-1.0846501588821411 9.899410247802734 3.104030132293701 0.2
-1.3716301918029785 9.767009735107422 3.0332000255584717 0.2
-1.6612001657485962 9.767410278320312 2.8866100311279297 0.2
-1.8071202039718628 9.939109802246094 2.704660177230835 0.2
-1.58538019657135 10.018110275268555 2.4745399951934814 0.2
-1.4098401069641113 9.993009567260742 2.217550039291382 0.2
-1.2569301128387451 9.971809387207031 1.9553900957107544 0.2
-1.1483501195907593 9.945011138916016 1.6795600652694702 0.2
-1.1847901344299316 9.964410781860352 1.395150065422058 0.2
-1.3821601867675781 10.06151008605957 1.2118901014328003 0.2
-1.6383801698684692 10.069709777832031 1.0889201164245605 0.2
-1.7877501249313354 9.842010498046875 1.0598200559616089 0.2
-1.5979201793670654 9.702011108398438 1.18802011013031 0.2
-1.3706001043319702 9.779510498046875 1.3464200496673584 0.2
-1.2984001636505127 9.879209518432617 1.6083000898361206 0.2
-1.4542101621627808 9.921609878540039 1.8609501123428345 0.2
-1.6135801076889038 9.965810775756836 2.113229990005493 0.2
-1.7583701610565186 10.01980972290039 2.3854501247406006 0.2
-1.9564601182937622 9.925210952758789 2.630270004272461 0.2
-2.2087302207946777 9.789409637451172 2.4825000762939453 0.2
-2.4366402626037598 9.777509689331055 2.2554001808166504 0.2
-2.529250144958496 9.944910049438477 2.024519920349121 0.2
-2.2315101623535156 10.020410537719727 1.869360089302063 0.2
-1.9716302156448364 9.988109588623047 1.6729700565338135 0.2
-1.7361201047897339 9.959609985351562 1.4602000713348389 0.2
-1.5571701526641846 9.927610397338867 1.206260085105896 0.2
-1.5560702085494995 9.978509902954102 0.9125421047210693 0.2
-1.7244001626968384 10.078609466552734 0.6802781224250793 0.2
-1.943480134010315 10.022710800170898 0.4849401116371155 0.2
-1.9806201457977295 9.752010345458984 0.5152630805969238 0.2
-1.785150170326233 9.729310989379883 0.7419480681419373 0.2
-1.6686902046203613 9.822210311889648 1.0056980848312378 0.2
-1.8244601488113403 9.893011093139648 1.2610100507736206 0.2
-2.067000150680542 9.94131088256836 1.4544000625610352 0.2
-2.3100900650024414 9.996709823608398 1.6597200632095337 0.2
-2.5663702487945557 9.980510711669922 1.8834401369094849 0.2
-2.8072001934051514 9.792409896850586 1.7639501094818115 0.2
-2.9547901153564453 9.768810272216797 1.4607501029968262 0.2
-3.0945401191711426 9.853010177612305 1.1538400650024414 0.2
-2.8044302463531494 10.03131103515625 1.0836000442504883 0.2
-2.4758200645446777 9.999309539794922 0.9995660781860352 0.2
-2.171340227127075 9.972110748291016 0.8829100728034973 0.2
-1.898340106010437 9.937210083007812 0.7236000895500183 0.2
-1.750500202178955 9.958810806274414 0.45688310265541077 0.2
-1.8059501647949219 10.058111190795898 0.17009809613227844 0.2
-1.9475301504135132 10.076709747314453 -0.10468390583992004 0.2
-2.0519702434539795 9.825210571289062 -0.22339290380477905 0.2
-1.9521201848983765 9.705810546875 0.02876029722392559 0.2
-1.8661701679229736 9.78400993347168 0.3162480890750885 0.2
-1.9911201000213623 9.871509552001953 0.5800871253013611 0.2
-2.2916600704193115 9.920909881591797 0.6921340823173523 0.2
-2.593250274658203 9.974710464477539 0.8015190958976746 0.2
-2.896660089492798 10.023809432983398 0.9421510696411133 0.2
-3.1762402057647705 9.843509674072266 0.885197103023529 0.2
-3.2306301593780518 9.778709411621094 0.5471891164779663 0.2
-3.296950101852417 9.800010681152344 0.198152095079422 0.2
-3.0994200706481934 10.019710540771484 0.10732849687337875 0.2
-2.758610248565674 10.010311126708984 0.1457930952310562 0.2
-2.4295101165771484 9.983610153198242 0.13251909613609314 0.2
-2.1116702556610107 9.952110290527344 0.08846849948167801 0.2
-1.842340111732483 9.943809509277344 -0.07143290340900421 0.2
-1.7624801397323608 10.039209365844727 -0.3526079058647156 0.2
-1.7966201305389404 10.105110168457031 -0.6528459191322327 0.2
-1.8570001125335693 9.922910690307617 -0.8875719308853149 0.2
-1.8599201440811157 9.702810287475586 -0.7150698900222778 0.2
-1.8443301916122437 9.758310317993164 -0.4125818908214569 0.2
-1.9649502038955688 9.849411010742188 -0.1421419084072113 0.2
-2.27974009513855 9.901510238647461 -0.08662690222263336 0.2
-2.598980188369751 9.949810028076172 -0.08378089964389801 0.2
-2.928270101547241 10.011209487915039 -0.04918990284204483 0.2
-3.256350040435791 9.898509979248047 -0.09209389984607697 0.2
-3.2501001358032227 9.770309448242188 -0.41456690430641174 0.2
-3.1983802318573 9.753110885620117 -0.7531208992004395 0.2
-3.065810203552246 9.926811218261719 -0.9565669298171997 0.2
-2.7700202465057373 10.010509490966797 -0.8000689148902893 0.2
-2.459130048751831 9.989410400390625 -0.6984679102897644 0.2
-2.1492302417755127 9.968210220336914 -0.6251769065856934 0.2
-1.8375301361083984 9.942010879516602 -0.6282849311828613 0.2
-1.6103202104568481 10.008609771728516 -0.809830904006958 0.2
-1.5259801149368286 10.104909896850586 -1.0861599445343018 0.2
-1.4900901317596436 10.038311004638672 -1.3752398490905762 0.2
-1.5233302116394043 9.76521110534668 -1.376309871673584 0.2
-1.591340184211731 9.744810104370117 -1.08420991897583 0.2
-1.7376301288604736 9.828609466552734 -0.8315998911857605 0.2
-2.0365700721740723 9.889009475708008 -0.8005958795547485 0.2
-2.3322901725769043 9.931209564208984 -0.8971248865127563 0.2
-2.6396400928497314 9.981010437011719 -0.9825998544692993 0.2
-2.969440221786499 9.962709426879883 -1.0647698640823364 0.2
-3.0147202014923096 9.770709991455078 -1.32833993434906 0.2
-2.8510401248931885 9.739009857177734 -1.6230798959732056 0.2
-2.681110143661499 9.824609756469727 -1.901309847831726 0.2
-2.4646801948547363 10.004610061645508 -1.7118699550628662 0.2
-2.212130069732666 9.989709854125977 -1.5004899501800537 0.2
-1.9476501941680908 9.976709365844727 -1.3259599208831787 0.2
-1.6684601306915283 9.955610275268555 -1.1967098712921143 0.2
-1.3732001781463623 9.982110977172852 -1.2167599201202393 0.2
-1.1745301485061646 10.087610244750977 -1.4124399423599243 0.2
-1.0324101448059082 10.105209350585938 -1.6756999492645264 0.2
-0.9922411441802979 9.861909866333008 -1.8245198726654053 0.2
-1.13631010055542 9.739509582519531 -1.6072999238967896 0.2
-1.3203802108764648 9.817010879516602 -1.3820699453353882 0.2
-1.608410120010376 9.88861083984375 -1.35850989818573 0.2
-1.8657602071762085 9.921409606933594 -1.535949945449829 0.2
-2.124390125274658 9.959810256958008 -1.7124398946762085 0.2
-2.40936017036438 9.988710403442383 -1.873249888420105 0.2
-2.5125701427459717 9.79861068725586 -2.122119903564453 0.2
-2.2762601375579834 9.731010437011719 -2.35483980178833 0.2
-2.041670083999634 9.751409530639648 -2.599169969558716 0.2
-1.874860167503357 9.971410751342773 -2.496619939804077 0.2
-1.7211902141571045 9.987211227416992 -2.215479850769043 0.2
-1.5360502004623413 9.981809616088867 -1.9683198928833008 0.2
-1.3381301164627075 9.974510192871094 -1.741339921951294 0.2
-1.0921201705932617 9.960809707641602 -1.5809599161148071 0.2
-0.8190521597862244 10.036809921264648 -1.6024099588394165 0.2
-0.5989951491355896 10.129209518432617 -1.7612298727035522 0.2
-0.40864914655685425 10.061710357666016 -1.9660899639129639 0.2
-0.4251561462879181 9.796110153198242 -2.0139098167419434 0.2
-0.6417311429977417 9.760610580444336 -1.8315099477767944 0.2
-0.8828531503677368 9.846710205078125 -1.7003098726272583 0.2
-1.1439402103424072 9.912809371948242 -1.8128598928451538 0.2
-1.3185701370239258 9.937610626220703 -2.058029890060425 0.2
-1.5042601823806763 9.964509963989258 -2.2980499267578125 0.2
-1.7191301584243774 9.981109619140625 -2.529749870300293 0.2
-1.7487001419067383 9.796510696411133 -2.7918198108673096 0.2
-1.4664801359176636 9.729410171508789 -2.9406700134277344 0.2
-1.1747701168060303 9.7506103515625 -3.0983498096466064 0.2
-1.0417801141738892 9.970609664916992 -2.9521799087524414 0.2
-0.9786561727523804 9.985309600830078 -2.636929988861084 0.2
-0.8740551471710205 9.980810165405273 -2.3451499938964844 0.2
-0.7511371374130249 9.977710723876953 -2.0691699981689453 0.2
-0.5672421455383301 9.965909957885742 -1.839669942855835 0.2
-0.299774169921875 10.030611038208008 -1.7680299282073975 0.2
-0.039875857532024384 10.121410369873047 -1.849989891052246 0.2
0.2039618343114853 10.058509826660156 -1.9908099174499512 0.2
0.20710083842277527 9.793109893798828 -2.0482099056243896 0.2
-0.05360755696892738 9.755510330200195 -1.9382898807525635 0.2
-0.3211241662502289 9.847610473632812 -1.8840099573135376 0.2
-0.5351091623306274 9.918710708618164 -2.069769859313965 0.2
-0.6332721710205078 9.940309524536133 -2.3548998832702637 0.2
-0.741797149181366 9.964710235595703 -2.6394100189208984 0.2
-0.8777431845664978 9.984809875488281 -2.9245898723602295 0.2
-0.842812180519104 9.804611206054688 -3.1902198791503906 0.2
-0.5293251872062683 9.736909866333008 -3.250540018081665 0.2
-0.2021731585264206 9.762809753417969 -3.3134899139404297 0.2
-0.11510715633630753 9.981910705566406 -3.134469985961914 0.2
-0.1451931595802307 9.993410110473633 -2.8126800060272217 0.2
-0.12820616364479065 9.98491096496582 -2.5022997856140137 0.2
-0.09062746167182922 9.977510452270508 -2.2017199993133545 0.2
0.015620341524481773 9.960411071777344 -1.9268598556518555 0.2
0.24956783652305603 10.019109725952148 -1.7751998901367188 0.2
0.5231678485870361 10.10791015625 -1.775339961051941 0.2
0.79731285572052 10.043109893798828 -1.838089942932129 0.2
0.8161378502845764 9.77811050415039 -1.8937798738479614 0.2
0.5345118641853333 9.741910934448242 -1.866189956665039 0.2
0.26390984654426575 9.83860969543457 -1.8927899599075317 0.2
0.11627484112977982 9.914409637451172 -2.134399890899658 0.2
0.10546983778476715 9.940811157226562 -2.435999870300293 0.2
0.08295004069805145 9.970211029052734 -2.740079879760742 0.2
0.03371264040470123 9.996509552001953 -3.0523698329925537 0.2
0.1450808346271515 9.821109771728516 -3.2991299629211426 0.2
0.4640388488769531 9.760610580444336 -3.260779857635498 0.2
0.7964418530464172 9.790109634399414 -3.220479965209961 0.2
0.8325688242912292 10.004110336303711 -3.0183699131011963 0.2
0.7039688229560852 10.004209518432617 -2.721359968185425 0.2
0.6274038553237915 9.98331069946289 -2.4208199977874756 0.2
0.5746758580207825 9.967309951782227 -2.12283992767334 0.2
0.5975738167762756 9.94590950012207 -1.8291598558425903 0.2
0.7799768447875977 10.004810333251953 -1.617879867553711 0.2
1.0427298545837402 10.096010208129883 -1.5397899150848389 0.2
1.3235797882080078 10.027509689331055 -1.5170398950576782 0.2
1.3475298881530762 9.761110305786133 -1.5626798868179321 0.2
1.0692797899246216 9.730010986328125 -1.6205499172210693 0.2
0.8195498585700989 9.82411003112793 -1.7303398847579956 0.2
0.7540438175201416 9.901910781860352 -2.0062098503112793 0.2
0.8326728343963623 9.93610954284668 -2.296759843826294 0.2
0.9015598297119141 9.977910995483398 -2.592479944229126 0.2
0.9476298689842224 10.014410018920898 -2.9056599140167236 0.2
1.1402897834777832 9.842910766601562 -3.0983200073242188 0.2
1.4321198463439941 9.778810501098633 -2.9631497859954834 0.2
1.7362498044967651 9.797510147094727 -2.825549840927124 0.2
1.7179498672485352 10.009010314941406 -2.6199498176574707 0.2
1.5051898956298828 10.010509490966797 -2.3775298595428467 0.2
1.3388298749923706 9.98600959777832 -2.1175198554992676 0.2
1.1955997943878174 9.963809967041016 -1.8526499271392822 0.2
1.125579833984375 9.936210632324219 -1.5680699348449707 0.2
1.233279824256897 9.999610900878906 -1.3127799034118652 0.2
1.4581798315048218 10.096210479736328 -1.1612199544906616 0.2
1.7195698022842407 10.033710479736328 -1.0554498434066772 0.2
1.7646498680114746 9.768209457397461 -1.0868198871612549 0.2
1.5183098316192627 9.727910995483398 -1.2236199378967285 0.2
1.3098198175430298 9.816009521484375 -1.4007798433303833 0.2
1.3261698484420776 9.892610549926758 -1.6819899082183838 0.2
1.491109848022461 9.931909561157227 -1.931169867515564 0.2
1.6487598419189453 9.977210998535156 -2.187809944152832 0.2
1.7898598909378052 10.019411087036133 -2.466859817504883 0.2
2.0186097621917725 9.84650993347168 -2.6116998195648193 0.2
2.254049777984619 9.767810821533203 -2.402859926223755 0.2
2.504149913787842 9.78400993347168 -2.174799919128418 0.2
2.4150497913360596 10.003009796142578 -1.9817500114440918 0.2
2.126919746398926 10.00101089477539 -1.806999921798706 0.2
1.8809897899627686 9.978309631347656 -1.5971899032592773 0.2
1.6615498065948486 9.955511093139648 -1.3709999322891235 0.2
1.5326398611068726 9.940509796142578 -1.091399908065796 0.2
1.6106297969818115 10.032011032104492 -0.8162199258804321 0.2
1.8078498840332031 10.107309341430664 -0.5989149212837219 0.2
2.007659912109375 9.945810317993164 -0.4465028941631317 0.2
1.9328298568725586 9.71681022644043 -0.578981876373291 0.2
1.7385197877883911 9.769309997558594 -0.8061029314994812 0.2
1.6846197843551636 9.865909576416016 -1.089629888534546 0.2
1.8986297845840454 9.91530990600586 -1.3184598684310913 0.2
2.1388399600982666 9.956809997558594 -1.5201798677444458 0.2
2.371269941329956 10.008110046386719 -1.7475298643112183 0.2
2.6442298889160156 9.893610000610352 -1.9208998680114746 0.2
2.8364598751068115 9.760509490966797 -1.676669955253601 0.2
2.9944398403167725 9.75210952758789 -1.378809928894043 0.2
3.008349895477295 9.932910919189453 -1.1357898712158203 0.2
2.6716198921203613 10.01201057434082 -1.078089952468872 0.2
2.3592798709869385 9.989311218261719 -0.963499903678894 0.2
2.0657198429107666 9.967809677124023 -0.8262419104576111 0.2
1.8235797882080078 9.94321060180664 -0.6214008927345276 0.2
1.7635598182678223 10.009309768676758 -0.3304879069328308 0.2
1.8596597909927368 10.097810745239258 -0.04928649961948395 0.2
2.0065698623657227 10.024709701538086 0.20672909915447235 0.2
2.039339780807495 9.751110076904297 0.1697821021080017 0.2
1.9217098951339722 9.741510391235352 -0.11518490314483643 0.2
1.8859798908233643 9.83121109008789 -0.41128090023994446 0.2
2.1038498878479004 9.902410507202148 -0.6248928904533386 0.2
2.402909755706787 9.943309783935547 -0.7349929213523865 0.2
2.7039897441864014 9.990510940551758 -0.862359881401062 0.2
3.023739814758301 9.947309494018555 -0.9918599128723145 0.2
3.1910598278045654 9.773509979248047 -0.7623888850212097 0.2
3.2441699504852295 9.753009796142578 -0.4235928952693939 0.2
3.2883198261260986 9.841011047363281 -0.08615390956401825 0.2
2.991179943084717 10.024410247802734 -0.11420890688896179 0.2
2.6499598026275635 9.995010375976562 -0.13306590914726257 0.2
2.3219997882843018 9.972311019897461 -0.11288289725780487 0.2
2.012079954147339 9.943010330200195 -0.03861730545759201 0.2
1.7979398965835571 9.975210189819336 0.17939609289169312 0.2
1.768319845199585 10.072410583496094 0.4733661115169525 0.2
1.8219298124313354 10.086111068725586 0.7810521125793457 0.2
1.888089895248413 9.831510543823242 0.9200900793075562 0.2
1.8614097833633423 9.717010498046875 0.6438410878181458 0.2
1.8687798976898193 9.792510986328125 0.34164008498191833 0.2
2.065699815750122 9.877910614013672 0.12269389629364014 0.2
2.389779806137085 9.921209335327148 0.10434309393167496 0.2
2.7144298553466797 9.970211029052734 0.09027469903230667 0.2
3.052689790725708 10.010210037231445 0.045430008322000504 0.2
3.282019853591919 9.823209762573242 0.21191009879112244 0.2
3.2228198051452637 9.762809753417969 0.556424081325531 0.2
